Epoch	AverageEpRet	StdEpRet	MaxEpRet	MinEpRet	AverageTestEpRet	StdTestEpRet	MaxTestEpRet	MinTestEpRet	EpLen	TestEpLen	TotalEnvInteracts	AverageQVals	StdQVals	MaxQVals	MinQVals	LossPi	LossQ	Time
1	-373.69717	6.7541356	-361.08755	-388.68567	-378.3697	7.53992	-364.0152	-387.753	100.0	100.0	1499	-6.4464207	2.1071339	0.0027522221	-11.663621	6.2861767	0.43723145	5.525416612625122
2	-376.93784	5.251068	-367.68503	-386.8117	-376.51935	8.925559	-359.11404	-386.39966	100.0	100.0	2999	-21.89237	7.1071935	-8.588086	-37.563625	21.75043	0.09275309	14.673762798309326
3	-377.993	4.274905	-368.85083	-384.91043	-368.94946	14.725505	-341.3001	-390.1639	100.0	100.0	4499	-46.346348	7.068323	-30.682085	-61.488537	46.14601	0.16935194	23.84805417060852
4	-376.12375	5.5844707	-365.1879	-385.31427	-376.22903	3.912971	-368.6884	-380.35895	100.0	100.0	5999	-70.18199	6.909779	-54.616898	-85.57104	69.97438	0.24163313	33.0723135471344
5	-379.1701	4.240012	-371.98993	-386.29288	-366.6601	20.05543	-324.16562	-393.13718	100.0	100.0	7499	-93.1982	6.751281	-77.528046	-111.24966	92.97275	0.3095397	42.29249024391174
6	-379.19012	4.793085	-370.3998	-386.76373	-367.5097	19.895864	-324.36575	-384.55804	100.0	100.0	8999	-115.57604	6.602063	-99.38387	-132.44571	115.34805	0.39171302	51.676305055618286
7	-376.21536	8.503087	-352.43143	-387.74033	-376.47845	6.826087	-367.21054	-388.1321	100.0	100.0	10499	-137.16405	6.449544	-120.47352	-155.00964	136.94093	0.43796557	61.101245641708374
8	-374.53714	8.765423	-353.41257	-387.16602	-375.82352	4.860283	-363.6841	-382.2721	100.0	100.0	11999	-158.09474	6.437303	-140.863	-177.05571	157.91087	0.5008839	70.82986569404602
9	-364.95584	15.395567	-334.6701	-383.50003	-375.98404	10.464594	-349.40445	-385.96005	100.0	100.0	13499	-178.44574	6.2892127	-161.42815	-197.5106	178.27722	0.52377224	80.5491509437561
10	-370.0611	9.338334	-350.48068	-383.19492	-367.2304	14.759253	-342.1415	-385.3861	100.0	100.0	14999	-197.85747	6.2041855	-179.96843	-218.11433	197.68675	0.5278182	90.24068069458008
11	-371.9676	6.0858836	-356.761	-381.05496	-374.44006	6.020879	-361.48633	-380.42215	100.0	100.0	16499	-216.64514	6.157798	-198.97993	-237.16649	216.48209	0.56012607	100.02551603317261
12	-372.33652	13.12588	-344.5838	-391.85196	-363.45477	17.806944	-327.211	-380.6783	100.0	100.0	17999	-234.83005	6.154689	-217.1494	-255.801	234.66884	0.57789534	110.7223174571991
13	-372.8885	7.0707974	-359.1331	-380.80127	-371.90125	9.827123	-350.27277	-383.66666	100.0	100.0	19499	-252.36061	6.055784	-234.23666	-273.64157	252.20392	0.6184408	122.84896278381348
14	-370.0468	11.177606	-343.3206	-385.05768	-364.80252	13.933803	-339.7062	-384.4185	100.0	100.0	20999	-269.25177	5.9226613	-251.20091	-291.28	269.10342	0.6387915	134.32840991020203
15	-368.25443	16.506224	-330.8414	-385.43076	-374.6411	9.132055	-351.14108	-385.12274	100.0	100.0	22499	-285.63892	5.7976956	-267.8221	-307.37396	285.4971	0.61771244	144.55191254615784
16	-362.94843	15.26662	-321.2786	-380.7707	-369.2115	9.887826	-348.834	-379.99707	100.0	100.0	23999	-301.43784	5.7080617	-283.49417	-323.22137	301.29642	0.62305516	154.51548218727112
17	-368.5148	6.082689	-358.0339	-380.8805	-365.0407	12.526485	-347.7559	-386.96957	100.0	100.0	25499	-316.55624	5.605741	-298.58493	-338.35004	316.4208	0.6748998	165.71867990493774
18	-369.71692	7.7707543	-350.78275	-381.52112	-366.00742	13.386238	-343.11746	-387.85873	100.0	100.0	26999	-331.0972	5.4514494	-313.24176	-352.87897	330.9579	0.6519951	177.56596422195435
19	-365.0544	16.267075	-324.013	-380.8564	-364.10294	22.351505	-312.28076	-387.98132	100.0	100.0	28499	-345.09302	5.3075213	-327.28165	-366.52078	344.94318	0.66888344	188.29707884788513
20	-368.27527	15.50589	-325.6157	-384.82736	-365.88428	10.660817	-349.91104	-382.9427	100.0	100.0	29999	-358.46555	5.1371107	-340.53522	-379.76306	358.30768	0.7038794	198.44147610664368
21	-366.04425	15.925417	-337.74854	-385.69016	-354.81345	14.889702	-333.14252	-376.6797	100.0	100.0	31499	-371.30573	4.983262	-354.068	-390.4609	371.14743	0.7079326	208.882474899292
22	-375.87408	7.1618233	-354.86844	-387.14005	-363.7164	15.639139	-339.9949	-380.83615	100.0	100.0	32999	-383.6888	4.8430505	-365.9974	-401.83716	383.5255	0.72318625	218.7206163406372
23	-362.98618	12.266364	-343.45935	-383.21237	-357.9334	22.756958	-301.70523	-384.91656	100.0	100.0	34499	-395.54544	4.7742786	-378.2089	-412.56274	395.38596	0.73705274	229.56580328941345
24	-361.06415	22.934713	-297.98334	-384.5201	-361.7207	25.24815	-312.41867	-381.03738	100.0	100.0	35999	-407.03558	4.7152686	-389.01138	-423.46988	406.88174	0.73375374	241.70092844963074
25	-359.4057	24.49208	-292.36218	-379.3763	-362.73956	12.806164	-337.73465	-380.60895	100.0	100.0	37499	-418.07632	4.662395	-402.03622	-434.7232	417.92126	0.7473581	252.82639145851135
26	-365.90646	13.720389	-337.81116	-381.46515	-365.3009	29.52927	-277.72308	-380.36783	100.0	100.0	38999	-428.58698	4.6769037	-412.405	-445.92477	428.42758	0.764667	262.94624400138855
27	-366.34552	12.991056	-328.38016	-384.00906	-355.60812	12.440028	-325.3664	-372.16293	100.0	100.0	40499	-438.78732	4.769853	-422.94485	-456.40686	438.63174	0.8065714	273.0173168182373
28	-351.3754	27.089325	-262.06375	-374.59753	-357.6457	21.573553	-314.5876	-381.3642	100.0	100.0	41999	-448.51782	4.8311687	-431.79623	-467.85428	448.35675	0.78430444	283.19239020347595
29	-357.25687	15.16031	-327.11255	-380.9012	-361.6325	10.991207	-338.19193	-376.24872	100.0	100.0	43499	-457.77884	4.989162	-441.5061	-477.54742	457.60907	0.81405455	293.24779081344604
30	-360.02936	13.6600895	-326.7006	-383.3912	-351.09787	28.635756	-282.53482	-376.06592	100.0	100.0	44999	-466.68405	5.12582	-449.66263	-485.60336	466.5137	0.80193883	302.97065782546997
31	-356.95392	19.892582	-291.06708	-379.03098	-349.29166	31.113081	-279.94543	-379.52914	100.0	100.0	46499	-475.2665	5.2214184	-456.31177	-493.37445	475.09088	0.8374765	313.9048011302948
32	-353.03564	25.116512	-264.01413	-372.83273	-353.50073	27.889286	-277.84625	-377.0784	100.0	100.0	47999	-483.4647	5.3100677	-463.96735	-503.55423	483.28467	0.85297924	325.95004057884216
33	-354.54523	16.033031	-320.9836	-374.9176	-360.78204	15.06511	-327.21036	-378.3395	100.0	100.0	49499	-491.24146	5.467311	-472.802	-510.87576	491.05814	0.86031526	337.0082006454468
34	-349.54254	18.718607	-308.32312	-372.91058	-361.72885	9.343336	-342.16544	-377.0101	100.0	100.0	50999	-498.69046	5.6642756	-479.75842	-519.31964	498.50717	0.8748439	347.2715287208557
35	-357.23917	19.155865	-313.59616	-379.31473	-341.18192	31.364105	-274.09305	-364.2796	100.0	100.0	52499	-505.83615	5.8396273	-485.35608	-527.60376	505.65207	0.92990595	357.6257266998291
36	-347.62628	16.05611	-310.0103	-370.19287	-344.74957	27.889229	-290.23483	-375.47256	100.0	100.0	53999	-512.7271	6.0317874	-491.03848	-534.97363	512.5338	0.8958382	368.64316749572754
37	-348.32462	21.244717	-296.9568	-381.04007	-354.5828	12.59947	-327.06424	-366.01297	100.0	100.0	55499	-519.0908	6.234174	-497.14822	-541.9165	518.89514	0.9090691	379.45272564888
38	-334.2866	36.029877	-234.30423	-375.56192	-342.14215	27.032576	-269.5545	-367.77344	100.0	100.0	56999	-525.31213	6.393176	-503.7195	-548.11395	525.115	0.94893986	389.89448833465576
39	-338.97845	23.679592	-273.91925	-372.9249	-325.45502	37.885868	-243.22952	-371.63483	100.0	100.0	58499	-531.12067	6.649681	-509.01718	-555.1919	530.91394	0.9928665	399.8336606025696
40	-333.607	22.844492	-305.71475	-374.22565	-312.16867	55.867466	-183.70152	-367.89093	100.0	100.0	59999	-536.59344	6.9153028	-510.53586	-561.4209	536.36395	1.0061797	409.6615173816681
41	-331.31583	29.867802	-264.3485	-374.5999	-328.39658	33.735355	-245.24092	-371.3982	100.0	100.0	61499	-541.62036	7.016037	-514.4864	-566.7344	541.3815	1.0494611	419.5248484611511
42	-337.775	26.566624	-291.74542	-380.06924	-346.2354	22.39615	-292.0807	-372.32703	100.0	100.0	62999	-546.38275	7.225155	-518.65515	-572.8395	546.12885	1.1021429	429.37844491004944
43	-341.75208	21.398777	-302.26367	-370.81796	-327.0152	44.711742	-204.99513	-365.89355	100.0	100.0	64499	-550.7462	7.371607	-522.0132	-578.25574	550.4688	1.1391433	439.1852126121521
44	-332.22818	22.156464	-285.5949	-376.59103	-355.87506	9.095955	-340.06476	-367.72134	100.0	100.0	65999	-554.7755	7.4800916	-525.52203	-582.6567	554.47754	1.1825771	449.0639545917511
45	-334.05478	21.895145	-294.51056	-377.44003	-346.33286	25.604362	-278.36255	-374.2017	100.0	100.0	67499	-558.51697	7.5711756	-529.73804	-589.0823	558.20544	1.2444751	458.94760489463806
46	-335.47232	21.485811	-299.33646	-382.3919	-323.97482	39.063065	-219.60307	-360.64175	100.0	100.0	68999	-561.94916	7.794139	-532.0355	-594.97205	561.6381	1.2229215	468.8257451057434
47	-330.89832	20.823277	-298.91425	-365.14252	-320.32617	42.28541	-258.34528	-378.16214	100.0	100.0	70499	-565.1813	7.934216	-533.7089	-595.66296	564.862	1.2822951	478.7539451122284
48	-338.435	26.145582	-274.50204	-374.04584	-318.89157	31.5289	-274.57874	-370.15048	100.0	100.0	71999	-568.1349	8.177547	-536.7551	-598.8707	567.8195	1.2709181	488.7227020263672
49	-323.9541	28.79138	-289.07996	-377.68423	-336.94977	22.612207	-290.28763	-365.07175	100.0	100.0	73499	-571.0466	8.411343	-539.774	-603.1551	570.7354	1.3012024	498.7392358779907
50	-342.6325	24.589905	-283.20807	-381.16077	-333.79767	32.299026	-253.32228	-364.6559	100.0	100.0	74999	-573.72656	8.635852	-540.6565	-606.1044	573.40875	1.3191565	508.7619559764862
51	-326.02032	22.358845	-274.0684	-355.8086	-311.5146	46.826523	-240.75569	-372.4651	100.0	100.0	76499	-576.32355	8.8258505	-543.62866	-608.68506	575.9913	1.3055122	518.9553649425507
52	-328.53165	31.016191	-231.14935	-360.20065	-317.66235	32.1021	-248.88368	-363.11865	100.0	100.0	77999	-578.63727	9.041769	-545.3261	-613.15173	578.29333	1.4058324	529.1992332935333
53	-337.90118	19.358833	-289.43668	-363.8199	-332.3336	37.934914	-236.06404	-367.13022	100.0	100.0	79499	-580.6907	9.253907	-545.85254	-615.5972	580.3354	1.3929739	539.4640619754791
54	-335.31097	28.055971	-283.61957	-375.52304	-339.7293	30.47916	-283.7083	-376.08188	100.0	100.0	80999	-582.5937	9.442409	-545.7909	-617.96265	582.2184	1.3997009	549.7673337459564
55	-342.37024	28.085943	-282.7177	-378.46948	-341.14273	26.680902	-293.91748	-369.05234	100.0	100.0	82499	-584.35065	9.627098	-547.8868	-622.3086	583.98315	1.4363122	560.0577762126923
56	-323.98114	32.123474	-266.10303	-370.00174	-325.122	35.664494	-255.6494	-360.29593	100.0	100.0	83999	-585.9831	9.851266	-548.82715	-623.3542	585.60657	1.4085337	570.3217647075653
57	-330.44446	25.839575	-290.73474	-367.86526	-325.41406	42.746094	-262.89	-374.59903	100.0	100.0	85499	-587.5234	10.09582	-549.50684	-626.18256	587.1506	1.4585801	580.6455492973328
58	-326.22318	39.347836	-264.03653	-374.42035	-310.82687	31.398048	-260.11746	-355.79285	100.0	100.0	86999	-588.9483	10.364944	-550.47546	-628.9962	588.5732	1.5011156	590.9947371482849
59	-315.6512	32.457226	-240.30226	-367.28845	-325.69525	30.694862	-289.33755	-366.66425	100.0	100.0	88499	-590.2602	10.572823	-552.1353	-630.8497	589.9039	1.4619709	601.3392560482025
60	-336.36594	24.850779	-297.91888	-379.03693	-334.86044	25.894516	-302.4652	-376.77115	100.0	100.0	89999	-591.5619	10.811282	-553.203	-632.3393	591.1857	1.5138857	611.6222581863403
61	-335.84375	24.995491	-272.20157	-364.274	-309.9952	37.06722	-227.18025	-364.47583	100.0	100.0	91499	-592.7202	11.04054	-555.5047	-633.9524	592.35016	1.4821342	621.9019632339478
62	-327.03387	28.128197	-262.33426	-371.77997	-336.33966	29.256842	-275.3851	-370.79785	100.0	100.0	92999	-593.78735	11.292034	-555.63135	-634.6665	593.40875	1.5063096	632.1820206642151
63	-338.6794	42.61358	-193.86406	-377.33688	-331.99362	23.909609	-297.242	-368.322	100.0	100.0	94499	-594.8004	11.607039	-557.8454	-636.7691	594.4231	1.5502574	642.553364276886
64	-328.72748	34.724182	-259.91098	-377.4253	-336.27557	27.841389	-282.69147	-370.22867	100.0	100.0	95999	-595.8866	11.947619	-558.6694	-637.7947	595.52	1.5353557	652.9155459403992
65	-329.0599	34.21616	-259.50378	-369.4233	-318.27203	42.367092	-223.15349	-362.8407	100.0	100.0	97499	-596.69855	12.3368025	-559.16187	-640.6551	596.31506	1.5814974	663.2493062019348
66	-328.60895	21.856075	-290.38333	-365.99942	-323.0514	37.61716	-246.52579	-369.90674	100.0	100.0	98999	-597.4079	12.706802	-559.3326	-640.87805	597.0263	1.6261308	673.6526110172272
67	-319.41455	43.5918	-208.90643	-373.2468	-330.34122	33.156982	-253.76076	-371.26324	100.0	100.0	100499	-598.1317	13.177291	-558.7389	-643.9199	597.75146	1.6495765	684.0681672096252
68	-327.97244	27.417555	-266.23584	-360.8305	-336.3808	23.86184	-293.50565	-369.92972	100.0	100.0	101999	-598.8661	13.656375	-559.9179	-647.1544	598.47675	1.6324987	694.4160950183868
69	-335.40787	31.980848	-232.52267	-378.64456	-339.5732	27.616096	-291.25772	-376.47073	100.0	100.0	103499	-599.3328	14.106431	-560.35315	-646.85315	598.9473	1.6309893	704.6824109554291
70	-323.18484	19.077208	-293.13495	-360.59393	-303.3985	48.83029	-215.14674	-372.48853	100.0	100.0	104999	-600.0256	14.496291	-560.81866	-649.11096	599.6369	1.6607757	714.9378407001495
71	-317.40298	45.240585	-219.95627	-377.68726	-329.48044	24.14847	-284.48007	-357.72974	100.0	100.0	106499	-600.3971	14.914939	-560.06995	-650.98486	600.0099	1.746901	725.1942691802979
72	-315.77747	33.03242	-252.40105	-368.45694	-310.97723	37.66269	-239.88487	-375.97183	100.0	100.0	107999	-600.7902	15.350865	-560.94653	-651.9541	600.40125	1.7016885	735.4700419902802
73	-317.16962	22.196964	-274.8694	-359.94052	-326.3876	26.960424	-271.8421	-364.75693	100.0	100.0	109499	-601.02594	15.74185	-561.6122	-656.0746	600.6353	1.7479254	745.8117716312408
74	-326.53604	23.810564	-288.2288	-371.43256	-313.924	43.716007	-231.87306	-379.89703	100.0	100.0	110999	-601.30273	16.028564	-561.14294	-655.79456	600.9011	1.8094448	756.1679780483246
75	-311.21518	30.209501	-252.33328	-352.12912	-331.09424	25.791683	-281.39105	-366.52115	100.0	100.0	112499	-601.48395	16.45447	-561.30365	-658.02124	601.0839	1.795267	766.5275602340698
76	-309.42575	23.214289	-276.62106	-353.4133	-292.90585	40.19013	-237.28009	-361.5309	100.0	100.0	113999	-601.4474	16.897732	-561.404	-659.21747	601.0406	1.7740542	776.8017683029175
77	-312.52682	31.708654	-234.01445	-359.4966	-311.93738	36.641567	-249.62773	-366.97852	100.0	100.0	115499	-601.4678	17.09599	-561.0498	-661.80005	601.0541	1.7663039	787.1217291355133
78	-318.16486	30.386381	-250.53436	-363.23123	-328.8347	33.458694	-267.68576	-371.51068	100.0	100.0	116999	-601.4019	17.325104	-561.4048	-660.7195	600.9884	1.8006463	797.6670243740082
79	-310.69278	30.516552	-243.49107	-351.17548	-315.00558	34.84958	-267.7902	-369.3047	100.0	100.0	118499	-601.28845	17.529442	-559.8002	-662.04987	600.87134	1.7383811	808.0856359004974
80	-311.83295	31.80038	-253.42656	-379.26062	-320.34402	29.762613	-239.60097	-357.43417	100.0	100.0	119999	-601.0472	17.831789	-558.67847	-662.6922	600.63245	1.741276	818.3708744049072
81	-315.3892	34.30908	-232.30066	-364.68616	-285.7653	50.343338	-201.30225	-363.98767	100.0	100.0	121499	-600.78754	18.047073	-558.2876	-662.47955	600.38275	1.8288422	828.7043406963348
82	-316.40952	28.192724	-249.83524	-353.54272	-319.06497	46.55808	-226.80013	-369.0655	100.0	100.0	122999	-600.55145	18.26615	-558.4805	-663.8668	600.1257	1.7300062	839.0429027080536
83	-308.88626	31.721594	-236.93271	-353.77042	-328.27203	34.70311	-278.1332	-365.58508	100.0	100.0	124499	-600.32117	18.447214	-558.3461	-664.62213	599.9021	1.7660831	849.3504884243011
84	-330.92496	33.540493	-255.20285	-363.50403	-314.88647	52.098553	-204.64874	-372.5825	100.0	100.0	125999	-599.9491	18.498993	-558.0057	-664.0651	599.5318	1.7316506	859.6371228694916
85	-305.23306	46.236958	-220.26917	-372.11163	-299.17468	33.489887	-223.2448	-342.73196	100.0	100.0	127499	-599.4858	18.686258	-556.8425	-664.763	599.0685	1.7205521	869.8945803642273
86	-310.28543	28.180365	-275.4673	-364.83276	-308.07397	40.05344	-223.51904	-352.31857	100.0	100.0	128999	-599.22095	18.978638	-556.9343	-665.36346	598.80615	1.704014	880.2517421245575
87	-298.83673	27.08655	-263.3169	-346.39276	-322.7749	28.127642	-269.34048	-359.44635	100.0	100.0	130499	-598.92	19.143093	-555.8165	-666.22473	598.50543	1.7696118	890.6327447891235
88	-322.5089	26.536371	-284.68988	-359.09772	-295.57535	43.95111	-236.08061	-372.18774	100.0	100.0	131999	-598.551	19.222681	-554.6635	-668.1336	598.13715	1.774125	900.9407749176025
89	-303.13925	30.595966	-221.91646	-349.88306	-307.71588	42.69182	-239.57352	-370.3104	100.0	100.0	133499	-598.2378	19.472967	-553.2708	-667.806	597.8226	1.7918484	911.2440509796143
90	-304.68176	25.183828	-222.78108	-331.60724	-314.9282	38.43007	-253.12773	-369.58414	100.0	100.0	134999	-597.8281	19.61013	-551.7403	-668.55865	597.4142	1.7518363	921.5652058124542
91	-303.40695	22.64166	-260.1177	-334.52985	-316.62213	42.09313	-229.66461	-369.5801	100.0	100.0	136499	-597.32416	19.719688	-551.0423	-668.9269	596.909	1.7475677	931.9159023761749
92	-310.8745	36.257507	-243.71747	-378.8708	-318.22693	39.563744	-252.43349	-368.22525	100.0	100.0	137999	-596.7465	19.818083	-549.70447	-668.8675	596.3357	1.7297539	942.2708032131195
93	-311.9636	32.1911	-243.87177	-364.7519	-302.02127	29.367899	-253.88197	-367.43243	100.0	100.0	139499	-596.6114	19.95399	-548.83264	-668.31195	596.2044	1.7527549	952.5818259716034
94	-316.4804	46.62164	-186.01198	-373.2521	-305.28394	29.908533	-247.94666	-340.7173	100.0	100.0	140999	-596.3043	20.10983	-548.014	-667.8313	595.8977	1.8001312	962.9847128391266
95	-324.05072	36.011333	-252.65451	-383.4006	-323.38824	22.90555	-283.71558	-354.34552	100.0	100.0	142499	-595.8817	20.24111	-546.7464	-666.7109	595.47156	1.754956	973.4002485275269
96	-313.63055	22.266256	-278.79538	-352.59097	-326.57492	30.028456	-286.31586	-367.43793	100.0	100.0	143999	-595.5009	20.419891	-546.63293	-667.17975	595.1012	1.7553777	983.8275690078735
97	-316.11978	22.538916	-271.63562	-347.58887	-316.9206	47.31361	-242.00177	-367.4445	100.0	100.0	145499	-595.07056	20.541677	-545.53674	-666.498	594.6624	1.73603	994.0823140144348
98	-312.2619	34.668385	-249.79686	-377.01712	-313.75342	35.702187	-251.48805	-358.2436	100.0	100.0	146999	-594.47614	20.682003	-544.8625	-666.5452	594.0654	1.7247396	1004.3764743804932
99	-307.32794	38.4697	-241.82643	-382.64618	-328.1619	54.090767	-225.49973	-382.51166	100.0	100.0	148499	-594.06146	20.829208	-543.9232	-666.4672	593.65686	1.7246438	1014.7714645862579
100	-310.7202	44.33272	-219.63089	-371.22125	-299.50226	73.46557	-164.954	-378.72998	100.0	100.0	149999	-593.5331	20.932356	-542.6076	-666.5432	593.119	1.7814844	1025.1684143543243
101	-308.37848	37.459816	-242.39847	-382.52197	-283.64676	36.01949	-213.93323	-327.30466	100.0	100.0	151499	-593.24115	21.129051	-542.65393	-663.90894	592.83167	1.7050074	1035.5572419166565
102	-315.72818	34.531963	-257.1903	-369.2975	-309.78333	48.961952	-215.05518	-364.0173	100.0	100.0	152999	-592.6755	21.293987	-541.9771	-665.8571	592.26074	1.6730762	1045.9377076625824
103	-316.15976	34.94295	-256.38544	-377.92697	-307.32672	38.823345	-234.30333	-365.60812	100.0	100.0	154499	-592.1697	21.376026	-540.87555	-664.43976	591.75726	1.7037376	1056.286468744278
104	-312.81906	24.823713	-265.8655	-362.06583	-326.42593	48.520905	-206.76422	-366.97098	100.0	100.0	155999	-591.7648	21.696718	-539.81683	-665.8879	591.3447	1.7281775	1066.6238179206848
105	-317.63098	33.986668	-267.96265	-376.30313	-313.1515	45.41343	-234.9449	-362.937	100.0	100.0	157499	-591.10974	21.798885	-538.41064	-665.79706	590.6893	1.7173343	1076.9584465026855
106	-298.23047	44.246777	-201.6521	-368.94644	-318.89682	37.526062	-263.0361	-379.584	100.0	100.0	158999	-590.60474	22.005047	-537.1385	-665.99414	590.1837	1.6658268	1087.3141076564789
107	-318.2622	35.224415	-257.59555	-359.815	-296.93268	53.555122	-196.18533	-372.84427	100.0	100.0	160499	-590.04834	22.29593	-535.63934	-667.1488	589.61926	1.7850392	1097.6278071403503
108	-298.63144	44.201836	-191.57838	-358.53043	-325.0777	36.175823	-263.24838	-376.74417	100.0	100.0	161999	-589.3516	22.459394	-534.62964	-667.45825	588.92017	1.702123	1108.032463312149
109	-310.9625	38.045452	-247.66469	-377.5814	-314.10327	41.306107	-221.93497	-358.37863	100.0	100.0	163499	-588.58856	22.65392	-533.36206	-667.124	588.1667	1.7449511	1118.299967765808
110	-318.6052	30.751364	-262.0497	-365.43152	-322.37228	46.220787	-259.75754	-373.88522	100.0	100.0	164999	-588.3075	22.83897	-532.08405	-667.6996	587.89374	1.6921176	1128.6277482509613
111	-310.13037	29.525616	-244.27528	-359.85553	-353.7452	14.581291	-329.27588	-369.92685	100.0	100.0	166499	-587.7343	23.048393	-530.8587	-667.5075	587.31177	1.6909443	1139.0180559158325
112	-319.75674	32.178314	-270.6049	-375.05814	-328.42725	35.233208	-242.89098	-367.22543	100.0	100.0	167999	-587.2101	23.231499	-529.3804	-668.4894	586.7999	1.7214882	1149.384803056717
113	-308.2242	41.974575	-204.48636	-368.25488	-329.27167	23.845732	-289.61453	-370.65118	100.0	100.0	169499	-586.93243	23.425865	-528.5324	-669.68317	586.5114	1.7509136	1159.7036063671112
114	-308.44623	34.86807	-218.08708	-364.86578	-316.02277	51.53772	-222.94368	-358.94046	100.0	100.0	170999	-586.413	23.50651	-527.30945	-669.18304	585.9981	1.7190534	1170.0359468460083
115	-299.49283	45.681168	-217.46126	-369.79297	-327.99304	44.43146	-241.52892	-389.85867	100.0	100.0	172499	-585.99554	23.764603	-526.1507	-668.2485	585.577	1.7360756	1180.3677446842194
116	-319.5382	29.553135	-273.05527	-380.65097	-323.99988	46.45138	-223.5507	-382.025	100.0	100.0	173999	-585.2863	23.9654	-525.75024	-668.0282	584.8584	1.7784629	1190.858314037323
117	-306.21396	41.44961	-213.8051	-364.45795	-283.50897	46.665474	-225.90927	-362.36826	100.0	100.0	175499	-584.8303	24.14354	-525.15015	-669.2589	584.4047	1.7509922	1201.2437024116516
118	-321.3785	38.93226	-255.80191	-393.31772	-305.40778	41.828392	-251.73538	-387.4764	100.0	100.0	176999	-584.0912	24.278011	-524.09766	-667.4273	583.6728	1.7791139	1211.5499193668365
119	-308.7085	33.175564	-237.55078	-353.9059	-330.17432	46.267754	-231.36041	-396.03098	100.0	100.0	178499	-583.7899	24.564064	-523.27466	-669.4668	583.36835	1.7849813	1221.9087591171265
120	-309.79926	37.202534	-248.14018	-369.13715	-299.22455	33.82321	-233.88388	-355.81476	100.0	100.0	179999	-583.1509	24.831614	-521.9811	-667.616	582.7188	1.7265044	1232.2247469425201
121	-316.14572	42.192646	-250.4017	-374.91327	-269.75162	56.85879	-153.69016	-341.5801	100.0	100.0	181499	-582.6094	24.949934	-520.3682	-667.3794	582.1839	1.7391385	1242.5047354698181
122	-321.64954	33.040325	-275.71027	-376.41833	-308.04993	39.979214	-258.68417	-362.77173	100.0	100.0	182999	-582.2138	25.157465	-519.6698	-664.6069	581.78455	1.757142	1252.7555096149445
123	-312.1621	46.15063	-229.41248	-382.82153	-306.97357	39.281727	-230.66255	-378.55252	100.0	100.0	184499	-581.4906	25.208418	-518.90485	-662.923	581.066	1.7755576	1263.0824706554413
124	-318.23154	26.241035	-271.66257	-363.2863	-306.3433	36.02003	-240.60764	-369.41153	100.0	100.0	185999	-581.0971	25.478977	-517.5418	-663.844	580.6676	1.7382803	1273.3997194766998
125	-299.46692	34.349136	-239.60364	-350.1051	-300.5726	42.231716	-223.41127	-372.13696	100.0	100.0	187499	-580.4538	25.628061	-517.66455	-660.908	580.0194	1.722875	1283.6945102214813
126	-297.67587	48.414146	-234.00151	-375.05103	-302.17572	30.31522	-251.55315	-359.39264	100.0	100.0	188999	-579.90796	25.809626	-516.4567	-660.27026	579.4841	1.7640128	1293.994546175003
127	-298.39328	49.1406	-217.59532	-373.62988	-299.63922	26.932014	-241.30806	-331.35617	100.0	100.0	190499	-579.358	26.032566	-515.3892	-660.43854	578.9349	1.7383627	1304.4620234966278
128	-312.5742	44.25008	-187.56659	-366.1288	-328.7764	18.154749	-298.0275	-353.3436	100.0	100.0	191999	-578.60425	26.217607	-513.57794	-660.89795	578.17053	1.7987796	1314.752026796341
129	-326.8272	30.576052	-287.0258	-376.2007	-327.35745	20.281755	-292.46326	-358.8206	100.0	100.0	193499	-578.2515	26.434628	-512.63617	-662.0387	577.8097	1.8019978	1325.0295805931091
130	-322.17703	34.0876	-230.96251	-368.01852	-303.10248	41.19094	-223.52588	-349.8737	100.0	100.0	194999	-577.4856	26.568857	-512.18353	-663.4546	577.0582	1.7561114	1335.3233420848846
131	-301.72385	49.477875	-179.5713	-360.51266	-301.97653	27.545343	-248.06557	-337.26605	100.0	100.0	196499	-576.95746	26.65712	-510.36264	-662.92267	576.5225	1.765297	1345.6364362239838
132	-316.73322	42.03064	-192.97217	-362.15527	-297.69354	35.767597	-247.85399	-363.99234	100.0	100.0	197999	-576.42633	26.963655	-510.03595	-663.1539	575.9956	1.8242772	1355.8419890403748
133	-299.74673	37.565266	-232.84087	-357.88467	-314.58978	28.581535	-242.82248	-352.84738	100.0	100.0	199499	-576.02136	27.17459	-509.0161	-664.6533	575.60223	1.8073788	1366.1663327217102
134	-307.9079	40.06502	-223.98743	-372.75827	-298.70822	36.20343	-238.17593	-357.2307	100.0	100.0	200999	-575.6299	27.394411	-507.22955	-664.11536	575.2127	1.8366016	1376.3738746643066
135	-301.67038	25.677797	-241.40923	-348.03253	-324.96	28.6213	-257.53412	-368.50644	100.0	100.0	202499	-575.1204	27.649042	-505.80536	-665.205	574.71106	1.8118432	1386.6442437171936
136	-303.14755	43.234554	-211.47818	-358.45264	-336.64682	23.565735	-287.50684	-367.53772	100.0	100.0	203999	-574.77954	27.791191	-504.80478	-664.36255	574.3624	1.8347439	1396.9365468025208
137	-324.17703	28.941614	-274.2415	-378.5801	-308.84354	25.165632	-273.15958	-350.08713	100.0	100.0	205499	-574.4074	27.919058	-503.23486	-662.9615	573.99335	1.811187	1407.324286699295
138	-303.9237	43.213886	-225.01573	-365.90613	-312.1688	29.983412	-258.57574	-351.77646	100.0	100.0	206999	-574.0298	28.176056	-503.06393	-663.48706	573.6238	1.8025824	1417.6249709129333
139	-317.01312	42.972313	-204.79642	-369.5371	-307.40332	40.636986	-255.54376	-367.47388	100.0	100.0	208499	-573.7504	28.309523	-501.32483	-663.4527	573.35284	1.737739	1427.9631125926971
140	-313.03873	34.539173	-261.18472	-376.17227	-291.02078	28.361546	-255.38689	-344.913	100.0	100.0	209999	-573.5699	28.53208	-500.159	-665.6245	573.1908	1.7710214	1438.2964208126068
141	-309.05585	26.084175	-261.6947	-350.75537	-313.47925	39.776604	-245.26315	-362.95374	100.0	100.0	211499	-573.31213	28.742702	-499.4704	-664.62616	572.9381	1.7990111	1448.6511933803558
142	-327.6572	36.726696	-250.08765	-370.81808	-315.34454	35.20918	-258.49475	-369.9175	100.0	100.0	212999	-573.2893	28.793097	-498.76764	-662.56433	572.90515	1.7471629	1458.8789780139923
143	-315.37463	38.11268	-235.52042	-368.23856	-326.57916	36.84047	-255.26555	-371.5904	100.0	100.0	214499	-573.26794	29.025934	-497.08478	-663.43115	572.88727	1.8530171	1469.1239831447601
144	-299.58737	41.37207	-240.40436	-365.36023	-339.26883	16.70638	-304.4035	-365.67346	100.0	100.0	215999	-572.879	29.129143	-496.53296	-665.47614	572.4927	1.8172647	1479.4303703308105
145	-323.93646	30.473316	-257.56586	-369.0257	-286.8239	39.10169	-230.27687	-347.6185	100.0	100.0	217499	-572.82184	29.266981	-495.53308	-664.109	572.4348	1.7540529	1489.775099992752
146	-305.69006	33.853256	-232.42943	-357.55176	-324.95947	30.158344	-279.3437	-374.0976	100.0	100.0	218999	-572.6046	29.266394	-494.42258	-663.3061	572.20984	1.7910311	1500.068282365799
147	-310.04535	48.01405	-189.50832	-367.38455	-278.723	60.107784	-180.98425	-354.66455	100.0	100.0	220499	-572.05304	29.460777	-493.79047	-662.9966	571.6638	1.7802249	1510.4316658973694
148	-299.73	35.745316	-218.9428	-346.0175	-295.02667	42.134533	-216.86931	-343.26913	100.0	100.0	221999	-572.04065	29.485592	-492.17206	-660.8055	571.6698	1.7891061	1520.8853743076324
149	-294.26935	20.533073	-264.5816	-340.33353	-316.98163	37.043823	-236.29733	-378.18243	100.0	100.0	223499	-571.9172	29.635954	-491.51483	-661.5333	571.538	1.7427826	1531.130321264267
150	-304.0168	37.374928	-224.72128	-356.2069	-312.5689	36.54074	-267.556	-377.9492	100.0	100.0	224999	-571.7507	29.652641	-490.22174	-661.13696	571.3693	1.8112481	1541.4070167541504
151	-316.03983	25.689644	-276.38147	-360.3712	-296.48904	40.117912	-243.50546	-377.1514	100.0	100.0	226499	-571.4507	29.715155	-489.51868	-661.18097	571.0743	1.782423	1551.650011062622
152	-314.56995	30.021803	-241.57086	-361.69507	-308.39395	34.848255	-254.8074	-356.64038	100.0	100.0	227999	-571.39246	29.785975	-489.27237	-658.96655	571.00684	1.7762094	1561.9365842342377
153	-280.38034	37.75765	-189.02428	-332.20654	-296.697	43.789764	-216.83105	-374.11725	100.0	100.0	229499	-570.8781	29.835207	-488.67578	-658.12427	570.50726	1.701041	1572.216229915619
154	-315.0454	25.74307	-273.21823	-353.5725	-301.12186	30.242125	-256.82632	-351.0423	100.0	100.0	230999	-570.75903	29.916426	-487.61722	-657.61975	570.3842	1.7386696	1582.5042943954468
155	-299.50455	28.337183	-249.60754	-346.11044	-307.49072	32.30943	-247.7378	-351.738	100.0	100.0	232499	-570.57477	29.847439	-488.5092	-658.36035	570.2065	1.7280024	1592.7575767040253
156	-295.00977	47.13855	-184.77235	-359.0688	-294.97504	41.814014	-203.16693	-345.61185	100.0	100.0	233999	-570.3548	29.902542	-488.67258	-657.5767	569.98975	1.682729	1603.0046923160553
157	-309.21573	29.89224	-270.6957	-375.75174	-275.78497	51.612236	-206.26817	-353.1138	100.0	100.0	235499	-570.54156	29.943626	-488.89062	-660.1979	570.17773	1.6837145	1613.2059593200684
158	-312.8875	31.258896	-229.02942	-345.348	-290.9967	33.909027	-221.86508	-324.71478	100.0	100.0	236999	-570.36523	29.879335	-488.92905	-657.56525	569.9943	1.7675562	1623.3830392360687
159	-298.81808	26.857794	-219.31555	-334.09573	-301.62335	33.72041	-257.4668	-361.65848	100.0	100.0	238499	-570.15106	29.921967	-488.09302	-658.8332	569.7779	1.7139118	1633.7614142894745
160	-302.7817	46.04203	-185.75647	-361.2855	-315.1021	32.94647	-229.25067	-352.4222	100.0	100.0	239999	-569.8573	29.897703	-489.12613	-657.01465	569.48834	1.7216694	1644.0322754383087
161	-310.64102	45.510426	-207.50584	-368.18475	-310.40912	39.031345	-255.92583	-363.6991	100.0	100.0	241499	-569.7216	29.958239	-489.1731	-655.79675	569.3485	1.6632695	1654.2673015594482
162	-318.58633	23.978569	-255.30019	-349.63373	-303.21664	24.12569	-262.81604	-338.64487	100.0	100.0	242999	-569.5079	29.897558	-488.9318	-657.6572	569.127	1.6739873	1664.4454169273376
163	-304.90018	44.921482	-184.39659	-364.48282	-285.0341	45.73798	-192.28241	-348.15915	100.0	100.0	244499	-569.1221	29.943863	-488.5053	-656.70795	568.73804	1.7026576	1674.6228182315826
164	-310.39398	41.317154	-226.76773	-365.667	-320.0553	20.031113	-296.1461	-355.63336	100.0	100.0	245999	-568.9539	29.954231	-489.27618	-655.79614	568.5771	1.7033077	1684.8987424373627
165	-304.5644	27.91267	-252.10979	-346.16653	-319.42206	23.366045	-274.36627	-356.67752	100.0	100.0	247499	-568.5001	29.997845	-488.91797	-653.7159	568.11194	1.7253468	1695.2751944065094
166	-307.75327	33.542866	-228.57336	-352.65604	-299.47012	36.875053	-234.14604	-363.11554	100.0	100.0	248999	-567.9957	30.11083	-488.89798	-654.20795	567.59955	1.6700212	1705.5349802970886
167	-301.11856	33.221325	-224.8105	-348.80597	-309.51343	34.622074	-258.5384	-362.6961	100.0	100.0	250499	-567.5624	30.025742	-488.54144	-651.5798	567.16473	1.717514	1715.7672908306122
168	-316.25998	32.008114	-253.1078	-366.47913	-287.2343	36.88513	-226.90936	-354.7734	100.0	100.0	251999	-567.26514	30.070757	-488.67123	-652.8896	566.8545	1.7124065	1726.1053476333618
169	-297.62592	35.411945	-236.26839	-366.9846	-290.3515	38.38858	-221.5071	-360.5268	100.0	100.0	253499	-566.68243	29.853064	-488.4011	-651.7335	566.2686	1.7354947	1736.3921563625336
170	-307.98026	42.918194	-210.69861	-365.1847	-314.38434	20.430046	-274.94623	-341.64948	100.0	100.0	254999	-566.0175	29.89168	-487.06055	-650.7313	565.5875	1.7271425	1746.5729863643646
171	-308.2108	31.613468	-248.08751	-366.19156	-321.36966	21.845583	-275.28677	-349.0346	100.0	100.0	256499	-565.38995	29.909254	-486.5456	-652.2277	564.96826	1.6731963	1756.8269510269165
172	-293.34314	33.25059	-247.3036	-359.0265	-296.81503	47.095337	-239.49136	-358.48203	100.0	100.0	257999	-564.9436	29.804012	-488.09015	-647.8247	564.52686	1.7593896	1767.1330223083496
173	-311.9979	29.072868	-244.85289	-361.27023	-324.2563	27.823645	-283.17267	-363.33496	100.0	100.0	259499	-564.43134	29.851408	-487.1574	-649.7701	564.0103	1.637848	1777.4212861061096
174	-296.8092	16.073484	-261.60962	-322.53497	-264.71716	46.01761	-192.75275	-338.9983	100.0	100.0	260999	-563.96625	29.74618	-486.5885	-647.8341	563.54767	1.7300487	1787.5945737361908
175	-296.321	42.22795	-218.54099	-348.1385	-312.1394	33.661724	-223.66786	-349.37488	100.0	100.0	262499	-563.18317	29.690578	-486.95926	-647.6696	562.763	1.664195	1797.9022600650787
176	-302.52768	37.662678	-222.26431	-355.8297	-282.48413	20.377134	-255.3701	-328.9828	100.0	100.0	263999	-562.9415	29.608595	-486.23853	-647.5081	562.53174	1.6080996	1808.1190059185028
177	-302.01224	36.8169	-238.59067	-352.1539	-297.46243	47.593212	-201.53894	-343.60123	100.0	100.0	265499	-562.6365	29.577421	-486.645	-644.5821	562.2272	1.681191	1818.4414534568787
178	-302.93378	25.96597	-262.63412	-347.8321	-297.1292	45.638615	-210.55711	-356.84207	100.0	100.0	266999	-562.08984	29.601847	-485.20697	-643.38446	561.6682	1.657808	1828.6183955669403
179	-294.05304	18.298233	-248.97174	-324.03427	-281.30997	47.14787	-187.57736	-359.8205	100.0	100.0	268499	-561.537	29.709627	-485.1569	-644.64246	561.1366	1.6509092	1838.8269078731537
180	-302.29416	34.837406	-203.39114	-343.5059	-273.6559	35.438854	-211.07405	-336.06882	100.0	100.0	269999	-561.14343	29.792942	-484.6699	-642.60565	560.75	1.648541	1849.023582458496
181	-298.04355	22.652796	-246.6606	-340.57864	-287.29526	41.69384	-223.11546	-347.15985	100.0	100.0	271499	-560.88007	29.75239	-485.21152	-642.73865	560.4879	1.6583961	1859.2828822135925
182	-293.79758	35.309204	-246.66792	-361.1507	-267.51337	30.21007	-237.62375	-337.6178	100.0	100.0	272999	-560.62585	29.666454	-485.24637	-642.94354	560.22076	1.636844	1869.4811308383942
183	-299.10202	24.824427	-235.95451	-337.7809	-290.2507	35.295452	-208.37305	-330.38962	100.0	100.0	274499	-560.03143	29.614607	-485.30145	-642.69904	559.6365	1.6390153	1879.7062253952026
184	-286.4959	39.47492	-210.73253	-345.8937	-301.51123	45.396713	-198.12686	-363.7924	100.0	100.0	275999	-559.9127	29.612906	-485.2298	-641.2199	559.5146	1.7031851	1890.0475952625275
185	-313.9338	29.954992	-256.0562	-364.21783	-304.11133	42.344616	-195.83147	-347.68048	100.0	100.0	277499	-559.3794	29.668701	-484.5499	-643.5343	558.976	1.6475581	1900.3850362300873
186	-303.5738	28.458832	-222.39195	-337.40775	-301.49503	30.743767	-252.44647	-349.90414	100.0	100.0	278999	-558.97675	29.581589	-483.7924	-643.6414	558.57794	1.6713177	1910.6608724594116
187	-287.01285	36.37379	-219.37537	-324.97916	-293.72076	47.881725	-201.4148	-360.40512	100.0	100.0	280499	-558.73016	29.455276	-484.3307	-641.34485	558.32385	1.6563694	1920.920772075653
188	-298.33603	27.8314	-245.66081	-358.6602	-286.91937	27.484549	-221.9382	-319.91272	100.0	100.0	281999	-558.4578	29.486296	-484.26657	-640.81476	558.03656	1.6571044	1931.0061373710632
189	-289.19974	37.18075	-241.64255	-377.35107	-265.73605	43.716084	-183.48576	-340.61252	100.0	100.0	283499	-558.03827	29.291618	-483.84067	-641.8854	557.6265	1.6166989	1941.2174241542816
190	-290.77203	28.714336	-243.55717	-345.52466	-299.3787	38.367252	-215.14276	-342.44913	100.0	100.0	284999	-557.5163	29.20409	-484.17706	-641.1446	557.10834	1.640194	1951.5976979732513
191	-297.74747	23.004961	-249.9938	-329.28705	-290.7884	41.34896	-192.39659	-331.58212	100.0	100.0	286499	-557.2594	29.057056	-484.1153	-641.19965	556.8584	1.682528	1961.8428783416748
192	-308.2979	23.574848	-276.1363	-357.11618	-294.6302	39.61349	-206.0707	-347.53497	100.0	100.0	287999	-556.6281	28.841528	-483.27484	-642.1354	556.2114	1.6499468	1972.0170857906342
193	-285.1533	30.68114	-235.53296	-331.53488	-292.30762	38.184273	-207.66821	-346.5285	100.0	100.0	289499	-556.24713	28.63184	-484.29523	-641.2576	555.83264	1.6473793	1982.234799861908
194	-293.4112	30.344122	-244.9168	-361.7738	-288.15225	35.995365	-248.0385	-352.3734	100.0	100.0	290999	-555.7838	28.528847	-484.0554	-641.54956	555.3732	1.6112454	1992.3844933509827
195	-293.63406	33.422554	-235.66814	-347.25006	-301.80536	23.185139	-252.27937	-330.83865	100.0	100.0	292499	-555.48944	28.372965	-483.93002	-640.64087	555.07	1.7026663	2002.5510594844818
196	-286.96274	27.469786	-250.81697	-334.40784	-269.21243	53.965298	-160.35303	-336.04092	100.0	100.0	293999	-554.9195	28.220278	-483.65973	-638.3449	554.4914	1.725054	2012.8023142814636
197	-288.5457	28.382015	-232.24513	-327.09784	-278.12927	31.697151	-223.52783	-327.32104	100.0	100.0	295499	-554.1908	27.934818	-483.6949	-638.3158	553.76373	1.6552138	2022.9931964874268
198	-282.6472	28.986414	-223.18062	-336.1092	-291.8042	37.967934	-243.82124	-353.5314	100.0	100.0	296999	-553.6579	27.833904	-482.31335	-636.6735	553.22406	1.6959653	2033.2098276615143
199	-289.37885	34.977013	-226.14207	-341.56732	-273.75	36.35574	-227.83574	-359.41653	100.0	100.0	298499	-553.00836	27.661285	-481.44904	-636.8817	552.571	1.7006788	2043.3923451900482
200	-285.15216	28.103783	-242.40805	-320.9318	-264.68503	25.459803	-228.22179	-321.89902	100.0	100.0	299999	-552.4335	27.470772	-480.63983	-636.60364	551.98035	1.7432566	2053.608548641205
201	-299.55142	34.269157	-203.32224	-358.30832	-279.8112	37.03518	-187.94144	-319.96298	100.0	100.0	301499	-551.58655	27.349066	-479.60092	-635.979	551.1374	1.718712	2063.856276512146
202	-279.9974	36.19373	-189.03192	-322.76062	-306.48605	43.297832	-238.83597	-355.79495	100.0	100.0	302999	-550.7689	27.385439	-478.4043	-635.21985	550.2943	1.692047	2074.0368781089783
203	-266.93286	32.646835	-206.84344	-315.79034	-304.78888	28.34179	-271.4104	-380.99878	100.0	100.0	304499	-549.9643	27.260891	-476.79605	-636.37286	549.4848	1.7656546	2084.2790615558624
204	-287.72977	40.379395	-192.76295	-350.8884	-308.97034	41.54195	-222.86873	-357.87497	100.0	100.0	305999	-549.1011	27.189196	-476.00043	-636.68884	548.62787	1.7059717	2094.474706172943
205	-277.57187	35.325184	-208.78983	-345.21115	-284.3334	21.067064	-260.7491	-332.61435	100.0	100.0	307499	-548.3044	27.140192	-475.11743	-636.5864	547.82465	1.7739216	2104.6834166049957
206	-290.34537	40.523636	-205.64072	-369.95633	-290.93015	31.556957	-228.4133	-335.37564	100.0	100.0	308999	-547.2575	27.035378	-475.77704	-637.3966	546.7701	1.7439702	2114.894207239151
207	-302.9297	40.882095	-199.25151	-357.54333	-295.69522	43.376717	-211.02528	-343.41467	100.0	100.0	310499	-546.3169	26.944225	-474.449	-634.75696	545.8311	1.775454	2125.0165662765503
208	-290.16214	36.23972	-216.4102	-360.2256	-295.03754	37.415375	-227.99532	-347.25452	100.0	100.0	311999	-545.3527	26.9547	-473.74585	-635.5847	544.87177	1.8231361	2135.2239694595337
209	-294.75302	34.25034	-223.83778	-352.1574	-285.31854	34.02766	-243.97028	-341.35147	100.0	100.0	313499	-544.48395	26.793934	-472.61172	-635.7657	543.98816	1.8142108	2145.3134050369263
210	-287.24393	33.362843	-229.77632	-347.53485	-280.67664	44.78748	-201.54515	-354.70657	100.0	100.0	314999	-543.5199	26.747194	-471.70667	-634.14844	543.02734	1.8004079	2155.3998107910156
211	-291.08807	47.358162	-216.43488	-357.63397	-298.56122	46.860233	-190.59981	-355.39352	100.0	100.0	316499	-542.7247	26.605545	-469.56482	-633.6603	542.2277	1.82793	2165.5140347480774
212	-276.58316	50.181515	-168.61775	-351.36905	-302.0367	21.913542	-276.9523	-350.81854	100.0	100.0	317999	-541.79767	26.521774	-469.27356	-634.3502	541.30334	1.8393242	2175.669817686081
213	-289.60593	31.207561	-244.90117	-356.4433	-293.29733	28.242315	-232.95506	-335.60046	100.0	100.0	319499	-540.9702	26.41913	-468.26953	-632.87524	540.4764	1.7773978	2185.786827325821
214	-278.86136	35.252502	-225.15215	-345.39743	-300.78973	42.714096	-213.5809	-348.32986	100.0	100.0	320999	-539.7373	26.377735	-466.2902	-629.6012	539.24506	1.8407285	2195.9154014587402
215	-306.10568	28.81643	-242.4005	-355.5428	-304.30884	35.65291	-219.41472	-337.7272	100.0	100.0	322499	-538.9962	26.322866	-466.7602	-632.3804	538.4994	1.8157519	2206.0422444343567
216	-291.2249	36.104973	-224.14056	-338.80896	-292.74994	30.28531	-243.25963	-331.40436	100.0	100.0	323999	-538.3832	26.209394	-465.48114	-633.29425	537.8905	1.8980556	2216.215344429016
217	-315.42294	35.37285	-226.58868	-352.0639	-292.22977	46.080315	-198.04317	-348.19012	100.0	100.0	325499	-537.66547	26.17992	-464.65125	-634.92236	537.1756	1.8209233	2226.46142745018
218	-288.41562	43.64134	-166.4928	-352.28195	-302.696	43.128246	-232.45923	-358.40237	100.0	100.0	326999	-536.8901	26.17926	-464.24274	-635.3331	536.39777	1.8917009	2236.819563150406
219	-279.8013	37.492844	-204.59456	-355.49988	-289.13068	37.180653	-234.14546	-362.7061	100.0	100.0	328499	-536.2375	26.113989	-464.02322	-633.7042	535.7407	1.8130333	2247.309160709381
220	-287.76486	38.778595	-212.73349	-341.98593	-289.54916	30.171186	-250.76053	-326.28717	100.0	100.0	329999	-535.59296	26.038647	-463.06174	-635.78613	535.1132	1.847789	2257.7365992069244
221	-302.26004	26.8021	-251.48528	-344.48352	-290.65265	38.199913	-192.02792	-341.4174	100.0	100.0	331499	-534.8708	25.963053	-462.22446	-634.58496	534.38965	1.7962272	2267.8695821762085
222	-296.5578	33.562977	-242.23	-372.52307	-281.73132	26.236126	-249.39441	-335.9079	100.0	100.0	332999	-534.33386	25.950806	-462.50397	-634.7317	533.8617	1.8729916	2278.19095993042
223	-273.09677	34.253765	-205.32695	-339.59592	-285.28525	38.428345	-221.41437	-350.97424	100.0	100.0	334499	-533.7454	25.982866	-462.0156	-634.27686	533.2635	1.849622	2288.372773885727
224	-287.6592	38.133286	-218.93832	-345.66675	-290.9087	47.682514	-206.16772	-356.06332	100.0	100.0	335999	-533.11993	25.964989	-461.9666	-635.28485	532.63477	1.8395547	2298.583315849304
225	-296.29388	39.09789	-218.71863	-359.60248	-292.45456	46.833683	-193.9072	-340.12524	100.0	100.0	337499	-532.5934	26.060684	-461.2488	-636.64136	532.1101	1.8110199	2309.0418112277985
226	-298.93658	36.32765	-218.73799	-349.9169	-299.74106	36.148296	-232.35765	-333.46902	100.0	100.0	338999	-531.87616	26.294687	-460.4678	-635.68835	531.3951	1.913092	2319.4613564014435
227	-299.09305	40.30369	-193.29993	-352.25226	-300.8786	33.643013	-234.01323	-349.24255	100.0	100.0	340499	-531.1094	26.31291	-460.98724	-634.7696	530.6231	1.8712932	2329.6105196475983
228	-283.99997	40.850765	-219.10568	-360.38278	-286.7781	36.65536	-217.7789	-357.92712	100.0	100.0	341999	-530.67	26.446815	-460.1891	-635.8756	530.18384	1.8589019	2339.7574944496155
229	-306.39215	31.178104	-242.4984	-352.4499	-282.5384	26.059795	-242.1835	-320.7716	100.0	100.0	343499	-530.0135	26.459389	-460.41574	-634.98334	529.5372	1.8827649	2349.820970773697
230	-292.2623	31.208843	-237.69412	-355.0047	-307.47433	20.958292	-276.92575	-346.54126	100.0	100.0	344999	-529.4652	26.54201	-459.48776	-634.68945	528.9946	1.8563454	2359.8844499588013
231	-306.95096	31.924145	-251.0174	-351.2693	-289.17493	25.733511	-232.21848	-316.09488	100.0	100.0	346499	-529.14716	26.570642	-460.68082	-634.86426	528.6769	1.814528	2369.9587817192078
232	-290.21347	33.28177	-232.43639	-352.6606	-298.62332	42.57218	-210.94911	-349.5703	100.0	100.0	347999	-528.58496	26.604359	-459.5323	-635.1556	528.0944	1.8336399	2380.1303956508636
233	-306.7022	31.437864	-237.64957	-354.46402	-312.73737	26.366138	-270.0407	-340.4835	100.0	100.0	349499	-528.2016	26.64855	-458.16592	-635.07465	527.7277	1.8298336	2390.28315281868
234	-285.61166	37.59042	-214.1698	-349.03427	-290.30765	27.060205	-252.43939	-331.71387	100.0	100.0	350999	-527.86884	26.572437	-458.5247	-634.49274	527.40094	1.8009295	2400.3069326877594
235	-292.1825	46.370274	-167.52667	-356.92828	-285.12137	38.53837	-215.82335	-349.21765	100.0	100.0	352499	-527.45624	26.67316	-459.26926	-634.623	526.9902	1.8441131	2410.4077112674713
236	-296.12546	33.059917	-220.56241	-342.9075	-295.6547	45.10177	-209.47366	-351.6171	100.0	100.0	353999	-527.2204	26.69666	-458.5448	-634.4997	526.76855	1.7786013	2420.6054079532623
237	-283.97195	30.835722	-233.81824	-349.66278	-290.50555	40.947006	-206.03027	-342.87387	100.0	100.0	355499	-526.9577	26.746809	-458.80457	-634.45776	526.50256	1.778138	2430.6749424934387
238	-306.68472	27.86255	-248.45787	-351.09918	-293.94495	24.820404	-261.94235	-336.15295	100.0	100.0	356999	-526.8559	26.843277	-458.88712	-634.7852	526.4001	1.7851416	2440.7555916309357
239	-310.78073	31.213997	-244.33534	-354.25793	-292.31866	36.12425	-242.69637	-351.36447	100.0	100.0	358499	-526.6328	26.736864	-458.41855	-640.58997	526.1811	1.7670648	2450.945646047592
240	-297.44885	30.603287	-241.442	-353.1973	-299.81378	28.975874	-257.58362	-357.5911	100.0	100.0	359999	-526.56635	26.833443	-458.17358	-635.8355	526.1215	1.8058472	2461.176122188568
241	-291.34558	41.797012	-210.44075	-360.99182	-266.10156	31.430983	-218.95547	-334.09323	100.0	100.0	361499	-526.47656	26.81193	-458.58737	-634.513	526.026	1.743712	2471.556793689728
242	-291.9126	35.85228	-241.59642	-357.067	-275.6451	33.187553	-216.57513	-327.77478	100.0	100.0	362999	-526.1563	26.764784	-458.0933	-636.90533	525.7094	1.7364835	2481.9014778137207
243	-283.01385	35.564945	-206.29256	-336.74435	-289.7818	38.763554	-213.9738	-332.92264	100.0	100.0	364499	-525.86755	26.731476	-457.7039	-637.71454	525.41895	1.7356727	2492.0677168369293
244	-312.71274	29.170765	-261.27087	-359.618	-289.4629	29.782072	-223.21854	-323.7551	100.0	100.0	365999	-525.76843	26.84296	-457.43884	-638.7885	525.3273	1.6737864	2502.2400047779083
245	-285.05807	32.432377	-228.27275	-351.17493	-298.44305	33.040325	-235.48471	-338.35056	100.0	100.0	367499	-525.87476	26.926802	-457.40137	-638.1436	525.42126	1.7186154	2512.420142173767
246	-278.19785	45.520973	-163.03802	-344.81662	-300.84708	27.45731	-261.78488	-351.85724	100.0	100.0	368999	-525.64777	27.04755	-457.10504	-638.0202	525.21814	1.6639222	2522.790023326874
247	-275.2498	28.578651	-196.41635	-308.7487	-299.0291	42.765255	-239.76465	-365.93738	100.0	100.0	370499	-525.56274	26.947376	-457.23248	-639.9373	525.1211	1.7193215	2533.11381816864
248	-290.7863	35.99916	-240.83385	-354.87054	-293.91293	20.70076	-255.13661	-324.65912	100.0	100.0	371999	-525.463	27.07026	-457.46838	-636.759	525.0324	1.6998551	2543.7063932418823
249	-294.7259	46.986042	-195.19366	-354.60623	-268.98218	37.895473	-202.68224	-333.7121	100.0	100.0	373499	-525.2516	26.985516	-457.95383	-636.6773	524.8178	1.7216133	2554.579142332077
250	-280.3931	40.965813	-194.45538	-341.99872	-298.9812	28.289444	-245.675	-331.94876	100.0	100.0	374999	-525.36255	27.05907	-457.6353	-639.6419	524.94434	1.7580914	2564.8801193237305
251	-282.82288	23.147842	-239.3964	-323.51358	-315.1112	30.420597	-233.75426	-339.63525	100.0	100.0	376499	-525.2475	27.169956	-457.73865	-639.1687	524.81177	1.6838046	2575.008975982666
252	-289.463	23.854355	-247.49748	-332.9068	-288.4869	44.045467	-200.94608	-343.4634	100.0	100.0	377999	-525.048	27.189438	-458.49567	-639.789	524.6269	1.6923234	2585.1631948947906
253	-299.26877	36.938034	-220.06892	-347.15842	-302.01166	36.363567	-241.36566	-355.99695	100.0	100.0	379499	-525.10077	27.24352	-459.69016	-641.4028	524.6635	1.6708757	2595.7195706367493
254	-289.76117	34.530212	-236.47115	-346.0569	-292.27225	26.013409	-249.91971	-334.49622	100.0	100.0	380999	-524.9536	27.272232	-460.58194	-640.21796	524.5219	1.7178296	2606.19198513031
255	-293.62933	27.98893	-242.82515	-354.10217	-296.40668	28.836058	-246.58908	-340.6251	100.0	100.0	382499	-524.8648	27.148233	-461.1166	-641.41815	524.43134	1.6488786	2616.623203277588
256	-294.96262	32.106834	-236.94455	-346.2042	-296.74493	48.09239	-193.3315	-357.36978	100.0	100.0	383999	-524.7433	27.20536	-460.81387	-638.9268	524.32007	1.6431702	2626.9551799297333
257	-297.4064	36.648426	-224.11205	-367.6532	-297.2148	38.579323	-228.17543	-337.62778	100.0	100.0	385499	-524.7062	27.29181	-460.3453	-641.6828	524.27515	1.6612486	2637.341587781906
258	-290.42148	38.49193	-205.84016	-361.02658	-269.84637	38.901676	-219.70892	-340.4293	100.0	100.0	386999	-524.7312	27.242584	-460.65988	-638.248	524.3108	1.6146507	2648.2349095344543
259	-281.75406	42.288578	-185.14389	-350.3455	-285.41553	29.187988	-226.15887	-326.92966	100.0	100.0	388499	-524.50824	27.181168	-460.153	-639.7547	524.0844	1.6028945	2658.445152759552
260	-298.51816	27.350368	-224.69948	-343.61566	-261.33026	36.327545	-213.29236	-326.18573	100.0	100.0	389999	-524.39197	27.230928	-460.05814	-639.07367	523.97284	1.6563575	2668.642913341522
261	-272.41812	35.717678	-207.39778	-325.94617	-300.676	23.082748	-265.0542	-348.7933	100.0	100.0	391499	-524.52124	27.154186	-460.8059	-642.1741	524.1072	1.6272246	2678.817246198654
262	-261.98096	41.845066	-193.0242	-339.60507	-293.22412	18.75267	-263.9883	-331.7809	100.0	100.0	392999	-524.3641	27.123865	-461.04282	-640.1953	523.9317	1.6421015	2689.0255115032196
263	-291.46564	35.361477	-220.77386	-357.5219	-294.542	30.354782	-252.86049	-353.45898	100.0	100.0	394499	-524.24347	27.161207	-461.26343	-640.7049	523.8146	1.6709248	2699.622514486313
264	-282.421	24.412512	-246.03381	-331.34717	-269.9829	46.141357	-220.70145	-361.00616	100.0	100.0	395999	-524.0162	27.065756	-460.8287	-641.766	523.5734	1.6934628	2709.880060195923
265	-283.17526	34.932228	-229.17097	-344.29498	-276.2478	52.701912	-196.92532	-357.05798	100.0	100.0	397499	-523.72473	27.184214	-460.5365	-643.5526	523.2801	1.7143496	2720.08527469635
266	-283.79047	38.54888	-195.63834	-355.0707	-294.01785	31.226286	-244.57603	-325.11688	100.0	100.0	398999	-523.4867	27.090895	-461.89465	-640.997	523.0442	1.6743798	2730.2344186306
267	-298.34393	33.029343	-243.989	-348.77737	-273.38043	30.640179	-225.72061	-322.4959	100.0	100.0	400499	-523.178	27.117367	-463.61884	-644.04846	522.7188	1.682304	2740.3800654411316
268	-274.7445	32.87948	-190.77637	-330.43002	-273.81503	35.518356	-203.95547	-323.65005	100.0	100.0	401999	-522.918	27.022158	-464.2821	-639.6658	522.48486	1.6678383	2750.8531143665314
269	-292.6945	38.497356	-182.69963	-336.84518	-275.77472	36.391632	-218.58508	-325.4001	100.0	100.0	403499	-522.9246	27.25228	-464.16516	-638.24347	522.48206	1.66078	2761.2112023830414
270	-291.8834	24.77576	-232.44452	-342.9212	-275.50934	33.181114	-209.08751	-321.5148	100.0	100.0	404999	-522.5932	27.094296	-464.05444	-638.01227	522.14935	1.6497737	2771.47460770607
271	-271.67642	37.57397	-207.4916	-351.9758	-258.41797	24.257427	-232.56567	-300.37006	100.0	100.0	406499	-522.2504	27.095924	-465.49597	-643.55316	521.81714	1.6761069	2781.616193294525
272	-270.69077	35.35495	-206.38895	-344.5915	-277.22455	32.95373	-216.10873	-327.15744	100.0	100.0	407999	-522.02716	27.123827	-466.81873	-641.2476	521.5798	1.6428592	2791.7676587104797
273	-275.6623	27.61743	-227.96173	-320.49332	-281.21326	25.297848	-235.45184	-328.11234	100.0	100.0	409499	-521.77496	27.10483	-467.42847	-635.1995	521.3365	1.6451572	2801.9252133369446
274	-295.13318	28.448298	-236.56389	-335.32068	-279.52124	45.930534	-181.02298	-359.94125	100.0	100.0	410999	-521.55066	27.199324	-467.08386	-641.44183	521.1126	1.6433203	2812.494884252548
275	-286.1299	29.092222	-210.05107	-348.1635	-298.70093	42.40232	-234.38908	-351.49863	100.0	100.0	412499	-521.4681	27.24811	-466.19296	-637.9822	521.0266	1.7184206	2822.696004152298
276	-282.60828	40.07034	-220.54883	-349.49017	-282.1806	39.395084	-193.50674	-333.1203	100.0	100.0	413999	-521.20996	27.26057	-467.30295	-637.9717	520.77344	1.6405618	2832.9004640579224
277	-292.2647	33.019356	-202.76736	-332.8123	-295.73386	23.588623	-264.8885	-327.44278	100.0	100.0	415499	-520.86285	27.36705	-466.71402	-638.0457	520.4083	1.6796433	2843.1928174495697
278	-278.5823	38.09582	-218.16951	-347.1483	-255.08762	46.72378	-185.9771	-330.20236	100.0	100.0	416999	-520.6404	27.42985	-466.31	-642.36444	520.17914	1.7056354	2853.733282327652
279	-283.01617	35.858124	-207.80525	-340.78345	-285.70322	50.253357	-191.36723	-348.09882	100.0	100.0	418499	-520.22546	27.336117	-465.65973	-640.86	519.75433	1.6909242	2864.5911161899567
280	-279.7193	31.995323	-232.00368	-337.22458	-269.27695	39.155373	-202.26912	-332.3966	100.0	100.0	419999	-519.8216	27.33596	-465.3174	-637.93396	519.36615	1.7433971	2874.833170413971
281	-286.2642	46.224266	-181.1237	-352.1251	-281.60065	26.648228	-214.62366	-307.92896	100.0	100.0	421499	-519.31775	27.351997	-465.5555	-637.5352	518.86163	1.7904196	2885.197950363159
282	-275.13043	46.548138	-195.43916	-367.6916	-263.41412	36.038315	-192.36649	-320.6462	100.0	100.0	422999	-519.00543	27.355015	-465.12933	-643.0975	518.5422	1.7543329	2895.4692039489746
283	-269.49857	36.20379	-215.04544	-334.56055	-270.62186	61.343304	-147.21191	-344.34067	100.0	100.0	424499	-518.57574	27.337242	-465.2139	-641.4988	518.1106	1.730944	2905.5970134735107
284	-293.10672	41.806145	-224.58533	-368.89404	-292.07535	40.7442	-232.39412	-368.20618	100.0	100.0	425999	-518.2542	27.241856	-465.19736	-638.7412	517.7885	1.8284007	2915.7486658096313
285	-292.90018	21.671114	-255.09967	-328.69986	-281.7827	49.53596	-186.97725	-356.86877	100.0	100.0	427499	-517.69086	27.109823	-464.589	-637.6801	517.2205	1.7828379	2926.51855134964
286	-288.60663	32.456875	-218.77676	-330.49173	-290.4867	36.09052	-226.96495	-329.33765	100.0	100.0	428999	-517.32007	27.265491	-464.57776	-638.64246	516.8574	1.794801	2936.870221376419
287	-275.43423	36.022587	-218.62671	-349.8405	-300.68134	43.581078	-228.36412	-365.79324	100.0	100.0	430499	-516.9467	27.211771	-463.69937	-639.8636	516.47833	1.8043867	2947.1496427059174
288	-270.9107	43.5216	-181.6109	-327.08786	-318.1902	37.388542	-263.83395	-373.11078	100.0	100.0	431999	-516.6104	27.295599	-463.2664	-636.43994	516.1446	1.8011132	2957.4515612125397
289	-283.53665	23.51604	-254.93826	-330.34732	-280.6564	46.12081	-188.02992	-344.7471	100.0	100.0	433499	-516.3329	27.092993	-461.12155	-636.48254	515.88043	1.7800612	2968.1709022521973
290	-284.04865	29.432175	-229.30135	-344.44727	-293.1126	36.210735	-238.722	-360.05423	100.0	100.0	434999	-516.0567	27.245604	-458.7017	-636.8498	515.6038	1.8871315	2978.8887207508087
291	-271.97644	28.069807	-206.2794	-328.24744	-283.72238	38.779476	-235.81105	-355.29257	100.0	100.0	436499	-515.7961	27.113787	-458.77106	-636.31305	515.33856	1.8158789	2989.062110900879
292	-278.58585	37.97586	-219.9822	-359.56198	-313.7392	35.847782	-249.32841	-359.71243	100.0	100.0	437999	-515.33374	27.20676	-457.7172	-638.1904	514.86884	1.8879086	2999.2708003520966
293	-286.35242	49.444546	-188.32552	-351.76578	-284.14954	44.66389	-194.88275	-336.8185	100.0	100.0	439499	-514.9718	27.038813	-456.67398	-637.1033	514.51245	1.8400251	3009.4494664669037
294	-291.56406	39.305897	-239.91846	-349.65118	-307.27005	19.434538	-275.45566	-342.1399	100.0	100.0	440999	-514.73535	27.061352	-457.05716	-636.8048	514.27893	1.9365685	3019.757057905197
295	-288.52008	32.231712	-213.94395	-347.96844	-298.19034	42.56945	-204.38617	-349.031	100.0	100.0	442499	-514.3526	26.962425	-456.22864	-638.0261	513.90326	1.9376153	3030.6479082107544
296	-265.519	28.084124	-220.34555	-327.3627	-311.8219	29.916067	-268.46588	-348.9837	100.0	100.0	443999	-514.1486	26.838554	-456.40094	-636.7277	513.6963	1.9484141	3041.1265647411346
297	-295.33542	36.21388	-230.99066	-347.66156	-290.9378	38.930305	-232.49673	-343.36896	100.0	100.0	445499	-513.8058	26.742743	-457.0767	-637.09717	513.35394	1.8712952	3051.337250471115
298	-274.8961	34.177666	-213.42284	-333.847	-287.03024	44.955044	-213.53322	-364.0168	100.0	100.0	446999	-513.6845	26.840921	-457.43793	-640.7973	513.24426	1.9105622	3061.515286207199
299	-281.64508	30.046114	-211.52989	-309.46423	-277.551	33.452694	-228.37201	-326.5557	100.0	100.0	448499	-513.4799	26.699615	-458.69763	-637.8394	513.0346	1.8674691	3071.6742849349976
300	-284.9327	33.864395	-225.85417	-347.00372	-277.59293	35.372166	-206.03723	-343.65848	100.0	100.0	449999	-513.1133	26.599043	-459.47232	-639.0046	512.647	1.8969259	3082.303122282028
301	-286.9382	39.192463	-208.95665	-362.88974	-285.74194	50.199192	-162.99731	-341.26685	100.0	100.0	451499	-512.8863	26.485373	-457.90518	-639.075	512.4352	1.8652474	3092.4273393154144
302	-282.01917	38.76532	-206.61119	-340.105	-285.51297	34.144234	-201.35178	-333.79794	100.0	100.0	452999	-512.71356	26.417276	-458.3511	-638.94617	512.25867	1.9781368	3102.510950088501
303	-283.47882	35.570087	-232.22511	-351.48663	-281.07623	63.486805	-164.19943	-350.30966	100.0	100.0	454499	-512.42017	26.320019	-458.9844	-636.92	511.98236	1.8394467	3112.7153794765472
304	-281.53156	42.90561	-206.64659	-349.22064	-278.19272	66.49287	-151.28683	-366.69287	100.0	100.0	455999	-512.25635	26.281677	-457.9971	-637.1843	511.81284	1.8489776	3122.8529222011566
305	-300.258	31.595377	-237.53342	-359.5441	-272.65613	35.05123	-183.32314	-321.23148	100.0	100.0	457499	-512.0296	26.147926	-458.10336	-637.4498	511.59174	1.7945538	3133.404587984085
306	-278.84558	37.39931	-188.71904	-340.34976	-297.73837	31.746801	-254.13066	-354.81622	100.0	100.0	458999	-512.0354	26.112965	-458.57175	-638.8042	511.5976	1.9369262	3143.667631626129
307	-281.4476	32.985146	-217.28136	-345.83057	-280.48227	41.990494	-199.74606	-351.20926	100.0	100.0	460499	-511.69803	25.908018	-458.78098	-638.0058	511.2591	1.8017339	3153.8945066928864
308	-293.61768	38.6432	-226.6382	-344.11026	-281.84247	35.26248	-229.85796	-365.47784	100.0	100.0	461999	-511.50714	25.803995	-458.05563	-638.1413	511.07846	1.8213915	3164.028747320175
309	-295.29678	31.272186	-241.02008	-345.32697	-270.68707	45.19198	-197.21642	-350.00516	100.0	100.0	463499	-511.4504	25.861774	-458.06345	-635.2955	511.00775	1.8613262	3174.1497106552124
310	-297.42715	30.612555	-247.88689	-355.98343	-284.02838	28.453262	-246.74739	-329.68854	100.0	100.0	464999	-511.41916	25.794619	-456.98358	-636.1812	510.98117	1.8061442	3184.3625609874725
311	-290.16122	33.77173	-228.05365	-357.68066	-298.18478	35.39241	-221.45467	-353.5959	100.0	100.0	466499	-511.21866	25.741787	-456.57022	-638.1242	510.78476	1.8023422	3194.7716875076294
312	-287.06778	33.201668	-229.05519	-347.85037	-287.07452	37.145344	-228.91466	-338.20328	100.0	100.0	467999	-511.18076	25.74527	-457.24548	-635.708	510.75476	1.8106883	3205.0085916519165
313	-277.39532	29.690434	-220.04173	-350.12674	-280.00522	26.133226	-239.1072	-323.97592	100.0	100.0	469499	-511.0976	25.671669	-457.25372	-634.3994	510.67233	1.7319694	3215.114660024643
314	-273.4308	37.529198	-199.20738	-332.03415	-291.3612	23.495659	-242.81128	-319.912	100.0	100.0	470999	-511.0568	25.663677	-457.59888	-635.5675	510.62747	1.7740998	3225.2590625286102
315	-278.2079	42.2249	-195.83104	-350.2547	-267.12357	21.920326	-234.4391	-309.95938	100.0	100.0	472499	-511.11948	25.62093	-457.0809	-633.9964	510.68747	1.7920485	3235.4629023075104
316	-268.54828	37.643402	-165.33801	-321.96252	-290.77298	24.02474	-249.48459	-343.49857	100.0	100.0	473999	-510.80106	25.568382	-457.26968	-634.88513	510.36676	1.7391577	3245.951735019684
317	-286.2913	30.926329	-217.73296	-333.4705	-283.57217	43.94621	-189.32378	-349.25677	100.0	100.0	475499	-510.69846	25.61449	-457.2798	-637.178	510.26794	1.7195088	3256.208743095398
318	-286.20773	27.740467	-247.6008	-344.63257	-266.6989	28.159359	-214.58147	-303.14224	100.0	100.0	476999	-510.6349	25.805462	-456.4153	-636.8871	510.21768	1.7866007	3266.3177647590637
319	-258.3053	42.72551	-193.12581	-323.97733	-282.77667	20.956814	-242.0518	-304.60132	100.0	100.0	478499	-510.55237	25.804077	-456.6764	-639.2514	510.12485	1.753769	3276.4635047912598
320	-295.64062	30.015026	-237.5308	-347.17004	-276.50568	44.162807	-193.46829	-340.63416	100.0	100.0	479999	-510.36166	25.967411	-457.06113	-636.9591	509.92413	1.7966053	3286.626013278961
321	-293.89108	32.343227	-226.85551	-356.02725	-291.23352	40.7545	-204.51215	-328.20248	100.0	100.0	481499	-510.15652	25.999401	-456.27246	-634.6642	509.72385	1.7414457	3298.21391415596
322	-277.14987	37.61807	-209.89316	-339.76816	-297.38452	32.608105	-224.50423	-337.94934	100.0	100.0	482999	-509.97473	26.116423	-456.37885	-635.1028	509.54388	1.7670404	3311.055748939514
323	-275.784	32.35185	-207.19106	-326.15533	-295.9678	52.006454	-183.21924	-358.1857	100.0	100.0	484499	-510.0352	26.302818	-455.74142	-636.15576	509.60016	1.7660365	3324.4353997707367
324	-261.5672	47.586338	-192.72874	-351.19003	-304.9908	35.91754	-243.04282	-364.54797	100.0	100.0	485999	-509.65738	26.541912	-456.06763	-636.1484	509.20416	1.7489482	3336.7901961803436
325	-272.84735	37.273933	-211.26256	-329.91425	-279.95047	39.152504	-221.84393	-345.15982	100.0	100.0	487499	-509.30048	26.524694	-454.42154	-634.52246	508.85834	1.8396465	3348.4893085956573
326	-286.5904	30.373796	-240.97803	-341.15024	-279.0892	38.17691	-222.38028	-343.73938	100.0	100.0	488999	-509.04703	26.587378	-453.52307	-635.6291	508.60324	1.8100636	3359.7116091251373
327	-269.54993	39.42434	-183.34839	-347.9129	-254.32234	49.038357	-172.485	-305.89484	100.0	100.0	490499	-508.85767	26.743185	-452.65726	-627.9053	508.39383	1.7591164	3370.492701292038
328	-271.5728	34.620487	-193.97887	-316.56702	-280.72174	22.899548	-236.96869	-315.478	100.0	100.0	491999	-508.27957	26.750378	-452.04562	-628.8718	507.81976	1.8487806	3381.367436170578
329	-289.69278	37.000507	-232.94101	-352.26178	-273.774	23.393467	-238.22064	-314.34436	100.0	100.0	493499	-508.0304	26.740438	-450.27808	-626.0471	507.5601	1.7857177	3392.024733543396
330	-268.81158	47.68642	-177.31436	-351.4544	-265.30997	27.114016	-234.70943	-317.99957	100.0	100.0	494999	-507.63147	26.788115	-448.63635	-625.7193	507.16476	1.8414649	3402.2985224723816
331	-279.98465	21.538963	-250.1462	-326.71045	-277.66132	43.331085	-194.83853	-326.99493	100.0	100.0	496499	-507.2738	27.035149	-447.96448	-628.62134	506.81357	1.8443005	3412.500163078308
332	-266.25754	37.417877	-177.83842	-319.31354	-268.7403	47.569893	-181.97011	-335.63977	100.0	100.0	497999	-506.88113	26.960844	-446.49402	-623.56146	506.42133	1.781453	3422.790504217148
333	-273.2539	39.654625	-195.66646	-349.2347	-292.34708	29.01787	-252.21274	-349.8034	100.0	100.0	499499	-506.36932	27.070345	-445.9777	-623.19025	505.906	1.8279262	3433.0561215877533
334	-273.89825	52.853653	-173.11018	-369.58017	-274.62735	49.113625	-220.86096	-361.83707	100.0	100.0	500999	-506.09445	27.038788	-446.32556	-620.5745	505.6332	1.7685306	3443.145080804825
335	-279.4218	41.540096	-193.89055	-342.08063	-275.99503	48.431435	-195.01407	-344.07013	100.0	100.0	502499	-505.7516	27.186413	-444.69006	-621.804	505.27615	1.7828192	3453.3032381534576
336	-263.49673	37.607586	-193.29778	-336.86453	-261.33707	51.889526	-183.48422	-339.4046	100.0	100.0	503999	-505.20996	27.054827	-443.2228	-625.3666	504.76117	1.7432181	3464.067432641983
337	-260.07486	36.099873	-168.62216	-312.50125	-254.35283	51.66684	-152.80325	-313.42413	100.0	100.0	505499	-505.03967	27.116158	-443.20752	-621.68243	504.59235	1.7504053	3474.346803665161
338	-281.23553	28.888943	-232.82321	-326.2055	-284.45825	36.574955	-222.88408	-335.63876	100.0	100.0	506999	-504.83994	27.229725	-442.34	-619.57	504.39526	1.7260568	3484.528331518173
339	-271.38107	38.13894	-225.78001	-344.53857	-261.90897	40.66502	-190.165	-326.36902	100.0	100.0	508499	-504.6794	27.259392	-442.29312	-619.9003	504.2329	1.7118863	3494.7122049331665
340	-267.14517	36.78498	-197.79648	-350.2486	-310.4075	33.5914	-244.8399	-356.75848	100.0	100.0	509999	-504.43195	27.299608	-441.4119	-621.74207	504.00925	1.7307371	3504.9462847709656
341	-267.07288	45.258736	-198.49254	-355.19675	-256.05508	39.375534	-203.78464	-333.1437	100.0	100.0	511499	-504.40918	27.191477	-441.47772	-620.241	503.9845	1.7357099	3515.9384145736694
342	-291.6275	30.55704	-226.42967	-337.9687	-290.1728	42.76793	-227.0195	-364.7585	100.0	100.0	512999	-504.3315	27.331102	-440.73154	-621.6214	503.8925	1.784219	3526.4235515594482
343	-279.12955	35.005104	-196.70062	-325.98737	-254.73381	55.364006	-145.20517	-341.14447	100.0	100.0	514499	-504.10352	27.394108	-439.66284	-621.43744	503.66125	1.7266533	3536.6149382591248
344	-264.08313	40.50406	-196.66321	-361.7007	-281.10092	40.810295	-192.92842	-333.71426	100.0	100.0	515999	-504.02905	27.506374	-439.7059	-623.00793	503.5867	1.7415986	3546.818026304245
345	-261.0548	49.786552	-182.87395	-350.71872	-290.5835	23.28656	-246.85197	-324.22794	100.0	100.0	517499	-503.77737	27.584867	-439.63837	-621.6927	503.34033	1.7373675	3557.098562002182
346	-272.68887	33.32351	-217.17027	-325.7968	-292.1061	22.5385	-263.67307	-347.67584	100.0	100.0	518999	-503.64816	27.591185	-439.79382	-621.41254	503.2306	1.7212565	3568.1548590660095
347	-275.59326	33.70633	-214.95761	-352.98944	-268.24182	37.65488	-180.60692	-320.65884	100.0	100.0	520499	-503.5388	27.550396	-440.25662	-620.9548	503.12668	1.7469134	3578.4918942451477
348	-267.96936	42.398308	-166.28091	-324.85245	-268.95752	30.71403	-218.14331	-315.98892	100.0	100.0	521999	-503.70132	27.659653	-440.36435	-621.7851	503.29184	1.695075	3588.648323535919
349	-267.88016	35.278362	-185.72054	-337.975	-252.5428	41.528503	-157.36417	-299.01517	100.0	100.0	523499	-503.72586	27.740107	-439.47623	-624.17114	503.316	1.715709	3598.8527116775513
350	-279.61026	23.108866	-231.2732	-311.2596	-249.76811	45.33732	-160.71838	-305.56488	100.0	100.0	524999	-503.50113	27.902708	-440.12152	-623.1333	503.0885	1.7026818	3609.334185361862
351	-280.20566	34.445675	-229.86308	-352.45987	-275.2593	42.78877	-205.1871	-338.03848	100.0	100.0	526499	-503.65924	27.910221	-440.44858	-623.9842	503.2635	1.7541962	3619.719152212143
352	-278.4007	33.89857	-206.74417	-342.0229	-289.10934	36.623615	-216.22807	-358.202	100.0	100.0	527999	-503.77585	27.960224	-439.5027	-624.06506	503.37234	1.7543192	3630.000100374222
353	-262.33917	40.599827	-202.09096	-335.46786	-261.50702	45.56663	-207.6054	-341.60538	100.0	100.0	529499	-503.58325	28.076532	-438.82605	-623.7757	503.18057	1.7109152	3640.1364364624023
354	-256.642	44.10266	-192.44658	-333.29868	-291.83252	22.384895	-249.18002	-321.2419	100.0	100.0	530999	-503.7681	28.252174	-438.64697	-624.3552	503.37534	1.7481858	3650.2863569259644
355	-276.56503	34.2583	-216.87686	-349.07547	-268.07126	30.188196	-203.9737	-307.79062	100.0	100.0	532499	-503.76553	28.219173	-438.88654	-624.71466	503.36887	1.6665329	3660.5213499069214
356	-269.0302	42.41	-192.56369	-319.53915	-257.5931	29.753983	-215.34747	-314.64026	100.0	100.0	533999	-503.72406	28.31829	-437.0712	-626.2284	503.31607	1.7490876	3671.185988664627
357	-277.5651	36.08446	-209.74614	-349.00867	-264.62802	33.165947	-204.59125	-313.45416	100.0	100.0	535499	-503.66064	28.57893	-437.0886	-625.2499	503.26187	1.7473923	3681.3272132873535
358	-281.1885	37.470406	-229.19289	-340.50272	-283.9052	45.82806	-225.24927	-353.47604	100.0	100.0	536999	-503.6159	28.690666	-436.35983	-625.51886	503.2044	1.7555586	3691.4396336078644
359	-281.54843	39.379757	-212.1708	-344.85437	-284.37015	46.918194	-215.08588	-378.49515	100.0	100.0	538499	-503.4836	28.890604	-435.69336	-626.3248	503.085	1.7478362	3701.6410627365112
360	-267.49637	31.987898	-229.9994	-336.54788	-260.1228	31.743374	-190.49469	-303.3448	100.0	100.0	539999	-503.5841	29.030195	-434.37094	-626.7527	503.1796	1.7063118	3712.3930888175964
361	-258.18732	33.681396	-215.3958	-311.72662	-255.58826	39.478855	-178.84268	-318.33875	100.0	100.0	541499	-503.35846	29.148413	-433.8166	-627.42114	502.9575	1.7155973	3722.7700185775757
362	-263.79068	38.464554	-197.76826	-339.3798	-285.6734	58.147846	-182.83595	-378.3684	100.0	100.0	542999	-503.58005	29.36614	-433.83328	-626.9457	503.1825	1.757948	3732.8964428901672
363	-275.82538	28.405655	-226.08311	-336.07162	-252.64243	40.543182	-168.53897	-322.00723	100.0	100.0	544499	-503.38577	29.501589	-432.02472	-626.38464	502.98947	1.727682	3742.9909625053406
364	-268.06	39.99263	-172.5898	-316.8543	-246.02136	42.70692	-183.21347	-308.0322	100.0	100.0	545999	-503.51004	29.64458	-431.56558	-628.0642	503.10138	1.7182862	3753.0697288513184
365	-289.62668	28.83037	-240.79124	-338.00745	-259.43945	35.0448	-184.573	-306.69373	100.0	100.0	547499	-503.15466	29.731876	-430.6895	-628.37256	502.74783	1.7278031	3763.882316350937
366	-258.32007	26.261017	-213.18433	-300.15347	-269.69434	30.554972	-215.65863	-325.16214	100.0	100.0	548999	-503.13797	29.967802	-430.47504	-627.92175	502.72708	1.726668	3774.146287918091
367	-256.30276	38.978798	-209.49039	-348.2705	-231.33444	56.717945	-140.79697	-313.88965	100.0	100.0	550499	-502.9743	29.964127	-429.69675	-631.6466	502.56238	1.75428	3784.1618933677673
368	-249.344	36.79214	-165.57999	-288.5751	-286.9629	44.33321	-194.396	-345.26413	100.0	100.0	551999	-502.6175	30.136541	-428.81064	-630.59186	502.19724	1.7185504	3794.303628206253
369	-283.52045	49.453396	-193.27481	-361.54483	-247.84921	53.9547	-138.8004	-333.46942	100.0	100.0	553499	-502.46106	30.24527	-428.53693	-630.7408	502.04678	1.687864	3804.579473257065
370	-277.42648	32.97023	-221.68614	-358.66394	-289.20245	24.136963	-235.48444	-326.34265	100.0	100.0	554999	-502.09894	30.46823	-427.54144	-630.6312	501.6918	1.6836222	3815.3603382110596
371	-265.03793	37.59238	-201.81871	-321.81732	-289.24277	40.127136	-234.62547	-374.1497	100.0	100.0	556499	-501.97476	30.739883	-427.15048	-630.76514	501.55927	1.7158939	3825.634155035019
372	-286.1084	37.313087	-225.06009	-357.43005	-252.0372	38.340546	-183.2574	-330.0201	100.0	100.0	557999	-501.73904	30.721	-425.491	-634.5452	501.31744	1.6938772	3835.8006823062897
373	-278.0001	29.098494	-235.35378	-332.89862	-259.8647	49.37822	-169.50075	-330.37198	100.0	100.0	559499	-501.5612	30.969837	-424.14246	-631.764	501.12708	1.718795	3845.9189784526825
374	-266.19678	25.831427	-216.53542	-319.49365	-267.8242	42.22093	-195.24677	-322.91238	100.0	100.0	560999	-501.06378	31.172796	-421.29352	-632.61957	500.62936	1.7581147	3856.7034261226654
375	-287.5007	33.72762	-221.67589	-349.21912	-270.12485	36.256233	-226.19987	-327.5633	100.0	100.0	562499	-500.89108	31.424915	-419.83395	-635.3959	500.45908	1.7719954	3866.9853880405426
376	-281.14468	37.812683	-196.00795	-343.59738	-282.68417	41.33673	-223.6837	-343.3777	100.0	100.0	563999	-500.65503	31.537048	-416.83588	-633.22205	500.23505	1.7235646	3877.140138864517
377	-276.00574	27.288282	-234.4529	-331.74573	-283.36655	39.051266	-228.23572	-370.28503	100.0	100.0	565499	-500.5179	31.729683	-414.59802	-631.494	500.089	1.7698452	3887.259174823761
378	-261.96652	40.152237	-203.6881	-343.18222	-269.5009	21.673395	-239.28746	-311.9224	100.0	100.0	566999	-500.06757	31.895018	-412.83743	-632.90576	499.6431	1.7708522	3897.3745789527893
379	-257.27567	38.21379	-192.68893	-349.84976	-248.686	36.884113	-171.16383	-304.14355	100.0	100.0	568499	-499.8698	31.6997	-411.8807	-634.16547	499.44424	1.7403203	3908.19091963768
380	-288.02505	41.632782	-199.86679	-348.29224	-274.271	33.28216	-227.2492	-332.22668	100.0	100.0	569999	-499.498	31.601734	-410.5066	-633.025	499.06775	1.7469344	3918.511457681656
381	-273.91302	31.520123	-221.99959	-345.87195	-255.86511	47.78011	-169.07513	-325.8026	100.0	100.0	571499	-499.24185	31.753393	-410.40472	-633.81934	498.82132	1.7320925	3928.6946601867676
382	-290.88217	24.642584	-253.6682	-348.14322	-256.69647	41.846123	-192.26796	-328.60583	100.0	100.0	572999	-499.19754	31.731964	-408.50867	-634.1217	498.76608	1.6935145	3938.913103580475
383	-263.90344	44.185226	-185.6454	-350.43423	-283.46344	29.35099	-224.08167	-334.41418	100.0	100.0	574499	-499.064	31.620333	-408.46594	-635.9048	498.63705	1.7530866	3949.191873550415
384	-273.32266	43.999596	-205.57469	-334.65277	-251.1512	50.14404	-167.1507	-336.73868	100.0	100.0	575999	-498.72305	31.632593	-408.2035	-634.8757	498.30383	1.7279245	3960.1237437725067
385	-267.83984	35.00758	-190.56787	-337.37436	-312.2961	34.336163	-222.17435	-346.23868	100.0	100.0	577499	-498.56308	31.5842	-408.6917	-634.43616	498.14487	1.7166669	3970.4957633018494
386	-290.7999	22.04419	-259.03885	-348.30374	-274.05576	38.80173	-199.59476	-327.31647	100.0	100.0	578999	-498.5052	31.40624	-409.5047	-636.08264	498.0935	1.6810513	3980.6275136470795
387	-276.09213	35.208664	-214.15663	-331.5737	-273.68924	34.358032	-214.64055	-315.70212	100.0	100.0	580499	-498.33386	31.40484	-408.6496	-635.2656	497.90842	1.6914572	3990.8552503585815
388	-271.94565	37.96311	-200.16127	-350.37943	-263.99457	41.15795	-164.35065	-311.80783	100.0	100.0	581999	-498.11508	31.364714	-407.4412	-637.0226	497.67734	1.7685071	4001.0452241897583
389	-270.1698	22.383692	-233.70631	-302.87067	-262.61896	49.269493	-203.52867	-365.6262	100.0	100.0	583499	-497.84033	31.288609	-408.2758	-635.8511	497.4026	1.6797549	4011.8382246494293
390	-268.60178	28.720215	-222.52658	-316.94238	-247.12564	40.488373	-177.39784	-305.9115	100.0	100.0	584999	-497.53125	31.257017	-408.59726	-634.99176	497.08984	1.7097039	4022.2025656700134
391	-272.75653	34.183167	-200.00455	-315.7872	-267.32953	36.246468	-217.51147	-326.93674	100.0	100.0	586499	-497.32123	31.210518	-408.47757	-637.35016	496.8727	1.7276813	4032.332673072815
392	-260.386	49.65246	-174.4788	-337.5468	-274.42706	29.0175	-225.53305	-324.55386	100.0	100.0	587999	-496.84753	31.182945	-408.99384	-636.2887	496.38934	1.7416235	4042.575902700424
393	-254.73137	32.187084	-181.28836	-293.177	-283.3671	35.80405	-203.83066	-325.7187	100.0	100.0	589499	-496.4183	31.101303	-409.56677	-636.4575	495.9726	1.7543372	4053.068054676056
394	-282.36267	39.32929	-203.89938	-338.24094	-302.16766	20.070173	-273.41296	-330.97952	100.0	100.0	590999	-495.98517	31.147396	-409.7467	-636.55896	495.54367	1.7257859	4063.669630050659
395	-284.2596	36.985455	-207.85242	-339.14893	-287.3508	37.125965	-223.02039	-336.6621	100.0	100.0	592499	-495.89178	31.174889	-411.42703	-635.60443	495.44705	1.7474489	4073.873011112213
396	-265.79996	27.080603	-209.4039	-310.87735	-280.35632	45.224594	-190.25395	-341.55627	100.0	100.0	593999	-495.54193	31.201277	-410.7976	-634.77136	495.08417	1.7259918	4084.026027202606
397	-257.17337	40.51854	-159.81926	-341.24518	-263.79675	47.909416	-170.45963	-338.78098	100.0	100.0	595499	-495.01318	31.332874	-411.2731	-634.4017	494.56366	1.7121631	4094.2097160816193
398	-256.55917	48.01367	-191.33546	-335.60608	-251.48454	32.766605	-214.2904	-320.74045	100.0	100.0	596999	-494.40155	31.23174	-411.10437	-635.6974	493.94626	1.8254857	4104.740809202194
399	-262.88885	44.185417	-171.73718	-332.80185	-265.05194	42.847725	-191.09908	-336.8215	100.0	100.0	598499	-494.20187	31.219978	-413.12616	-636.12555	493.749	1.6961994	4115.178549289703
400	-255.92206	50.730186	-162.04764	-345.18158	-248.39713	52.34551	-142.4498	-341.63583	100.0	100.0	599999	-493.75568	31.09804	-413.6124	-634.8693	493.2981	1.7515694	4125.429406166077
401	-263.0746	29.336065	-217.45567	-325.98755	-252.97897	55.855766	-189.46024	-340.24362	100.0	100.0	601499	-493.3679	31.165176	-415.18494	-636.0039	492.902	1.7779906	4135.6032128334045
402	-256.38943	34.25269	-197.64604	-311.1765	-271.24454	39.034008	-213.60841	-344.63803	100.0	100.0	602999	-492.9105	31.094082	-414.45456	-632.8223	492.4344	1.7649399	4145.8290503025055
403	-259.9909	26.20968	-210.55624	-311.44574	-266.1734	25.490028	-215.05801	-298.42325	100.0	100.0	604499	-492.36887	30.765778	-415.74127	-632.26843	491.8961	1.7882713	4156.592868804932
404	-267.91013	36.616394	-208.90733	-355.525	-274.39835	47.65701	-163.70923	-351.24393	100.0	100.0	605999	-491.68204	30.737694	-416.41345	-630.1435	491.19504	1.7959003	4166.962905406952
405	-240.63766	40.72653	-172.12367	-309.85074	-258.2359	39.791744	-182.11176	-332.33624	100.0	100.0	607499	-491.1782	30.604465	-417.5832	-628.116	490.70224	1.8018265	4177.191050052643
406	-275.60757	52.438282	-194.73785	-343.11084	-227.29045	63.953415	-122.44385	-360.99896	100.0	100.0	608999	-490.61084	30.480186	-417.6378	-622.7942	490.1295	1.803213	4187.481327295303
407	-266.02618	47.26413	-186.15198	-338.03632	-255.61153	31.674109	-204.66518	-319.13632	100.0	100.0	610499	-490.3094	30.464743	-418.00125	-625.40393	489.8273	1.7848225	4197.714566230774
408	-278.17285	35.74177	-194.11868	-335.91473	-267.2557	32.90308	-197.19775	-307.2584	100.0	100.0	611999	-489.6053	30.367237	-418.37595	-619.5176	489.11887	1.8392516	4208.630923986435
409	-262.18506	42.612473	-192.14984	-351.76123	-272.20398	43.304745	-201.17216	-341.7095	100.0	100.0	613499	-488.9599	30.36333	-419.81345	-622.09607	488.48016	1.9222915	4218.930452823639
410	-272.4834	46.415688	-184.69196	-352.34952	-257.52142	33.820835	-197.93396	-321.6719	100.0	100.0	614999	-488.76965	30.523958	-419.44592	-619.81006	488.29843	1.8060988	4229.15083861351
411	-277.7454	32.76332	-223.81503	-338.51755	-295.47415	35.21572	-232.49516	-343.31897	100.0	100.0	616499	-488.11615	30.41415	-419.3683	-618.6546	487.61584	1.859499	4239.30711889267
412	-274.49747	31.85818	-214.16373	-347.78482	-253.86617	34.92808	-213.4224	-323.23352	100.0	100.0	617999	-487.66214	30.559944	-418.6177	-623.10583	487.1794	1.882273	4249.928475618362
413	-274.27478	40.73314	-206.17487	-350.29144	-297.24658	44.791748	-196.8837	-349.88965	100.0	100.0	619499	-487.0488	30.570837	-418.34543	-616.9669	486.57117	1.8813262	4260.358420372009
414	-275.49506	37.071575	-189.6397	-319.17236	-279.01242	36.600285	-205.6704	-343.22736	100.0	100.0	620999	-486.68433	30.871124	-417.24707	-618.78925	486.1991	1.8200654	4270.620865821838
415	-288.3718	38.760105	-207.82298	-342.20862	-258.00922	44.05752	-175.63547	-318.9482	100.0	100.0	622499	-486.3636	30.819607	-416.41873	-621.81104	485.8946	1.8988923	4280.803706169128
416	-286.61322	45.399982	-199.12923	-377.1187	-291.0688	39.09939	-226.89134	-357.78314	100.0	100.0	623999	-486.0433	30.97553	-416.25583	-621.696	485.58032	1.8229877	4291.011168718338
417	-273.82996	43.58823	-218.97899	-354.3605	-278.96063	52.017525	-204.28238	-349.0112	100.0	100.0	625499	-485.8066	30.940397	-415.3852	-622.3468	485.34717	1.837028	4301.919694662094
418	-263.69894	32.191093	-187.1074	-323.55478	-291.16586	43.868305	-241.12988	-355.39194	100.0	100.0	626999	-485.64423	31.020147	-414.75702	-621.00757	485.20007	1.8282564	4312.251214504242
419	-298.73215	37.66901	-218.8991	-349.53705	-255.7094	44.49237	-185.63033	-344.08057	100.0	100.0	628499	-485.4809	30.833977	-414.68594	-624.3539	485.0261	1.8519673	4322.478583097458
420	-300.15955	27.916388	-243.63898	-340.78687	-318.31567	29.393738	-269.46048	-363.60403	100.0	100.0	629999	-485.41046	30.903578	-415.4853	-630.9141	484.96246	1.8755729	4332.589482784271
421	-296.82272	36.999718	-228.20319	-355.41388	-257.50592	41.74682	-143.4277	-297.27597	100.0	100.0	631499	-485.16736	30.78594	-415.543	-625.75616	484.72513	1.8296067	4342.853420257568
422	-262.12677	30.071281	-193.63843	-299.58063	-277.37033	47.375774	-199.32799	-349.09564	100.0	100.0	632999	-485.2546	30.73328	-415.47244	-628.3614	484.81943	1.8655062	4353.673280477524
423	-276.73962	42.163136	-188.42056	-347.83603	-308.14557	30.327127	-234.90845	-333.55273	100.0	100.0	634499	-485.23898	30.59688	-415.0838	-628.5712	484.81693	1.7668179	4363.902374982834
424	-281.82654	30.668142	-225.35571	-327.01157	-244.21616	29.044548	-194.7773	-279.92014	100.0	100.0	635999	-485.36288	30.546858	-414.83734	-629.9441	484.9528	1.7942832	4374.062143802643
425	-272.26016	42.73997	-201.18289	-340.43393	-293.41132	40.86126	-238.89807	-349.04117	100.0	100.0	637499	-485.51743	30.440937	-414.6022	-630.30786	485.09488	1.8644124	4384.234368562698
426	-285.92984	34.606068	-226.70094	-336.99188	-274.97128	32.28499	-229.10707	-314.42874	100.0	100.0	638999	-485.36633	30.354774	-415.36438	-631.64777	484.9435	1.811294	4394.86387014389
427	-270.58185	37.367943	-189.81886	-341.34592	-277.67508	23.175587	-228.9828	-314.12073	100.0	100.0	640499	-485.49402	30.40711	-415.2972	-627.03314	485.08234	1.8063444	4405.26944231987
428	-277.99768	39.903767	-198.69772	-343.67673	-270.55646	33.57675	-196.32132	-316.5962	100.0	100.0	641999	-485.8826	30.281061	-415.45923	-632.7965	485.4772	1.787958	4415.563932657242
429	-272.6191	43.106583	-184.26772	-366.56155	-263.9602	38.03692	-193.07256	-317.42902	100.0	100.0	643499	-486.11023	30.424896	-415.07703	-631.8674	485.69516	1.7874212	4425.788796186447
430	-282.88126	38.562305	-216.57513	-368.20804	-271.83865	30.195011	-197.52217	-309.89948	100.0	100.0	644999	-485.98932	30.26918	-414.94852	-630.40015	485.5796	1.8249294	4435.992713689804
431	-260.44598	46.768246	-181.92245	-346.55243	-282.68195	42.97235	-222.36357	-343.85703	100.0	100.0	646499	-485.9574	30.30718	-414.92017	-631.5905	485.53455	1.7541075	4446.80491232872
432	-268.57108	39.80779	-193.6861	-335.5105	-275.49884	52.483627	-164.33873	-343.2839	100.0	100.0	647999	-486.13547	30.414803	-414.94696	-633.8626	485.71576	1.7476438	4457.069155931473
433	-281.11496	31.823088	-196.4926	-333.0538	-300.85034	43.73917	-239.86742	-366.10898	100.0	100.0	649499	-486.11206	30.43581	-415.0057	-631.8917	485.694	1.7584372	4467.267537593842
434	-275.40778	44.00085	-183.78546	-359.3009	-255.70134	28.357391	-193.69293	-293.69254	100.0	100.0	650999	-486.0575	30.484732	-414.3847	-631.0722	485.63608	1.7595081	4477.51532626152
435	-273.20328	39.778385	-207.7947	-332.7984	-286.2162	34.368385	-238.45782	-343.31662	100.0	100.0	652499	-486.11264	30.433933	-414.69406	-634.6617	485.68954	1.756575	4487.776754140854
436	-281.1373	29.015446	-216.87076	-330.13058	-298.45148	55.688137	-168.60846	-369.86395	100.0	100.0	653999	-486.0341	30.728222	-413.41718	-629.69916	485.60736	1.7854112	4498.621351003647
437	-262.49942	42.98469	-184.92717	-320.8883	-276.31552	51.15241	-191.16342	-363.6435	100.0	100.0	655499	-485.9689	30.71026	-414.12717	-635.56177	485.5363	1.7625822	4508.872486829758
438	-267.79843	39.01032	-203.46103	-327.2389	-271.8699	48.271923	-184.54643	-348.6588	100.0	100.0	656999	-485.74124	30.84456	-413.79416	-637.7746	485.296	1.7996247	4519.05882024765
439	-280.72897	35.020966	-228.57475	-356.0832	-264.25784	39.906593	-212.97801	-350.51904	100.0	100.0	658499	-485.57755	30.865713	-414.10568	-628.9757	485.1524	1.8102516	4529.2436003685
440	-275.21582	46.204384	-187.2333	-351.5703	-294.1247	27.572613	-262.33768	-352.10193	100.0	100.0	659999	-485.42245	30.89579	-414.38205	-629.4308	484.97055	1.8415203	4539.648154258728
441	-281.29102	33.759933	-211.71709	-343.113	-253.58548	36.89938	-208.6462	-326.34778	100.0	100.0	661499	-485.14886	31.057312	-413.7125	-634.70874	484.70917	1.7852334	4550.250451564789
442	-273.92908	33.31081	-201.48694	-336.0298	-259.1359	41.405735	-181.32582	-309.80588	100.0	100.0	662999	-485.03073	31.188192	-413.47986	-628.593	484.59946	1.8008422	4560.419341802597
443	-273.35458	21.428982	-241.93712	-314.61285	-275.74384	49.989418	-182.01958	-352.05988	100.0	100.0	664499	-484.8546	31.115995	-412.00793	-634.138	484.4165	1.83035	4570.531564950943
444	-273.8395	34.281437	-181.64268	-334.82132	-264.76434	34.14604	-210.50171	-309.94043	100.0	100.0	665999	-484.77686	31.224403	-412.2779	-633.7948	484.34555	1.784083	4580.726807355881
445	-269.75833	23.939535	-227.57617	-310.74704	-257.70844	43.71863	-194.37572	-340.72696	100.0	100.0	667499	-484.6087	31.228655	-412.60342	-622.17957	484.17783	1.8177708	4591.31990146637
446	-279.0014	45.264	-211.99648	-348.3846	-257.20358	60.838177	-134.63763	-335.97165	100.0	100.0	668999	-484.62756	31.296398	-412.00848	-629.6886	484.1946	1.7858291	4601.843312263489
447	-256.45798	45.887054	-177.36577	-332.75732	-269.8167	32.82726	-224.8785	-315.355	100.0	100.0	670499	-484.55692	31.384354	-412.03372	-630.091	484.12372	1.7270736	4612.004411697388
448	-267.9715	31.253841	-200.63992	-312.91965	-251.57736	41.945114	-181.71278	-345.39395	100.0	100.0	671999	-484.48373	31.478409	-411.1471	-625.52484	484.06567	1.789626	4622.166741132736
449	-270.89484	36.72901	-206.52464	-335.25537	-271.73004	24.626257	-239.7677	-322.8634	100.0	100.0	673499	-484.37158	31.407286	-410.9323	-627.3554	483.95142	1.770487	4632.366243839264
450	-277.9486	36.070885	-221.80823	-338.7266	-279.31598	42.566612	-217.83762	-348.2188	100.0	100.0	674999	-484.2896	31.430004	-410.72458	-626.1008	483.85718	1.7608509	4643.120245933533
451	-267.87473	41.149998	-211.29681	-337.49072	-226.77202	29.81713	-187.76343	-272.13663	100.0	100.0	676499	-484.0378	31.382927	-409.99533	-625.4081	483.60666	1.7895088	4653.324656009674
452	-280.40863	32.315742	-212.96573	-333.91498	-291.2707	31.86974	-232.38446	-340.62646	100.0	100.0	677999	-483.83572	31.63117	-410.03177	-623.83295	483.38867	1.7069237	4663.498057842255
453	-269.7547	41.948124	-183.52707	-332.0462	-252.89177	53.700436	-185.39984	-332.43143	100.0	100.0	679499	-483.74475	31.578535	-409.98618	-621.88025	483.28857	1.7766153	4673.67138171196
454	-262.0307	29.265778	-213.56836	-328.1658	-247.37149	36.67381	-192.99763	-302.3995	100.0	100.0	680999	-483.4192	31.635567	-409.10068	-621.30756	482.96936	1.7292861	4683.9477462768555
455	-277.8241	35.14808	-211.55626	-330.01547	-266.98862	53.923744	-195.18561	-349.40076	100.0	100.0	682499	-483.2215	31.733852	-408.68182	-611.2035	482.7744	1.7419581	4694.7041890621185
456	-261.70474	41.153004	-182.35703	-329.27817	-298.00555	27.19321	-243.80977	-339.737	100.0	100.0	683999	-483.0166	31.898224	-408.16223	-622.16833	482.57657	1.7911654	4705.047976255417
457	-263.1364	34.94233	-206.00813	-332.23846	-283.99896	47.93711	-206.78185	-350.79956	100.0	100.0	685499	-482.94858	31.926144	-407.43643	-621.0034	482.5065	1.7528509	4715.240084409714
458	-242.53421	29.084528	-187.88681	-286.45752	-246.71667	26.155071	-213.80533	-290.0928	100.0	100.0	686999	-482.7735	31.982418	-406.8728	-616.4798	482.33417	1.7202848	4725.370992898941
459	-261.31012	38.65436	-179.84326	-333.30917	-249.9672	37.125904	-202.30705	-317.53784	100.0	100.0	688499	-482.70282	31.879982	-406.48914	-612.5688	482.2646	1.7742324	4735.614221811295
460	-268.25424	34.55954	-180.87651	-331.73788	-256.39673	40.49349	-189.60332	-317.22485	100.0	100.0	689999	-482.40076	31.938995	-405.4444	-614.5516	481.95013	1.7722453	4746.402056455612
461	-260.39713	34.214676	-177.26291	-319.7222	-256.49893	42.134415	-181.71881	-295.94925	100.0	100.0	691499	-481.99545	31.985441	-404.24905	-613.6573	481.5362	1.7312948	4756.584513187408
462	-272.75192	31.035551	-208.3103	-327.49817	-250.44128	28.85271	-200.03348	-297.77295	100.0	100.0	692999	-481.78625	31.924984	-404.33154	-615.56104	481.33243	1.7065651	4766.750928878784
463	-258.13467	29.13841	-213.79942	-325.3198	-262.57666	15.722448	-241.57594	-287.35788	100.0	100.0	694499	-481.5751	31.93927	-404.30765	-613.9362	481.1208	1.7156048	4776.837051868439
464	-239.4588	20.255411	-213.5815	-292.4623	-261.99905	38.94868	-215.20044	-330.7864	100.0	100.0	695999	-481.41748	31.97128	-404.4903	-612.7259	480.95813	1.6872555	4787.528638601303
465	-255.84749	25.668238	-217.39919	-313.1195	-257.1549	31.778252	-209.28967	-304.09164	100.0	100.0	697499	-480.9904	31.953978	-403.75583	-616.5181	480.5135	1.7618527	4797.901902675629
466	-258.5446	25.871565	-207.6189	-296.61407	-259.69394	31.866005	-206.43626	-304.99954	100.0	100.0	698999	-480.5296	31.839737	-402.84622	-608.4346	480.05557	1.788765	4808.124846935272
467	-239.47977	32.55602	-181.56853	-291.87836	-268.50113	24.897654	-230.59398	-314.43863	100.0	100.0	700499	-480.10822	31.891422	-402.0417	-607.0694	479.6314	1.8100603	4818.278767585754
468	-258.2818	34.2294	-196.89714	-318.51007	-237.47527	45.928257	-181.1875	-305.12833	100.0	100.0	701999	-479.70682	32.028687	-401.53152	-614.65234	479.23904	1.7154604	4828.4649312496185
469	-248.45995	32.956062	-191.01385	-299.62564	-265.1591	42.39399	-165.05649	-306.4293	100.0	100.0	703499	-479.5313	32.019295	-400.75604	-610.50195	479.05215	1.7853764	4839.317023277283
470	-262.34775	25.222736	-224.56319	-299.53915	-257.98175	51.493717	-156.71303	-343.25766	100.0	100.0	704999	-478.82043	31.807344	-400.6337	-605.95905	478.34525	1.7762767	4849.592162847519
471	-260.62888	33.178867	-207.49455	-329.14798	-258.6152	31.499817	-221.05661	-331.8282	100.0	100.0	706499	-478.51514	32.003662	-400.07294	-608.78503	478.04416	1.7718146	4859.737421989441
472	-270.81598	27.00281	-221.69264	-312.18423	-234.41353	32.48015	-201.20068	-306.14606	100.0	100.0	707999	-478.2909	31.774973	-399.91083	-609.53345	477.81607	1.7341956	4869.977184534073
473	-263.31076	30.990213	-218.32399	-329.9219	-244.75423	40.030296	-185.88464	-312.38983	100.0	100.0	709499	-477.61313	31.784527	-399.61606	-609.5278	477.1306	1.7498561	4880.165208816528
474	-264.66452	30.78751	-217.41779	-317.49777	-249.28946	43.44077	-181.32411	-327.46472	100.0	100.0	710999	-477.38907	31.647732	-398.2678	-608.4394	476.92862	1.8044684	4890.9732003211975
475	-264.80646	18.427486	-218.65263	-294.17987	-270.55957	38.069965	-219.13266	-329.62454	100.0	100.0	712499	-477.224	31.785187	-398.18332	-608.6427	476.75635	1.7326009	4901.388484716415
476	-246.74263	22.500868	-184.20259	-285.26447	-258.18277	42.765564	-191.24352	-323.94327	100.0	100.0	713999	-476.84634	31.847229	-397.87985	-606.3969	476.3829	1.8059099	4911.578005552292
477	-270.84732	29.006325	-204.01895	-322.55643	-255.6856	29.387028	-207.6247	-317.303	100.0	100.0	715499	-476.54086	31.678892	-397.47174	-601.09546	476.05862	1.7337803	4921.889214038849
478	-258.05853	45.137108	-172.33572	-341.79016	-246.77548	42.54031	-177.60474	-306.44128	100.0	100.0	716999	-476.1432	31.702793	-397.01413	-610.78577	475.67154	1.8260752	4932.014844179153
479	-264.42465	33.295403	-186.63419	-324.48816	-254.25041	35.20231	-211.94667	-329.45184	100.0	100.0	718499	-475.80545	31.511852	-396.38937	-610.52844	475.32874	1.7548124	4942.906635284424
480	-249.74753	33.783775	-188.38945	-315.30176	-248.85574	48.13121	-184.46095	-350.69632	100.0	100.0	719999	-475.43115	31.514126	-396.9288	-605.42993	474.9609	1.7543972	4953.203604698181
481	-271.98245	44.379555	-202.90079	-345.1431	-272.23828	36.013412	-187.95271	-313.38995	100.0	100.0	721499	-475.16492	31.496958	-396.14874	-611.07007	474.68134	1.8445852	4963.406435251236
482	-262.01865	30.867489	-209.59056	-316.32547	-264.3112	28.765898	-221.54208	-320.1325	100.0	100.0	722999	-474.81787	31.377264	-395.64645	-607.8909	474.33282	1.8052337	4973.622046470642
483	-274.5284	34.07278	-220.59521	-334.75793	-278.80878	36.68941	-225.5477	-336.49515	100.0	100.0	724499	-474.28006	31.30389	-394.78903	-602.9309	473.78033	1.7672632	4984.471301317215
484	-268.4262	35.467793	-218.26541	-341.73578	-244.40652	30.223333	-212.75047	-296.01556	100.0	100.0	725999	-473.87946	31.373106	-394.27356	-603.0011	473.38116	1.7236162	4994.764475345612
485	-262.08826	34.385063	-193.59906	-314.25592	-278.34473	39.82621	-221.09557	-355.09464	100.0	100.0	727499	-473.3323	31.24989	-393.22287	-603.217	472.83588	1.7787361	5005.040228128433
486	-249.84966	30.481777	-188.3947	-328.05832	-250.3938	25.363623	-224.22102	-299.97278	100.0	100.0	728999	-472.78262	31.2496	-393.2585	-598.8401	472.27444	1.7857947	5015.096580505371
487	-249.99336	36.4906	-191.39449	-310.29053	-291.53745	33.232487	-233.60013	-346.95355	100.0	100.0	730499	-472.4311	31.030039	-392.77243	-599.5837	471.91718	1.81411	5025.282249212265
488	-257.01703	45.072666	-169.98412	-344.72162	-246.82556	25.894335	-192.49075	-276.85837	100.0	100.0	731999	-471.84933	31.073181	-391.29538	-602.12964	471.34137	1.8223345	5036.061943054199
489	-268.14224	36.002296	-212.30093	-330.14575	-269.8882	38.85942	-208.15015	-334.5665	100.0	100.0	733499	-471.34714	31.012522	-390.1471	-601.5056	470.8292	1.8239919	5046.287741661072
490	-267.41553	40.221928	-193.96347	-320.83957	-258.7604	49.51683	-164.25143	-338.85104	100.0	100.0	734999	-470.7415	30.958698	-389.40094	-592.492	470.21774	1.7844199	5056.4097402095795
491	-259.1809	29.513554	-201.14893	-316.8285	-276.30432	52.261795	-171.24532	-335.03595	100.0	100.0	736499	-470.12228	30.743923	-387.91782	-595.71643	469.60443	1.791543	5066.549767971039
492	-281.00418	29.539867	-223.23175	-324.79004	-271.8307	31.672771	-209.4942	-323.7395	100.0	100.0	737999	-469.6573	30.75133	-387.14078	-592.78644	469.13504	1.8479825	5076.801568031311
493	-288.4915	22.553293	-246.04196	-325.44125	-262.20212	52.28834	-162.26549	-328.2234	100.0	100.0	739499	-468.89062	30.71422	-387.03143	-593.82117	468.36716	1.8162074	5087.474313259125
494	-262.49765	30.73677	-208.33664	-321.57532	-274.61774	31.795618	-217.84898	-340.91156	100.0	100.0	740999	-468.44113	30.828756	-386.10852	-594.4686	467.91324	1.7823197	5097.757741451263
495	-268.22058	32.096676	-224.303	-330.33432	-262.58682	24.189898	-209.50934	-299.91663	100.0	100.0	742499	-467.85547	30.419483	-384.5373	-590.79865	467.32684	1.9096924	5107.886139392853
496	-272.08295	37.763752	-227.90057	-354.4448	-275.88525	53.93181	-182.04143	-347.53482	100.0	100.0	743999	-467.22815	30.346994	-384.1022	-593.53394	466.69037	1.8650804	5118.014883995056
497	-275.9684	36.854706	-216.87042	-353.41446	-265.0159	33.762024	-207.67203	-336.1796	100.0	100.0	745499	-466.63028	30.220928	-384.5316	-590.69086	466.1039	1.9438114	5128.100070238113
498	-267.38498	39.898766	-196.81204	-330.59158	-267.92755	41.550243	-204.23074	-327.28336	100.0	100.0	746999	-466.17435	30.086563	-383.28394	-598.0962	465.63297	1.8878624	5138.86662364006
499	-280.46658	39.72623	-209.69696	-358.13153	-276.59818	18.23581	-237.06573	-308.75323	100.0	100.0	748499	-465.54117	30.036602	-382.105	-600.5404	465.00058	1.9336766	5149.143517971039
500	-249.43098	45.88088	-184.26866	-356.4592	-265.25705	39.57296	-186.13158	-319.02634	100.0	100.0	749999	-464.98337	30.021109	-383.2487	-590.1499	464.45813	1.8415723	5159.353410482407
