Epoch	AverageEpRet	StdEpRet	MaxEpRet	MinEpRet	AverageTestEpRet	StdTestEpRet	MaxTestEpRet	MinTestEpRet	EpLen	TestEpLen	TotalEnvInteracts	AverageQVals	StdQVals	MaxQVals	MinQVals	LossPi	LossQ	Time
1	0.0	0.0	0.0	0.0	0.0	0.0	0.0	0.0	100.0	100.0	1499	-0.055810742	0.028845904	0.0766101	-0.18553504	0.050473396	6.513077e-05	9.205473184585571
2	0.0	0.0	0.0	0.0	0.0	0.0	0.0	0.0	100.0	100.0	2999	-0.034602437	0.027444586	0.091640994	-0.111691356	0.030490702	1.4606867e-05	26.312267065048218
3	0.06666667	0.2494438	1.0	0.0	0.0	0.0	0.0	0.0	100.0	100.0	4499	-0.0048564184	0.033646517	0.14286995	-0.077185385	0.0008628006	0.00013663202	42.79619312286377
4	0.06666667	0.2494438	1.0	0.0	0.0	0.0	0.0	0.0	100.0	100.0	5999	0.02791448	0.05077666	0.9971929	-0.100054085	-0.033921085	0.00035460782	59.62362718582153
5	0.0	0.0	0.0	0.0	0.0	0.0	0.0	0.0	100.0	100.0	7499	0.09202662	0.13690983	1.7230253	-0.1359304	-0.10676394	0.00073138985	76.27130508422852
6	0.06666667	0.2494438	1.0	0.0	0.0	0.0	0.0	0.0	100.0	100.0	8999	0.25391442	0.3008394	2.2004523	-0.10618038	-0.2852194	0.0012111615	93.04842329025269
7	0.06666667	0.2494438	1.0	0.0	0.0	0.0	0.0	0.0	100.0	100.0	10499	0.49730307	0.4865341	2.7380974	-0.090267904	-0.53379726	0.0016338433	109.66267800331116
8	0.13333334	0.4988876	2.0	0.0	0.0	0.0	0.0	0.0	100.0	100.0	11999	0.72660583	0.6604194	3.1891396	-0.058227673	-0.760376	0.0016099224	126.86970710754395
9	0.06666667	0.24944381	1.0	0.0	0.0	0.0	0.0	0.0	100.0	100.0	13499	0.9428	0.8200756	3.4824796	-0.01922822	-0.970056	0.0015522956	144.00434923171997
10	0.06666667	0.24944381	1.0	0.0	0.0	0.0	0.0	0.0	100.0	100.0	14999	1.1396579	0.91324806	3.6317174	-0.05169016	-1.1592991	0.0014279763	160.92527532577515
11	0.0	0.0	0.0	0.0	0.0	0.0	0.0	0.0	100.0	100.0	16499	1.2050428	0.9305139	3.7483222	-0.0029805303	-1.218478	0.0013450289	178.22309613227844
12	0.0	0.0	0.0	0.0	0.0	0.0	0.0	0.0	100.0	100.0	17999	1.2826883	0.95446587	3.7532778	0.012136996	-1.2943912	0.0012141542	195.5212390422821
13	0.0	0.0	0.0	0.0	0.0	0.0	0.0	0.0	100.0	100.0	19499	1.3209016	0.9772894	3.725898	0.013692528	-1.3307511	0.0009648859	212.64112830162048
14	0.0	0.0	0.0	0.0	0.0	0.0	0.0	0.0	100.0	100.0	20999	1.343029	0.966041	3.6626263	0.005162388	-1.3528452	0.00067382783	229.90501618385315
15	0.2	0.7483315	3.0	0.0	0.0	0.0	0.0	0.0	100.0	100.0	22499	1.373271	0.958247	3.7248776	0.060767382	-1.3823321	0.0008953623	247.26403522491455
16	0.0	0.0	0.0	0.0	0.0	0.0	0.0	0.0	100.0	100.0	23999	1.3888317	0.9463381	3.677687	0.10085124	-1.3971512	0.0009049715	264.54402208328247
17	0.0	0.0	0.0	0.0	0.0	0.0	0.0	0.0	100.0	100.0	25499	1.4163282	0.92020774	3.7372203	0.11774588	-1.4252903	0.000888549	281.5719003677368
18	0.0	0.0	0.0	0.0	0.0	0.0	0.0	0.0	100.0	100.0	26999	1.4499922	0.88970184	3.669426	0.16284296	-1.4595947	0.0009263374	298.8462142944336
19	0.06666667	0.2494438	1.0	0.0	0.0	0.0	0.0	0.0	100.0	100.0	28499	1.474926	0.85400283	3.5751863	0.188083	-1.4850539	0.0010427268	316.3287990093231
20	0.06666667	0.2494438	1.0	0.0	0.0	0.0	0.0	0.0	100.0	100.0	29999	1.5044125	0.8099222	3.5550165	0.22305116	-1.5145075	0.00096351735	333.5253403186798
21	0.0	0.0	0.0	0.0	0.0	0.0	0.0	0.0	100.0	100.0	31499	1.525473	0.7685305	3.4451437	0.22223216	-1.5338241	0.0009795934	350.93296909332275
22	0.06666667	0.2494438	1.0	0.0	0.0	0.0	0.0	0.0	100.0	100.0	32999	1.5421445	0.7399467	3.4325056	0.22294822	-1.5499076	0.00085493753	368.40097308158875
23	0.0	0.0	0.0	0.0	0.1	0.29999998	1.0	0.0	100.0	100.0	34499	1.5558203	0.71111	3.3545852	0.242515	-1.5629821	0.00097024423	385.5634491443634
24	0.0	0.0	0.0	0.0	0.0	0.0	0.0	0.0	100.0	100.0	35999	1.5620891	0.68222946	3.2947378	0.2606111	-1.5692048	0.0007321796	402.57818603515625
25	0.06666667	0.24944381	1.0	0.0	0.0	0.0	0.0	0.0	100.0	100.0	37499	1.5677621	0.66703796	3.2220707	0.2767344	-1.5752786	0.00085910433	419.6367621421814
26	0.0	0.0	0.0	0.0	0.0	0.0	0.0	0.0	100.0	100.0	38999	1.5688053	0.6563343	3.2645829	0.2879912	-1.5757682	0.0007632083	437.0297431945801
27	0.0	0.0	0.0	0.0	0.0	0.0	0.0	0.0	100.0	100.0	40499	1.5646967	0.64617974	3.382852	0.2892708	-1.5705826	0.0007458971	454.3414521217346
28	0.06666667	0.2494438	1.0	0.0	0.0	0.0	0.0	0.0	100.0	100.0	41999	1.5515742	0.6344606	3.3261924	0.2745772	-1.556506	0.0006470826	471.42538022994995
29	0.2	0.54160255	2.0	0.0	0.0	0.0	0.0	0.0	100.0	100.0	43499	1.5336654	0.6213756	3.2981498	0.27502128	-1.53764	0.000714495	488.61868119239807
30	0.06666667	0.24944383	1.0	0.0	0.0	0.0	0.0	0.0	100.0	100.0	44999	1.5153607	0.60928786	3.2635992	0.2839175	-1.5191075	0.0008484867	505.74870920181274
31	0.0	0.0	0.0	0.0	0.0	0.0	0.0	0.0	100.0	100.0	46499	1.4974654	0.59903336	3.181694	0.2769292	-1.5015924	0.0008327485	522.6466071605682
32	0.06666667	0.2494438	1.0	0.0	0.0	0.0	0.0	0.0	100.0	100.0	47999	1.4763054	0.5863316	3.0852602	0.26602724	-1.4804513	0.00064358086	540.020280122757
33	0.06666667	0.2494438	1.0	0.0	0.0	0.0	0.0	0.0	100.0	100.0	49499	1.4570385	0.5757117	3.0453835	0.23774594	-1.4612136	0.0007279728	557.0560200214386
34	0.0	0.0	0.0	0.0	0.0	0.0	0.0	0.0	100.0	100.0	50999	1.4415073	0.5592446	3.0181746	0.24954575	-1.445248	0.0005524103	574.1870310306549
35	0.13333334	0.33993465	1.0	0.0	0.0	0.0	0.0	0.0	100.0	100.0	52499	1.422563	0.5443224	3.0032976	0.2407842	-1.4263529	0.0006599855	591.0009479522705
36	0.0	0.0	0.0	0.0	0.0	0.0	0.0	0.0	100.0	100.0	53999	1.3991281	0.5363194	3.0198388	0.2505386	-1.4023343	0.0007332685	607.7259521484375
37	0.06666667	0.2494438	1.0	0.0	0.1	0.29999998	1.0	0.0	100.0	100.0	55499	1.3831671	0.527754	3.0471761	0.2493313	-1.3863932	0.0008701471	624.4474351406097
38	0.0	0.0	0.0	0.0	0.1	0.29999998	1.0	0.0	100.0	100.0	56999	1.359754	0.5217309	3.0641196	0.23047829	-1.3627962	0.00074227585	641.0708920955658
39	0.0	0.0	0.0	0.0	0.0	0.0	0.0	0.0	100.0	100.0	58499	1.3368391	0.50802374	3.067416	0.212722	-1.3395847	0.0005878662	658.1275839805603
40	0.0	0.0	0.0	0.0	0.0	0.0	0.0	0.0	100.0	100.0	59999	1.3150964	0.49725518	3.0419874	0.19317913	-1.3175883	0.0005782142	675.139288187027
41	0.13333334	0.33993465	1.0	0.0	0.0	0.0	0.0	0.0	100.0	100.0	61499	1.2903509	0.4863548	3.040657	0.19297558	-1.2928364	0.0005816633	692.2424592971802
42	0.0	0.0	0.0	0.0	0.0	0.0	0.0	0.0	100.0	100.0	62999	1.2721072	0.47772408	3.0196867	0.1959644	-1.274734	0.0006768214	709.0022301673889
43	0.06666667	0.24944381	1.0	0.0	0.0	0.0	0.0	0.0	100.0	100.0	64499	1.2517338	0.46675402	2.9537754	0.19990775	-1.2540833	0.0005128407	725.6457982063293
44	0.0	0.0	0.0	0.0	0.1	0.29999998	1.0	0.0	100.0	100.0	65999	1.2273601	0.45805305	3.0076978	0.19651729	-1.2296703	0.0006587932	742.0937721729279
45	0.2	0.4	1.0	0.0	0.0	0.0	0.0	0.0	100.0	100.0	67499	1.209796	0.45714527	2.961102	0.2030546	-1.2119662	0.00061913015	758.8670971393585
46	0.0	0.0	0.0	0.0	0.0	0.0	0.0	0.0	100.0	100.0	68999	1.1871365	0.44812784	2.9656394	0.17932042	-1.1892183	0.0005351447	777.414430141449
47	0.0	0.0	0.0	0.0	0.0	0.0	0.0	0.0	100.0	100.0	70499	1.1613455	0.43899092	2.9732566	0.1712001	-1.1632515	0.00066342356	794.3758111000061
48	0.06666667	0.24944381	1.0	0.0	0.0	0.0	0.0	0.0	100.0	100.0	71999	1.1382647	0.4342274	2.9598718	0.16122097	-1.1401031	0.00069606496	811.2647681236267
49	0.0	0.0	0.0	0.0	0.0	0.0	0.0	0.0	100.0	100.0	73499	1.1189568	0.428381	2.9443288	0.14215869	-1.1206553	0.00060020795	828.0708441734314
50	0.0	0.0	0.0	0.0	0.0	0.0	0.0	0.0	100.0	100.0	74999	1.0968039	0.4235413	3.0083785	0.15298486	-1.0985111	0.00063980627	844.7174053192139
51	0.0	0.0	0.0	0.0	0.0	0.0	0.0	0.0	100.0	100.0	76499	1.0732445	0.41516683	3.0329416	0.14658105	-1.0750016	0.0006521802	861.3846001625061
52	0.06666667	0.24944381	1.0	0.0	0.0	0.0	0.0	0.0	100.0	100.0	77999	1.05374	0.4098088	2.928324	0.16020885	-1.0554062	0.00061848614	877.8255732059479
53	0.06666667	0.2494438	1.0	0.0	0.1	0.29999998	1.0	0.0	100.0	100.0	79499	1.0321563	0.40112346	2.9280593	0.15453145	-1.0339164	0.00049248245	894.4263234138489
54	0.0	0.0	0.0	0.0	0.0	0.0	0.0	0.0	100.0	100.0	80999	1.0120178	0.39792964	2.8958325	0.11713809	-1.0135515	0.00077411905	911.0915472507477
55	0.0	0.0	0.0	0.0	0.0	0.0	0.0	0.0	100.0	100.0	82499	0.9894048	0.3928476	2.8448138	0.13247475	-0.9908349	0.0005896648	928.2874481678009
56	0.0	0.0	0.0	0.0	0.0	0.0	0.0	0.0	100.0	100.0	83999	0.97274727	0.38583675	2.8317745	0.13864076	-0.97423047	0.0006152752	945.0155320167542
57	0.0	0.0	0.0	0.0	0.1	0.29999998	1.0	0.0	100.0	100.0	85499	0.9553743	0.38191533	2.771578	0.12576467	-0.9570172	0.0006200797	962.1550171375275
58	0.0	0.0	0.0	0.0	0.0	0.0	0.0	0.0	100.0	100.0	86999	0.9356018	0.37863958	2.842783	0.111114025	-0.9371403	0.0005507199	979.1417820453644
59	0.0	0.0	0.0	0.0	0.0	0.0	0.0	0.0	100.0	100.0	88499	0.917485	0.3732409	2.7778506	0.13173306	-0.91900724	0.0005704503	996.2293362617493
60	0.0	0.0	0.0	0.0	0.0	0.0	0.0	0.0	100.0	100.0	89999	0.903439	0.37506843	2.7592938	0.123646766	-0.9051652	0.0005368675	1013.2464501857758
61	0.06666667	0.2494438	1.0	0.0	0.0	0.0	0.0	0.0	100.0	100.0	91499	0.88518685	0.37091768	2.72465	0.13594747	-0.8866883	0.00047357805	1030.377942085266
62	0.06666667	0.2494438	1.0	0.0	0.0	0.0	0.0	0.0	100.0	100.0	92999	0.87246054	0.3714474	2.7495384	0.11695334	-0.874188	0.0005541907	1047.7991302013397
63	0.0	0.0	0.0	0.0	0.0	0.0	0.0	0.0	100.0	100.0	94499	0.8586772	0.37253624	2.6996412	0.110530555	-0.8602843	0.0006301733	1064.7230212688446
64	0.2	0.4	1.0	0.0	0.0	0.0	0.0	0.0	100.0	100.0	95999	0.844996	0.37285674	2.6218653	0.12090093	-0.846243	0.00051191426	1081.7818331718445
65	0.0	0.0	0.0	0.0	0.0	0.0	0.0	0.0	100.0	100.0	97499	0.82672554	0.36283764	2.6696036	0.115956604	-0.8279405	0.00053469784	1098.886131286621
66	0.0	0.0	0.0	0.0	0.1	0.29999998	1.0	0.0	100.0	100.0	98999	0.8092828	0.3580088	2.575614	0.10962996	-0.81038004	0.00051226397	1116.103119134903
67	0.13333334	0.33993465	1.0	0.0	0.0	0.0	0.0	0.0	100.0	100.0	100499	0.7920853	0.35338616	2.5440989	0.07131699	-0.793181	0.00060454075	1133.5007193088531
68	0.0	0.0	0.0	0.0	0.0	0.0	0.0	0.0	100.0	100.0	101999	0.7753908	0.35128173	2.5082116	0.09833291	-0.77658904	0.0006571987	1150.6143102645874
69	0.06666667	0.24944381	1.0	0.0	0.1	0.29999998	1.0	0.0	100.0	100.0	103499	0.7614805	0.34986836	2.4816353	0.10681054	-0.76251954	0.0004906293	1168.275047302246
70	0.0	0.0	0.0	0.0	0.0	0.0	0.0	0.0	100.0	100.0	104999	0.7463143	0.34918395	2.4967008	0.093886524	-0.74724984	0.0005604394	1185.5317261219025
71	0.0	0.0	0.0	0.0	0.1	0.29999998	1.0	0.0	100.0	100.0	106499	0.73040795	0.34471565	2.495186	0.09300497	-0.7313596	0.0004970332	1202.8178491592407
72	0.0	0.0	0.0	0.0	0.2	0.4	1.0	0.0	100.0	100.0	107999	0.7124228	0.33905748	2.446136	0.0882355	-0.7133791	0.00045364047	1220.299111366272
73	0.0	0.0	0.0	0.0	0.0	0.0	0.0	0.0	100.0	100.0	109499	0.69880867	0.33469933	2.3551133	0.08618146	-0.6996875	0.00048029452	1237.57652926445
74	0.06666667	0.24944381	1.0	0.0	0.0	0.0	0.0	0.0	100.0	100.0	110999	0.68601835	0.33629447	2.3651624	0.06677306	-0.6870411	0.0006343486	1255.1246361732483
75	0.06666667	0.24944381	1.0	0.0	0.0	0.0	0.0	0.0	100.0	100.0	112499	0.67417806	0.3383636	2.3846552	0.05911085	-0.6751558	0.000542993	1272.3321242332458
76	0.06666667	0.2494438	1.0	0.0	0.2	0.4	1.0	0.0	100.0	100.0	113999	0.6654852	0.3372545	2.3379765	0.0566532	-0.66651475	0.0006538508	1289.5259022712708
77	0.06666667	0.24944381	1.0	0.0	0.0	0.0	0.0	0.0	100.0	100.0	115499	0.65725523	0.33684057	2.3412337	0.072941065	-0.65845346	0.000668197	1306.874976158142
78	0.0	0.0	0.0	0.0	0.0	0.0	0.0	0.0	100.0	100.0	116999	0.6478595	0.33848786	2.3539517	0.056996316	-0.6491241	0.0005380716	1324.3936440944672
79	0.0	0.0	0.0	0.0	0.0	0.0	0.0	0.0	100.0	100.0	118499	0.6386992	0.33812982	2.3652248	0.06217903	-0.64020175	0.0006032469	1341.533051252365
80	0.0	0.0	0.0	0.0	0.0	0.0	0.0	0.0	100.0	100.0	119999	0.6324157	0.34169805	2.3769996	0.06145802	-0.6339742	0.0006183382	1358.8947172164917
81	0.06666667	0.2494438	1.0	0.0	0.0	0.0	0.0	0.0	100.0	100.0	121499	0.62954676	0.34622246	2.37872	0.053369522	-0.63092417	0.00062821235	1376.2807450294495
82	0.0	0.0	0.0	0.0	0.0	0.0	0.0	0.0	100.0	100.0	122999	0.62148297	0.34497347	2.3631713	0.047168523	-0.6226647	0.0005782984	1393.4515261650085
83	0.0	0.0	0.0	0.0	0.0	0.0	0.0	0.0	100.0	100.0	124499	0.6122685	0.34309775	2.3032963	0.056051344	-0.61329126	0.00044654368	1410.996041059494
84	0.0	0.0	0.0	0.0	0.1	0.29999998	1.0	0.0	100.0	100.0	125999	0.60008067	0.33964273	2.352452	0.058568835	-0.60100645	0.0005035161	1428.41730427742
85	0.0	0.0	0.0	0.0	0.0	0.0	0.0	0.0	100.0	100.0	127499	0.58758247	0.33441812	2.2584715	0.05753094	-0.5883331	0.00042182105	1445.7559349536896
86	0.06666667	0.24944381	1.0	0.0	0.0	0.0	0.0	0.0	100.0	100.0	128999	0.5792221	0.33417034	2.2473795	0.04671845	-0.58029646	0.0004480419	1462.878202199936
87	0.33333334	1.247219	5.0	0.0	0.0	0.0	0.0	0.0	100.0	100.0	130499	0.5706391	0.33414698	2.2153604	0.05727938	-0.57167125	0.0006384913	1480.0567781925201
88	0.06666667	0.2494438	1.0	0.0	0.0	0.0	0.0	0.0	100.0	100.0	131999	0.5626011	0.33241856	2.2407916	0.04196924	-0.56353164	0.0006449273	1497.28311419487
89	0.0	0.0	0.0	0.0	0.7	2.1000001	7.0	0.0	100.0	100.0	133499	0.55704033	0.33035195	2.147307	0.051431566	-0.5579024	0.0005745254	1515.0498712062836
90	0.06666667	0.2494438	1.0	0.0	0.0	0.0	0.0	0.0	100.0	100.0	134999	0.5482302	0.32781646	2.170971	0.058567315	-0.54906297	0.00046964097	1537.2450151443481
91	0.0	0.0	0.0	0.0	0.1	0.29999998	1.0	0.0	100.0	100.0	136499	0.53870475	0.32289213	2.078554	0.054813534	-0.5394847	0.0005119043	1563.2063612937927
92	0.06666667	0.24944381	1.0	0.0	0.0	0.0	0.0	0.0	100.0	100.0	137999	0.53208303	0.32265246	2.0193317	0.048028767	-0.5330247	0.00046862796	1583.8306713104248
93	0.06666667	0.2494438	1.0	0.0	0.0	0.0	0.0	0.0	100.0	100.0	139499	0.5223105	0.31613266	2.031137	0.029559106	-0.5231672	0.00054955663	1604.5914361476898
94	0.06666667	0.2494438	1.0	0.0	0.0	0.0	0.0	0.0	100.0	100.0	140999	0.51314336	0.31313896	2.040792	0.043156803	-0.51383096	0.00055851263	1627.5520911216736
95	0.0	0.0	0.0	0.0	0.0	0.0	0.0	0.0	100.0	100.0	142499	0.50466716	0.30862182	2.0223856	0.04272075	-0.5056928	0.00062672654	1651.963840007782
96	0.0	0.0	0.0	0.0	0.0	0.0	0.0	0.0	100.0	100.0	143999	0.501366	0.3097933	1.9987891	0.042657748	-0.50238794	0.00055542454	1677.248663187027
97	0.0	0.0	0.0	0.0	0.0	0.0	0.0	0.0	100.0	100.0	145499	0.4934947	0.307937	1.9234927	0.04372169	-0.49451774	0.00047443924	1700.5615351200104
98	0.13333334	0.33993465	1.0	0.0	0.1	0.29999998	1.0	0.0	100.0	100.0	146999	0.48618266	0.304935	1.9427121	0.016283333	-0.48707947	0.0005477749	1718.1724722385406
99	0.06666667	0.24944381	1.0	0.0	0.0	0.0	0.0	0.0	100.0	100.0	148499	0.48030874	0.30348706	1.9598877	0.021751732	-0.4812854	0.000631308	1735.6975390911102
100	0.0	0.0	0.0	0.0	0.0	0.0	0.0	0.0	100.0	100.0	149999	0.47531968	0.3003125	1.9035327	0.030399531	-0.47643968	0.0005090649	1757.0089712142944
101	0.0	0.0	0.0	0.0	0.0	0.0	0.0	0.0	100.0	100.0	151499	0.4727	0.3035849	1.9237837	0.015321732	-0.47375032	0.0005671852	1774.5496311187744
102	0.06666667	0.2494438	1.0	0.0	0.0	0.0	0.0	0.0	100.0	100.0	152999	0.46919566	0.3042903	1.8727611	0.014090538	-0.47009447	0.0005122326	1791.7649862766266
103	0.06666667	0.2494438	1.0	0.0	0.0	0.0	0.0	0.0	100.0	100.0	154499	0.4629648	0.30051157	1.8377675	0.021273613	-0.46383837	0.00048373433	1808.9663951396942
104	0.06666667	0.2494438	1.0	0.0	0.2	0.4	1.0	0.0	100.0	100.0	155999	0.45857364	0.30036157	1.8168335	0.023870647	-0.45956257	0.0005960822	1825.8114659786224
105	0.0	0.0	0.0	0.0	0.0	0.0	0.0	0.0	100.0	100.0	157499	0.45261785	0.29703695	1.9004266	0.016981259	-0.45359147	0.0005346706	1842.724101305008
106	0.06666667	0.24944383	1.0	0.0	0.0	0.0	0.0	0.0	100.0	100.0	158999	0.44788286	0.29518935	1.8295025	0.018561602	-0.44880822	0.0005790999	1860.1647653579712
107	0.0	0.0	0.0	0.0	0.0	0.0	0.0	0.0	100.0	100.0	160499	0.44419417	0.29322362	1.8445027	0.012227863	-0.44506577	0.00057429407	1877.557109117508
108	0.0	0.0	0.0	0.0	0.0	0.0	0.0	0.0	100.0	100.0	161999	0.44054213	0.29054838	1.7954724	0.006103277	-0.44155535	0.00049265043	1895.1374683380127
109	0.0	0.0	0.0	0.0	0.0	0.0	0.0	0.0	100.0	100.0	163499	0.43657026	0.29045844	1.8700385	0.0004041195	-0.43734515	0.0005344027	1912.7917051315308
110	0.0	0.0	0.0	0.0	0.2	0.4	1.0	0.0	100.0	100.0	164999	0.4328994	0.28868547	1.7797533	0.0019170493	-0.43398064	0.0005206675	1930.4052991867065
111	0.0	0.0	0.0	0.0	0.1	0.29999998	1.0	0.0	100.0	100.0	166499	0.43204713	0.28891584	1.8452753	-0.0013631135	-0.4332141	0.0006481324	1947.912269115448
112	0.06666667	0.2494438	1.0	0.0	0.0	0.0	0.0	0.0	100.0	100.0	167999	0.42769125	0.2852355	1.8239181	0.0015836209	-0.42852044	0.00044256664	1965.3992581367493
113	0.0	0.0	0.0	0.0	0.0	0.0	0.0	0.0	100.0	100.0	169499	0.42215338	0.28167516	1.8738302	-0.006888509	-0.42291585	0.0005140369	1983.1039040088654
114	0.2	0.4	1.0	0.0	0.0	0.0	0.0	0.0	100.0	100.0	170999	0.41817278	0.28067163	1.8352448	-0.002213776	-0.41899267	0.00054384605	2001.2072911262512
115	0.06666667	0.2494438	1.0	0.0	0.0	0.0	0.0	0.0	100.0	100.0	172499	0.41149563	0.27893582	1.8075871	-0.023455158	-0.4122202	0.00047391542	2019.0190901756287
116	0.13333334	0.4988876	2.0	0.0	0.1	0.29999998	1.0	0.0	100.0	100.0	173999	0.40867528	0.2786646	1.7958847	-0.0049331784	-0.40952775	0.00047582554	2036.609759092331
117	0.0	0.0	0.0	0.0	0.0	0.0	0.0	0.0	100.0	100.0	175499	0.40354753	0.2761614	1.8609447	-0.014554441	-0.40440026	0.0006175011	2054.217137336731
118	0.0	0.0	0.0	0.0	0.0	0.0	0.0	0.0	100.0	100.0	176999	0.3995702	0.2731856	1.832315	-0.0065053403	-0.40043882	0.0005263935	2071.519352197647
119	0.0	0.0	0.0	0.0	0.0	0.0	0.0	0.0	100.0	100.0	178499	0.3969348	0.273021	1.8310426	-0.007460505	-0.39786506	0.0005731383	2089.0137841701508
120	0.0	0.0	0.0	0.0	0.1	0.29999998	1.0	0.0	100.0	100.0	179999	0.39351797	0.27226856	1.9076009	-0.0063854307	-0.39440027	0.0005162808	2106.399145126343
121	0.06666667	0.24944381	1.0	0.0	0.0	0.0	0.0	0.0	100.0	100.0	181499	0.3908947	0.27088615	1.8920069	-0.019004434	-0.39183906	0.00055046775	2124.0530140399933
122	0.06666667	0.2494438	1.0	0.0	0.0	0.0	0.0	0.0	100.0	100.0	182999	0.38757655	0.2686727	1.857827	-0.015413344	-0.38840827	0.0005606986	2141.669689178467
123	0.0	0.0	0.0	0.0	0.0	0.0	0.0	0.0	100.0	100.0	184499	0.38407016	0.2662285	1.9234668	-0.020113215	-0.38474077	0.00051527185	2159.4758384227753
124	0.06666667	0.2494438	1.0	0.0	0.0	0.0	0.0	0.0	100.0	100.0	185999	0.378823	0.2638758	1.8382242	-0.011515245	-0.37955922	0.00048490826	2177.195510149002
125	0.73333335	1.8427032	7.0	0.0	0.0	0.0	0.0	0.0	100.0	100.0	187499	0.37593806	0.26217872	1.8943516	-0.012836993	-0.37676245	0.0006213593	2194.635576248169
126	0.06666667	0.2494438	1.0	0.0	0.0	0.0	0.0	0.0	100.0	100.0	188999	0.37287965	0.26110488	1.8637756	-0.0064457357	-0.37353796	0.00058929314	2212.118587255478
127	0.0	0.0	0.0	0.0	0.0	0.0	0.0	0.0	100.0	100.0	190499	0.36707205	0.25831196	1.9037914	-0.013228193	-0.3677858	0.00055596716	2229.648866176605
128	0.4	1.0198039	3.0	0.0	0.1	0.29999998	1.0	0.0	100.0	100.0	191999	0.36387086	0.25477847	1.9646587	-0.0034569502	-0.36465394	0.0005843515	2247.5677292346954
129	0.06666667	0.24944381	1.0	0.0	0.0	0.0	0.0	0.0	100.0	100.0	193499	0.3616264	0.2535343	1.9493212	-0.0026186556	-0.36238614	0.0005781661	2265.5285320281982
130	0.0	0.0	0.0	0.0	0.0	0.0	0.0	0.0	100.0	100.0	194999	0.357633	0.25100565	1.8990554	0.011077896	-0.35833	0.00053564087	2283.181291103363
131	0.06666667	0.24944383	1.0	0.0	0.0	0.0	0.0	0.0	100.0	100.0	196499	0.35488364	0.248253	2.0013847	0.0059297234	-0.35565925	0.00067755	2303.0898401737213
132	0.0	0.0	0.0	0.0	0.2	0.59999996	2.0	0.0	100.0	100.0	197999	0.3536509	0.24687791	1.9455528	0.002992183	-0.35448694	0.0006494519	2321.587183237076
133	0.06666667	0.24944383	1.0	0.0	1.2	3.2802439	11.0	0.0	100.0	100.0	199499	0.35110337	0.2459534	1.9046338	0.0018835515	-0.3518872	0.00047100702	2339.644952058792
134	0.06666667	0.2494438	1.0	0.0	0.0	0.0	0.0	0.0	100.0	100.0	200999	0.34761405	0.24458346	1.9354614	0.00081957877	-0.3482981	0.000633797	2357.7875492572784
135	0.0	0.0	0.0	0.0	0.0	0.0	0.0	0.0	100.0	100.0	202499	0.34525535	0.24465126	1.8444173	0.006781608	-0.34590018	0.0005651086	2375.5665142536163
136	0.0	0.0	0.0	0.0	0.0	0.0	0.0	0.0	100.0	100.0	203999	0.34172058	0.24152015	1.8279856	0.0011873692	-0.3423016	0.00060979626	2392.9752242565155
137	0.0	0.0	0.0	0.0	0.0	0.0	0.0	0.0	100.0	100.0	205499	0.33988222	0.24230748	1.8970687	-0.0011430979	-0.3405688	0.0006212388	2410.393722295761
138	0.13333334	0.49888763	2.0	0.0	0.0	0.0	0.0	0.0	100.0	100.0	206999	0.33741298	0.23857164	1.8963943	0.008908927	-0.3380144	0.00056713715	2427.808573246002
139	0.0	0.0	0.0	0.0	0.0	0.0	0.0	0.0	100.0	100.0	208499	0.3356842	0.23476723	1.8352647	0.0008495599	-0.33642715	0.0006732171	2445.2009711265564
140	0.0	0.0	0.0	0.0	0.0	0.0	0.0	0.0	100.0	100.0	209999	0.33479896	0.2334685	1.7630122	-0.011857912	-0.33558863	0.00069071446	2462.6155972480774
141	0.0	0.0	0.0	0.0	0.0	0.0	0.0	0.0	100.0	100.0	211499	0.33372298	0.23010643	1.7511344	-0.0033302158	-0.33462548	0.0005778316	2479.8783020973206
142	0.0	0.0	0.0	0.0	0.0	0.0	0.0	0.0	100.0	100.0	212999	0.33273265	0.23014976	1.7740674	0.00047628582	-0.33364293	0.0005563639	2496.6621582508087
143	0.0	0.0	0.0	0.0	0.0	0.0	0.0	0.0	100.0	100.0	214499	0.3341244	0.23060197	1.7279148	0.004293233	-0.3349156	0.0006401896	2513.8306970596313
144	0.06666667	0.2494438	1.0	0.0	0.3	0.90000004	3.0	0.0	100.0	100.0	215999	0.33032092	0.22708373	1.6935241	0.0023418516	-0.3311103	0.00057204475	2530.5531289577484
145	0.13333334	0.4988876	2.0	0.0	1.1	3.3	11.0	0.0	100.0	100.0	217499	0.33022207	0.22697788	1.7617444	0.0013302863	-0.33101663	0.0005113385	2547.3408839702606
146	0.13333334	0.49888763	2.0	0.0	0.1	0.29999998	1.0	0.0	100.0	100.0	218999	0.32771283	0.22546577	1.7366005	-0.010075718	-0.32842627	0.00062139134	2564.4691321849823
147	0.0	0.0	0.0	0.0	0.0	0.0	0.0	0.0	100.0	100.0	220499	0.3263896	0.22739464	1.7651031	-0.015508458	-0.32714137	0.0005813239	2581.4761111736298
148	0.06666667	0.2494438	1.0	0.0	0.2	0.4	1.0	0.0	100.0	100.0	221999	0.3250359	0.22972175	1.7619991	-0.007909611	-0.32582426	0.00071852066	2598.44375705719
149	0.2	0.54160255	2.0	0.0	0.0	0.0	0.0	0.0	100.0	100.0	223499	0.3245583	0.22984958	1.7736443	-0.013262935	-0.32534334	0.0005663239	2615.6064031124115
150	0.06666667	0.2494438	1.0	0.0	0.0	0.0	0.0	0.0	100.0	100.0	224999	0.32496482	0.23354484	1.7758619	-0.01202815	-0.3257167	0.00073940645	2632.8058853149414
151	0.13333334	0.33993465	1.0	0.0	0.3	0.45825756	1.0	0.0	100.0	100.0	226499	0.32417965	0.23152313	1.7418604	-0.028995477	-0.3249998	0.00060709903	2649.9227299690247
152	0.0	0.0	0.0	0.0	0.2	0.4	1.0	0.0	100.0	100.0	227999	0.32431918	0.23327595	1.8378814	-0.05005291	-0.32523498	0.0006642398	2667.062140226364
153	0.33333334	1.01105	4.0	0.0	0.1	0.29999998	1.0	0.0	100.0	100.0	229499	0.32298896	0.23351455	1.918127	-0.04416874	-0.32367375	0.0007326488	2684.181589126587
154	0.0	0.0	0.0	0.0	0.0	0.0	0.0	0.0	100.0	100.0	230999	0.32209954	0.23352148	1.7516693	-0.048191935	-0.32295063	0.00065577443	2703.252188205719
155	0.0	0.0	0.0	0.0	0.0	0.0	0.0	0.0	100.0	100.0	232499	0.32281676	0.2347594	1.8670664	-0.08337138	-0.32365036	0.00066948065	2721.206789255142
156	0.0	0.0	0.0	0.0	0.0	0.0	0.0	0.0	100.0	100.0	233999	0.32200083	0.23386922	1.8113838	-0.07883439	-0.32276046	0.0006021479	2739.12348818779
157	0.0	0.0	0.0	0.0	0.0	0.0	0.0	0.0	100.0	100.0	235499	0.3209291	0.2355458	1.7301877	-0.07157238	-0.32174808	0.0005348339	2756.9830281734467
158	0.06666667	0.2494438	1.0	0.0	0.0	0.0	0.0	0.0	100.0	100.0	236999	0.318008	0.23259604	1.676402	-0.058698498	-0.31865242	0.0005429151	2774.745907306671
159	0.0	0.0	0.0	0.0	0.0	0.0	0.0	0.0	100.0	100.0	238499	0.3150952	0.22993997	1.8398749	-0.061588243	-0.31574145	0.0006042577	2792.1603922843933
160	0.0	0.0	0.0	0.0	0.0	0.0	0.0	0.0	100.0	100.0	239999	0.31380066	0.22945352	1.757291	-0.06656227	-0.31448233	0.00061568513	2809.5192980766296
161	0.0	0.0	0.0	0.0	0.1	0.29999998	1.0	0.0	100.0	100.0	241499	0.31192487	0.22644691	1.6778011	-0.06245351	-0.31261754	0.0006422039	2826.907237291336
162	0.13333334	0.33993465	1.0	0.0	0.0	0.0	0.0	0.0	100.0	100.0	242999	0.31192273	0.22434688	1.6654756	-0.064103045	-0.31258452	0.00054125785	2844.3723483085632
163	0.0	0.0	0.0	0.0	0.0	0.0	0.0	0.0	100.0	100.0	244499	0.3111406	0.22129594	1.7091204	-0.07313173	-0.311957	0.00073579646	2861.8318819999695
164	0.06666667	0.2494438	1.0	0.0	0.2	0.59999996	2.0	0.0	100.0	100.0	245999	0.31111795	0.22000805	1.7006724	-0.06087067	-0.31187788	0.00054785074	2879.357257127762
165	0.13333334	0.49888763	2.0	0.0	0.0	0.0	0.0	0.0	100.0	100.0	247499	0.31052798	0.2176903	1.7134823	-0.05303751	-0.31132874	0.000680415	2896.751208305359
166	0.0	0.0	0.0	0.0	0.0	0.0	0.0	0.0	100.0	100.0	248999	0.3105511	0.21781974	1.8060936	-0.0415921	-0.31152254	0.0006643809	2914.1825432777405
167	0.0	0.0	0.0	0.0	0.0	0.0	0.0	0.0	100.0	100.0	250499	0.3112643	0.21876451	1.8145217	-0.038735144	-0.31225842	0.0007519471	2931.576294183731
168	0.06666667	0.2494438	1.0	0.0	0.3	0.64031243	2.0	0.0	100.0	100.0	251999	0.31398866	0.22068731	1.9167114	-0.035492808	-0.31502163	0.0005281576	2948.8609280586243
169	0.06666667	0.2494438	1.0	0.0	0.0	0.0	0.0	0.0	100.0	100.0	253499	0.31446525	0.22200498	1.8515152	-0.03316749	-0.31525698	0.0006834828	2966.408650159836
170	0.0	0.0	0.0	0.0	0.0	0.0	0.0	0.0	100.0	100.0	254999	0.3122976	0.22018069	1.8016074	-0.03501215	-0.31313378	0.0006437346	2984.0906081199646
171	0.0	0.0	0.0	0.0	0.0	0.0	0.0	0.0	100.0	100.0	256499	0.3127924	0.22172467	1.9624776	-0.018270127	-0.31346476	0.00067796715	3001.441499233246
172	0.06666667	0.24944383	1.0	0.0	0.2	0.4	1.0	0.0	100.0	100.0	257999	0.31114903	0.2216208	1.9657998	-0.010820992	-0.3118157	0.0005831496	3018.7032141685486
173	0.26666668	0.7717224	3.0	0.0	0.0	0.0	0.0	0.0	100.0	100.0	259499	0.31006017	0.22028115	1.8743944	-0.016298287	-0.3106501	0.00062296685	3036.086501121521
174	0.0	0.0	0.0	0.0	0.0	0.0	0.0	0.0	100.0	100.0	260999	0.30909038	0.21914032	1.8133985	-0.015281245	-0.30999196	0.000665378	3053.565575361252
175	0.06666667	0.24944383	1.0	0.0	0.1	0.29999998	1.0	0.0	100.0	100.0	262499	0.3095005	0.21938607	1.9186418	-0.009099811	-0.31030247	0.0006607181	3070.912185192108
176	0.0	0.0	0.0	0.0	0.2	0.59999996	2.0	0.0	100.0	100.0	263999	0.30801442	0.21879244	1.9931943	-0.017117858	-0.30868018	0.0006366068	3088.4700133800507
177	0.0	0.0	0.0	0.0	0.0	0.0	0.0	0.0	100.0	100.0	265499	0.30745336	0.22032502	1.9018294	-0.024237856	-0.30820125	0.0006331216	3105.991588115692
178	0.0	0.0	0.0	0.0	0.0	0.0	0.0	0.0	100.0	100.0	266999	0.30648917	0.21905929	1.9163234	-0.02877231	-0.30708733	0.00072423107	3123.3976402282715
179	0.26666668	0.9977752	4.0	0.0	0.0	0.0	0.0	0.0	100.0	100.0	268499	0.30559242	0.22012286	1.9684469	-0.014790349	-0.30602786	0.00053828926	3140.8323702812195
180	0.0	0.0	0.0	0.0	0.0	0.0	0.0	0.0	100.0	100.0	269999	0.3005148	0.21664889	1.8551688	-0.018011674	-0.30095527	0.00068583904	3158.1853592395782
181	0.0	0.0	0.0	0.0	0.0	0.0	0.0	0.0	100.0	100.0	271499	0.30021697	0.21557602	1.8330699	-0.016696021	-0.30068165	0.0006966885	3175.710088968277
182	0.06666667	0.2494438	1.0	0.0	0.0	0.0	0.0	0.0	100.0	100.0	272999	0.2981801	0.2120834	1.7646017	-0.03922999	-0.2986884	0.0005692707	3193.240200281143
183	0.0	0.0	0.0	0.0	0.0	0.0	0.0	0.0	100.0	100.0	274499	0.29568517	0.20990448	1.6803514	0.004777178	-0.29623738	0.0006347274	3211.072589159012
184	0.06666667	0.24944383	1.0	0.0	0.0	0.0	0.0	0.0	100.0	100.0	275999	0.29421663	0.20847869	1.7561353	0.011023067	-0.29470003	0.00065824983	3228.6850402355194
185	0.06666667	0.2494438	1.0	0.0	0.1	0.29999998	1.0	0.0	100.0	100.0	277499	0.29111004	0.20569389	1.6495664	0.02268663	-0.291713	0.00057309336	3246.319104194641
186	0.0	0.0	0.0	0.0	0.1	0.29999998	1.0	0.0	100.0	100.0	278999	0.29014444	0.20644164	1.6725829	0.016278975	-0.29077622	0.0007040677	3263.621292114258
187	0.0	0.0	0.0	0.0	0.0	0.0	0.0	0.0	100.0	100.0	280499	0.29063255	0.20731425	1.7313251	0.02288115	-0.29133722	0.0007127739	3280.9154753684998
188	0.2	0.4	1.0	0.0	0.0	0.0	0.0	0.0	100.0	100.0	281999	0.28812596	0.20606294	1.680025	0.02731175	-0.2885819	0.00042213677	3298.233178138733
189	0.13333334	0.33993465	1.0	0.0	0.1	0.29999998	1.0	0.0	100.0	100.0	283499	0.28532246	0.20568709	1.7332999	0.010948189	-0.28591052	0.00070607074	3315.6469101905823
190	0.0	0.0	0.0	0.0	0.1	0.29999998	1.0	0.0	100.0	100.0	284999	0.2843582	0.20637618	1.8414474	0.0028393492	-0.2848692	0.00062009087	3333.027526140213
191	0.06666667	0.2494438	1.0	0.0	0.0	0.0	0.0	0.0	100.0	100.0	286499	0.28265473	0.20746382	1.8571556	-0.012531236	-0.28316194	0.0006554463	3350.824299097061
192	0.0	0.0	0.0	0.0	0.0	0.0	0.0	0.0	100.0	100.0	287999	0.2811793	0.20779796	1.7170546	-0.026241444	-0.2816851	0.0007095433	3368.624997138977
193	0.0	0.0	0.0	0.0	0.1	0.29999998	1.0	0.0	100.0	100.0	289499	0.28017324	0.20847984	1.9056901	-0.026099645	-0.28066757	0.00068930147	3385.7872841358185
194	0.06666667	0.24944383	1.0	0.0	0.0	0.0	0.0	0.0	100.0	100.0	290999	0.27862456	0.21010667	1.8673681	-0.027045466	-0.27932638	0.00064056215	3403.275898218155
195	0.06666667	0.24944381	1.0	0.0	0.1	0.29999998	1.0	0.0	100.0	100.0	292499	0.28000402	0.21459576	1.9253756	-0.012085654	-0.2806136	0.0008067684	3420.7567040920258
196	0.0	0.0	0.0	0.0	0.0	0.0	0.0	0.0	100.0	100.0	293999	0.27888352	0.21286127	2.0105467	-0.023215145	-0.27941224	0.00062034477	3438.120582342148
197	0.0	0.0	0.0	0.0	0.0	0.0	0.0	0.0	100.0	100.0	295499	0.27823672	0.21363157	1.8664404	0.016642615	-0.27887356	0.0007823303	3455.679745197296
198	0.0	0.0	0.0	0.0	0.0	0.0	0.0	0.0	100.0	100.0	296999	0.27866656	0.21454102	1.8711104	-0.0064056367	-0.2791737	0.00068271364	3473.7090702056885
199	0.0	0.0	0.0	0.0	0.0	0.0	0.0	0.0	100.0	100.0	298499	0.27558547	0.21486893	1.8838876	0.0055269375	-0.27608448	0.00063657056	3491.4661581516266
200	0.0	0.0	0.0	0.0	0.0	0.0	0.0	0.0	100.0	100.0	299999	0.27451566	0.21557552	1.9523315	-0.0062510744	-0.27513525	0.0006606185	3508.635502099991
