Epoch	AverageEpRet	StdEpRet	MaxEpRet	MinEpRet	AverageTestEpRet	StdTestEpRet	MaxTestEpRet	MinTestEpRet	EpLen	TestEpLen	TotalEnvInteracts	AverageQVals	StdQVals	MaxQVals	MinQVals	LossPi	LossQ	Time
1	-91.74927	15.414718	-71.35971	-115.00425	-84.266525	5.7647305	-72.309456	-91.77584	100.0	100.0	1499	-1.7799301	0.73459417	0.07338858	-4.7825694	1.7186738	0.07668906	7.675852537155151
2	-88.2856	16.87581	-61.223656	-125.336105	-80.89824	12.3179655	-53.998596	-100.171074	100.0	100.0	2999	-5.0102425	1.9558628	-0.7955647	-13.263061	4.7999024	0.09689651	19.722329139709473
3	-89.92686	12.502761	-70.550095	-126.2704	-71.232864	9.647986	-55.897125	-93.96652	100.0	100.0	4499	-8.943387	2.4754963	-1.9496663	-18.268177	8.588138	0.2280797	31.251946687698364
4	-86.47561	6.672254	-73.648415	-96.15579	-52.510612	15.809857	-26.560488	-84.67214	100.0	100.0	5999	-12.27163	2.9394553	-2.7883954	-22.782507	11.842897	0.37803853	42.56572413444519
5	-85.7813	12.817469	-69.39418	-110.80352	-52.692444	23.748356	-13.4367695	-84.315674	100.0	100.0	7499	-14.928012	3.5918255	-2.7880144	-26.917707	14.448393	0.47425082	53.931397676467896
6	-88.04537	16.32079	-61.35315	-114.16108	-32.787876	8.842274	-18.866667	-51.938744	100.0	100.0	8999	-17.28115	4.3136673	-2.1202996	-30.933573	16.75468	0.5858322	65.39422059059143
7	-75.971535	18.821478	-31.023407	-109.08201	-54.91792	28.512321	-28.554424	-112.55782	100.0	100.0	10499	-19.511726	5.1107793	-2.6099923	-34.96294	19.004385	0.6649693	76.97101950645447
8	-53.230064	13.412714	-29.44432	-82.574524	-55.549522	16.797983	-31.648407	-79.98612	100.0	100.0	11999	-20.914032	6.098283	-2.505705	-38.38927	20.418488	0.67783177	88.83810901641846
9	-49.38866	15.437051	-22.996027	-72.59081	-39.864555	15.774394	-15.120264	-60.211586	100.0	100.0	13499	-21.885632	6.878263	-2.0853724	-43.423492	21.383192	0.68986404	100.74944543838501
10	-41.979843	15.9899645	-20.411171	-71.55318	-32.024242	9.454764	-19.308592	-47.22695	100.0	100.0	14999	-22.40018	7.438203	-2.396035	-43.72213	21.875484	0.6929715	112.71228194236755
11	-45.6157	16.54727	-14.0748625	-71.94163	-35.25315	15.400843	-10.186915	-60.421516	100.0	100.0	16499	-22.52553	8.0064	-1.7887301	-45.823174	21.984531	0.7159913	124.61308717727661
12	-39.188515	16.699118	-7.7778053	-67.67821	-45.11195	21.350134	-17.575514	-75.562195	100.0	100.0	17999	-22.493998	8.544115	-0.48825178	-47.99276	21.959719	0.7575173	136.47407031059265
13	-32.62867	13.761428	-11.38411	-60.58456	-41.78624	18.009941	-8.906561	-74.28674	100.0	100.0	19499	-22.085531	9.095513	0.13792002	-49.952267	21.549286	0.7530413	148.3679883480072
14	-40.58999	21.425196	-17.9313	-98.42601	-43.29766	18.230436	-18.169966	-76.94831	100.0	100.0	20999	-21.692472	9.325175	1.7674719	-52.194454	21.155605	0.7258352	160.2649393081665
15	-42.79592	18.79996	-13.075341	-69.640656	-43.75357	16.521837	-19.573938	-67.86962	100.0	100.0	22499	-21.331633	9.666958	2.700444	-52.78858	20.818357	0.7089443	172.1027500629425
16	-40.71733	16.569178	-21.78243	-77.797485	-38.561207	15.760749	-19.866884	-63.635284	100.0	100.0	23999	-21.517132	9.990721	3.2515256	-56.77931	21.04267	0.736897	183.9808566570282
17	-38.758495	17.093372	-14.634039	-77.895096	-24.88391	9.603888	-9.271977	-40.622917	100.0	100.0	25499	-21.490112	10.094163	2.9588926	-57.45382	21.029211	0.72869754	195.81504583358765
18	-33.37529	12.992711	-14.140262	-57.090015	-38.67794	13.484802	-15.063249	-67.32216	100.0	100.0	26999	-21.443865	9.951508	2.6846766	-59.030617	20.99568	0.6914323	207.75692439079285
19	-36.911568	10.077648	-20.051079	-54.186375	-30.596302	9.813922	-18.875105	-52.875725	100.0	100.0	28499	-21.353296	9.946722	2.7354474	-59.524303	20.897888	0.7029448	219.66813588142395
20	-33.571255	12.570717	-3.6316473	-57.993523	-37.608803	13.895822	-20.73484	-64.53883	100.0	100.0	29999	-21.216862	10.118847	3.3302312	-61.072926	20.765291	0.71230567	231.5684039592743
21	-37.089787	17.897057	-12.181984	-74.556946	-27.921951	10.620795	-13.357495	-40.623066	100.0	100.0	31499	-20.89401	10.210859	4.1240535	-60.62491	20.449915	0.67374146	243.5044059753418
22	-30.6097	18.196323	-11.705024	-87.45937	-27.333063	14.364119	-7.752603	-59.076023	100.0	100.0	32999	-20.451956	10.388545	4.747957	-62.122593	20.004404	0.6858357	255.43751907348633
23	-27.904821	8.465254	-11.13741	-41.417576	-25.051855	6.42699	-13.61358	-34.405636	100.0	100.0	34499	-19.906328	10.501829	5.329782	-64.424355	19.472092	0.6761619	267.2981171607971
24	-30.174316	12.953904	-16.754711	-59.196785	-24.249187	19.651766	-8.254289	-80.31111	100.0	100.0	35999	-19.525171	10.764064	6.5913796	-63.553764	19.097765	0.6665064	279.26058053970337
25	-28.131306	12.596874	-11.693239	-51.56954	-23.01535	11.798548	-11.866856	-49.51362	100.0	100.0	37499	-19.11459	10.973638	7.1218514	-63.590282	18.693775	0.7076136	291.1778566837311
26	-32.180416	19.844885	-11.131524	-98.69647	-20.698038	6.4329114	-9.276363	-33.369957	100.0	100.0	38999	-18.83414	11.19572	7.155329	-63.559402	18.420801	0.6998844	303.11665892601013
27	-32.01581	13.212041	-14.347845	-69.68926	-31.164743	12.855216	-13.65483	-63.002674	100.0	100.0	40499	-18.463972	11.294122	8.420874	-63.898632	18.048744	0.6967067	315.0179467201233
28	-21.792837	6.348576	-10.780477	-32.25939	-24.923985	14.623656	-9.6129875	-59.196095	100.0	100.0	41999	-17.815952	11.389781	11.052117	-62.584892	17.400377	0.69152737	326.963739156723
29	-33.06102	10.449199	-15.130389	-47.060173	-25.117882	7.8058014	-14.622431	-39.630962	100.0	100.0	43499	-17.289682	11.584611	12.165406	-62.235123	16.875483	0.68716824	338.85799908638
30	-24.377462	5.375097	-17.625313	-33.60704	-29.60088	16.814886	-16.61256	-76.55231	100.0	100.0	44999	-16.662876	11.616679	12.504615	-62.616592	16.251781	0.71694386	350.81157541275024
31	-30.695765	12.425268	-16.821463	-62.0875	-28.39685	14.465405	-13.521348	-69.16358	100.0	100.0	46499	-16.085417	11.61917	13.272646	-63.021343	15.675446	0.71438575	362.7033407688141
32	-31.689537	12.433163	-9.461484	-62.180275	-34.963146	9.876749	-22.219433	-58.678947	100.0	100.0	47999	-15.37586	11.4308195	12.833446	-61.713676	14.973059	0.7136556	374.7947964668274
33	-28.731806	9.889114	-11.680969	-48.730007	-28.303232	7.0105987	-14.144199	-37.64342	100.0	100.0	49499	-14.916905	11.237061	12.725728	-60.81468	14.529258	0.7019077	386.77635860443115
34	-23.092981	10.858948	-5.522262	-37.754135	-29.03594	10.433413	-22.35597	-58.899746	100.0	100.0	50999	-14.370452	11.067599	13.254393	-61.050232	13.985451	0.6840666	398.7583227157593
35	-24.446592	9.661832	-7.686309	-44.435627	-22.100418	10.193246	-8.013697	-42.68396	100.0	100.0	52499	-13.923417	10.884736	12.555767	-60.44821	13.535026	0.69999576	410.6703233718872
36	-34.705437	19.421213	-10.493885	-91.771324	-24.740288	4.7457013	-15.15317	-31.051172	100.0	100.0	53999	-13.36749	10.749926	12.603548	-60.847725	12.982781	0.67363065	422.6649193763733
37	-20.430513	5.8502264	-11.034967	-31.667124	-25.28881	13.183522	-6.5383463	-54.8763	100.0	100.0	55499	-12.926039	10.634577	12.149473	-60.839592	12.546254	0.6770804	434.63214135169983
38	-23.282413	7.804055	-9.521858	-39.686996	-25.243643	9.709436	-11.2729025	-38.793316	100.0	100.0	56999	-12.39043	10.556393	12.082509	-59.85815	12.01684	0.68392974	446.618371963501
39	-27.952578	10.303533	-8.986443	-46.354275	-27.06016	7.7987585	-16.41043	-40.93608	100.0	100.0	58499	-11.720967	10.451789	12.572238	-59.359222	11.343542	0.67411953	458.62559747695923
40	-26.509216	6.909081	-9.012169	-40.186855	-20.89778	4.6272483	-15.948392	-31.855005	100.0	100.0	59999	-11.20606	10.227498	13.009809	-57.223846	10.83774	0.6565692	470.6207399368286
41	-27.484941	6.2412333	-15.398338	-37.239452	-36.47646	11.835876	-18.170683	-59.641247	100.0	100.0	61499	-10.745961	9.992786	12.634179	-55.781822	10.379483	0.66845095	482.550484418869
42	-27.17087	9.100433	-15.790763	-52.31061	-26.108194	10.912647	-8.694342	-47.394512	100.0	100.0	62999	-10.179597	9.765113	13.439157	-53.665997	9.80559	0.6708595	494.5175359249115
43	-22.85833	7.526561	-11.25733	-42.21135	-23.951618	8.360746	-14.436756	-36.828327	100.0	100.0	64499	-9.6558485	9.535571	13.513819	-54.12	9.285342	0.64844245	506.51965737342834
44	-27.503883	11.138624	-10.022408	-48.703358	-25.546402	8.824608	-13.557546	-44.57769	100.0	100.0	65999	-9.148974	9.317798	13.372047	-51.957573	8.78659	0.6194471	518.596283197403
45	-31.785364	12.404358	-18.226614	-63.23069	-27.506374	7.1946073	-15.2564745	-42.145912	100.0	100.0	67499	-8.758535	9.168086	15.202866	-50.70182	8.411107	0.588114	530.7020654678345
46	-27.003828	6.199133	-17.211248	-36.582283	-27.829117	5.639552	-19.556623	-37.27355	100.0	100.0	68999	-8.348508	9.031086	15.558497	-49.42668	7.9999933	0.6016639	542.8183062076569
47	-21.965761	7.94785	-12.912629	-46.32934	-20.84295	7.148232	-11.43496	-37.604298	100.0	100.0	70499	-7.903195	8.951627	16.807108	-48.528885	7.5560026	0.60075593	554.9735367298126
48	-27.356686	8.277578	-12.971555	-46.03186	-20.63973	6.5030284	-12.704841	-34.349506	100.0	100.0	71999	-7.5014415	8.869196	16.377075	-48.627644	7.1635256	0.5836337	567.1678047180176
49	-23.560186	6.6162534	-15.702692	-38.69609	-24.878063	6.803897	-19.556376	-44.01039	100.0	100.0	73499	-7.288884	8.798111	16.48491	-46.754498	6.958038	0.5562227	579.4414241313934
50	-23.891998	9.786554	-5.633853	-39.20432	-29.93806	15.890837	-19.898447	-76.76268	100.0	100.0	74999	-7.122548	8.697047	15.900009	-46.449734	6.800624	0.5639938	591.7323908805847
51	-28.869036	8.29017	-18.112642	-45.2843	-32.018913	14.734055	-15.08285	-67.94387	100.0	100.0	76499	-6.8726506	8.521186	15.42049	-48.12278	6.5507827	0.55331784	604.0937604904175
52	-28.758049	7.978121	-14.364087	-43.233818	-21.038618	6.0948787	-9.449623	-30.98465	100.0	100.0	77999	-6.706644	8.378302	15.549808	-45.810555	6.391828	0.5220177	616.436249256134
53	-24.648752	7.4910192	-9.828018	-41.988045	-22.137178	4.98778	-16.187855	-29.471106	100.0	100.0	79499	-6.5722446	8.292045	14.954082	-46.57956	6.2613006	0.5051191	628.7875735759735
54	-34.04368	13.176739	-20.15239	-61.258125	-26.590763	7.122007	-16.992514	-40.7845	100.0	100.0	80999	-6.349662	8.183627	14.845229	-46.090828	6.0387955	0.49225712	641.1733350753784
55	-25.87157	5.046922	-16.826485	-37.5558	-24.034914	11.085616	-7.80908	-52.86212	100.0	100.0	82499	-6.2762184	8.118107	14.929457	-45.27702	5.973143	0.48988134	653.5368070602417
56	-28.377596	10.707325	-14.319919	-59.972713	-24.704441	9.137815	-13.2835	-44.03201	100.0	100.0	83999	-6.2442627	8.028203	14.895386	-42.90639	5.952307	0.46701205	665.9157478809357
57	-24.343853	8.335282	-15.200475	-38.070835	-30.414557	11.369191	-11.423278	-51.503532	100.0	100.0	85499	-6.2874207	8.027757	14.467687	-40.55339	5.9911313	0.4776552	678.2710900306702
58	-25.48936	9.452478	-13.2593775	-45.972706	-28.425068	10.002651	-17.898438	-51.467068	100.0	100.0	86999	-6.237191	8.047492	15.976683	-42.273952	5.942035	0.48269743	690.6589379310608
59	-25.27844	8.675761	-12.888477	-38.936714	-28.472036	10.218754	-12.148345	-44.384315	100.0	100.0	88499	-6.112372	8.028039	16.145576	-41.997616	5.8189907	0.475948	703.0257360935211
60	-29.328909	13.836962	-18.326124	-77.13066	-26.862347	5.8269215	-17.949287	-37.89616	100.0	100.0	89999	-6.1008444	7.9366636	15.343594	-41.369022	5.813182	0.46154737	715.3300867080688
61	-24.796242	14.885863	-11.633702	-73.763	-24.868984	7.687795	-15.6097555	-40.094257	100.0	100.0	91499	-6.0706134	7.8608737	15.791674	-43.403767	5.7825236	0.45133758	727.6918802261353
62	-24.98276	7.746824	-14.42446	-41.75162	-23.693031	11.075112	-11.126059	-54.49356	100.0	100.0	92999	-6.036271	7.781856	15.209957	-41.617332	5.7462797	0.44250357	740.0639281272888
63	-26.41601	10.384551	-13.82922	-49.072605	-29.13116	15.311208	-13.925362	-62.115685	100.0	100.0	94499	-5.9533753	7.7161746	14.523773	-43.152912	5.6703224	0.44396797	752.3800277709961
64	-27.738295	8.040839	-16.618488	-45.50164	-30.65398	12.269112	-16.7633	-62.337704	100.0	100.0	95999	-6.00445	7.673938	13.968482	-43.644703	5.7387066	0.4345174	764.8336977958679
65	-29.94034	9.252199	-16.85776	-54.164707	-21.247644	8.007829	-10.8158655	-37.634937	100.0	100.0	97499	-6.102238	7.5845256	13.561372	-42.69288	5.835495	0.44253704	777.1809930801392
66	-23.590694	9.9724865	-7.134712	-41.539623	-24.394722	7.5468836	-16.03938	-43.819363	100.0	100.0	98999	-6.192401	7.511874	13.643615	-44.056057	5.9179854	0.4183207	789.5333759784698
67	-26.577902	8.672078	-13.432461	-47.46223	-21.394009	7.1674104	-9.147777	-33.581707	100.0	100.0	100499	-6.1374617	7.46062	13.142776	-45.840927	5.855706	0.41828474	801.8858544826508
68	-23.100803	5.663487	-11.254353	-34.5834	-32.195652	9.412333	-17.52369	-44.375023	100.0	100.0	101999	-6.055145	7.455752	13.53917	-46.72852	5.7767982	0.4295174	814.2437722682953
69	-30.128574	8.329907	-18.6254	-45.2622	-33.58245	24.198599	-12.611693	-100.04161	100.0	100.0	103499	-6.0582128	7.4316325	13.445045	-45.569847	5.7861667	0.41712663	826.624805688858
70	-24.098753	6.3944383	-11.325682	-33.172913	-27.623135	5.3369546	-18.972078	-40.069935	100.0	100.0	104999	-6.0773783	7.4031816	14.205389	-44.86083	5.8009458	0.41092634	839.014110326767
71	-29.512157	11.06767	-17.489845	-63.39662	-29.866196	7.827471	-18.93811	-42.334724	100.0	100.0	106499	-6.086624	7.3730245	14.594416	-43.3214	5.8204584	0.40808788	851.379976272583
72	-24.44624	12.032851	-8.696179	-60.14151	-23.733198	7.9224234	-11.473127	-38.23686	100.0	100.0	107999	-6.162286	7.384482	14.132805	-42.825596	5.896327	0.40299332	863.7790060043335
73	-22.68743	3.9808326	-16.546291	-28.878872	-26.581457	5.655659	-13.511698	-33.684563	100.0	100.0	109499	-6.1497693	7.3547053	13.334859	-43.61558	5.880453	0.39863354	876.195074558258
74	-23.821117	6.8753996	-16.5833	-41.225266	-25.458279	8.136699	-10.449108	-34.151707	100.0	100.0	110999	-6.1573286	7.2577486	13.348359	-44.31555	5.8908644	0.39655924	888.5938775539398
75	-28.975473	9.038101	-12.415957	-46.28633	-25.93399	9.068853	-15.499817	-41.961777	100.0	100.0	112499	-6.1319666	7.206714	12.832706	-44.63801	5.8748074	0.40636575	900.9298548698425
76	-28.897688	7.5291605	-16.464844	-49.400387	-21.812609	6.504268	-8.941147	-30.176634	100.0	100.0	113999	-6.156783	7.107901	12.525816	-43.10009	5.901455	0.39192775	913.3061900138855
77	-22.929897	12.3622	-9.86225	-49.825665	-21.111904	4.6724043	-15.129242	-29.882137	100.0	100.0	115499	-6.2417264	7.0435677	11.575663	-43.67236	5.9828997	0.39771143	925.6879515647888
78	-25.36802	7.631593	-14.870812	-40.626392	-26.158667	8.55011	-12.816369	-46.696255	100.0	100.0	116999	-6.2264256	6.9806166	11.125743	-44.010086	5.9682174	0.3799876	938.0174582004547
79	-24.36312	9.813901	-11.058709	-42.778297	-25.735489	5.4318266	-18.9503	-37.486618	100.0	100.0	118499	-6.2146006	6.905031	10.954989	-43.578808	5.9538555	0.39355335	950.3867530822754
80	-26.886843	7.4918327	-13.482403	-41.364563	-26.76387	8.046408	-10.239945	-38.421085	100.0	100.0	119999	-6.188264	6.8364573	11.12321	-43.480297	5.9351873	0.3836233	962.7939283847809
81	-20.929474	5.8337307	-13.543524	-34.795803	-22.010584	6.9940963	-13.140501	-35.35578	100.0	100.0	121499	-6.220183	6.7638345	10.709551	-42.342026	5.9740553	0.38451427	975.1684436798096
82	-23.02513	7.4165063	-12.66267	-43.272297	-22.558128	4.678681	-16.729313	-33.060196	100.0	100.0	122999	-6.287755	6.696099	10.631083	-42.98606	6.036318	0.37486693	987.5749402046204
83	-26.104433	7.440927	-13.990738	-42.012527	-31.268856	9.527925	-19.477043	-49.595585	100.0	100.0	124499	-6.335531	6.6446347	10.59706	-43.230175	6.0929646	0.37658176	999.937828540802
84	-24.92076	4.1254554	-18.58515	-33.374435	-26.39412	6.793589	-18.661041	-40.7476	100.0	100.0	125999	-6.382289	6.5980053	10.488017	-42.362362	6.132609	0.37788305	1012.2967073917389
85	-26.49977	7.799134	-12.407795	-39.955196	-24.794493	7.3846574	-15.065362	-40.380676	100.0	100.0	127499	-6.406951	6.575223	10.222692	-42.165405	6.160363	0.37570536	1024.689565896988
86	-26.265743	8.253818	-12.277927	-42.98428	-28.98161	7.650754	-22.69794	-48.20897	100.0	100.0	128999	-6.4152627	6.5909147	9.458579	-39.823776	6.1734633	0.37519288	1037.051817893982
87	-31.29086	9.841972	-19.977364	-60.556133	-23.982279	8.699578	-11.03843	-38.866905	100.0	100.0	130499	-6.5010614	6.540318	9.632279	-40.010693	6.269535	0.36346403	1049.4556121826172
88	-23.961376	4.073631	-14.17327	-29.888481	-23.773838	4.0062227	-18.376305	-31.278961	100.0	100.0	131999	-6.6326933	6.506842	9.674145	-38.321224	6.395937	0.3717504	1061.866336107254
89	-28.176174	11.593059	-14.295658	-52.14248	-24.61322	7.5642176	-11.017724	-36.47766	100.0	100.0	133499	-6.6642423	6.5208707	9.1772785	-37.96791	6.420107	0.36682197	1074.2628197669983
90	-24.395824	7.5227995	-13.367105	-38.502197	-25.877148	5.626534	-16.789768	-36.769695	100.0	100.0	134999	-6.687433	6.5159535	9.476687	-40.07435	6.4488583	0.37534782	1086.612501859665
91	-23.752113	5.8665895	-12.387837	-40.407444	-26.159292	8.71492	-16.109343	-43.528694	100.0	100.0	136499	-6.73873	6.4523716	10.053931	-38.977142	6.504874	0.35513085	1099.0364730358124
92	-29.858532	12.715828	-9.219803	-60.052273	-28.12995	8.631361	-15.9344225	-41.420155	100.0	100.0	137999	-6.902515	6.479621	10.357053	-41.03361	6.6755247	0.35889786	1111.42911362648
93	-23.566683	6.9571805	-10.857838	-37.883274	-27.477625	5.5057526	-18.746838	-34.388935	100.0	100.0	139499	-7.00374	6.4439073	10.164162	-38.813774	6.7759466	0.36329418	1123.7391085624695
94	-24.691578	6.5757923	-13.289482	-36.792503	-21.835691	7.7338533	-12.410956	-34.25714	100.0	100.0	140999	-7.083545	6.4171615	9.348542	-38.672535	6.852962	0.35989892	1136.0990443229675
95	-24.626396	5.1944513	-13.939317	-35.19357	-22.272373	7.360443	-7.98512	-33.58023	100.0	100.0	142499	-7.1551867	6.354019	9.354956	-39.768284	6.9235806	0.36346284	1148.4763369560242
96	-22.818047	5.225041	-13.602619	-32.061085	-24.558716	7.8875737	-16.537899	-42.371418	100.0	100.0	143999	-7.1722474	6.250569	10.824601	-39.380947	6.943178	0.36040795	1160.9149498939514
97	-23.106472	9.146339	-10.883728	-41.28937	-25.477173	11.303471	-8.357674	-51.616096	100.0	100.0	145499	-7.263109	6.2285037	12.283924	-36.870052	7.037019	0.3686302	1173.3271918296814
98	-22.299126	8.118499	-11.317656	-42.179592	-23.81927	6.6352882	-9.161318	-32.55377	100.0	100.0	146999	-7.3110166	6.223268	12.402816	-38.164734	7.083591	0.3672537	1185.7010955810547
99	-25.061886	6.97228	-15.11836	-40.43472	-26.348959	5.9478965	-20.136377	-40.237392	100.0	100.0	148499	-7.3581624	6.222869	13.293878	-40.294853	7.134944	0.36310953	1198.1022102832794
100	-23.066807	6.592063	-12.78102	-39.49183	-20.42405	7.6380057	-10.278508	-38.486996	100.0	100.0	149999	-7.4552674	6.2620015	13.74902	-40.00788	7.231485	0.36312208	1210.4897928237915
101	-19.519361	6.641773	-6.7470117	-28.428097	-25.379448	7.753422	-9.96124	-39.988632	100.0	100.0	151499	-7.4548717	6.2842455	14.284786	-40.112328	7.2243567	0.35278657	1222.8658261299133
102	-26.29679	3.5888724	-21.479645	-35.149906	-22.684689	11.1816435	-8.6871395	-46.590084	100.0	100.0	152999	-7.444955	6.3586826	14.362537	-38.820805	7.2144394	0.360521	1235.199477672577
103	-24.37507	8.464952	-10.951687	-46.709137	-21.246052	6.215832	-11.526833	-31.254639	100.0	100.0	154499	-7.488275	6.3911805	13.427379	-38.87551	7.2580247	0.35349745	1247.5652973651886
104	-28.07075	8.548013	-17.871162	-42.83339	-24.82243	9.043653	-7.7715163	-37.54575	100.0	100.0	155999	-7.4967074	6.4099884	13.49447	-38.58057	7.266979	0.36120135	1259.8914165496826
105	-27.997797	7.8797398	-16.716452	-45.9274	-23.99908	5.602811	-11.347616	-31.786287	100.0	100.0	157499	-7.5106416	6.4332438	14.116394	-37.06021	7.283057	0.36045548	1272.1793065071106
106	-22.288692	5.7610807	-8.135489	-28.885317	-26.480953	7.172056	-13.254235	-37.83317	100.0	100.0	158999	-7.509726	6.467015	15.035858	-37.178604	7.279685	0.37216902	1284.569022655487
107	-28.074083	8.378813	-17.796272	-48.155922	-24.864233	9.11468	-9.728599	-43.470276	100.0	100.0	160499	-7.4852343	6.5241213	15.252045	-40.413475	7.2532644	0.37949657	1296.9214186668396
108	-20.636932	4.667469	-13.982472	-28.055082	-23.757706	8.151763	-15.379011	-45.630856	100.0	100.0	161999	-7.4333773	6.5340796	14.513222	-37.92724	7.1991153	0.38335815	1309.3123304843903
109	-26.109701	5.5210233	-18.527094	-35.933388	-22.073462	4.998479	-9.8000765	-28.566626	100.0	100.0	163499	-7.3428535	6.530826	14.873968	-37.211502	7.1129208	0.37484118	1321.7006494998932
110	-25.115604	10.97946	-11.430137	-51.734272	-25.08993	8.23325	-10.6585	-36.69814	100.0	100.0	164999	-7.371869	6.534611	14.932089	-37.660023	7.141564	0.37923902	1334.0457804203033
111	-23.844728	8.89523	-7.2180943	-41.34449	-24.708797	11.296552	-13.21563	-48.2011	100.0	100.0	166499	-7.319999	6.4968567	14.981629	-39.199787	7.090086	0.3758533	1346.418480873108
112	-26.939146	14.293591	-9.050253	-61.28466	-22.362858	6.588102	-15.400332	-37.83516	100.0	100.0	167999	-7.2836275	6.5259395	15.697315	-36.994476	7.0513463	0.38989192	1358.7575335502625
113	-23.293755	5.9060645	-13.64957	-32.26325	-18.231401	5.0199637	-11.544856	-26.289236	100.0	100.0	169499	-7.1610117	6.594619	16.68737	-37.521404	6.926301	0.3977182	1371.1143999099731
114	-27.04872	8.19417	-13.552426	-43.89874	-23.12719	7.3862295	-8.847044	-33.57508	100.0	100.0	170999	-7.1983385	6.678333	16.739363	-35.55056	6.9753723	0.4056998	1383.5301315784454
115	-25.130846	7.5044427	-11.670496	-42.561737	-24.241934	7.424627	-12.961108	-41.5905	100.0	100.0	172499	-7.2120523	6.783093	17.258657	-35.783993	6.982384	0.40298697	1395.8636281490326
116	-21.748486	9.280754	-6.554557	-45.004326	-24.152607	7.0753303	-15.408259	-35.035454	100.0	100.0	173999	-7.1707015	6.8641925	18.7058	-36.26016	6.939745	0.41154182	1408.2876234054565
117	-24.503613	9.474129	-9.329951	-41.308693	-22.789486	4.4995985	-17.153227	-31.08541	100.0	100.0	175499	-7.0973706	6.913305	20.875387	-36.83683	6.8602424	0.42665014	1420.7230761051178
118	-31.07301	16.802313	-1.9910347	-80.635864	-21.635672	6.1907177	-12.039224	-36.69035	100.0	100.0	176999	-6.9975286	7.0184093	22.409603	-35.941917	6.7623253	0.42096713	1433.0921523571014
119	-27.599264	5.3274865	-18.682468	-38.001728	-20.758657	6.923723	-8.563705	-29.894615	100.0	100.0	178499	-6.9032865	7.0695267	22.190435	-37.539146	6.670483	0.42247418	1445.430971622467
120	-22.463856	7.62199	-14.863527	-43.621162	-21.472704	8.152153	-6.7691336	-37.352726	100.0	100.0	179999	-6.850788	7.1707706	23.436438	-35.697144	6.6145988	0.41127196	1457.802610874176
121	-21.207739	6.7445283	-8.401849	-28.971262	-18.876179	5.738861	-7.338644	-27.39779	100.0	100.0	181499	-6.697386	7.28031	23.900951	-38.38841	6.455917	0.4249584	1470.1913452148438
122	-26.425205	4.28611	-19.66755	-35.855534	-22.824635	9.76614	-11.983709	-43.43433	100.0	100.0	182999	-6.579963	7.360407	25.101095	-38.07419	6.3404126	0.42480803	1482.6174092292786
123	-20.852144	7.485409	-14.294396	-42.480057	-28.481396	8.359794	-14.3891	-42.0703	100.0	100.0	184499	-6.4925823	7.4436173	24.830723	-36.764248	6.252167	0.4230691	1495.0478460788727
124	-25.735975	10.434659	-11.397704	-51.562275	-25.385342	7.5921874	-15.873919	-44.198345	100.0	100.0	185999	-6.3085	7.512424	24.014305	-35.986317	6.070927	0.41818413	1507.4165472984314
125	-25.752611	7.6335297	-8.929317	-41.095142	-30.705511	11.770559	-14.943345	-50.0042	100.0	100.0	187499	-6.2245426	7.6533256	22.736095	-38.26732	5.9990077	0.41457126	1519.7999022006989
126	-26.938995	7.7088623	-11.340503	-36.9545	-19.527288	7.098241	-4.823541	-28.686222	100.0	100.0	188999	-6.198557	7.7517242	22.369848	-39.853645	5.9710975	0.42406428	1532.2295055389404
127	-24.713127	7.872814	-10.788508	-46.25534	-16.708597	6.111951	-5.0627303	-27.209082	100.0	100.0	190499	-6.1620812	7.837202	21.712467	-42.69393	5.9306054	0.44032553	1544.7455155849457
128	-24.50748	6.5037484	-12.154952	-37.15804	-23.651089	4.050615	-15.205034	-31.220005	100.0	100.0	191999	-6.065368	7.954523	21.770945	-46.26293	5.8345	0.44367233	1557.1476259231567
129	-24.264366	7.3572392	-8.8815975	-41.414047	-23.278326	6.6700616	-16.263714	-38.923717	100.0	100.0	193499	-5.9902973	7.9979253	22.483133	-44.21308	5.7607226	0.45675737	1569.4847252368927
130	-25.266552	8.4476595	-10.546997	-41.72154	-28.185293	6.9654765	-16.8123	-42.699783	100.0	100.0	194999	-5.867464	8.010083	21.899483	-44.132294	5.6259036	0.45211294	1581.8967700004578
131	-25.617094	5.7462387	-14.8341	-34.558243	-25.536272	8.304001	-10.306519	-41.702988	100.0	100.0	196499	-5.7811165	8.080668	21.995928	-41.800507	5.5399766	0.45646098	1594.2866060733795
132	-26.301151	11.207013	-6.6611004	-50.521385	-22.913618	7.891993	-12.499691	-35.525433	100.0	100.0	197999	-5.5913715	8.194304	21.722788	-40.14983	5.3418627	0.45609143	1606.673585653305
133	-22.660831	6.987532	-9.285152	-34.291798	-27.508915	8.162122	-15.345991	-45.727757	100.0	100.0	199499	-5.436418	8.255092	22.029955	-41.721302	5.1838703	0.44638437	1619.039026260376
134	-24.321163	7.255545	-11.181428	-40.873524	-24.836233	4.483181	-16.431303	-32.926712	100.0	100.0	200999	-5.149025	8.279487	21.306519	-38.40903	4.9006166	0.43421727	1631.4059131145477
135	-21.975935	4.2080436	-15.860954	-32.39045	-27.690765	8.62385	-17.899233	-48.73922	100.0	100.0	202499	-4.977291	8.349309	21.09853	-40.464523	4.727282	0.43795174	1643.7649195194244
136	-24.984278	9.791341	-11.66735	-51.886887	-26.377808	10.739224	-16.58646	-56.406418	100.0	100.0	203999	-4.789237	8.2775135	20.226559	-40.66458	4.546452	0.43505722	1656.1653497219086
137	-21.475557	6.4867935	-11.853221	-36.65091	-22.173471	5.828081	-12.39606	-30.769264	100.0	100.0	205499	-4.638148	8.281935	19.549072	-38.54942	4.391503	0.41705745	1668.4508514404297
138	-26.419352	3.2627769	-19.910248	-32.333595	-23.209042	4.8430996	-16.558374	-34.14498	100.0	100.0	206999	-4.6038957	8.2578745	18.347103	-41.341057	4.3768396	0.421243	1680.7305359840393
139	-24.367193	4.2246337	-16.53227	-32.716442	-23.195204	4.436564	-17.3561	-32.70749	100.0	100.0	208499	-4.597367	8.159475	17.301544	-40.4858	4.374004	0.4120977	1693.0826358795166
140	-26.78198	12.050869	-11.757088	-66.153	-22.2101	5.2654014	-12.351129	-28.9056	100.0	100.0	209999	-4.6103473	8.122061	16.96594	-42.373726	4.3861237	0.4051626	1705.4569272994995
141	-21.929304	6.7046385	-8.320134	-37.58245	-21.588465	6.862019	-12.473164	-34.733032	100.0	100.0	211499	-4.674236	8.033446	15.78195	-39.84237	4.454822	0.40599903	1717.7561650276184
142	-26.556585	8.137997	-14.328217	-48.28117	-22.31769	8.617603	-12.575564	-42.61652	100.0	100.0	212999	-4.703072	8.00996	15.526612	-39.437317	4.478339	0.39366275	1730.1338679790497
143	-21.016945	7.2386885	-12.288753	-35.955097	-22.009579	7.017162	-9.704914	-30.221172	100.0	100.0	214499	-4.6583576	7.937342	15.726831	-40.656944	4.4338865	0.39503843	1742.4978141784668
144	-21.192652	7.978503	-4.5789747	-35.232597	-20.101994	5.9019322	-11.931063	-35.56148	100.0	100.0	215999	-4.6255565	7.849355	15.715685	-39.41297	4.4017935	0.38094154	1754.8821530342102
145	-27.118595	6.206839	-18.681225	-39.261826	-29.910206	8.78689	-19.99029	-44.807785	100.0	100.0	217499	-4.6092587	7.762178	15.288541	-38.489838	4.391001	0.3761656	1767.3040618896484
146	-22.394178	5.686141	-11.796488	-33.86353	-25.55342	7.3204174	-18.990314	-44.329216	100.0	100.0	218999	-4.7200966	7.7398477	13.649194	-40.622482	4.510473	0.3758755	1779.6992511749268
147	-29.395761	10.076834	-14.062528	-47.377934	-32.04754	9.0785475	-20.313147	-49.59195	100.0	100.0	220499	-4.8385363	7.6291423	13.473599	-40.077312	4.633771	0.37330785	1792.082193851471
148	-23.642103	7.217689	-12.534894	-40.60491	-20.7229	4.6083674	-13.531572	-29.584742	100.0	100.0	221999	-4.978925	7.5818877	13.045524	-41.190994	4.766307	0.3636045	1804.4610385894775
149	-23.589352	7.2625895	-9.948718	-37.46165	-24.429895	2.5220098	-19.371254	-27.04314	100.0	100.0	223499	-4.997024	7.4112563	12.801133	-40.45867	4.78993	0.35236546	1816.858457326889
150	-23.457195	7.9334874	-10.910155	-42.740295	-22.671518	7.0510592	-11.397223	-36.693104	100.0	100.0	224999	-5.1166706	7.329432	12.523207	-41.565212	4.9107227	0.34712094	1829.2711763381958
151	-25.448977	5.7508345	-16.170965	-33.226627	-20.779123	7.5678883	-6.590349	-32.085007	100.0	100.0	226499	-5.214242	7.257181	12.481007	-41.06109	5.012498	0.34666145	1841.660921573639
152	-20.234308	5.3109574	-12.630568	-36.073486	-22.27029	7.769471	-7.066426	-33.984688	100.0	100.0	227999	-5.3506446	7.1633635	12.057156	-38.517246	5.149975	0.3361514	1854.0804150104523
153	-25.183361	9.767608	-12.790056	-50.51722	-20.84851	4.974917	-14.155372	-29.627922	100.0	100.0	229499	-5.4639306	7.1440754	12.245248	-38.03658	5.2653875	0.32777706	1866.489321231842
154	-22.604597	6.784276	-12.59612	-38.961765	-26.384058	8.190533	-13.117813	-37.24981	100.0	100.0	230999	-5.585423	7.0952277	11.470026	-39.033676	5.384584	0.3306668	1878.8945863246918
155	-25.85789	9.524815	-11.412414	-43.779724	-24.076427	8.185706	-14.91621	-40.565655	100.0	100.0	232499	-5.7088985	7.058557	11.456888	-38.208675	5.5002584	0.34035566	1891.2805383205414
156	-24.25265	8.6217	-14.930862	-49.559437	-27.221714	10.435205	-12.777749	-48.49742	100.0	100.0	233999	-5.700796	6.9987597	12.234451	-39.92372	5.490158	0.34158817	1903.718902349472
157	-25.769733	6.2535167	-18.451544	-41.556374	-26.430065	10.916108	-6.1824684	-48.43626	100.0	100.0	235499	-5.7259965	6.961443	11.986982	-39.03784	5.5124297	0.35803288	1916.1351928710938
158	-23.052887	6.661557	-13.310697	-35.029396	-21.416508	8.584398	-13.48258	-43.45267	100.0	100.0	236999	-5.663294	6.9224143	12.927648	-40.630215	5.4424496	0.36908248	1928.5328891277313
159	-21.298094	8.17785	-8.465889	-37.830215	-23.784992	11.733299	-3.6492965	-44.79855	100.0	100.0	238499	-5.6190453	6.9016924	13.728717	-40.841396	5.3981385	0.36683154	1941.0180892944336
160	-22.640234	4.8618	-10.892341	-30.43709	-23.449514	8.364404	-12.623183	-39.70807	100.0	100.0	239999	-5.5426016	6.878201	14.417794	-39.239532	5.3255486	0.36532578	1953.3976683616638
161	-26.313559	6.5628405	-16.267673	-39.347946	-20.823711	4.951476	-9.707046	-26.353012	100.0	100.0	241499	-5.5563083	6.851323	13.795357	-40.507202	5.3434205	0.37048897	1965.77437210083
162	-23.703203	8.144256	-11.669339	-42.40665	-25.049482	5.8700986	-17.854774	-34.487606	100.0	100.0	242999	-5.5798955	6.864681	14.210669	-38.593655	5.3686256	0.35854512	1978.2059378623962
163	-21.920538	4.883574	-11.95023	-29.289364	-23.336895	4.759502	-17.503073	-34.048264	100.0	100.0	244499	-5.5844526	6.866002	15.112255	-39.88508	5.369131	0.3593785	1990.5619823932648
164	-23.23565	8.641929	-10.129344	-38.581802	-24.264734	3.6852243	-18.714584	-30.297058	100.0	100.0	245999	-5.512059	6.867741	14.978477	-39.249683	5.2965736	0.35759956	2002.869419336319
165	-28.96644	8.7639675	-17.264246	-47.844013	-24.904438	5.6990504	-17.290213	-35.412426	100.0	100.0	247499	-5.4943304	6.9052157	14.879876	-36.607018	5.280201	0.37349725	2015.2477431297302
166	-25.39578	9.782721	-12.932487	-45.108547	-24.92301	8.047802	-14.111224	-44.72845	100.0	100.0	248999	-5.471231	6.9031396	13.9974985	-37.769566	5.256743	0.37353384	2027.6563882827759
167	-23.972105	6.8323975	-12.024299	-38.59449	-22.608166	3.574286	-16.620083	-29.087763	100.0	100.0	250499	-5.4859333	6.9358845	14.154463	-39.287586	5.274368	0.3751153	2040.0609095096588
168	-25.756618	9.03417	-12.536354	-49.552223	-19.225063	2.453624	-14.172509	-22.250027	100.0	100.0	251999	-5.4407983	6.875783	13.797991	-37.817623	5.2320566	0.37654617	2052.417184829712
169	-25.132875	10.541778	-14.281233	-52.766018	-28.748041	9.029481	-13.390291	-45.21191	100.0	100.0	253499	-5.4885125	6.8715444	14.2818165	-37.805523	5.277231	0.3806385	2064.770190000534
170	-23.554007	6.0853024	-14.278389	-34.13604	-20.709913	5.907792	-8.304155	-29.666674	100.0	100.0	254999	-5.505062	6.853929	14.266368	-37.795063	5.2946897	0.3846677	2077.09925699234
171	-27.920527	8.118121	-12.172395	-48.382168	-22.53709	5.3492947	-14.24792	-32.458885	100.0	100.0	256499	-5.5461416	6.7773104	14.0391	-38.06896	5.33896	0.3811857	2089.489730358124
172	-23.39342	6.791008	-7.398204	-32.787067	-26.11825	9.255238	-11.357991	-42.148903	100.0	100.0	257999	-5.615243	6.7484674	13.723065	-38.32257	5.4089165	0.37758356	2101.8504276275635
173	-22.65398	6.09841	-13.427261	-39.457325	-23.230724	7.177335	-7.643801	-32.967487	100.0	100.0	259499	-5.6276574	6.6795335	13.657158	-37.34725	5.415595	0.37580267	2114.1925015449524
174	-21.077414	7.59087	-8.127502	-34.860863	-26.8331	5.473128	-17.871014	-36.98561	100.0	100.0	260999	-5.624326	6.615833	13.669108	-39.04637	5.416736	0.37005752	2126.553935289383
175	-25.65357	6.737371	-14.241614	-40.413734	-19.345808	4.961394	-11.2901125	-26.28919	100.0	100.0	262499	-5.6729207	6.5552783	13.112261	-39.59211	5.467613	0.37181696	2138.8629188537598
176	-25.161081	8.4911785	-5.754165	-39.825058	-24.07164	13.382348	-8.353855	-54.053036	100.0	100.0	263999	-5.684435	6.5108304	12.901973	-38.999462	5.4678392	0.36623654	2151.2203419208527
177	-25.229523	10.372987	-8.26057	-51.74194	-23.104143	13.877361	-6.5629187	-53.53156	100.0	100.0	265499	-5.632479	6.510627	13.095875	-39.308125	5.4220047	0.37442306	2163.6346690654755
178	-25.711897	6.753869	-16.483635	-38.701416	-23.696377	8.643708	-12.278505	-45.94798	100.0	100.0	266999	-5.6475177	6.527912	12.174944	-37.468212	5.434379	0.3580191	2176.0359721183777
179	-23.896574	11.016011	-9.513367	-57.691734	-22.273718	9.310674	-7.696242	-43.628197	100.0	100.0	268499	-5.620894	6.537822	13.144286	-36.60019	5.4059405	0.36051095	2188.4257855415344
180	-25.178358	10.939774	-15.2043495	-53.235462	-23.271124	5.213558	-16.770752	-35.10327	100.0	100.0	269999	-5.5606694	6.5267167	13.233798	-35.723858	5.345444	0.36843523	2200.7715260982513
181	-23.887516	5.6360993	-15.53524	-38.69518	-21.892267	7.523447	-9.535062	-37.5097	100.0	100.0	271499	-5.523596	6.559824	12.45222	-37.384987	5.306021	0.3697342	2213.1465680599213
182	-26.59593	8.608837	-16.461626	-49.889275	-22.465494	7.5797863	-13.761379	-35.33007	100.0	100.0	272999	-5.4159923	6.5010295	13.030666	-39.34591	5.196127	0.36245775	2225.5201272964478
183	-24.397165	8.6442795	-12.835283	-46.68298	-23.269556	8.416372	-7.378238	-39.23496	100.0	100.0	274499	-5.358294	6.4547124	12.297045	-35.904087	5.1360307	0.36207584	2237.925477027893
184	-19.42121	6.5863795	-11.522499	-34.128994	-26.067978	6.802058	-18.540346	-42.13333	100.0	100.0	275999	-5.240826	6.421758	12.66611	-37.110912	5.025231	0.3415864	2250.3199512958527
185	-23.644436	8.10501	-10.978429	-36.673866	-31.19451	11.313122	-15.229151	-51.8186	100.0	100.0	277499	-5.1985927	6.405755	12.306704	-40.873947	4.9858947	0.34578475	2262.7141587734222
186	-22.448584	9.844577	-9.4544735	-41.82444	-20.880337	7.3007164	-8.420044	-29.0452	100.0	100.0	278999	-5.2144685	6.3811603	12.129268	-37.781296	5.0119767	0.34118629	2275.1214158535004
187	-24.194277	7.5045667	-10.728438	-37.394993	-24.28892	8.503158	-13.721985	-38.592712	100.0	100.0	280499	-5.2994094	6.325085	12.145355	-34.60022	5.0961714	0.33815914	2287.487271785736
188	-22.464985	6.8521295	-11.656567	-38.84526	-25.96723	10.898007	-18.393684	-55.470764	100.0	100.0	281999	-5.341119	6.379668	12.53103	-35.95548	5.13543	0.33776507	2299.902059316635
189	-25.769518	4.8945045	-15.163745	-35.165077	-25.681036	5.7009625	-16.837387	-38.599003	100.0	100.0	283499	-5.3638525	6.3751354	12.668246	-34.84628	5.1608086	0.34529996	2312.2943279743195
190	-25.160555	7.9087844	-11.9581585	-40.06006	-25.793522	5.9535246	-16.042217	-36.349422	100.0	100.0	284999	-5.362562	6.3857703	12.6495495	-35.764442	5.153139	0.35410893	2324.629210948944
191	-24.70437	6.488549	-10.618871	-36.472286	-27.85752	12.268859	-10.881443	-50.70629	100.0	100.0	286499	-5.3089666	6.434793	12.693696	-36.805187	5.0953417	0.36358732	2337.1188893318176
192	-23.870123	7.8877873	-13.860446	-43.40371	-22.358353	8.213814	-13.4298	-37.012463	100.0	100.0	287999	-5.314572	6.421379	12.986467	-36.362953	5.1091375	0.35401905	2349.471752882004
193	-21.53524	6.271661	-9.068608	-35.676094	-22.976446	6.5783687	-14.391446	-37.994743	100.0	100.0	289499	-5.255422	6.419256	14.485578	-37.35668	5.037932	0.36770928	2361.8617877960205
194	-24.149986	8.354523	-10.1402855	-39.823956	-24.045437	7.535497	-11.841693	-37.842842	100.0	100.0	290999	-5.2324615	6.466336	14.870579	-36.76128	5.0157914	0.3560647	2374.2643189430237
195	-22.744564	8.700295	-9.852701	-36.845406	-20.146858	4.850671	-11.796557	-29.298119	100.0	100.0	292499	-5.1194773	6.4941525	15.22375	-37.477543	4.9000936	0.3737423	2386.623626947403
196	-20.814445	7.4293637	-8.175728	-36.44703	-22.424427	7.5928483	-12.996204	-37.582348	100.0	100.0	293999	-5.0536933	6.499234	15.757801	-42.10906	4.8417845	0.3904318	2398.94757270813
197	-24.562052	6.8909216	-12.81942	-36.920467	-21.33421	5.7654047	-8.022068	-30.403204	100.0	100.0	295499	-5.0118656	6.489162	15.385688	-42.780422	4.7940197	0.39565104	2411.2201001644135
198	-21.78121	5.7036953	-14.031367	-35.970165	-25.522701	10.310074	-11.995152	-42.558163	100.0	100.0	296999	-4.9906306	6.469761	14.492931	-39.44901	4.7805343	0.37848756	2423.601524591446
199	-24.193626	6.0641904	-11.877059	-33.097523	-23.423674	7.8457885	-14.272987	-40.955036	100.0	100.0	298499	-4.9549127	6.400098	13.5334215	-36.1329	4.7430487	0.38574594	2435.961845397949
200	-22.196379	7.6913385	-10.2614	-39.41092	-23.022518	8.103571	-14.634443	-43.008522	100.0	100.0	299999	-4.985115	6.388663	13.30265	-40.787384	4.7747464	0.38489297	2448.338422060013
201	-23.391165	6.928164	-12.113662	-37.823868	-24.207073	5.803304	-12.024603	-32.623177	100.0	100.0	301499	-4.9020724	6.3014197	13.150716	-34.961227	4.683643	0.39003503	2460.7087321281433
202	-23.04499	5.3904023	-13.264042	-31.800062	-25.589115	7.6538982	-8.990048	-38.05069	100.0	100.0	302999	-4.8509965	6.247844	12.142146	-34.17223	4.639356	0.37041104	2473.1287648677826
203	-24.927486	7.6433797	-12.919807	-42.361877	-22.390469	6.917515	-11.932198	-39.034737	100.0	100.0	304499	-4.9075212	6.2071676	12.058222	-35.612457	4.698264	0.36573783	2485.508014202118
204	-22.98883	8.345846	-6.6536417	-41.698017	-24.2532	4.253022	-17.072073	-31.809216	100.0	100.0	305999	-4.918186	6.164088	11.129983	-34.455963	4.711928	0.37102503	2497.93772649765
205	-26.475887	5.6033993	-18.732637	-38.155384	-17.203468	5.8036075	-8.271057	-27.408398	100.0	100.0	307499	-4.9722586	6.1174417	11.014154	-35.149597	4.7666965	0.36183012	2510.359938621521
206	-25.85483	6.8535776	-14.169791	-38.034534	-21.304188	6.1608524	-14.063563	-35.006275	100.0	100.0	308999	-4.9819136	6.036866	10.674155	-34.964035	4.7777414	0.36510596	2522.7763583660126
207	-23.119385	6.6862698	-11.859631	-31.895685	-24.672606	6.7327714	-13.426673	-32.077885	100.0	100.0	310499	-4.9873753	6.0072336	10.428924	-41.561035	4.770323	0.36704442	2535.17253947258
208	-27.48202	9.47699	-15.097296	-46.561943	-24.28828	12.023787	-8.821624	-49.62729	100.0	100.0	311999	-4.978805	5.960844	10.67044	-36.077724	4.774254	0.36278805	2547.5768814086914
209	-25.84389	6.6596727	-13.61045	-37.92944	-24.169277	6.7342615	-15.041461	-40.15018	100.0	100.0	313499	-4.994817	5.815282	10.099826	-36.313946	4.7901287	0.3596049	2559.9708399772644
210	-27.69972	8.825526	-14.469422	-50.759827	-24.785763	9.407571	-10.678076	-40.437496	100.0	100.0	314999	-5.0592957	5.764053	10.230949	-35.6814	4.8567986	0.35360023	2572.4098422527313
211	-21.014685	6.9291053	-7.4008427	-33.12781	-24.827442	7.8904257	-10.732576	-37.449974	100.0	100.0	316499	-5.077208	5.69094	11.060043	-35.883358	4.8730702	0.35651985	2584.872801065445
212	-30.902712	12.304589	-20.036266	-70.067215	-23.616701	7.1347947	-13.606527	-40.835037	100.0	100.0	317999	-5.0772066	5.671192	11.888051	-36.416756	4.8655744	0.35736698	2597.257147550583
213	-24.114088	6.788712	-14.120003	-41.38506	-25.27409	6.8227897	-7.801474	-32.589165	100.0	100.0	319499	-5.0776005	5.6122537	12.797454	-36.972767	4.8796515	0.35067993	2609.638932943344
214	-24.111458	6.8193326	-12.043553	-35.633965	-20.419271	9.041254	-11.224141	-44.72319	100.0	100.0	320999	-5.1613517	5.593828	13.318447	-35.039978	4.964646	0.34716743	2622.1016750335693
215	-27.432133	11.476513	-15.36311	-55.245476	-18.79266	4.726633	-12.08208	-24.945621	100.0	100.0	322499	-5.2065706	5.5823603	13.649637	-37.535347	5.0107923	0.35214433	2634.4717242717743
216	-21.578114	7.5197387	-7.889076	-35.39117	-26.245823	7.1218567	-12.714469	-37.520977	100.0	100.0	323999	-5.270072	5.5909476	13.802973	-36.834606	5.0718837	0.34649804	2646.8568518161774
217	-24.360817	5.36086	-17.962862	-35.723705	-22.958805	6.4906416	-10.469957	-30.677826	100.0	100.0	325499	-5.3569555	5.5629425	12.796536	-37.973007	5.159678	0.33992532	2659.2511656284332
218	-26.497326	6.0421386	-18.83915	-42.623856	-22.300526	6.181952	-9.08214	-29.249125	100.0	100.0	326999	-5.3891335	5.5542307	13.915209	-35.08161	5.1897283	0.3410646	2671.679579257965
219	-25.186161	7.750095	-10.040874	-38.938507	-27.802608	7.3041053	-19.578043	-42.811058	100.0	100.0	328499	-5.4184394	5.5568895	14.456354	-36.820835	5.215347	0.3423318	2684.1204800605774
220	-23.950857	6.945263	-8.7376585	-42.424843	-23.956907	9.039626	-9.510399	-40.085625	100.0	100.0	329999	-5.4031863	5.5318336	13.696013	-39.54303	5.2054377	0.35363144	2696.5203490257263
221	-22.299265	7.310038	-12.44311	-41.216755	-23.109358	10.496781	-13.255178	-49.112965	100.0	100.0	331499	-5.4611077	5.48051	12.579728	-37.76641	5.26608	0.32869515	2708.938784122467
222	-21.508675	5.655804	-12.340064	-33.239872	-21.961966	6.532973	-14.420359	-36.64148	100.0	100.0	332999	-5.559047	5.509844	13.130669	-39.54743	5.362772	0.33822066	2721.4530987739563
223	-26.598291	8.609015	-14.881417	-44.85219	-24.560509	7.806234	-14.547929	-42.572773	100.0	100.0	334499	-5.554209	5.506337	12.999098	-37.255646	5.352394	0.3339986	2733.8546257019043
224	-23.158497	9.121676	-5.0675755	-37.2148	-25.494158	6.3457923	-16.482084	-37.209896	100.0	100.0	335999	-5.51462	5.4937673	12.298912	-38.377747	5.306592	0.33480343	2746.247852563858
225	-22.099253	6.04047	-11.921771	-30.951866	-21.252268	6.979315	-8.135293	-32.367844	100.0	100.0	337499	-5.513488	5.4873714	13.686145	-36.926987	5.3139625	0.3317627	2758.673572063446
226	-24.36102	7.418966	-10.019665	-41.579937	-24.490505	5.5181	-18.287601	-35.86777	100.0	100.0	338999	-5.5300307	5.486315	13.664394	-38.586163	5.3246245	0.33979467	2771.055896759033
227	-24.180635	8.895168	-13.40975	-40.824223	-19.787666	7.8789935	-5.6467457	-29.370731	100.0	100.0	340499	-5.523173	5.486891	14.058805	-36.344006	5.323846	0.33863366	2783.4849076271057
228	-25.870644	9.340527	-10.626605	-43.106667	-20.979269	6.3030663	-12.92306	-32.850594	100.0	100.0	341999	-5.569592	5.500972	14.241997	-37.863644	5.373903	0.3436534	2795.9243149757385
229	-31.872225	13.005369	-16.72033	-60.643806	-24.026674	8.054267	-6.422902	-33.596107	100.0	100.0	343499	-5.573336	5.4418473	14.442944	-35.483013	5.375071	0.3433976	2808.328720331192
230	-20.270987	5.299543	-9.644976	-28.192247	-27.479883	10.808326	-14.960174	-55.30751	100.0	100.0	344999	-5.60658	5.4526477	15.239651	-35.651703	5.4085407	0.33756945	2820.7591495513916
231	-24.860401	7.932913	-10.956903	-37.309	-21.591063	4.5485992	-14.67185	-29.689922	100.0	100.0	346499	-5.6102366	5.417978	15.147293	-39.50989	5.4121346	0.3456616	2833.1905250549316
232	-23.118998	6.7659006	-12.90643	-35.73339	-25.668896	6.6343517	-19.980742	-42.973213	100.0	100.0	347999	-5.6091638	5.4147263	15.552556	-34.42531	5.408581	0.34968084	2845.60738325119
233	-26.032478	6.41413	-17.597965	-38.23161	-26.741287	9.370226	-6.6821647	-40.339794	100.0	100.0	349499	-5.6223383	5.406666	15.11218	-40.46149	5.424005	0.35927168	2858.0624232292175
234	-27.02677	4.407277	-19.707388	-33.34495	-23.394133	4.008681	-13.774787	-30.46993	100.0	100.0	350999	-5.655644	5.376379	15.461842	-38.388134	5.463841	0.35667977	2870.427054166794
235	-28.48533	10.101905	-17.202053	-52.76377	-19.791391	6.354164	-12.483709	-32.615944	100.0	100.0	352499	-5.7228103	5.340588	15.243609	-36.366215	5.5327	0.3467844	2882.8570511341095
236	-23.417702	8.234224	-11.914228	-39.019882	-24.125744	7.420132	-7.234123	-35.685783	100.0	100.0	353999	-5.7773104	5.369871	14.676822	-38.983643	5.5805197	0.35349324	2895.3003556728363
237	-25.575834	5.666333	-15.647354	-35.55341	-27.132614	9.138211	-16.698854	-44.72953	100.0	100.0	355499	-5.751775	5.3745375	14.523016	-35.235504	5.5536366	0.3627721	2907.723778486252
238	-23.889517	5.82335	-13.760417	-36.683163	-25.600641	4.4660835	-18.270586	-30.965796	100.0	100.0	356999	-5.7991614	5.420015	13.68062	-36.74578	5.5997105	0.37001416	2920.187207221985
239	-25.060635	7.883597	-10.684872	-34.59284	-25.076284	8.918357	-12.147725	-40.978565	100.0	100.0	358499	-5.795458	5.4085293	13.469859	-38.105648	5.5962	0.35832763	2932.6495497226715
240	-25.537657	6.910686	-16.022392	-47.0725	-25.163239	5.669922	-14.96395	-34.16248	100.0	100.0	359999	-5.8082256	5.379972	13.513517	-35.873756	5.605701	0.36248225	2945.097436904907
241	-23.002764	5.0690475	-16.64916	-35.465214	-24.96804	7.023427	-11.203401	-35.159374	100.0	100.0	361499	-5.7550406	5.383674	13.990783	-41.776268	5.551442	0.35927778	2957.5261046886444
242	-25.89278	6.813377	-17.295393	-44.597557	-23.016375	6.227895	-10.865835	-31.8269	100.0	100.0	362999	-5.729256	5.368474	13.994432	-41.685143	5.5312657	0.34131286	2969.955254793167
243	-21.906507	8.738238	-9.902126	-42.74159	-26.983448	4.806415	-20.181675	-35.627396	100.0	100.0	364499	-5.6588945	5.335994	13.956836	-37.531143	5.4461403	0.3560513	2982.3555290699005
244	-21.09394	8.209501	-9.349612	-43.168945	-24.599184	7.917694	-13.567911	-42.065594	100.0	100.0	365999	-5.500149	5.3155828	14.121664	-36.893955	5.2869043	0.3649664	2994.780857563019
245	-22.458805	7.5042725	-13.83425	-41.679733	-18.852283	4.425038	-8.308268	-25.948975	100.0	100.0	367499	-5.4131594	5.271766	13.9105835	-37.34124	5.2110057	0.34725186	3007.203239440918
246	-22.015162	6.644424	-12.2697315	-38.4171	-23.230988	6.866766	-14.958118	-32.37538	100.0	100.0	368999	-5.461664	5.2352185	13.801276	-37.54691	5.26671	0.33561385	3019.649091243744
247	-23.981894	8.810954	-11.1411915	-39.10059	-26.533764	9.597353	-16.797514	-43.959915	100.0	100.0	370499	-5.4854536	5.192398	13.424025	-40.34201	5.288656	0.34629354	3032.05406165123
248	-23.951841	7.163505	-10.344818	-44.770317	-27.299866	6.541803	-16.262966	-39.363914	100.0	100.0	371999	-5.525577	5.149499	13.521439	-35.362083	5.3322716	0.3314729	3044.4974386692047
249	-23.416294	7.8423834	-10.87288	-43.975372	-23.222134	5.5537753	-17.32061	-32.64769	100.0	100.0	373499	-5.5334234	5.1437435	14.175013	-36.242725	5.3403697	0.33053952	3056.9416766166687
250	-18.982534	5.56522	-12.546236	-32.36277	-18.226965	9.624148	-6.865127	-35.400112	100.0	100.0	374999	-5.5349	5.111124	14.436408	-36.409325	5.339276	0.32434264	3069.370104789734
251	-29.634624	7.401367	-17.803383	-44.1112	-21.318216	4.9721227	-12.851932	-29.62907	100.0	100.0	376499	-5.5853734	5.1091113	13.847302	-39.101555	5.3898587	0.3234652	3081.793185710907
252	-25.20921	5.764904	-14.77293	-35.24979	-29.286432	3.8627365	-23.434952	-33.763817	100.0	100.0	377999	-5.638483	5.069883	13.18222	-35.95268	5.4486613	0.3168583	3094.2390768527985
253	-20.97418	6.682838	-10.338502	-31.09186	-20.886312	6.6418304	-7.26558	-31.972708	100.0	100.0	379499	-5.6843724	5.0645823	12.376938	-37.197838	5.489806	0.3096169	3106.706700325012
254	-24.261684	6.878802	-9.10168	-33.205566	-23.486126	5.905797	-14.134707	-34.68424	100.0	100.0	380999	-5.7064495	5.0526814	12.046793	-35.154476	5.5155196	0.31268835	3119.2385857105255
255	-21.298359	7.161705	-10.132886	-37.16955	-24.67341	5.205798	-16.265207	-35.137085	100.0	100.0	382499	-5.767578	5.0445757	10.887889	-38.501053	5.579611	0.31271484	3131.645217180252
256	-23.187172	6.920016	-12.130515	-39.812656	-22.99899	5.8015895	-15.975337	-33.59828	100.0	100.0	383999	-5.8239875	5.0304956	11.225352	-38.621155	5.636474	0.30879432	3144.0458302497864
257	-21.401937	4.587524	-13.088893	-30.600437	-22.486425	5.874737	-13.1647215	-33.328693	100.0	100.0	385499	-5.8284516	5.0211773	12.456648	-35.34336	5.639694	0.3128816	3156.4316794872284
258	-18.559425	5.1062565	-8.1816845	-27.11098	-21.753899	6.3465557	-7.503997	-29.895672	100.0	100.0	386999	-5.9367666	5.055943	12.911529	-38.920536	5.7518735	0.30769694	3168.8380012512207
259	-23.216404	8.693505	-10.244929	-38.968327	-26.96014	8.981382	-14.313509	-49.344498	100.0	100.0	388499	-5.9961123	5.089875	11.750849	-37.40392	5.812361	0.3127808	3181.282833814621
260	-26.512554	7.42661	-14.076282	-36.608025	-25.751904	7.6909966	-15.948602	-40.11792	100.0	100.0	389999	-6.1430054	5.1417594	12.169132	-38.930035	5.9692883	0.30134624	3193.749119758606
261	-27.15434	7.8977885	-15.813866	-47.40144	-23.764599	4.6701493	-15.430524	-30.57422	100.0	100.0	391499	-6.305595	5.072911	10.870253	-35.569393	6.137391	0.2900309	3206.1405925750732
262	-22.954742	7.5694165	-13.701847	-37.752857	-26.87763	8.180349	-17.272387	-39.04523	100.0	100.0	392999	-6.490096	5.0631075	10.778939	-37.9351	6.3137565	0.3010769	3218.5334572792053
263	-23.997068	8.371022	-14.249989	-48.08334	-25.412725	6.6880364	-16.786602	-38.00683	100.0	100.0	394499	-6.636091	5.0733447	13.492861	-36.61862	6.4680405	0.30389374	3230.9308502674103
264	-23.424713	8.890468	-8.149213	-39.317104	-27.17482	9.54196	-10.522242	-41.15963	100.0	100.0	395999	-6.814172	5.060216	12.162513	-36.34934	6.6441307	0.28937733	3243.340463399887
265	-22.416775	7.7927537	-9.360212	-43.995087	-23.587809	7.3318486	-13.560184	-35.573483	100.0	100.0	397499	-6.9348264	5.0833206	13.135325	-37.93144	6.7570653	0.29728332	3255.734339237213
266	-26.994276	9.610189	-13.263852	-52.838116	-25.74765	13.623498	-6.914061	-59.335705	100.0	100.0	398999	-7.00689	5.1236763	13.663234	-36.601627	6.8279037	0.29888937	3268.1314108371735
267	-23.677814	6.92599	-12.33615	-36.121445	-20.52351	5.519626	-13.250164	-32.73889	100.0	100.0	400499	-7.1396384	5.182592	13.531645	-37.94437	6.9705424	0.29716566	3280.5467138290405
268	-24.05226	7.647086	-15.354409	-44.911285	-25.570726	9.356571	-11.817777	-46.830814	100.0	100.0	401999	-7.240229	5.203081	14.665378	-39.126556	7.0644026	0.3036782	3292.9902975559235
269	-21.872383	6.702915	-12.294433	-39.2041	-25.863611	8.21392	-10.125519	-40.46164	100.0	100.0	403499	-7.311092	5.22883	13.930181	-37.918644	7.1309514	0.3046275	3305.4438428878784
270	-26.770243	9.28538	-14.696419	-43.165497	-21.480753	6.0964417	-8.564818	-30.371798	100.0	100.0	404999	-7.34861	5.292537	14.365366	-40.87018	7.1661773	0.31023878	3317.8793683052063
271	-25.040459	9.028129	-7.8038797	-47.84357	-28.716839	10.167627	-13.287894	-53.018673	100.0	100.0	406499	-7.3825436	5.2990003	14.181074	-44.378143	7.2023787	0.3077768	3330.3063337802887
272	-23.996326	7.576492	-10.936317	-38.069366	-23.758741	4.7485604	-15.094326	-31.481634	100.0	100.0	407999	-7.390293	5.355705	14.585131	-50.79841	7.2120953	0.29803482	3342.743503808975
273	-25.500057	7.4354696	-8.087119	-36.60867	-27.248941	5.3121634	-17.397778	-36.23986	100.0	100.0	409499	-7.459288	5.394603	14.430369	-54.488667	7.2768645	0.31383017	3355.1366527080536
274	-23.347588	6.4662695	-11.725687	-32.06228	-26.537369	10.971356	-16.64163	-56.938564	100.0	100.0	410999	-7.491395	5.459465	14.039955	-53.417194	7.3072305	0.32282838	3367.60125207901
275	-24.160456	8.388906	-13.193118	-43.592266	-27.773212	11.11495	-10.581883	-56.426422	100.0	100.0	412499	-7.47752	5.4459515	13.935743	-48.373817	7.2924666	0.31546703	3379.966126203537
276	-21.5505	4.8621097	-14.211467	-30.62567	-30.631998	6.953531	-19.417786	-43.62354	100.0	100.0	413999	-7.466817	5.39261	13.780628	-44.422054	7.281405	0.32441992	3392.4225425720215
277	-25.405706	6.523512	-12.293558	-40.63839	-25.057346	6.509092	-15.6884165	-39.246765	100.0	100.0	415499	-7.4781823	5.39018	13.694903	-41.57938	7.3065753	0.3182831	3404.7853322029114
278	-22.074205	7.7193327	-6.8292594	-34.71897	-23.175486	6.980552	-9.062438	-31.39365	100.0	100.0	416999	-7.608731	5.379834	13.568169	-37.46635	7.4379077	0.3100058	3417.1625320911407
279	-28.082747	11.488569	-9.279287	-51.687283	-28.324535	10.4952965	-18.488798	-57.07873	100.0	100.0	418499	-7.7006993	5.393938	12.972804	-37.042732	7.52369	0.2961915	3429.589006662369
280	-30.858057	11.60104	-16.752142	-62.855183	-29.041058	8.395567	-14.298144	-43.542137	100.0	100.0	419999	-7.749631	5.4005513	13.1140375	-38.71879	7.5743227	0.29399785	3442.036924123764
281	-24.287544	8.111199	-7.72287	-40.559162	-28.92483	5.932418	-22.058764	-42.18865	100.0	100.0	421499	-7.8620524	5.4110184	12.089013	-38.190147	7.691779	0.2915799	3454.5061264038086
282	-25.898674	8.10579	-12.916224	-41.804592	-25.81153	7.113506	-12.640846	-37.28654	100.0	100.0	422999	-7.9515624	5.4148493	11.987684	-39.80824	7.7768097	0.2981552	3466.9276869297028
283	-24.272871	6.632397	-13.762757	-36.83068	-18.737255	6.995596	-9.117443	-32.61215	100.0	100.0	424499	-8.021421	5.4198694	12.690084	-38.7843	7.8416524	0.29999635	3479.3616831302643
284	-27.42895	7.251217	-16.979973	-40.714996	-27.624798	8.904405	-15.414827	-42.707203	100.0	100.0	425999	-8.029066	5.4272	12.520732	-40.891975	7.8505416	0.29727927	3491.7614567279816
285	-27.19553	7.834932	-14.95889	-46.853413	-26.913248	11.678316	-17.31598	-58.560482	100.0	100.0	427499	-8.102789	5.4681096	12.8851185	-41.153763	7.933625	0.3012828	3504.2716250419617
286	-25.35786	9.411599	-11.135352	-50.278408	-22.733364	4.2493067	-15.176536	-29.749743	100.0	100.0	428999	-8.23751	5.5130363	13.153489	-40.627594	8.071267	0.29304305	3516.6627581119537
287	-21.219961	5.3668737	-8.377915	-26.00001	-26.465714	9.236324	-13.723062	-48.069435	100.0	100.0	430499	-8.342124	5.528104	14.203321	-43.6097	8.171411	0.2977664	3529.0965485572815
288	-25.411402	6.6504884	-8.769173	-37.73042	-23.307098	7.0185614	-11.299666	-31.968775	100.0	100.0	431999	-8.391352	5.531061	14.882694	-41.57138	8.211947	0.29839328	3541.495945453644
289	-21.820482	3.9343176	-12.157634	-28.986317	-20.737999	4.7549562	-12.289323	-29.200241	100.0	100.0	433499	-8.374815	5.5337577	15.740259	-43.452538	8.1943655	0.3042932	3553.922161579132
290	-20.442356	6.9458127	-10.790721	-35.443024	-23.546406	5.5870247	-15.750166	-36.276432	100.0	100.0	434999	-8.381977	5.540497	15.807292	-44.078274	8.206405	0.31224358	3566.3318870067596
291	-25.011791	7.4881673	-13.669163	-39.602623	-21.117355	6.3115354	-13.074799	-32.56659	100.0	100.0	436499	-8.428324	5.5304465	16.23036	-43.217815	8.256072	0.29386505	3578.775399684906
292	-26.96538	7.7058105	-18.120325	-47.464893	-21.35637	3.7364335	-14.20445	-29.544964	100.0	100.0	437999	-8.497536	5.5353303	16.427282	-42.608112	8.324966	0.28707254	3591.2304821014404
293	-22.931055	4.431398	-15.691573	-31.437557	-22.437447	7.222715	-15.299223	-38.83527	100.0	100.0	439499	-8.598418	5.536814	17.785986	-45.271835	8.431716	0.2906102	3603.6861748695374
294	-24.639929	6.782578	-11.492305	-37.122074	-29.19194	9.96075	-18.920256	-46.355988	100.0	100.0	440999	-8.7017565	5.5790505	17.440403	-44.06522	8.534087	0.29283503	3616.130884170532
295	-24.96963	6.142597	-14.78735	-39.022625	-23.41549	4.028236	-17.102703	-31.22679	100.0	100.0	442499	-8.821306	5.6008825	18.244297	-43.165974	8.649179	0.2894941	3628.600770711899
296	-24.00006	10.779811	-11.816409	-52.52916	-21.949314	7.966798	-5.328745	-33.182365	100.0	100.0	443999	-8.86758	5.628971	18.018553	-43.450127	8.694405	0.29253605	3641.0188994407654
297	-21.68712	5.7580442	-14.073267	-35.077576	-24.848057	8.805721	-13.897379	-40.734093	100.0	100.0	445499	-8.9415655	5.617481	18.207157	-46.73633	8.777728	0.27865458	3653.438160419464
298	-25.947094	12.039708	-5.0871525	-57.553967	-27.754084	11.346734	-14.85399	-49.866894	100.0	100.0	446999	-9.03731	5.6404924	17.637285	-47.154266	8.870732	0.28687745	3665.865430831909
299	-21.004309	5.595222	-12.017375	-30.975964	-22.683498	6.707415	-12.6501465	-32.361282	100.0	100.0	448499	-9.111183	5.639353	17.592165	-44.283688	8.942935	0.2841374	3678.274066209793
300	-24.036427	7.6123333	-10.369599	-37.479557	-22.56089	7.086395	-12.167663	-33.177578	100.0	100.0	449999	-9.184156	5.6733246	18.350191	-44.5137	9.008702	0.2998645	3690.6747386455536
301	-27.187906	8.047002	-15.180304	-51.296394	-25.999516	6.6118684	-16.311293	-41.23597	100.0	100.0	451499	-9.156122	5.62955	17.248442	-43.63642	8.98398	0.2948871	3703.090184688568
302	-22.940453	6.4203086	-12.761672	-36.180996	-24.304592	7.5905623	-14.147045	-40.753258	100.0	100.0	452999	-9.173632	5.603066	18.085768	-43.864037	8.99677	0.29408	3715.5419981479645
303	-21.796963	6.7984304	-14.166095	-44.190243	-20.37989	6.927854	-8.773094	-32.55084	100.0	100.0	454499	-9.191813	5.6186323	18.14559	-43.94692	9.018266	0.29437682	3727.978606700897
304	-27.487417	6.8302026	-19.09513	-46.477776	-22.771555	7.428449	-13.455334	-40.910347	100.0	100.0	455999	-9.205918	5.625159	17.057869	-39.975784	9.022834	0.29500142	3740.387462377548
305	-26.366825	15.281475	-5.7361298	-75.00963	-23.90398	7.140083	-9.3938055	-34.93469	100.0	100.0	457499	-9.11721	5.62393	15.953337	-41.956375	8.936082	0.28869912	3752.807420730591
306	-24.990156	10.150916	-9.979003	-45.929447	-25.850382	8.604736	-15.452765	-40.47293	100.0	100.0	458999	-9.128901	5.646151	15.804346	-45.02887	8.953623	0.28964666	3765.244692325592
307	-24.939434	8.497644	-10.589294	-42.5319	-26.402185	4.8892107	-18.10857	-33.20045	100.0	100.0	460499	-9.157985	5.7034655	16.028463	-41.74012	8.984855	0.3012554	3777.7025861740112
308	-22.993357	7.516115	-11.328771	-39.853928	-24.419317	5.9433446	-18.548058	-37.6744	100.0	100.0	461999	-9.165176	5.799953	16.180536	-42.26871	8.9873905	0.30903673	3790.1182556152344
309	-23.275242	8.784971	-8.843295	-48.46336	-26.80367	7.881787	-14.201383	-38.32397	100.0	100.0	463499	-9.171537	5.8321166	15.739942	-42.651844	8.996437	0.30329642	3802.509719133377
310	-20.608463	6.6649027	-11.065718	-32.886864	-30.439716	13.752742	-5.2907405	-51.227158	100.0	100.0	464999	-9.156742	5.888878	15.176648	-41.64181	8.974367	0.3039483	3814.930953025818
311	-22.114424	4.6333265	-12.752492	-31.290014	-23.929146	9.632321	-15.310813	-47.277805	100.0	100.0	466499	-9.077395	5.922943	14.983012	-45.44609	8.890259	0.31059933	3827.333249807358
312	-25.578783	9.412603	-11.049898	-48.915695	-21.890408	7.665889	-6.1549907	-33.44354	100.0	100.0	467999	-9.006777	6.008079	15.101097	-43.672714	8.815397	0.30679864	3839.7388253211975
313	-28.474932	6.4635	-18.280142	-42.312878	-27.715038	11.963064	-6.835892	-48.41723	100.0	100.0	469499	-8.887714	6.033308	15.245367	-43.87848	8.693692	0.31813562	3852.198480129242
314	-21.734808	6.544269	-9.735709	-34.5717	-22.880795	7.120492	-10.884739	-36.503494	100.0	100.0	470999	-8.75547	6.101159	15.812274	-44.483997	8.562557	0.32193068	3864.630112886429
315	-23.104242	5.120258	-15.664096	-33.992752	-24.407042	7.3887544	-6.5616827	-33.786175	100.0	100.0	472499	-8.699681	6.1340413	14.551795	-45.157894	8.513769	0.31813458	3877.1156058311462
316	-23.804268	8.450588	-11.444739	-38.856964	-20.230019	4.072157	-13.609455	-27.41936	100.0	100.0	473999	-8.7116375	6.1733484	15.168186	-48.633976	8.529726	0.31311953	3889.5655603408813
317	-28.845732	14.620205	-13.302479	-77.52448	-23.862705	11.774974	-10.050956	-53.46992	100.0	100.0	475499	-8.684719	6.166134	15.034848	-47.440334	8.507268	0.30382413	3902.112269639969
318	-25.750387	6.979485	-16.708523	-38.96873	-25.73238	7.3996825	-16.220175	-39.317486	100.0	100.0	476999	-8.684025	6.161804	14.941069	-42.898937	8.5076	0.29870728	3914.5899329185486
319	-19.636076	6.8876643	-2.9293282	-28.99254	-24.50338	7.1282616	-14.534283	-35.749638	100.0	100.0	478499	-8.7137785	6.131212	15.991573	-40.968266	8.53614	0.30598775	3927.0627069473267
320	-22.05273	5.0639963	-13.420052	-32.798557	-23.84431	6.3342137	-10.778668	-31.386742	100.0	100.0	479999	-8.753797	6.0754113	15.712346	-47.2796	8.580463	0.29242375	3939.4781811237335
321	-24.64426	8.623716	-12.465387	-42.219738	-21.391882	6.0467415	-13.601464	-33.084618	100.0	100.0	481499	-8.729066	6.0770464	16.477007	-45.58493	8.546845	0.28791574	3951.8956604003906
322	-22.26254	9.409978	-8.852255	-43.62225	-25.92789	7.4869156	-15.154563	-39.7142	100.0	100.0	482999	-8.726107	6.037245	17.088928	-44.29584	8.540824	0.29087743	3964.3511526584625
323	-22.733856	5.6313066	-15.577093	-36.946583	-27.291773	8.000068	-12.745477	-42.283276	100.0	100.0	484499	-8.6906595	6.0564995	17.151703	-43.420753	8.503367	0.2893787	3976.817341566086
324	-25.246756	7.344258	-12.871105	-45.386677	-24.219067	4.484963	-16.033667	-31.54941	100.0	100.0	485999	-8.625681	6.016006	16.726183	-40.512657	8.442154	0.2884583	3989.2678847312927
325	-25.229847	7.3616414	-12.0003605	-38.944263	-26.483913	6.7728405	-10.563782	-36.03571	100.0	100.0	487499	-8.6223135	6.0469227	15.461747	-41.739132	8.438184	0.28831458	4001.7355768680573
326	-19.852388	5.9132924	-10.221355	-30.347034	-24.020954	6.454614	-15.567905	-35.313446	100.0	100.0	488999	-8.643306	6.0628066	14.388475	-41.996098	8.467532	0.2922397	4014.1318213939667
327	-25.236519	5.633581	-12.36413	-34.856464	-23.758131	4.9678736	-16.35361	-31.765032	100.0	100.0	490499	-8.6486845	6.05083	13.589699	-41.71937	8.467725	0.29797354	4026.6181271076202
328	-18.981588	5.5307736	-11.920541	-29.539038	-22.775234	5.89849	-7.3339634	-29.614403	100.0	100.0	491999	-8.715418	6.107174	13.255589	-43.94494	8.536206	0.2910275	4039.065434217453
329	-22.611864	7.193464	-11.3038025	-39.579597	-23.576622	7.671534	-12.935461	-40.23385	100.0	100.0	493499	-8.7165985	6.0868263	13.697776	-42.166584	8.536665	0.30342972	4051.511024236679
330	-24.700542	16.45162	-7.7372003	-79.61419	-21.188404	9.530462	-9.913752	-43.040443	100.0	100.0	494999	-8.742578	6.091119	13.259049	-40.914883	8.561426	0.2906093	4063.9329776763916
331	-22.544804	9.295757	-5.989618	-44.9699	-22.020704	9.2460575	-9.343365	-41.53994	100.0	100.0	496499	-8.757287	6.056477	12.471355	-39.944187	8.579926	0.2917809	4076.3377039432526
332	-23.603159	9.920304	-9.298679	-51.070255	-21.434378	5.7825155	-10.577226	-29.978857	100.0	100.0	497999	-8.757345	6.00111	12.543541	-41.187817	8.577619	0.2858388	4088.7515161037445
333	-24.35294	7.43895	-14.408719	-40.01391	-23.830328	8.746508	-17.131783	-46.543835	100.0	100.0	499499	-8.767469	5.91341	11.766504	-41.192783	8.587366	0.2801384	4101.190690994263
334	-27.713842	5.480365	-20.422253	-39.62454	-27.6108	11.070782	-11.822352	-52.94236	100.0	100.0	500999	-8.772293	5.865878	11.438168	-40.588295	8.593164	0.28426886	4113.620621919632
335	-22.983372	7.5363855	-4.5903993	-35.18573	-27.13023	9.678224	-11.19306	-43.79984	100.0	100.0	502499	-8.764683	5.8678956	11.3372965	-40.894333	8.580465	0.2814255	4126.057545423508
336	-22.920511	7.3439913	-13.365901	-39.88146	-27.8232	4.869787	-19.894041	-38.032486	100.0	100.0	503999	-8.7648	5.8265476	12.412223	-39.85253	8.58361	0.29469636	4138.514287948608
337	-24.904118	8.306859	-12.314832	-41.17611	-25.339108	5.48354	-15.464318	-32.609123	100.0	100.0	505499	-8.765763	5.76324	12.913794	-39.81088	8.5883875	0.2852239	4150.960948467255
338	-23.880219	6.9486294	-12.165947	-40.625256	-23.301071	6.492254	-13.737237	-32.83143	100.0	100.0	506999	-8.809951	5.730222	12.813592	-39.433506	8.635487	0.29357436	4163.4070110321045
339	-27.994417	6.589777	-15.857868	-41.531517	-24.366184	5.8340354	-15.174658	-35.943913	100.0	100.0	508499	-8.847457	5.6732893	12.990432	-41.86538	8.67541	0.2956624	4175.874498605728
340	-22.939314	6.4888635	-10.909395	-38.085697	-24.471548	6.7589545	-14.664096	-36.930756	100.0	100.0	509999	-8.967552	5.6523976	13.1016655	-40.130302	8.793752	0.29141116	4188.245011806488
341	-25.477606	6.7170324	-13.560364	-36.400772	-21.134304	6.1925282	-12.604377	-36.561546	100.0	100.0	511499	-8.944201	5.6582727	13.279289	-38.47695	8.769361	0.29458612	4200.699098110199
342	-25.281286	10.891175	-4.884493	-48.132607	-23.13451	3.0353577	-17.07731	-29.480486	100.0	100.0	512999	-9.007107	5.6681795	13.948018	-39.226284	8.836564	0.2964165	4213.092894792557
343	-23.37924	8.004989	-10.216733	-39.77446	-24.342815	8.764687	-7.181752	-35.35554	100.0	100.0	514499	-9.059943	5.6309204	13.7421875	-37.47066	8.8875	0.29891017	4225.56785774231
344	-21.751617	4.974588	-13.921081	-33.233875	-24.1795	7.103143	-12.371788	-39.156807	100.0	100.0	515999	-9.069837	5.646509	14.226698	-37.636127	8.894674	0.29175743	4237.983605623245
345	-23.71877	5.768969	-14.70321	-39.328495	-21.655918	5.0812435	-17.919735	-35.483894	100.0	100.0	517499	-9.097442	5.6775775	12.862711	-38.1921	8.916148	0.29129586	4250.444652080536
346	-20.328783	5.7199655	-5.521401	-30.693869	-23.409119	7.785553	-15.4734	-41.902386	100.0	100.0	518999	-9.086024	5.7230988	14.241177	-38.25329	8.902363	0.29305962	4262.858421802521
347	-23.73224	7.132487	-12.452414	-40.519913	-26.50025	5.6166854	-19.600555	-39.574615	100.0	100.0	520499	-9.068041	5.746346	13.3901825	-40.020836	8.890125	0.2934059	4275.252682209015
348	-23.413431	6.017194	-13.188401	-32.229767	-23.365793	6.210869	-15.391909	-34.84982	100.0	100.0	521999	-9.019261	5.781723	12.897341	-38.00501	8.8429785	0.2882556	4287.679425001144
349	-25.432245	6.968585	-16.885271	-43.631603	-21.975536	5.930845	-13.963613	-32.2892	100.0	100.0	523499	-9.06317	5.813033	13.521085	-38.474644	8.885761	0.29289055	4300.187656164169
350	-27.262506	13.49348	-10.601874	-56.765533	-26.027393	6.26276	-12.775153	-33.734245	100.0	100.0	524999	-9.003897	5.844858	12.135667	-43.55803	8.819447	0.29419726	4312.567656755447
351	-26.17124	7.4430785	-10.382415	-40.930534	-27.407099	8.09357	-15.589921	-40.996418	100.0	100.0	526499	-8.938426	5.854271	12.868772	-39.90858	8.755279	0.3019342	4325.004350423813
352	-19.139954	4.9346924	-11.204922	-28.536894	-17.82054	5.1746306	-11.595824	-28.388268	100.0	100.0	527999	-8.915555	5.8930025	11.855963	-38.313618	8.741068	0.2899314	4337.4086039066315
353	-22.277311	7.6720624	-13.729884	-41.49642	-21.054264	7.352387	-9.65732	-37.54974	100.0	100.0	529499	-8.92401	5.9041896	10.566084	-37.95318	8.75462	0.29469132	4349.871737241745
354	-25.70718	7.976695	-14.364925	-50.306236	-23.450405	9.96757	-9.501709	-46.71179	100.0	100.0	530999	-8.960851	5.919297	11.048741	-36.91793	8.78431	0.3033022	4362.302259922028
355	-22.988659	7.6019926	-12.966193	-42.577507	-22.859001	8.440472	-4.49288	-34.09434	100.0	100.0	532499	-8.934421	5.929578	11.082891	-37.86245	8.753828	0.31071553	4374.726831674576
356	-24.066425	8.32807	-7.2782207	-39.730446	-25.136831	7.1932864	-14.48294	-37.466137	100.0	100.0	533999	-8.80304	5.953803	11.7612505	-39.158047	8.600699	0.3118662	4387.135115861893
357	-24.665962	9.338954	-12.733139	-51.274345	-24.179575	7.1614904	-10.099936	-36.084652	100.0	100.0	535499	-8.586314	5.894666	12.027212	-43.385036	8.38714	0.30781224	4399.557440519333
358	-24.095953	6.8863616	-12.230898	-34.95955	-24.1138	8.258868	-14.130113	-45.12638	100.0	100.0	536999	-8.442843	5.8385453	12.134845	-40.177055	8.25229	0.3140787	4411.982259988785
359	-23.931786	10.800215	-10.174692	-42.686207	-22.732128	6.6894026	-12.909097	-32.367523	100.0	100.0	538499	-8.328501	5.767069	11.926239	-37.26828	8.149254	0.30491093	4424.4450941085815
360	-24.383966	5.1691866	-13.653588	-32.511772	-20.788937	7.134454	-10.245468	-31.433538	100.0	100.0	539999	-8.353598	5.7373385	11.880932	-39.82537	8.168276	0.29855365	4436.86036491394
361	-24.52019	8.255509	-9.457742	-46.92844	-22.067312	8.522629	-10.445962	-35.308846	100.0	100.0	541499	-8.280715	5.703549	11.365204	-37.19554	8.095394	0.30233192	4449.305209159851
362	-25.191154	6.706871	-15.961028	-42.49335	-20.324287	7.4650764	-12.868965	-33.14821	100.0	100.0	542999	-8.253897	5.6541142	10.271589	-38.494938	8.0703125	0.3141831	4461.708577632904
363	-21.922205	8.232819	-8.713021	-36.115437	-25.267149	5.742776	-17.077236	-32.767807	100.0	100.0	544499	-8.152241	5.6014566	9.450623	-38.64367	7.966088	0.3059181	4474.115718364716
364	-21.778185	7.598523	-10.140899	-37.83765	-24.570974	8.06297	-9.03092	-37.4351	100.0	100.0	545999	-8.097388	5.5447235	9.644228	-39.114674	7.9120326	0.29689753	4486.586729049683
365	-22.703989	8.497385	-9.293334	-42.797047	-18.549503	4.4834743	-9.40564	-23.863241	100.0	100.0	547499	-8.0050745	5.4953456	10.121929	-39.114346	7.8162265	0.2886595	4498.994989395142
366	-23.98374	7.2965374	-12.2689705	-37.656742	-23.35133	9.434099	-7.9419136	-37.92134	100.0	100.0	548999	-7.9308257	5.4252563	9.223477	-38.603657	7.7533827	0.28439695	4511.441431760788
367	-21.639978	9.492151	-7.030798	-40.995747	-22.878439	5.110739	-13.046226	-30.548204	100.0	100.0	550499	-7.986895	5.3533564	9.6455345	-37.594074	7.8198137	0.27845678	4523.800100803375
368	-25.468163	9.4296	-7.1877065	-43.764282	-23.720003	6.3443418	-12.162463	-32.325203	100.0	100.0	551999	-8.082605	5.304473	9.378628	-37.59913	7.9123178	0.28595373	4536.256395816803
369	-20.487514	9.344151	-7.140439	-38.939766	-22.501827	5.791651	-11.148013	-32.601425	100.0	100.0	553499	-8.131467	5.2732224	8.560772	-37.636036	7.960301	0.27799085	4548.666316747665
370	-22.223125	6.064253	-13.809885	-33.124676	-22.786505	6.788947	-13.925768	-35.471474	100.0	100.0	554999	-8.18741	5.2508197	9.022395	-36.50514	8.016505	0.28302184	4561.029438495636
371	-23.069221	7.9599533	-5.159351	-39.296764	-24.62032	7.5600452	-9.270953	-38.65522	100.0	100.0	556499	-8.299677	5.2080126	8.148514	-37.47692	8.136456	0.27998567	4573.46102309227
372	-25.081348	8.392196	-9.91751	-38.853477	-20.686525	5.444798	-10.087503	-28.28014	100.0	100.0	557999	-8.429357	5.16642	7.2793465	-38.323437	8.268394	0.2645561	4585.918206691742
373	-20.878946	7.0837655	-12.100563	-34.6555	-19.696922	7.925028	-3.5728095	-30.054619	100.0	100.0	559499	-8.528368	5.1196723	7.453518	-37.15713	8.363187	0.27026364	4598.315523147583
374	-24.082731	7.1001406	-10.14901	-37.107937	-23.336151	8.748509	-13.302744	-43.08077	100.0	100.0	560999	-8.58995	5.0928116	8.172694	-37.2828	8.424223	0.26459858	4610.778948307037
375	-23.917173	6.7440963	-14.738004	-39.448265	-23.925587	5.258906	-15.287991	-32.32462	100.0	100.0	562499	-8.733064	5.087521	8.639719	-37.652557	8.575829	0.26542628	4623.198596715927
376	-22.423903	7.039224	-9.464619	-36.16217	-18.762712	3.8228064	-13.356059	-26.450954	100.0	100.0	563999	-8.838024	5.102102	8.004347	-38.823574	8.676134	0.26993987	4635.605252027512
377	-21.282074	8.175406	-9.891462	-38.505238	-23.20383	10.053485	-15.353621	-45.935757	100.0	100.0	565499	-8.895863	5.119879	8.113901	-36.655415	8.727604	0.2741239	4648.060651063919
378	-25.81416	10.417785	-13.474915	-52.176723	-26.822104	9.545324	-14.828071	-46.375645	100.0	100.0	566999	-8.857912	5.1215568	7.639415	-36.559757	8.687755	0.26896086	4660.461423873901
379	-27.360193	8.900357	-15.601299	-48.200615	-23.06809	5.9253645	-11.173786	-31.91712	100.0	100.0	568499	-8.913179	5.1785517	7.879136	-38.66059	8.742988	0.2729301	4672.926031112671
380	-26.094187	7.4604793	-15.185931	-37.785374	-24.69737	9.884847	-15.385551	-40.614395	100.0	100.0	569999	-8.893868	5.214677	8.236531	-39.01745	8.715432	0.27454987	4685.491542816162
381	-21.132996	6.531339	-11.3987465	-31.324886	-23.881054	4.571928	-17.566824	-31.205221	100.0	100.0	571499	-8.7787695	5.2192717	7.1581526	-36.850414	8.591374	0.27174613	4697.890714883804
382	-25.103018	6.572991	-14.516919	-34.89623	-17.267168	6.333399	-7.002112	-25.360134	100.0	100.0	572999	-8.650783	5.2742906	8.40391	-39.36662	8.458417	0.27582744	4710.325030565262
383	-19.827305	5.226882	-10.433722	-31.505993	-18.243858	7.3951716	-8.681092	-31.86406	100.0	100.0	574499	-8.46203	5.2953873	8.314464	-37.897556	8.266676	0.28812054	4722.728413820267
384	-26.10729	6.6478825	-13.547294	-41.343166	-23.073193	6.584843	-12.7384615	-37.718277	100.0	100.0	575999	-8.269725	5.3460073	10.871111	-38.57127	8.068028	0.2888257	4735.172225475311
385	-24.518799	10.414143	-7.038031	-54.78115	-25.4016	8.239142	-15.655467	-43.496544	100.0	100.0	577499	-7.9837117	5.3997083	11.028227	-37.695564	7.7710466	0.29722014	4747.638943195343
386	-24.354	9.596742	-8.290686	-46.513702	-19.286648	7.9197826	-7.599982	-37.391148	100.0	100.0	578999	-7.62175	5.4539223	11.121309	-36.82615	7.401681	0.30239978	4760.114915132523
387	-23.342041	7.586717	-8.579921	-39.891655	-21.391941	10.248174	-9.000969	-46.540558	100.0	100.0	580499	-7.3376293	5.536223	11.498061	-36.060005	7.125856	0.30083758	4772.571492195129
388	-27.378126	11.151478	-16.629417	-59.365177	-18.99977	7.1940565	-7.924827	-31.773724	100.0	100.0	581999	-7.0423627	5.5975137	12.2817	-35.066364	6.8254757	0.3210125	4785.005526304245
389	-24.87531	7.804194	-9.402395	-41.651123	-25.551146	9.165876	-3.101421	-35.11671	100.0	100.0	583499	-6.7043934	5.599939	11.562416	-35.120308	6.4870143	0.31478235	4797.419181585312
390	-24.29367	7.8026695	-13.623192	-40.30836	-25.036001	11.166792	-8.692914	-51.549843	100.0	100.0	584999	-6.4657826	5.5909886	11.54169	-35.99809	6.259956	0.308391	4809.905482530594
391	-23.259203	9.819208	-4.2309446	-41.783737	-20.280254	6.934924	-10.605451	-32.363525	100.0	100.0	586499	-6.2198057	5.591668	11.338412	-32.91776	6.011241	0.31887057	4822.350860834122
392	-24.999369	12.141218	-8.646435	-59.51069	-21.520607	6.304273	-12.423961	-32.750652	100.0	100.0	587999	-6.0094986	5.574242	11.166365	-35.213474	5.806202	0.31528813	4834.787828445435
393	-23.929157	9.690729	-9.547503	-40.567314	-25.825275	8.868351	-12.399347	-42.01874	100.0	100.0	589499	-5.8315063	5.514169	10.074833	-33.850174	5.6205764	0.31758928	4847.185947179794
394	-21.330362	8.517763	-8.582986	-41.92958	-21.062136	6.9288335	-13.020215	-35.115765	100.0	100.0	590999	-5.572691	5.4464135	9.370446	-33.577824	5.3630886	0.3120666	4859.636694192886
395	-23.948545	7.8754845	-12.358834	-38.366554	-26.888294	11.99296	-14.928489	-53.077396	100.0	100.0	592499	-5.416146	5.379399	8.762627	-33.491417	5.2190027	0.3061698	4872.118716955185
396	-22.432886	7.152518	-9.414241	-36.104187	-23.180748	6.7979655	-11.086933	-35.13883	100.0	100.0	593999	-5.3432207	5.3309355	7.388828	-35.31447	5.157982	0.30029005	4884.544100522995
397	-23.819963	6.9696765	-9.525835	-34.434544	-26.915005	7.949568	-13.794944	-40.692947	100.0	100.0	595499	-5.3371115	5.25936	7.712246	-34.76334	5.1527624	0.28922802	4896.991269111633
398	-22.95956	5.4948173	-14.136759	-37.534637	-21.87461	8.27039	-8.387935	-34.538074	100.0	100.0	596999	-5.3884096	5.240479	7.485051	-35.4528	5.217369	0.2804975	4909.417479753494
399	-27.790276	10.679404	-8.360927	-48.01746	-22.935162	8.817929	-9.67133	-39.218746	100.0	100.0	598499	-5.5109572	5.1955013	6.7503595	-36.64546	5.344477	0.28553012	4921.872133970261
400	-23.87533	7.296139	-10.997611	-37.3329	-23.817661	5.1915016	-13.610193	-32.64554	100.0	100.0	599999	-5.6779428	5.15768	6.7014446	-35.335434	5.514538	0.27095678	4934.321905851364
401	-23.623558	6.8232436	-12.072449	-34.657833	-23.774378	3.8012493	-18.848766	-30.661396	100.0	100.0	601499	-5.8112864	5.1138253	6.766876	-36.10003	5.6492257	0.2762774	4946.77822136879
402	-23.647146	6.893382	-8.994918	-35.60162	-25.968616	11.779879	-9.402252	-45.72	100.0	100.0	602999	-5.920575	5.0648656	7.119565	-35.79721	5.756538	0.2703206	4959.254463434219
403	-24.52841	7.366794	-14.800276	-42.253765	-21.818073	9.1253395	-5.558133	-40.79151	100.0	100.0	604499	-6.059028	5.055076	6.7652016	-36.43094	5.8991942	0.26694587	4971.713325738907
404	-26.33058	9.062711	-12.924093	-41.88785	-19.746964	4.6869326	-10.141706	-26.541206	100.0	100.0	605999	-6.16134	5.0072255	6.733662	-35.34555	6.002703	0.2658918	4984.1790635585785
405	-24.80872	5.8127255	-13.919691	-32.67876	-18.82192	7.0630894	-5.629418	-28.359634	100.0	100.0	607499	-6.295665	4.989697	7.057705	-33.45295	6.134841	0.26370582	4996.643629312515
406	-22.899736	9.997536	-8.056185	-41.31527	-26.103664	7.107481	-16.95097	-43.165817	100.0	100.0	608999	-6.408487	4.933702	7.605556	-36.523327	6.2536144	0.26968884	5009.021843910217
407	-26.653547	6.0981474	-18.908789	-37.768852	-20.743921	7.3480387	-9.493525	-32.247337	100.0	100.0	610499	-6.5570297	4.9237723	8.017699	-37.116966	6.394075	0.26405203	5021.483315706253
408	-26.69064	6.6372137	-13.98883	-37.891464	-18.973782	4.24878	-12.662554	-27.044622	100.0	100.0	611999	-6.6222777	4.913967	8.178328	-36.63443	6.453916	0.26167852	5033.955168247223
409	-23.46496	7.6727777	-9.032458	-41.457157	-23.906197	12.577696	-10.883312	-56.072514	100.0	100.0	613499	-6.688187	4.9281697	8.0068445	-36.53218	6.5176425	0.2735081	5046.384442090988
410	-24.412203	8.571515	-6.9459577	-47.071995	-20.87232	4.825288	-15.392866	-30.539152	100.0	100.0	614999	-6.656648	4.8644104	7.9669695	-36.935917	6.48762	0.2608444	5058.824810266495
411	-24.601454	8.929537	-10.326916	-40.144897	-23.494747	5.8727074	-15.3555	-34.43044	100.0	100.0	616499	-6.788191	4.8442616	7.267371	-34.642017	6.6302238	0.2530105	5071.280016422272
412	-26.189014	9.267931	-17.112509	-54.845913	-22.847229	7.70549	-11.358943	-38.541134	100.0	100.0	617999	-6.868535	4.7809634	7.5865374	-34.495308	6.7056913	0.2649056	5083.824043512344
413	-22.164495	6.3831043	-7.940488	-32.126488	-21.493568	5.5463376	-11.123736	-34.548817	100.0	100.0	619499	-6.916956	4.747468	8.671791	-38.609375	6.742949	0.2655616	5096.1939289569855
414	-22.097073	7.115506	-7.917544	-30.64008	-23.445776	7.9655013	-12.339592	-41.24339	100.0	100.0	620999	-6.9131327	4.6934485	10.360073	-38.111908	6.7403865	0.27394754	5108.638268232346
415	-25.612867	8.083897	-11.178753	-47.672195	-23.139362	6.321478	-11.4309	-31.604301	100.0	100.0	622499	-6.9627585	4.6816773	11.240658	-41.502792	6.7919507	0.27176484	5121.060398578644
416	-23.771467	9.388176	-8.899645	-45.935886	-24.176962	8.640405	-13.483216	-38.288887	100.0	100.0	623999	-6.946711	4.638589	11.923132	-35.418793	6.771327	0.27352196	5133.481260538101
417	-23.939867	8.348609	-12.567952	-45.659916	-21.274614	9.477046	-7.1793785	-43.017982	100.0	100.0	625499	-6.9258323	4.6139727	13.576132	-39.498653	6.742405	0.27507174	5145.894413232803
418	-20.996431	4.8604765	-15.432393	-31.371555	-23.730192	8.218004	-12.188103	-36.681168	100.0	100.0	626999	-6.785673	4.646409	15.719218	-34.969307	6.595867	0.2869674	5158.332027435303
419	-24.810156	7.8386025	-12.23564	-40.24893	-19.7682	4.0237164	-13.905921	-29.257334	100.0	100.0	628499	-6.709426	4.719769	15.975581	-37.68505	6.526214	0.29124	5170.7936725616455
420	-22.962702	8.664635	-11.353517	-48.22727	-29.657263	8.52401	-17.300028	-46.160942	100.0	100.0	629999	-6.7034054	4.8092933	16.521862	-35.211357	6.528288	0.29019868	5183.259143829346
421	-22.530647	7.35719	-13.377897	-44.04111	-24.269533	5.542615	-14.069841	-31.810001	100.0	100.0	631499	-6.692527	4.76108	16.11906	-36.207523	6.5149546	0.27912778	5195.638594865799
422	-23.357841	7.566481	-10.934623	-41.488823	-20.16087	5.036637	-13.572305	-29.084698	100.0	100.0	632999	-6.6670237	4.734282	14.760479	-35.669327	6.4910827	0.27018207	5207.912493467331
423	-25.053862	9.341666	-12.380114	-49.530678	-28.002966	9.588901	-20.144653	-54.030075	100.0	100.0	634499	-6.7014875	4.724587	14.310439	-33.65283	6.5246077	0.27031776	5220.268157243729
424	-25.132868	7.429323	-14.97958	-44.620594	-22.26569	8.231588	-9.707933	-37.496563	100.0	100.0	635999	-6.714538	4.6624093	13.347066	-37.37465	6.5421166	0.2643339	5232.648025751114
425	-29.468153	10.419123	-16.20868	-56.831753	-23.389088	6.305139	-12.662693	-30.807903	100.0	100.0	637499	-6.7957067	4.6474223	11.956454	-35.4989	6.623164	0.25823712	5244.97198176384
426	-25.906225	7.5047727	-16.3004	-41.732628	-21.647388	8.549731	-9.273083	-40.21543	100.0	100.0	638999	-6.801946	4.5803866	11.403132	-33.665527	6.633326	0.24306728	5257.327853918076
427	-24.863947	6.820446	-12.145869	-37.011383	-22.913857	6.084096	-6.3630557	-28.601103	100.0	100.0	640499	-6.859125	4.6010942	11.114752	-33.40654	6.6860404	0.25178403	5269.732332706451
428	-22.24369	9.935153	-8.389077	-41.018124	-26.175146	7.1295776	-14.091497	-37.92908	100.0	100.0	641999	-6.8632326	4.6379504	11.377442	-34.73694	6.694341	0.25281283	5282.106108903885
429	-23.976898	8.299786	-11.772357	-38.647633	-22.817379	4.206959	-15.308329	-31.115026	100.0	100.0	643499	-6.8851876	4.737652	11.056626	-33.394337	6.7088814	0.25317892	5294.518641710281
430	-25.48094	8.728975	-9.675375	-39.018448	-20.626228	5.575726	-12.455448	-29.02616	100.0	100.0	644999	-6.9324455	4.8116994	10.245228	-33.07091	6.760728	0.2531844	5306.9293603897095
431	-26.885464	6.8946247	-18.940712	-47.999683	-29.115213	10.828616	-13.370087	-50.802372	100.0	100.0	646499	-6.9445314	4.883764	10.593284	-33.241776	6.7781997	0.25520924	5319.270994186401
432	-26.31035	5.558931	-15.307679	-36.071785	-23.880499	4.9142675	-13.663031	-32.82644	100.0	100.0	647999	-7.010578	4.966634	10.365454	-33.278194	6.8406763	0.25698873	5331.686912536621
433	-24.522776	7.1245236	-10.220301	-35.705486	-23.779646	8.294869	-11.33875	-38.76327	100.0	100.0	649499	-7.014765	5.090117	10.671737	-35.131336	6.84125	0.26855665	5344.101497411728
434	-26.39093	6.627913	-13.142751	-35.015812	-22.779284	4.9856515	-12.885935	-30.833462	100.0	100.0	650999	-6.992909	5.13028	9.978748	-37.39377	6.8145924	0.2700535	5356.367218732834
435	-30.880339	9.488337	-12.872593	-45.361263	-28.628138	7.9375596	-15.276147	-38.95088	100.0	100.0	652499	-6.989252	5.214409	11.949216	-34.6214	6.815264	0.28327048	5368.696318387985
436	-25.54507	8.226872	-11.659752	-40.365032	-19.306408	4.30436	-10.981824	-25.01136	100.0	100.0	653999	-6.993506	5.2704186	11.155457	-36.769268	6.8147326	0.28238708	5381.001464366913
437	-23.46057	8.972396	-12.674009	-46.64	-28.662785	3.9748542	-23.045815	-34.32565	100.0	100.0	655499	-6.9005437	5.3441834	10.762522	-35.293556	6.7120047	0.2833105	5393.353090763092
438	-26.05457	8.795481	-13.770632	-40.008816	-23.404875	11.241601	-11.9124975	-52.39999	100.0	100.0	656999	-6.74875	5.467885	10.547958	-34.44173	6.545089	0.296719	5405.712673187256
439	-24.28943	8.233286	-13.615972	-48.836357	-26.282513	3.940137	-17.89254	-32.353466	100.0	100.0	658499	-6.503544	5.5430646	10.7935915	-37.1165	6.303893	0.29931957	5418.080649137497
440	-20.903631	5.6339498	-11.133216	-33.85167	-24.511227	6.778417	-14.484976	-35.963276	100.0	100.0	659999	-6.3457174	5.6215425	10.75179	-36.75712	6.1444025	0.30795154	5430.407673597336
441	-22.366316	6.071988	-10.720471	-37.396606	-22.764399	5.5143514	-13.336333	-33.546352	100.0	100.0	661499	-6.1129227	5.7098546	11.009345	-36.20756	5.903634	0.31441522	5442.787179708481
442	-27.256569	7.6005483	-13.91788	-45.039246	-23.649101	6.157081	-15.589033	-35.934376	100.0	100.0	662999	-5.8963585	5.8039885	11.556821	-33.463177	5.6906037	0.30651474	5455.151820659637
443	-25.662928	7.806662	-12.394248	-44.499542	-23.75004	6.174484	-15.209888	-34.041897	100.0	100.0	664499	-5.7034087	5.89616	11.99035	-35.573196	5.500647	0.31516206	5467.5969977378845
444	-23.669508	8.004931	-11.040615	-43.431396	-27.858318	11.075424	-17.178009	-53.29353	100.0	100.0	665999	-5.5323834	5.9746757	12.724574	-37.26882	5.3333993	0.30720028	5479.957678556442
445	-25.48222	7.750718	-13.122386	-43.064075	-26.622257	8.40755	-13.885079	-40.403214	100.0	100.0	667499	-5.432551	6.02068	12.189394	-37.050823	5.240168	0.30143258	5492.319776058197
446	-22.739468	5.2152495	-14.315053	-35.687183	-25.598568	7.874557	-17.921148	-41.38168	100.0	100.0	668999	-5.40119	6.0445557	12.526785	-37.960625	5.216858	0.29055956	5504.689967870712
447	-27.243776	9.833549	-14.765866	-48.58952	-21.528162	5.1791797	-12.312992	-29.540445	100.0	100.0	670499	-5.363098	6.063626	12.993131	-33.95527	5.179178	0.29462025	5517.039844274521
448	-21.567636	5.6636033	-13.725322	-34.559032	-27.083008	7.81721	-18.525831	-45.66568	100.0	100.0	671999	-5.4018664	6.0410647	13.1164055	-35.19305	5.223125	0.28921622	5529.403497219086
449	-22.607494	9.139775	-9.859519	-52.242634	-24.029383	8.240654	-11.442105	-36.46688	100.0	100.0	673499	-5.3319845	6.035606	13.303092	-31.585228	5.1426	0.2953785	5541.792681932449
450	-23.813951	4.9027596	-13.605858	-29.324213	-24.955929	8.293572	-10.847192	-42.642075	100.0	100.0	674999	-5.2887692	6.0041065	14.032731	-35.44146	5.097042	0.3100592	5554.179958820343
451	-24.47664	8.253028	-9.82244	-40.568962	-24.105995	7.0604887	-11.655643	-38.606613	100.0	100.0	676499	-5.254969	5.985126	13.894201	-35.171932	5.066388	0.29956278	5566.580347299576
452	-20.356329	6.195928	-6.1666007	-29.075274	-25.10209	5.669563	-14.986058	-33.536137	100.0	100.0	677999	-5.2698636	5.960734	14.699055	-34.83218	5.0899673	0.28748694	5578.94425034523
453	-23.355328	7.485005	-9.586653	-35.580322	-22.52617	7.0598607	-5.9181156	-31.85836	100.0	100.0	679499	-5.2648873	5.9843187	14.970811	-35.671665	5.0815573	0.29782537	5591.32035946846
454	-26.051125	8.0807295	-15.380107	-40.39163	-30.226147	10.968647	-15.012891	-50.645844	100.0	100.0	680999	-5.2707458	6.0140457	14.555372	-33.33583	5.085282	0.30045113	5603.735033273697
455	-24.621561	9.542734	-14.62852	-51.443386	-20.352692	5.436059	-10.515673	-29.758125	100.0	100.0	682499	-5.319292	6.0805387	14.07777	-33.723965	5.1448674	0.29078153	5616.122989416122
456	-23.847185	6.6762795	-12.203121	-33.42217	-23.899412	5.8493867	-15.2168865	-33.632347	100.0	100.0	683999	-5.4036946	6.114066	15.463705	-33.144615	5.237039	0.30152446	5628.494590997696
457	-25.11363	5.5938582	-12.477639	-36.939323	-24.658161	6.4274936	-12.205402	-35.69795	100.0	100.0	685499	-5.4923997	6.1452956	13.463922	-38.570118	5.3178954	0.2992637	5640.943588256836
458	-26.597576	9.131139	-15.412382	-47.29948	-21.970907	9.057027	-10.72925	-37.558384	100.0	100.0	686999	-5.5431166	6.169297	13.712177	-38.404926	5.366588	0.29933578	5653.342075586319
459	-21.930813	6.4398055	-14.392958	-36.735817	-22.56326	6.9981146	-11.763795	-36.545975	100.0	100.0	688499	-5.5827813	6.222673	14.037341	-39.792313	5.4101186	0.30304378	5665.7109706401825
460	-25.092596	7.994619	-13.105669	-39.620483	-21.72697	4.7815194	-17.09387	-33.120987	100.0	100.0	689999	-5.64046	6.2465415	14.148831	-33.110348	5.4726105	0.31067845	5678.099116802216
461	-23.92517	6.711807	-11.83759	-35.349556	-23.774746	7.977515	-12.343163	-43.112892	100.0	100.0	691499	-5.699974	6.1991453	14.569082	-33.24594	5.5285425	0.30261666	5690.485797405243
462	-22.117022	10.57613	-10.101861	-49.625504	-26.67843	6.2888823	-16.107893	-38.91998	100.0	100.0	692999	-5.7504277	6.1479907	14.888801	-33.2438	5.571824	0.30120558	5702.880745887756
463	-24.653597	7.2759943	-12.763151	-43.494507	-20.191998	10.219911	-4.085207	-42.310184	100.0	100.0	694499	-5.7186875	6.122592	14.141615	-33.530792	5.5359635	0.2978911	5715.170873403549
464	-25.050682	7.1835394	-14.443217	-41.5387	-28.366644	8.982567	-9.585826	-45.061512	100.0	100.0	695999	-5.7279773	6.1569104	15.124381	-35.3423	5.5444036	0.3042166	5727.538027763367
465	-27.707174	9.176586	-14.325285	-55.993134	-21.89557	6.1320214	-13.273987	-32.540913	100.0	100.0	697499	-5.6805496	6.2019305	14.103528	-38.059498	5.4871616	0.310692	5739.92067027092
466	-24.424217	8.967076	-8.118769	-43.582462	-24.001194	3.556711	-17.92149	-29.031406	100.0	100.0	698999	-5.6001244	6.2184505	14.186545	-35.84242	5.4176893	0.30561763	5752.27707028389
467	-23.777363	6.2157717	-6.756048	-35.0405	-25.11866	4.7711396	-17.323088	-32.88624	100.0	100.0	700499	-5.5732627	6.2551074	12.779398	-35.18503	5.3945646	0.31188577	5764.664874792099
468	-24.487507	9.912284	-13.440199	-46.271683	-22.442163	8.765558	-6.923585	-43.382057	100.0	100.0	701999	-5.607186	6.228784	13.249457	-34.758224	5.4310255	0.3072629	5777.0722715854645
469	-23.236763	4.9370413	-16.786346	-32.780247	-23.479193	7.558169	-11.854079	-37.236176	100.0	100.0	703499	-5.6392393	6.185413	13.678563	-35.21895	5.4597497	0.31124964	5789.473889350891
470	-26.020077	7.334601	-16.056635	-41.09658	-23.054623	5.6605377	-9.850599	-30.961763	100.0	100.0	704999	-5.651273	6.1575093	14.249937	-35.362026	5.467151	0.30750635	5801.875262737274
471	-21.817106	4.3798428	-14.348556	-31.366499	-26.051441	9.124537	-15.296715	-42.148525	100.0	100.0	706499	-5.621494	6.1508045	14.007337	-35.19809	5.4363627	0.29886174	5814.235201835632
472	-19.544792	4.0614924	-14.384798	-26.913563	-28.013962	9.757982	-16.159098	-48.557625	100.0	100.0	707999	-5.6320057	6.1587877	13.580543	-34.414036	5.453174	0.29505232	5826.632858991623
473	-27.096838	6.4511013	-14.688311	-37.239223	-23.434988	6.460874	-12.26675	-38.12635	100.0	100.0	709499	-5.615413	6.114628	12.931729	-35.228493	5.43414	0.29526272	5839.078694343567
474	-24.702282	7.9920907	-10.746857	-41.187294	-16.805046	7.63095	-6.0682716	-34.39098	100.0	100.0	710999	-5.609119	6.0843444	14.349124	-34.62225	5.420302	0.28905037	5851.464376926422
475	-26.039171	6.6603694	-14.104974	-38.51398	-21.67046	3.406969	-15.823712	-26.900112	100.0	100.0	712499	-5.572533	6.084277	11.991567	-36.85415	5.392048	0.28398335	5863.952065944672
476	-21.759037	6.186931	-11.935227	-31.763475	-23.095692	6.3541217	-15.838266	-34.90872	100.0	100.0	713999	-5.5843234	6.0937057	13.47297	-36.511093	5.4066834	0.29094303	5876.350294589996
477	-20.81029	5.688331	-9.949881	-35.05687	-27.647589	8.455364	-9.456349	-37.97926	100.0	100.0	715499	-5.6685653	6.10926	12.19626	-35.649494	5.494066	0.2875502	5888.71249961853
478	-26.18879	10.766741	-12.793633	-52.120945	-23.077793	8.813701	-4.849539	-36.628166	100.0	100.0	716999	-5.7672725	6.10963	11.980153	-38.0893	5.6020546	0.2621455	5901.1052367687225
479	-24.342197	5.9781504	-9.958298	-32.389454	-21.351526	8.083279	-6.9257545	-35.89245	100.0	100.0	718499	-5.9146633	6.1123157	12.32625	-37.061497	5.7498894	0.26808414	5913.510697841644
480	-21.553743	6.643792	-10.959048	-32.44599	-23.430943	8.117754	-17.157194	-46.09552	100.0	100.0	719999	-6.013393	6.0991726	11.688584	-37.56881	5.8483124	0.2624615	5925.879175186157
481	-24.669472	7.989969	-10.473714	-39.2851	-23.67206	4.547346	-14.241191	-29.394228	100.0	100.0	721499	-6.093395	6.0047994	11.326498	-37.986847	5.92592	0.25269154	5938.288108348846
482	-23.965715	5.2440577	-16.248127	-38.041294	-23.036655	7.122256	-6.417977	-33.83162	100.0	100.0	722999	-6.21436	5.9614134	11.201733	-41.335316	6.055094	0.25495702	5950.69211935997
483	-19.532804	3.5960338	-14.404026	-26.34277	-19.449287	6.511464	-8.2707	-30.785841	100.0	100.0	724499	-6.3545556	5.8633733	11.318636	-36.726166	6.197309	0.25135025	5963.096978664398
484	-21.722662	7.739004	-12.225571	-43.59891	-22.856548	8.165111	-9.801728	-32.80447	100.0	100.0	725999	-6.4814525	5.7840686	11.185158	-36.485634	6.322824	0.24262276	5975.499885082245
485	-21.786535	5.353481	-14.84459	-35.147747	-20.06744	8.617078	-4.4099827	-34.376625	100.0	100.0	727499	-6.6823144	5.7181234	11.820583	-39.276085	6.5267305	0.23672782	5987.912992477417
486	-23.529427	8.618983	-13.0255	-48.196823	-25.290909	4.915444	-15.592239	-31.962887	100.0	100.0	728999	-6.8649073	5.6195884	12.169119	-39.458138	6.71487	0.23490311	6000.3260979652405
487	-21.739132	7.1723404	-9.816301	-39.641357	-24.845455	8.757395	-12.885689	-39.07399	100.0	100.0	730499	-7.07993	5.52699	11.808983	-41.709198	6.930474	0.24067636	6012.703859806061
488	-26.116293	7.414675	-15.076037	-41.427586	-19.84718	5.7883244	-10.341888	-31.604944	100.0	100.0	731999	-7.2742023	5.4506884	10.80146	-38.22303	7.12557	0.2290354	6025.161496162415
489	-22.583553	7.011284	-11.956989	-42.259796	-20.360062	7.2534924	-7.7351003	-30.324657	100.0	100.0	733499	-7.43818	5.3973303	10.434988	-37.543083	7.2869573	0.22870743	6037.552045583725
490	-21.44567	7.0478964	-7.4887886	-42.402756	-24.346386	7.5515003	-10.583851	-35.470314	100.0	100.0	734999	-7.623846	5.336925	9.632288	-37.435852	7.470967	0.2268247	6050.008995294571
491	-23.110872	6.749653	-16.251919	-44.234066	-23.004221	6.1681376	-15.413001	-38.002586	100.0	100.0	736499	-7.808562	5.3030424	9.104071	-38.40476	7.652789	0.23881899	6062.44437623024
492	-24.018896	9.30271	-7.7279587	-48.87353	-24.37541	4.6303635	-18.032528	-31.487381	100.0	100.0	737999	-7.9197607	5.244267	9.243324	-38.77896	7.764545	0.23369764	6074.860634088516
493	-21.772015	6.445016	-5.7277217	-31.356665	-26.013203	6.926415	-14.498904	-38.13544	100.0	100.0	739499	-8.028122	5.194995	8.432455	-37.918816	7.866992	0.2280948	6087.3071711063385
494	-22.75297	8.97056	-8.843258	-48.791035	-19.83261	9.784226	-5.2679653	-40.312885	100.0	100.0	740999	-8.12072	5.181469	8.0587635	-36.064484	7.9579062	0.22313786	6099.7150638103485
495	-20.205517	7.502004	-8.026439	-34.913166	-18.32728	7.114712	-9.369569	-34.352184	100.0	100.0	742499	-8.16598	5.201293	8.53772	-37.902695	8.002679	0.22337836	6112.139175415039
496	-22.282417	7.2990384	-9.024762	-39.09086	-22.91149	4.937903	-15.271482	-29.83922	100.0	100.0	743999	-8.20966	5.1705756	8.305088	-38.881973	8.0514345	0.22383364	6124.523069620132
497	-23.177286	8.610231	-8.982124	-38.673283	-20.145739	8.12803	-12.28184	-40.747467	100.0	100.0	745499	-8.318863	5.2096124	8.489222	-43.314796	8.156101	0.23220576	6136.957764387131
498	-21.856556	8.369924	-10.038032	-46.230297	-23.625935	4.528978	-15.0098295	-32.248722	100.0	100.0	746999	-8.348534	5.252927	8.362242	-39.226944	8.1882925	0.23185337	6149.361601829529
499	-22.763615	11.168433	-7.30285	-52.833527	-28.35175	11.502663	-12.773449	-49.54368	100.0	100.0	748499	-8.460332	5.2939415	8.469151	-36.33055	8.302171	0.23492876	6161.807976484299
500	-24.566689	8.781892	-12.49069	-40.036835	-19.256962	6.3656874	-8.836215	-30.011118	100.0	100.0	749999	-8.51626	5.338598	8.270311	-38.364433	8.353362	0.24840054	6174.194047451019
