const float w1[sz_hid_1][sz_obs] = {{ 4.93674785e-01,-1.08585946e-01,-7.17884839e-01,-9.09887701e-02,
   6.20172620e-01,-1.00613497e-01, 3.10944200e-01,-7.34957635e-01,
  -6.89390779e-01},
 {-5.22331357e-01,-7.43102789e-01, 8.79581511e-01, 1.33193314e-01,
  -6.47915959e-01, 1.55429348e-01,-5.30431839e-03,-1.77126914e-01,
  -1.01462141e-01},
 { 3.27577084e-01,-6.24869883e-01,-7.77132928e-01,-7.47012943e-02,
   9.23770517e-02, 4.38303202e-02, 7.60216951e-01, 6.18838608e-01,
  -5.64500034e-01},
 {-3.69003177e-01, 3.39980841e-01, 3.26450855e-01,-6.22866929e-01,
   8.25026691e-01, 2.36955807e-01, 1.28485024e-01, 1.32953852e-01,
   2.84153402e-01},
 {-2.77097106e-01, 7.07222879e-01, 1.14800787e+00, 1.82281524e-01,
   1.52385244e-02,-4.88425344e-02,-1.64787328e+00, 8.85088742e-03,
   8.96593630e-02},
 {-2.84389686e-02,-5.37939742e-02,-1.26753187e+00,-1.02999359e-01,
  -7.68196769e-04, 3.43943524e+00,-1.89403836e-02, 1.24266297e-01,
   4.37513553e-02},
 { 5.29937208e-01, 4.32827502e-01,-1.47429660e-01,-5.09276450e-01,
   1.33148078e-02,-2.74835397e-02, 5.47702789e-01,-4.00729030e-01,
   3.33837748e-01},
 { 8.66180122e-01,-3.80567789e-01,-9.01875079e-01,-1.72309857e-03,
  -2.17194837e-02,-2.73871794e-02, 1.69395185e+00, 3.65302563e-02,
   3.17067392e-02},
 { 6.73871934e-01, 1.02125198e-01, 5.67262352e-01,-6.36762679e-02,
  -4.07488234e-02,-2.22436473e-01,-1.91884637e+00, 1.84783593e-01,
  -2.63436660e-02},
 { 5.46386302e-01, 7.30196714e-01, 3.58897328e-01,-2.00738013e-01,
   1.55778532e-03, 1.07763059e-01,-1.13413596e+00, 2.08378793e-03,
   5.49211353e-02},
 {-6.92754537e-02,-3.93703133e-02,-5.31756997e-01, 5.14058590e-01,
  -1.00283444e+00,-2.59095192e-01,-1.33333027e-01, 1.36768603e+00,
   8.45128745e-02},
 {-6.71744585e-01, 1.08587049e-01, 7.92675555e-01, 6.86751455e-02,
  -4.49909568e-01,-1.29166320e-01, 1.20013833e-01,-2.38248602e-01,
   5.94071388e-01},
 {-3.08629781e-01,-1.81247547e-01,-5.40984035e-01, 2.68988788e-01,
  -2.98114300e-01, 2.68427551e-01,-1.62929028e-01,-1.28744662e+00,
   2.15106606e-02},
 {-2.84496725e-01,-1.43660888e-01, 1.79161578e-01, 1.88385442e-01,
   7.15075016e-01, 2.94082820e-01, 2.10255589e-02,-1.24327171e+00,
  -3.80531818e-01},
 { 3.64559442e-02, 1.37017384e-01,-8.61608028e-01,-4.39705759e-01,
  -1.93000585e-01, 3.23583096e-01,-1.29905447e-01,-2.19384551e+00,
   9.47430357e-02},
 {-1.73646241e-01,-1.03679679e-01, 2.65486687e-01,-2.77434021e-01,
  -1.26219075e-02,-1.17269300e-01,-1.35990858e-01, 1.63883770e+00,
   8.47268403e-01},
 {-2.31560528e-01, 5.38289666e-01, 1.13629304e-01,-1.16196774e-01,
  -5.05249262e-01, 3.09241056e-01,-4.58069265e-01,-4.32841480e-01,
  -1.61900297e-02},
 { 4.93971378e-01, 3.66968960e-01,-7.32751042e-02, 4.04817492e-01,
  -4.30366188e-01,-1.24892473e-01,-2.50293761e-01, 1.24558667e-02,
  -9.08931135e-04},
 { 2.75857337e-02, 1.14200702e-02,-6.28055286e+00, 7.28148445e-02,
  -4.54648212e-02,-1.48890227e-01,-1.81395695e-01, 7.85091743e-02,
  -2.57139336e-02},
 {-5.01164973e-01, 2.90241897e-01,-3.71072352e-01,-1.11329488e-01,
   2.22705007e-01,-1.39763057e-01,-5.97513139e-01,-4.87338990e-01,
  -9.40221906e-01},
 { 7.11886525e-01,-2.66140372e-01, 7.79635012e-01,-1.78901926e-01,
  -5.66686131e-02, 2.06267857e-03,-1.21986461e+00,-2.45033428e-01,
   2.09624730e-02},
 {-5.46146393e-01, 8.26998502e-02, 1.15270294e-01,-5.77822745e-01,
   4.39497054e-01, 1.76959157e-01, 2.57944167e-01, 1.00660110e-02,
   7.52369702e-01},
 {-1.27772197e-01, 3.95066887e-01,-9.32674229e-01, 5.29258847e-01,
  -1.05555192e-01, 4.54661787e-01, 3.77694219e-01,-2.40480885e-01,
  -6.63255230e-02},
 { 7.29642928e-01,-6.97146505e-02,-3.83149773e-01,-2.76252359e-01,
  -7.29419142e-02,-6.89532049e-03,-1.64125130e-01,-4.03599620e-01,
  -3.70810896e-01},
 {-3.60392570e-01,-4.77888852e-01, 3.10419023e-01,-5.16605139e-01,
  -5.97513676e-01,-3.49664241e-01, 1.25538915e-01,-2.05060631e-01,
   5.09930730e-01},
 { 1.83073118e-01,-1.07293522e+00, 2.22869162e-02,-7.55800977e-02,
   6.94919676e-02,-1.54729530e-01,-8.95803392e-01,-2.13373691e-01,
  -1.98211759e-01},
 { 2.40356207e-01,-4.55784738e-01,-7.72330999e-01,-3.40649188e-01,
  -4.67862278e-01, 8.81961808e-02,-7.74752796e-01,-1.14382632e-01,
  -2.24564269e-01},
 { 1.72774777e-01,-1.71721250e-01,-4.77111429e-01, 7.51254916e-01,
   3.38709265e-01, 1.71706513e-01,-2.51564421e-02,-1.01057994e+00,
   6.06223404e-01},
 {-1.51793733e-02,-9.97570604e-02, 7.87009299e-01,-1.08161688e+00,
   3.83908480e-01, 3.81215662e-01, 1.99404452e-02,-1.29979479e+00,
   4.83872965e-02},
 { 1.33463338e-01,-3.10024191e-02, 8.92145991e-01, 5.46634853e-01,
  -4.80997622e-01, 6.04180574e-01, 7.73277208e-02, 9.69825566e-01,
  -4.82329488e-01},
 { 2.92734563e-01, 3.18737656e-01,-4.45124984e-01, 4.30970073e-01,
   4.10763873e-03, 5.37255108e-02, 1.74625978e-01, 8.82258236e-01,
  -2.88154274e-01},
 { 6.23253584e-01,-1.03742099e+00, 2.27647021e-01,-6.67139053e-01,
   2.01728731e-01, 1.27264887e-01, 7.62331426e-01, 1.92440644e-01,
   2.55182162e-02},
 {-3.47362131e-01, 5.30229628e-01, 1.70580581e-01,-2.64453977e-01,
   4.52147365e-01, 5.08707687e-02,-8.06713164e-01, 3.98011267e-01,
   4.99948859e-01},
 {-2.27439087e-02, 4.16934729e-01,-3.97087693e-01,-6.43593848e-01,
  -6.56774938e-01,-3.59446444e-02, 5.65515459e-01, 2.02711582e-01,
  -2.51128882e-01},
 { 1.39077127e-01,-1.05896726e-01,-7.50241458e-01, 3.78759176e-01,
  -3.56050223e-01,-9.73005593e-02, 7.00344324e-01, 7.56371319e-01,
   6.05995178e-01},
 { 1.98095992e-01,-1.38015375e-01,-5.16669899e-02, 5.52373707e-01,
   3.21802616e-01,-3.11422288e-01,-6.55460358e-02,-1.41288650e+00,
  -3.63149792e-02},
 { 2.53059059e-01, 1.42515674e-02,-5.97825289e-01,-8.99061486e-02,
  -1.11097276e-01,-3.71738523e-02,-1.52788067e+00,-5.09486318e-01,
  -3.18005800e-01},
 { 4.26597660e-03,-2.15500984e-02,-7.40656495e-01, 9.52940285e-01,
   9.56499204e-02,-5.24813890e-01,-6.39630258e-02, 2.00452137e+00,
  -3.21671255e-02},
 { 2.39159152e-01,-2.15956699e-02, 4.71654952e-01,-5.35332680e-01,
   2.20641419e-01,-4.81049567e-02,-1.88544032e-03,-2.60534406e-01,
  -3.30506474e-01},
 { 5.08963346e-01,-2.92977523e-02,-5.24150252e-01, 7.78435245e-02,
   2.25069851e-01,-1.21739715e-01,-8.38266432e-01,-8.72300804e-01,
  -9.10938904e-03},
 {-1.12577930e-01, 1.28384233e-01,-1.90285075e+00, 1.21110409e-01,
   2.72814542e-01,-1.27270952e-01, 6.05998516e-01,-1.43058449e-01,
   9.14401859e-02},
 {-1.72176352e-03, 1.83272772e-02, 6.06121719e-01, 2.35220447e-01,
  -1.08752048e+00,-5.70010126e-01, 2.47759335e-02, 2.82622147e+00,
   8.23932327e-03},
 { 6.52292669e-01, 2.45135412e-01,-9.63439226e-01,-8.16449746e-02,
   1.21470438e-02,-3.30802724e-02, 1.89777982e+00,-1.38343394e-01,
   5.78196580e-03},
 { 1.71122164e-01,-3.39701205e-01, 1.51053220e-01, 6.54076278e-01,
   3.39198649e-01, 1.32502183e-01,-6.30527437e-01, 4.71878685e-02,
  -2.11553261e-01},
 {-1.15151750e-03, 1.51618227e-01,-2.24172759e+00, 4.76833016e-01,
   6.92731857e-01, 2.92750299e-01,-2.79064029e-01,-3.28407615e-01,
  -9.74960178e-02},
 {-4.33404505e-01, 3.71057987e-01, 6.77676201e-01, 7.96616301e-02,
   2.34156698e-02,-1.43176988e-01,-3.22723061e-01, 1.30705523e+00,
   5.45283914e-01},
 {-2.33491678e-02, 2.23430008e-01,-1.12929916e+00,-9.48699266e-02,
   4.34566811e-02,-1.74461141e-01, 5.23877680e-01,-4.24736798e-01,
  -5.58077991e-01},
 { 6.29299402e-01, 2.73346275e-01,-9.27857399e-01, 6.01284299e-03,
   1.36494823e-02,-1.11376971e-01, 1.84235430e+00,-3.73178087e-02,
  -3.22305150e-02},
 { 3.76011372e-01, 4.38620418e-01,-1.09553063e+00,-6.82898089e-02,
   1.91726368e-02,-5.06617203e-02, 1.71362352e+00,-1.08077498e-02,
  -7.72994980e-02},
 { 4.96553451e-01, 3.18886787e-01,-9.94644344e-01,-4.38806236e-01,
   1.92130245e-02, 2.73941815e-01,-9.42723215e-01, 4.25319284e-01,
   5.50393648e-02},
 { 5.53230345e-01,-6.99704587e-01, 1.66517153e-01,-2.20752463e-01,
   3.94917607e-01, 2.52220064e-01,-5.34359664e-02,-3.71260762e-01,
   4.37253058e-01},
 { 4.45809774e-02,-5.64149499e-01,-7.91045785e-01,-5.12646623e-02,
  -8.20061043e-02, 3.40831757e-01, 1.25250423e+00, 3.23777348e-01,
  -5.18431775e-02},
 { 7.93043524e-02,-1.01434603e-01, 4.31441009e-01,-2.67446667e-01,
   5.93179584e-01,-2.33003333e-01,-1.43649742e-01,-1.30793691e-01,
  -5.52379966e-01},
 {-3.67474049e-01,-1.00660995e-01,-2.47470558e-01, 6.62929535e-01,
   1.75278559e-01,-9.89202634e-02, 1.30323485e-01, 6.01683438e-01,
  -3.62279952e-01},
 { 2.51281299e-02,-3.34517360e-02, 1.48374856e-01, 7.98510969e-01,
  -2.77455181e-01, 3.43617886e-01,-1.05625637e-01,-1.78083444e+00,
  -2.18990743e-02},
 {-1.43690273e-01,-1.43087432e-01, 5.62782645e-01,-6.39237985e-02,
   1.74166188e-01,-1.74815327e-01, 1.19576909e-01, 1.53415895e+00,
   7.94576287e-01},
 { 8.18190753e-01, 3.17671709e-02, 2.21388325e-01, 3.87279123e-01,
  -2.36803927e-02, 4.71511573e-01, 4.90872949e-01, 2.37998754e-01,
  -4.54875231e-01},
 {-9.05269682e-01, 1.64047871e-02,-2.89301425e-01,-3.07022959e-01,
   1.23037115e-01, 1.91161931e-01,-5.36765456e-01,-3.09081405e-01,
  -6.86834008e-02},
 {-1.32858232e-01,-2.70526618e-01,-1.23301649e+00,-2.18512252e-01,
  -2.37074003e-01,-6.74278378e-01,-4.78256851e-01,-5.16987324e-01,
   4.82512414e-01},
 { 7.02043951e-01, 2.78328121e-01, 1.01975751e+00,-1.00366332e-01,
   4.45818109e-03, 1.87045038e-01,-1.98706698e+00,-8.66702124e-02,
  -1.16051286e-02},
 { 4.12537493e-02,-2.68292010e-01, 7.49886394e-01,-2.08115187e-02,
  -5.20967662e-01,-1.09511517e-01,-2.77464449e-01,-6.32878661e-01,
  -8.37653518e-01},
 { 7.30655730e-01,-3.93287033e-01,-4.07916158e-01, 2.98592150e-01,
  -4.25163209e-01,-2.42349282e-02,-6.42801881e-01, 5.40903091e-01,
   7.49293491e-02},
 { 7.03231037e-01, 5.03107250e-01, 1.44140661e+00, 6.25270531e-02,
   5.99781866e-04, 1.48339435e-01,-2.26808381e+00, 7.11706048e-03,
  -2.47308961e-03},
 {-3.12210649e-01, 7.29164779e-01, 8.96402955e-01, 2.01076895e-01,
   7.12342784e-02, 3.35027389e-02,-1.98895025e+00,-8.08283910e-02,
   5.54622635e-02},
 {-3.06773126e-01,-7.69766927e-01,-4.80106566e-03, 1.15003232e-02,
   5.01473665e-01, 1.09636761e-01,-1.67343140e-01,-2.33286589e-01,
  -5.72603166e-01},
 { 2.50552837e-02, 1.90123264e-02, 1.31670594e+00, 9.81024727e-02,
   3.57398205e-02,-2.95719290e+00, 2.10831668e-02,-1.24616981e-01,
  -4.77861725e-02},
 { 3.37143019e-02, 2.31105369e-02,-5.88675976e-01, 5.63295074e-02,
   5.07084012e-01, 3.36721092e-01,-1.24771269e-02,-1.72471082e+00,
  -2.76540041e-01},
 { 1.79382682e-01, 1.76049575e-01, 3.11683446e-01, 8.65257233e-02,
  -2.00487673e-02, 7.88444653e-02,-7.83171713e-01,-9.49238896e-01,
  -7.79665709e-01},
 { 1.05389033e-03, 2.37622689e-02, 3.12145424e+00,-1.49080813e-01,
   2.02838346e-01,-6.75288737e-02,-1.46937818e-04,-2.63377726e-01,
   6.96388483e-02},
 {-6.02442265e-01,-2.06843972e-01,-5.95423914e-02, 2.64007263e-02,
  -8.21975648e-01,-2.71076322e-01,-1.09863743e-01, 5.15064716e-01,
   1.95428044e-01},
 { 5.61628163e-01,-3.47661525e-01, 9.33268219e-02, 2.67390013e-01,
   4.67727810e-01, 1.89947426e-01,-9.60175455e-01,-6.87878251e-01,
   2.39013173e-02},
 { 1.44611001e-01,-1.06610253e-01, 6.63742900e-01, 7.09553480e-01,
  -3.21038336e-01,-1.95051610e-01, 3.63271348e-02, 5.91267943e-01,
   2.66498834e-01},
 { 3.23902249e-01,-4.06064183e-01, 3.66466731e-01, 1.37470394e-01,
   5.56383133e-02, 8.81470814e-02,-6.83162212e-01, 1.20095468e+00,
   3.56525064e-01},
 {-4.15711198e-03,-3.92480269e-02, 5.58745980e-01,-3.90677661e-01,
   1.42575696e-01,-6.62759840e-02,-5.73777221e-03,-1.16154826e+00,
   1.93178968e-03},
 { 7.83367455e-01, 1.20227113e-01, 4.96570528e-01, 4.80473507e-03,
  -2.66240276e-02,-1.51776552e-01,-1.78983963e+00, 7.99176544e-02,
   2.64007896e-02},
 { 4.49572876e-02,-7.52672460e-03,-6.79677486e-01, 6.81023479e-01,
  -3.63972068e-01,-2.70954609e-01, 9.22903717e-02, 2.03780079e+00,
  -8.87931958e-02},
 { 2.55011380e-01, 1.05597742e-01,-3.87832737e+00, 1.24253826e-02,
  -1.21003082e-02,-3.14392298e-01, 8.11826050e-01, 1.27638262e-02,
  -5.94877778e-03},
 { 4.30510610e-01, 3.59520793e-01,-8.76112819e-01, 1.08200110e-01,
  -6.45808280e-02, 6.10111095e-02, 1.48936439e+00,-7.19664693e-02,
   1.42628863e-01},
 { 7.68468603e-02,-6.47624433e-02,-5.80799341e-01,-2.06016168e-01,
  -6.79268092e-02,-1.71590507e-01,-2.02726543e-01, 2.03926015e+00,
  -7.50633121e-01},
 {-2.36683026e-01,-8.90805423e-01, 5.11459634e-02,-1.39492854e-01,
   3.77881825e-01,-2.38335416e-01, 4.15981025e-01,-2.45051652e-01,
  -1.67526752e-01},
 { 4.78388160e-01,-6.93678319e-01, 2.71331873e-02, 1.38220251e-01,
  -4.29764897e-01, 3.24198902e-01,-3.43176425e-02,-5.84674716e-01,
   1.60360023e-01},
 { 7.14830160e-01,-9.59823132e-01,-1.00031435e+00,-2.03392625e-01,
  -2.26112530e-02, 3.74046378e-02, 1.41338205e+00,-4.93243262e-02,
   6.30548298e-02},
 {-1.49392456e-01,-6.79911999e-03, 7.32352853e-01,-3.33219618e-01,
   2.92125762e-01,-2.93466359e-01,-2.03123823e-01, 1.06920969e+00,
   2.00433403e-01},
 {-3.81199747e-01, 3.69428128e-01, 3.06895703e-01,-9.85750020e-01,
  -1.08833894e-01,-1.52161345e-01,-5.71729720e-01, 1.93311527e-01,
   5.04807234e-01},
 {-9.40790549e-02,-6.28568769e-01,-3.07298005e-01, 5.09186573e-02,
  -3.11844975e-01, 8.32277760e-02, 8.08885336e-01,-5.80681205e-01,
   4.39940661e-01},
 {-3.20890546e-02,-4.41723783e-03, 1.37044713e-01, 1.65940672e-01,
  -6.80339515e-01, 3.81931365e-01,-5.66919893e-03,-1.84235919e+00,
   3.32407956e-03},
 {-5.06093085e-01,-4.06587362e-01, 6.59528434e-01, 1.21002682e-01,
   1.10758916e-01, 9.42549482e-02,-7.89067090e-01, 1.69706747e-01,
   5.43867230e-01},
 { 1.69846103e-01,-1.86815903e-01, 4.87159975e-02,-9.76360857e-01,
   3.93384159e-01, 4.51627672e-01, 1.75969079e-01, 6.01066649e-01,
  -3.69706482e-01},
 {-4.56144124e-01,-1.90953985e-01, 4.65449035e-01,-4.73046362e-01,
  -5.20085514e-01,-5.71984760e-02, 3.94563287e-01, 3.66546690e-01,
   1.43899143e-01},
 {-1.23362444e-01,-1.96631104e-01,-1.39655900e+00,-4.62217271e-01,
   7.36190081e-01, 2.64620394e-01,-2.03797477e-03, 2.12919667e-01,
   2.87623852e-01},
 {-4.53558832e-01,-4.90857482e-01, 1.32096028e+00,-6.76554143e-02,
   3.27831618e-02,-4.77371849e-02,-9.73829925e-01,-5.98938689e-02,
  -1.16192117e-01},
 { 1.22417226e-01, 3.88174564e-01,-1.58798277e+00, 7.46420622e-01,
   7.08755897e-03,-2.23038301e-01, 3.12841982e-01, 8.45994651e-01,
   1.65652722e-01},
 { 2.58540839e-01,-2.04659492e-01, 1.18843460e+00,-1.47068063e-02,
  -2.72772983e-02, 3.75029817e-02,-1.87348306e+00,-9.01664887e-03,
  -1.66475903e-02},
 { 4.58420426e-01,-3.22814018e-01,-1.79400481e-02,-4.59218889e-01,
  -3.84276122e-01, 3.04663986e-01, 1.11179173e+00,-3.27377707e-01,
   9.56633221e-03},
 { 5.82366139e-02, 1.03048348e+00,-2.54270554e-01,-1.08243056e-01,
   1.27879605e-01,-3.70132588e-02,-3.35084915e-01,-7.56607903e-03,
   5.17903447e-01},
 { 2.15953603e-01, 2.47223407e-01,-7.17754900e-01, 2.41582826e-01,
   1.83038600e-02,-5.06943241e-02, 1.74690351e-01,-1.27553558e+00,
   2.47324154e-01},
 { 3.76060009e-01,-1.40662447e-01,-9.41068530e-01,-1.66454643e-01,
  -2.59254803e-03,-4.82667573e-02, 1.30056155e+00, 1.80741414e-01,
  -5.62576532e-01},
 {-3.28557231e-02,-2.44700611e-02, 5.59434965e-02,-2.06871554e-01,
   5.79478085e-01,-5.26793182e-01,-4.84747288e-05, 1.23654032e+00,
  -6.62378371e-02},
 { 3.14010680e-01, 3.93185526e-01, 6.00816071e-01, 2.50168815e-02,
  -3.31472367e-01,-4.18291539e-02,-9.40765798e-01, 6.06017351e-01,
   6.75919056e-02},
 { 7.31152520e-02,-4.41376418e-01, 1.02943563e+00, 8.68771076e-02,
  -1.84545983e-02, 1.02642322e+00, 1.58372626e-01,-3.49954069e-01,
  -2.68167585e-01},
 {-2.60079443e-01, 1.52054444e-01, 1.66800451e+00, 4.59280133e-01,
   5.45968115e-01, 3.87601733e-01,-2.67643422e-01,-6.05670512e-01,
   1.01404570e-01},
 { 1.22844927e-01, 1.04852878e-01, 4.70205039e-01, 2.65738279e-01,
  -4.24834967e-01, 4.25263792e-01, 1.46680266e-01,-1.58222950e+00,
  -5.36338389e-02},
 { 4.30459380e-01,-3.71578008e-01,-6.10215306e-01, 5.11176407e-01,
   8.13749731e-02, 1.67833176e-02, 9.05881703e-01,-2.74883658e-01,
  -1.82564095e-01},
 {-2.94248611e-01, 5.01603663e-01,-2.93357402e-01,-2.65069544e-01,
   4.21774507e-01, 1.00442640e-01, 6.65230229e-02, 3.57026011e-01,
  -2.27585942e-01},
 {-1.89601228e-01,-4.01493102e-01, 1.54438448e+00,-2.57046252e-01,
   3.37017655e-01,-6.53359473e-01,-5.87900698e-01,-6.19065881e-01,
  -7.03971013e-02},
 {-2.63709635e-01,-8.44781518e-01,-9.99542475e-01, 5.41147053e-01,
  -1.37708366e-01,-1.23832040e-01,-2.97286153e-01, 1.04706161e-01,
  -1.26442418e-01},
 { 7.97177106e-02, 5.36879450e-02, 6.10761903e-02,-1.10247672e+00,
   2.13302866e-01, 2.71182358e-01, 5.29686451e-01, 4.70525175e-01,
   6.72347099e-02},
 { 8.84375200e-02, 1.51873440e-01, 9.02012214e-02, 2.97412515e-01,
  -1.89477414e-01,-8.87409672e-02, 7.66964555e-01, 1.45968616e-01,
  -4.24990147e-01},
 { 6.42756641e-01, 4.90820974e-01,-4.97315764e-01,-6.72645196e-02,
   5.92179656e-01,-4.78956960e-02,-4.83300298e-01,-2.83007463e-03,
  -2.31621206e-01},
 {-2.89449513e-01, 2.84950137e-02, 2.92741954e-02,-2.58504033e-01,
  -1.91268370e-01, 2.79612071e-03, 1.25810087e+00,-4.29548830e-01,
  -6.36787862e-02},
 { 2.86292825e-02,-8.48839283e-02, 6.78096652e-01,-1.91017702e-01,
  -1.28309280e-01,-1.03951253e-01, 5.99240780e-01, 1.50841331e+00,
   4.67777848e-01},
 { 5.22445798e-01,-4.44860488e-01, 1.15746453e-01, 4.14305538e-01,
   1.06137805e-01, 1.55104324e-01, 3.54313433e-01,-2.21077338e-01,
  -1.71719477e-01},
 { 2.24886596e-01,-4.31178421e-01,-1.19149244e+00, 4.60546523e-01,
  -1.65596902e-01,-2.14262336e-01, 1.17292833e-02, 1.03017199e+00,
   4.08262789e-01},
 {-2.81196530e-03, 8.66462756e-03, 1.54301435e-01, 9.79949176e-01,
  -3.18620354e-01,-2.23317116e-01,-2.71770023e-02, 2.26444125e+00,
  -4.28891275e-03},
 {-6.81460723e-02, 4.79177646e-02,-1.86596739e+00, 3.48327965e-01,
   3.55304688e-01, 1.02055416e-01,-4.38504547e-01, 1.07195878e+00,
  -4.89562809e-01},
 { 5.06426215e-01,-4.68059212e-01,-4.16641962e-03, 3.15097123e-02,
   5.81572533e-01, 2.57337540e-01, 3.89449686e-01,-4.11301434e-01,
   1.46743253e-01},
 {-1.66078620e-02,-3.20123583e-02, 3.35657805e-01, 3.52946550e-01,
   3.32775712e-01, 1.88571308e-02, 2.82301754e-01,-1.68005097e+00,
   4.21016872e-01},
 { 6.75285161e-02,-3.18445042e-02,-1.08221161e+00, 3.92323762e-01,
   7.15389848e-01,-3.48330401e-02,-1.02800228e-01,-1.16088390e+00,
  -6.32269025e-01},
 { 1.52221799e-01, 1.05851322e-01, 1.02219212e+00,-1.62639767e-01,
  -2.75089830e-01,-1.17717832e-01,-2.66579032e-01, 1.08158422e+00,
   1.38459027e-01},
 {-5.44831693e-01, 2.31039032e-01,-1.13589120e+00, 7.46397614e-01,
  -2.04498880e-02, 1.98201433e-01,-5.72233975e-01, 2.53028184e-01,
  -2.72340165e-03},
 {-4.44235623e-01,-2.13398263e-01, 2.63178982e-02, 7.92648494e-01,
  -3.57785374e-02,-7.35469803e-04,-1.50299579e-01, 6.34492934e-01,
   3.81435663e-01},
 {-2.40874141e-01, 4.21131492e-01, 6.78391814e-01,-5.40258765e-01,
   6.35007799e-01, 1.80572674e-01,-1.38174042e-01,-6.06179610e-02,
  -2.81929821e-01},
 { 9.12624076e-02,-6.44042715e-02,-7.69631743e-01,-5.06681018e-02,
   1.10671602e-01,-1.56251147e-01,-1.14006102e-01, 1.95736885e+00,
  -7.12182999e-01},
 {-5.16222835e-01,-3.79061177e-02, 5.36097050e-01,-8.24763536e-01,
  -9.72751826e-02,-3.96747202e-01, 2.04557866e-01,-3.62372049e-03,
  -6.16606772e-01},
 {-2.86838543e-02, 5.38193795e-04,-2.79422879e+00, 8.14504456e-03,
  -5.56567535e-02,-1.13000624e-01,-5.94881177e-02,-7.88136274e-02,
  -1.46647440e-02},
 { 7.73681235e-03, 5.09259164e-01,-3.03397059e-01, 2.17847705e-01,
   5.47117651e-01, 3.07643954e-02,-1.10641286e-01,-1.50464371e-01,
  -2.71488130e-01},
 {-9.92988124e-02, 2.53693648e-02,-3.71152848e-01, 2.49888837e-01,
   5.40688694e-01,-3.12951654e-01, 5.21493778e-02, 1.18968129e+00,
  -9.71979126e-02},
 { 2.54224315e-02,-9.84505843e-03,-3.15727413e-01,-6.36555731e-01,
  -9.97459412e-01,-2.24783778e-01,-1.49486393e-01, 6.46145582e-01,
  -9.77109075e-02}};

const float b1[sz_hid_1] = {-1.1328158 ,-1.0230693 ,-1.2973812 ,-1.0438414 ,-0.9715969 , 0.24681325,
 -0.4899014 ,-0.34611207,-0.708978  ,-0.6445186 ,-0.5863235 ,-0.9165709 ,
 -1.0264103 ,-1.14314   ,-0.46203786,-0.63759655,-0.6566455 ,-0.5031833 ,
  0.3890898 ,-0.82424724,-0.33119607,-1.0063889 ,-0.6543888 ,-0.47357443,
 -0.14302304,-0.8887698 ,-0.53508925,-0.9425394 ,-0.9470044 ,-1.0173024 ,
 -0.66228527,-0.8112681 ,-0.6740048 ,-0.71824217,-0.5395406 ,-0.70841265,
 -0.79109186,-0.864137  ,-0.09323362,-0.61538005,-0.3581595 , 0.08085035,
 -1.0217415 ,-0.61283094,-0.78988814,-1.2049953 ,-0.9070431 ,-1.2536825 ,
 -1.0212414 ,-1.0443835 ,-0.9140649 ,-0.4385897 ,-0.32483608,-0.7282842 ,
 -0.8945795 ,-1.1147393 ,-1.2046357 ,-0.518186  ,-0.86595803,-0.570687  ,
 -0.8164766 ,-0.86614156,-0.5791775 ,-1.3465797 ,-1.2887051 ,-0.21007119,
  0.39120424,-1.060263  ,-0.13676293,-0.9866931 ,-1.0271072 ,-0.21725301,
 -0.6763746 , 0.24206474,-1.1255143 ,-0.9925558 ,-0.47321588,-0.7277588 ,
 -0.778047  ,-0.5060245 ,-0.79707825,-1.2172307 ,-1.2148136 ,-0.91742957,
 -1.1389422 ,-1.4342258 ,-0.1509656 ,-0.7098922 ,-0.34722435, 0.08915375,
 -1.2918035 ,-0.7845399 ,-0.8680374 ,-1.0188211 ,-0.80151683,-0.5997655 ,
 -0.8813049 ,-1.3516626 ,-0.3599167 ,-0.5764017 ,-0.3418337 ,-1.1143172 ,
 -0.950414  ,-0.99155223,-0.5230528 ,-0.9070255 ,-1.0064112 ,-0.25732762,
 -0.84467846,-0.8919663 ,-0.9641943 ,-0.5048952 ,-0.85393566,-0.9506365 ,
 -1.0126241 ,-0.7022085 , 0.12648357,-0.69395244,-0.5979143 ,-0.8408667 ,
 -1.2064164 ,-0.35900596,-1.0722963 ,-0.8327077 ,-0.18588866,-0.5676119 ,
  0.21868202,-0.20603168};

const float w2[sz_hid_2][sz_hid_1] = {{-3.82290453e-01,-9.70223248e-01,-9.04500842e-01, 4.88617688e-01,
   6.28550723e-02, 1.46380544e+00,-8.47798586e-02,-2.07288265e-01,
  -4.82047647e-01,-2.60408252e-01, 1.59571469e-01,-1.61719739e+00,
  -1.62637830e+00, 2.35695332e-01,-3.34569836e+00, 1.14861660e-01,
   1.17639057e-01,-1.75177872e+00, 2.19636455e-01,-7.26807892e-01,
  -6.35218561e-01, 6.30479213e-03,-3.97601351e-02,-1.27443624e+00,
   5.75421035e-01,-8.38345826e-01, 1.77233115e-01, 1.08957028e+00,
  -1.61052024e+00, 1.07012130e-02, 3.25021476e-01, 6.21297419e-01,
   5.33446968e-01, 9.54916701e-02, 2.84611315e-01, 9.64022279e-01,
  -4.54091996e-01,-2.58793533e-01, 7.66839013e-02, 1.00678504e-01,
  -4.68138754e-01, 3.45373183e-01, 4.44684893e-01,-1.32321525e+00,
  -2.00399017e+00, 1.20313331e-01,-3.09486866e-01,-7.23122239e-01,
   1.13820887e+00,-2.80264646e-01,-9.73699927e-01, 3.25492948e-01,
   2.45768309e-01,-8.68409395e-01,-9.16367829e-01,-1.91064358e+00,
   2.56097466e-01, 2.17527136e-01, 3.54582578e-01,-1.22551911e-01,
  -2.21251416e+00,-7.22448289e-01, 1.98691115e-02,-8.67021203e-01,
  -8.25500727e-01,-4.58438128e-01, 3.77663106e-01,-1.36135530e+00,
   9.38054204e-01,-7.07560360e-01,-1.22917557e+00, 2.84340858e-01,
   3.45937163e-01,-4.95116502e-01, 2.19945121e+00,-4.98451084e-01,
   3.96322399e-01,-6.04783356e-01,-2.29420230e-01, 8.07147473e-02,
  -3.50345254e-01,-7.98920274e-01,-6.12008333e-01, 5.15873060e-02,
  -1.52766681e+00,-1.06932437e+00,-6.63570762e-02, 2.07086816e-01,
  -3.65963906e-01, 6.07709229e-01, 5.12433648e-01, 2.34399647e-01,
   5.04467130e-01, 8.95140041e-03, 5.35987437e-01, 1.08220685e+00,
  -4.89383221e-01,-2.19785500e+00, 9.89419594e-02, 3.17910314e-01,
  -2.66071737e-01, 3.92023295e-01,-2.00411409e-01, 1.21243745e-01,
   5.53314209e-01, 1.47636518e-01, 2.86069274e-01,-9.28341031e-01,
  -4.41914290e-01, 7.23033845e-01, 1.10339209e-01, 1.03001408e-02,
   4.35455471e-01, 1.00157750e+00, 1.10854185e+00,-2.36699963e-03,
  -7.27940857e-01, 4.47262973e-01,-2.85267442e-01,-9.65758786e-02,
   8.60639274e-01,-4.95524928e-02, 2.88838297e-01,-1.98665351e-01,
   6.39598370e-01,-4.14283633e-01,-2.70980328e-01, 2.41987780e-01},
 {-1.14810377e-01,-5.81963837e-01, 8.30834806e-01, 8.76753628e-01,
   2.81384826e-01, 3.28576230e-02, 1.12087710e-03, 7.29409516e-01,
  -3.73409808e-01, 3.95187140e-01, 2.74114192e-01, 4.26370054e-01,
   4.18341458e-01, 4.30189043e-01,-5.73845170e-02,-6.55045152e-01,
  -2.58780301e-01,-2.95239598e-01, 5.79959154e-01, 2.87683547e-01,
   4.55915660e-01,-1.11190283e+00,-2.31780842e-01, 2.91996568e-01,
  -3.65349889e-01, 1.15785949e-01,-2.44435877e-01,-1.00820160e+00,
  -3.22725505e-01, 7.98030794e-01, 8.36014211e-01, 4.68900114e-01,
   6.82985544e-01, 3.51235837e-01,-2.14692041e-01,-6.24197304e-01,
   2.72665590e-01, 8.64054620e-01,-6.97269216e-02, 7.38453269e-02,
   7.29478970e-02,-4.34945166e-01, 2.42115593e+00, 9.22522917e-02,
   1.90996170e-01,-2.76276916e-01,-1.68168068e-01,-1.69275331e+00,
   1.51255059e+00,-4.79676217e-01,-9.59655285e-01,-3.63659918e-01,
  -3.41852397e-01, 4.04779948e-02,-4.09810007e-01, 2.59106255e+00,
   9.89023387e-01, 9.59118724e-01,-7.16663003e-01, 1.16247165e+00,
  -1.82897910e-01,-4.14627880e-01, 9.39295068e-02,-9.68164742e-01,
  -2.57185388e+00, 4.44084138e-01,-3.72326523e-01, 6.91729903e-01,
  -4.17222559e-01,-9.78480697e-01, 1.14598751e+00, 4.54155266e-01,
  -6.64355636e-01,-2.32315779e-01,-3.64263922e-01,-3.31367463e-01,
  -6.57640770e-02, 9.10466254e-01,-6.13276720e+00, 5.25339901e-01,
   4.86413062e-01,-4.51725990e-01,-6.19947374e-01,-1.20371914e+00,
   6.67409658e-01,-2.22577676e-01,-9.13882256e-01, 1.89899713e-01,
   1.85825620e-02,-2.18525976e-01,-1.73012555e+00,-1.05558991e+00,
   1.65253088e-01, 3.38849843e-01,-4.72713113e-02, 4.99532312e-01,
   1.22323751e+00,-1.81737497e-01, 3.71914864e-01, 2.53914446e-01,
   1.01111837e-01, 3.22648793e-01,-1.27999735e+00, 5.10558546e-01,
   4.92699891e-01,-8.99788737e-01, 6.70249239e-02,-2.72036135e-01,
  -2.20609576e-01, 5.15382767e-01,-1.60556483e+00,-1.82269827e-01,
   8.71340156e-01, 7.71238446e-01,-1.20225561e+00,-1.62291420e+00,
  -4.14779544e-01, 9.65685666e-01,-3.41976374e-01,-9.86350477e-01,
   5.34191132e-01, 6.94425344e-01,-6.55394363e+00,-5.92735782e-02,
   6.89975679e-01, 5.55891216e-01,-9.01419520e-01, 5.38058504e-02},
 {-4.46576416e-01,-2.16664612e-01,-9.50274765e-01,-4.35603671e-02,
  -3.75178307e-01,-3.36956412e-01,-2.69120097e-01, 1.29659906e-01,
   2.76890844e-01, 4.23857093e-01, 3.22819561e-01, 3.67638201e-01,
   5.12440264e-01, 2.01238900e-01, 1.21220194e-01, 5.56477718e-02,
  -2.18867347e-01, 1.50304794e-01, 1.34624040e+00,-5.42818964e-01,
  -4.99444336e-01,-4.15088013e-02,-1.63325465e+00,-1.04195321e+00,
  -5.68867147e-01,-5.84713340e-01,-1.48647144e-01, 9.09930289e-01,
  -5.99723637e-01, 3.86626124e-01,-6.18066549e-01, 2.43540168e-01,
   1.82511762e-01,-1.34687454e-01, 6.38714910e-01, 1.50896490e-01,
   9.30259049e-01, 7.11772978e-01,-5.69598854e-01,-4.79946405e-01,
  -1.02732980e+00, 4.86578792e-01, 1.90170300e+00,-2.15512052e-01,
   1.07278597e+00,-1.14650369e+00,-2.27006331e-01,-1.00141740e+00,
   1.49799037e+00,-2.44123518e-01, 6.64299205e-02, 1.05351046e-01,
   1.77579015e-01,-9.17600572e-01, 3.37587595e-01, 1.20947689e-01,
   9.58489180e-01, 5.36645710e-01, 5.60606182e-01, 6.43069983e-01,
   1.07311659e-01, 6.43352091e-01,-3.84748131e-01, 1.34124100e-01,
  -1.10890472e+00, 5.31114042e-01, 3.05703491e-01,-3.24758708e-01,
   1.35114980e+00,-9.97686535e-02,-1.86468109e-01, 1.37126232e-02,
  -5.68757057e-01, 6.61520511e-02, 5.78274071e-01,-4.47097927e-01,
  -7.72493362e-01, 3.14543039e-01, 2.59799324e-02,-4.78809506e-01,
  -7.72148192e-01,-1.40985894e+00,-9.14677858e-01, 2.80353457e-01,
  -2.91018635e-01, 3.81060362e-01, 4.93835956e-01,-4.91144955e-01,
  -2.68975079e-01, 4.20670807e-01,-1.76151323e+00,-6.49040341e-01,
   5.63963890e-01,-1.12235522e+00,-5.50387129e-02, 1.54573679e-01,
  -5.88819981e-01, 1.15700424e+00, 1.88735068e-01, 9.51500654e-01,
   4.49563414e-01,-1.81627810e+00,-1.60409760e+00,-5.64477563e-01,
   3.20876747e-01,-8.73811185e-01, 1.66415140e-01,-4.92069632e-01,
   7.96035409e-01, 1.01699956e-01,-4.61597368e-02,-3.33310254e-02,
  -4.49022830e-01,-5.38263798e-01, 1.74089158e+00, 3.74304891e-01,
  -2.23035306e-01, 2.79138148e-01,-1.04230799e-01, 8.47500633e-05,
   1.30406171e-01,-2.05408514e-01, 4.69181091e-01,-8.06024790e-01,
  -9.38293397e-01,-7.07548559e-01,-1.78168520e-01,-1.32549748e-01},
 { 1.39004850e+00, 4.71782833e-02,-3.59058499e-01, 1.07781506e+00,
   3.93942088e-01, 8.17008913e-02, 4.05438021e-02,-2.43997529e-01,
  -1.11356564e-01, 4.07994807e-01,-6.27198756e-01,-6.18183352e-02,
   8.99121106e-01,-1.95943975e+00,-7.82027102e+00, 4.14728671e-01,
   7.23867834e-01, 4.75494683e-01,-2.09956747e-02,-1.25421792e-01,
   9.29498638e-05, 2.05936775e-01, 5.67695022e-01, 5.19092381e-01,
   1.62556842e-01,-1.80823013e-01, 1.36597320e-01,-1.53693795e-01,
  -2.56705475e+00, 5.55669190e-03, 8.63631845e-01, 8.21581304e-01,
   4.85631019e-01,-1.99827589e-02,-4.31932479e-01,-4.33903307e-01,
  -5.77846207e-02,-2.31229678e-01,-2.70377308e-01,-1.36021817e+00,
  -1.15512699e-01,-3.24647158e-01,-3.53170633e-01,-6.98335409e-01,
  -3.23324889e-01,-1.31805861e+00, 2.00732097e-01, 4.18807328e-01,
  -4.26068529e-02, 1.40323639e+00,-1.66669440e+00, 1.17427997e-01,
   4.96793121e-01,-1.66508541e-01, 1.01948470e-01,-2.41017747e+00,
  -2.59947747e-01,-2.36170560e-01,-9.98656869e-01,-2.80901432e-01,
   3.17350365e-02, 5.74579298e-01, 3.19217384e-01,-4.66732860e-01,
  -6.34515882e-02, 3.45661253e-01, 4.43696499e-01,-1.94156960e-01,
   5.51909864e-01, 4.48484123e-02,-9.59658861e-01,-6.22864842e-01,
   1.44898906e-01, 5.65463781e-01, 1.45194042e+00, 1.60968935e+00,
  -7.30134994e-02, 1.34134918e-01, 8.79543498e-02, 9.33680981e-02,
  -1.33398935e-01,-1.29521012e+00,-3.25891346e-01, 8.30159605e-01,
   7.84922838e-01, 5.75609207e-01, 4.05615538e-01,-3.63047153e-01,
   1.35788634e-01, 2.91023761e-01,-1.43700495e-01,-6.37275040e-01,
  -1.47747964e-01,-7.83512890e-01,-3.01789373e-01, 6.52481675e-01,
  -3.19542974e-01,-2.26881051e+00,-7.09734559e-01, 1.23098381e-01,
  -5.99333823e-01, 1.07625830e+00, 2.92502701e-01, 4.44244713e-01,
   7.08691835e-01, 1.23864450e-01, 1.35927641e+00,-1.65240318e-01,
  -1.10596371e+00, 1.72148645e-01, 3.24479848e-01, 2.27276966e-01,
  -9.42505717e-01, 1.31151760e+00, 3.15235227e-01,-8.62010479e-01,
   1.06484520e+00,-6.22492433e-01,-3.06514651e-01,-1.92559510e-01,
  -2.77171075e-01, 3.47610354e-01,-2.17164969e+00, 2.41272286e-01,
   2.73548272e-02,-4.05672699e-01,-5.50212085e-01, 2.78172880e-01},
 {-3.10294008e+00, 4.20289248e-01,-7.85909534e-01, 2.00784683e-01,
   1.73718822e+00, 6.57310113e-02,-7.96682954e-01, 8.80633175e-01,
  -1.33218026e+00, 5.39336264e-01,-2.22482637e-01, 3.44437003e-01,
   7.61517942e-01, 2.79881060e-01,-2.02567697e+00,-3.55049282e-01,
  -8.83626863e-02,-5.09397864e-01,-1.13984205e-01,-1.41572475e+00,
  -8.62039685e-01,-3.40358354e-02, 9.04470235e-02, 1.18594670e+00,
  -3.69860947e-01, 4.59448457e-01, 4.00448203e-01,-1.43997818e-01,
  -1.07963645e+00, 3.01510468e-02,-3.54730099e-01, 4.55914438e-01,
  -2.40669757e-01,-5.23105979e-01, 5.32348275e-01,-1.34498283e-01,
  -1.33425072e-01, 1.33888781e-01, 7.35469609e-02, 5.46127796e-01,
  -1.85793430e-01,-5.34878038e-02, 1.91291118e+00,-2.32627958e-01,
   3.49247962e-01,-5.26182532e-01, 1.31695405e-01,-2.37876940e+00,
   1.37223566e+00, 4.09876674e-01,-7.30006814e-01,-4.87542868e-01,
  -8.22866082e-01, 9.24820080e-02, 3.66218656e-01,-2.72635996e-01,
  -1.03639400e+00, 9.23508525e-01, 1.43256032e+00,-1.60548830e+00,
   2.68726438e-01, 2.45621428e-02,-4.40493011e+00,-8.74080285e-02,
   1.24666190e+00, 1.87237784e-01, 6.53631911e-02,-7.54993439e-01,
   2.70314336e-01, 8.20763588e-01, 4.53856230e-01, 1.21871214e-02,
  -6.64501935e-02, 1.18033624e+00, 7.19801426e-01,-1.31916702e+00,
   4.78458166e-01, 5.34976661e-01, 1.92251593e-01,-1.75154611e-01,
   6.73761964e-02,-1.26816583e+00, 3.12704630e-02, 6.71075761e-01,
   4.79692072e-02, 1.34438419e+00, 9.86801386e-01,-4.35939878e-01,
  -1.01919562e-01, 1.11851305e-01,-4.05676514e-01,-2.27177382e-01,
  -2.57239342e+00,-4.33943868e-02, 3.64625752e-01,-1.75163820e-01,
  -3.72638255e-01, 2.83670127e-01,-3.67737226e-02, 2.15402897e-02,
  -5.62503815e-01,-1.74789369e-01, 1.00307651e-02, 4.07739639e-01,
  -2.72668600e-01, 3.31255704e-01,-1.49089873e-01,-2.31855378e-01,
   3.42813522e-01, 3.63886543e-02, 3.51694226e-01, 6.80278003e-01,
   5.70898354e-01, 8.85212481e-01, 1.24737583e-01, 9.21094716e-01,
  -7.46123493e-01, 7.29333520e-01, 2.37160712e-01,-1.84182525e-01,
   2.74088532e-01,-6.66799605e-01, 4.64913920e-02,-3.69111478e-01,
   1.21985570e-01,-5.90107322e-01, 1.51532397e-01, 1.64908186e-01},
 {-6.58213273e-02,-1.03238195e-01,-5.26664481e-02, 4.14423496e-02,
  -2.24032868e-02, 1.61839952e-03, 1.49870035e-03,-7.85684660e-02,
  -1.29595092e-02,-8.10082182e-02,-5.79320826e-02,-1.11905217e-01,
  -1.62120480e-02, 4.19193432e-02,-2.40108161e-03,-3.15702595e-02,
   3.06740738e-02, 4.13919974e-04,-1.47664949e-01,-1.24642141e-01,
  -4.95881066e-02, 8.46164674e-03,-8.55986774e-02,-3.15551460e-02,
  -2.68423613e-02, 2.32720338e-02, 4.11261432e-03,-1.93290343e-03,
  -1.34167774e-02,-4.66449037e-02,-1.50093427e-02,-6.30012080e-02,
  -1.55784208e-02,-2.60872785e-02,-4.97622080e-02,-8.45138282e-02,
   6.57535484e-03,-4.12220806e-02,-5.63353673e-02, 1.39355529e-02,
   5.37814386e-02,-3.95091474e-02,-1.59967691e-01, 6.82333633e-02,
  -7.69980326e-02,-8.13974217e-02,-1.25133067e-01,-1.18631899e-01,
  -1.37758285e-01,-7.34255984e-02,-1.11027427e-01,-4.32485975e-02,
  -1.60117913e-02,-8.55388492e-02,-5.80958165e-02,-6.75415397e-02,
   2.54424084e-02, 3.72488201e-02,-1.14648022e-01,-4.46896367e-02,
  -1.03586242e-01,-6.93004206e-02,-3.71364094e-02,-5.68935275e-02,
   3.22695524e-02,-4.85187434e-02, 2.13325769e-02,-1.28013253e-01,
  -2.41908114e-02, 5.44984005e-02,-1.21126682e-01,-5.38172163e-02,
  -1.75050516e-02,-1.02682590e-01,-6.10798001e-02, 2.42876675e-04,
  -9.03211012e-02,-8.09669495e-02,-1.20959871e-01, 6.38056025e-02,
  -3.69100608e-02,-3.89497727e-02,-1.11416057e-02, 2.69291140e-02,
   2.50650793e-02,-1.42102048e-01,-1.03352860e-01,-6.18710089e-03,
  -2.13565733e-02, 1.94356858e-03,-7.96373561e-02,-3.84347774e-02,
  -4.35659066e-02,-6.96329353e-03,-4.03083162e-03,-5.65990806e-03,
  -5.45369089e-02,-3.23495194e-02,-9.93085057e-02,-1.09605454e-01,
  -1.01744376e-01,-1.00845285e-01,-6.41186386e-02,-5.42494766e-02,
   2.39793509e-02,-7.07276678e-03, 1.89240498e-03,-3.92797440e-02,
  -8.77269357e-02, 2.19594501e-02,-9.58766192e-02, 8.00675899e-02,
  -5.04339337e-02,-3.27435583e-02,-1.03448465e-01,-2.01952364e-03,
  -2.75141280e-02,-8.30659121e-02, 5.01694009e-02,-1.30776353e-02,
  -9.45309103e-02,-6.49019778e-02,-2.67698299e-02, 5.32397181e-02,
  -9.53557529e-03,-5.65107316e-02, 1.49689410e-02,-8.78569037e-02},
 {-7.26694390e-02,-6.00305423e-02,-1.14169247e-01, 2.23446097e-02,
  -1.41150700e-02,-1.02421843e-01,-1.14426829e-01,-1.15361921e-01,
   8.40193480e-02, 4.01370553e-03,-1.25349969e-01, 3.59921083e-02,
  -2.94718780e-02, 3.95403244e-02,-1.12924188e-01, 4.35909778e-02,
   1.88561194e-02,-3.25409584e-02,-8.96497518e-02,-1.14026973e-02,
  -1.02106445e-01,-7.64033645e-02,-9.79574863e-03, 6.83891727e-03,
  -1.42002657e-01,-1.11819440e-02, 1.16172330e-02,-8.94625261e-02,
  -1.02294393e-01,-1.23215213e-01,-8.05164799e-02,-8.62170979e-02,
  -3.65532935e-02,-1.08466670e-01,-1.17901616e-01, 2.59541236e-02,
  -7.41166025e-02,-5.07900864e-02,-9.20264646e-02, 2.40890458e-02,
  -8.37583169e-02,-1.20408729e-01,-8.65747705e-02,-1.10415183e-01,
   3.45533155e-02,-1.14296205e-01,-5.90149313e-02,-9.49944779e-02,
   3.14426683e-02, 9.97792929e-03,-8.85111392e-02, 7.96051621e-02,
  -7.54144862e-02, 1.96167994e-02,-5.74822724e-02,-9.21610370e-02,
   1.25886053e-02, 7.08858073e-02,-1.24154529e-02,-8.79180059e-02,
   6.56330958e-02, 8.53225589e-03,-8.37311000e-02,-1.46857724e-02,
  -2.07207352e-02, 2.60113440e-02,-2.93487217e-02,-6.65456206e-02,
  -1.56394675e-01,-8.07737187e-02,-2.84651835e-02,-6.37328029e-02,
  -7.16151893e-02,-6.27520606e-02,-1.02222420e-01,-6.17119260e-02,
  -8.61233324e-02,-2.11540814e-02, 2.41948590e-02,-1.61351096e-02,
   1.09774237e-02,-1.20497584e-01,-1.10405602e-01, 1.11984825e-02,
  -8.61863121e-02,-5.19099459e-03,-1.44754529e-01,-2.50821896e-02,
   3.01289279e-02,-1.45107135e-01,-1.40502555e-02,-3.21686864e-02,
  -1.31422028e-01, 3.79786193e-02,-8.89367536e-02,-3.80226746e-02,
  -7.78939500e-02, 1.86113119e-02,-6.69467971e-02,-8.66934359e-02,
  -1.86476991e-01,-8.25422779e-02, 1.20160989e-02, 4.28429842e-02,
   1.74802225e-02,-4.22028415e-02,-9.52719152e-02,-3.86674143e-02,
  -1.24723166e-02,-9.72566232e-02,-7.15344697e-02,-7.61203617e-02,
   3.06580942e-02,-6.02855384e-02,-8.74357764e-03,-8.22507665e-02,
  -1.34001911e-01,-5.15974313e-02,-6.83259666e-02,-7.58560300e-02,
  -4.59977128e-02, 3.48807015e-02,-1.14698611e-01,-4.58190367e-02,
   9.56657603e-02, 4.95611653e-02,-1.09152287e-01, 2.66780704e-02},
 { 1.71925351e-01, 7.77321815e-01, 6.52597308e-01,-3.85464579e-01,
   9.38733444e-02, 5.83131127e-02, 2.54918993e-01, 1.73086748e-01,
   7.19347954e-01,-6.14593983e-01,-1.01120949e+00,-6.91524267e-01,
  -1.37437701e+00,-5.19036055e-01,-8.24671052e-03,-3.89099360e-01,
   6.52961791e-01, 1.00755548e+00, 3.12671155e-01, 1.39394328e-01,
  -1.99435085e-01,-9.98041406e-02,-3.72978300e-02, 4.22357440e-01,
  -3.82602930e-01, 2.14375600e-01,-1.73290208e-01,-2.15851411e-01,
   2.85290301e-01,-1.95745552e+00, 3.16871405e-01,-5.04966974e-01,
  -1.80628419e-01,-2.95760602e-01, 2.24016547e-01, 6.33402288e-01,
  -3.45317543e-01, 3.44072998e-01,-6.62766099e-01,-8.29945683e-01,
   3.45937788e-01, 7.69439757e-01,-5.03105581e-01, 2.73740977e-01,
  -2.26002216e-01,-1.90307498e-01, 1.25943705e-01, 7.46689320e-01,
  -1.20165527e+00, 3.16474140e-01, 2.21601591e-01, 3.24469060e-01,
  -1.21376976e-01, 3.69945645e-01, 8.35062414e-02, 1.92891335e+00,
   2.32849032e-01,-2.88351148e-01, 8.66147995e-01, 3.11187893e-01,
   2.35029072e-01, 2.45369852e-01, 7.74446502e-02,-3.68038058e-01,
   6.43578291e-01, 5.42435765e-01,-2.87884569e+00,-8.63341987e-01,
  -5.70770204e-01, 7.94492066e-01,-7.52544820e-01, 4.25006658e-01,
  -5.83974272e-02, 1.02540731e+00,-8.17235231e-01,-2.94629550e+00,
  -1.05417687e-02, 5.38873911e-01,-1.07610933e-01,-1.90740421e-01,
   4.14355546e-01, 6.38678551e-01, 5.80230415e-01,-2.63711274e-01,
   6.20228112e-01, 4.60153483e-02, 5.79738617e-02,-9.45586860e-01,
  -6.77808493e-05,-1.01551914e+00,-8.94198716e-01, 4.28908139e-01,
  -1.71510443e-01,-2.31338739e-01,-2.62373269e-01, 3.41852754e-01,
   2.98956372e-02, 1.89341247e+00, 4.95615035e-01,-1.59025884e+00,
  -3.57633889e-01,-4.11787778e-01,-1.08899021e+00,-5.28551638e-01,
  -9.90150869e-02, 3.86949807e-01, 1.00549296e-01, 8.48997056e-01,
   1.35791183e-01, 5.09218872e-01,-6.09348416e-01, 6.53173029e-01,
  -2.25987196e-01,-6.10326290e-01, 2.81906754e-01,-4.76133171e-03,
  -1.37615669e+00,-2.53656030e-01,-2.15015441e-01, 7.46700108e-01,
   8.17292333e-02,-1.05636805e-01, 7.41754472e-01,-4.82481152e-01,
  -4.58338745e-02, 3.02697152e-01, 3.25234801e-01,-7.67806053e-01},
 { 4.57210004e-01, 4.15671229e-01, 6.97068214e-01, 4.33286309e-01,
  -1.28858113e+00, 4.66331057e-02,-3.36601585e-01,-4.84038025e-01,
  -2.72383523e+00, 1.49876046e+00,-5.26512861e-01, 2.13520780e-01,
  -6.84926093e-01, 1.22714415e-01,-4.79191124e-01,-1.55628490e+00,
   8.76158535e-01,-9.58986133e-02, 2.45707408e-01,-4.31824327e-01,
  -5.22257423e+00,-4.14784737e-02,-4.81254943e-02,-4.96473089e-02,
   3.05435687e-01,-2.05726266e+00,-8.70479822e-01,-1.83433279e-01,
   8.94828662e-02,-1.12461321e-01, 7.10680857e-02, 1.31065890e-01,
   5.60456574e-01,-1.39301926e-01,-3.10257375e-01,-5.40679574e-01,
  -1.86772406e+00,-3.48807395e-01,-9.43000257e-01, 7.22092390e-02,
  -4.47388440e-02, 2.81411678e-01,-8.37643087e-01,-9.37427342e-01,
  -3.97281200e-01, 1.07874097e-02,-8.63682926e-01, 1.73831880e+00,
  -2.04889894e+00,-8.91228974e-01,-6.73672795e-01, 1.59285113e-01,
   6.03998542e-01,-1.80835813e-01, 3.11507463e-01,-1.04454768e+00,
   1.97358251e-01, 6.72726193e-03,-7.12899640e-02,-2.83016652e-01,
  -1.32186437e+00,-7.93765187e-01,-9.36464190e-01,-8.04539084e-01,
   5.87679327e-01, 1.46140710e-01,-4.47177947e-01, 5.39780892e-02,
   3.72625352e-03, 3.34028482e-01,-1.56582308e+00,-3.95379931e-01,
  -2.88624024e+00,-2.62187392e-01, 4.33132172e-01, 7.00969100e-01,
   1.10353529e-01,-2.05759048e+00, 3.77269924e-01, 3.32700700e-01,
  -4.66449931e-02, 1.61494410e+00, 1.74434507e+00,-1.84495121e-01,
   6.82753921e-01,-5.25687337e-02,-2.83756804e+00, 5.25497735e-01,
   3.73126864e-01, 2.58171141e-01,-1.36075819e+00,-6.75229192e-01,
   1.09357870e+00, 6.07547224e-01, 8.77266288e-01, 2.85927117e-01,
  -1.59116626e-01, 5.35757303e-01, 3.51643354e-01, 5.02721488e-01,
  -4.76976708e-02, 4.88193750e-01,-1.50877126e-02,-1.88876897e-01,
   3.87463272e-01,-2.93033384e-02, 1.01672858e-01, 2.55257990e-02,
  -2.33728096e-01,-9.55800474e-01,-1.96418619e+00,-1.00224340e+00,
  -7.08123922e-01, 1.15887690e+00, 1.65370569e-01, 4.31485057e-01,
   9.92641926e-01, 5.12263358e-01,-2.31375650e-01,-4.83855963e-01,
  -1.82559099e-02, 6.09727204e-01,-1.71099305e+00, 1.87685654e-01,
   3.94480228e-02, 3.97002459e-01,-8.21710303e-02,-3.25949639e-01},
 {-3.15494239e-01,-1.42670524e+00,-7.97785401e-01,-4.51530516e-01,
  -9.28466558e-01, 7.54993483e-02, 9.29362655e-01,-2.81674147e-01,
  -5.92078343e-02,-6.64569914e-01,-5.95570385e-01, 2.08387315e-01,
  -1.01765609e+00,-1.15724981e+00,-1.81986737e+00,-3.65195900e-01,
   4.52412724e-01,-1.57147929e-01,-3.68160307e-02, 8.26153278e-01,
   1.19305924e-01, 2.03379750e-01,-5.38415849e-01, 9.13119256e-01,
   4.23998237e-01, 3.93553346e-01, 4.67726380e-01,-1.04062641e+00,
  -7.89251983e-01, 1.56276369e+00,-8.03776145e-01, 9.51754898e-02,
   4.20433611e-01, 1.49716067e+00,-7.30064288e-02, 1.50654542e+00,
   1.48283496e-01,-1.83209336e+00, 5.90388834e-01,-2.85634063e-02,
   4.07256722e-01,-1.22375083e+00, 4.71655667e-01,-2.05827877e-01,
  -6.21034689e-02,-5.94608903e-01,-1.24048793e+00,-2.31628031e-01,
  -4.31137204e-01, 8.57391834e-01, 3.29314917e-01,-3.29775482e-01,
   7.63740480e-01,-3.70858848e-01, 6.91392303e-01, 6.53482497e-01,
  -1.77071646e-01, 6.48519516e-01,-3.17396015e-01, 2.48404980e-01,
  -1.50511301e+00,-4.96549159e-01, 3.83253396e-01, 7.37331092e-01,
   1.08740461e+00, 1.50506347e-01, 1.07934386e-01,-8.91675353e-01,
   6.24735177e-01,-6.17290810e-02, 3.03833514e-01,-1.76447779e-01,
  -1.69961736e-01,-3.72940230e+00,-7.60250688e-01, 9.58315849e-01,
  -6.63740218e-01, 2.19884124e-02,-3.68679702e-01, 2.31755957e-01,
  -4.55360204e-01, 1.05178654e+00,-2.28722971e-02,-2.09002674e-01,
   5.44953942e-01, 2.93237478e-01,-8.60875249e-02, 5.04120886e-01,
   6.67571247e-01, 4.26433057e-01,-6.16390526e-01, 1.60675421e-01,
   4.45391163e-02, 4.17603523e-01,-7.50460103e-02,-4.21949774e-01,
   1.78466141e+00,-1.42273986e+00,-3.75425339e-01, 2.84266502e-01,
  -3.54730606e-01,-2.73569655e+00,-1.13760364e+00, 4.65894818e-01,
  -1.03800215e-01,-1.06490850e+00, 1.38744310e-01,-7.27366954e-02,
   4.45406765e-01,-4.73657191e-01,-4.52267379e-01,-3.62381190e-01,
  -2.32777745e-01,-2.21753776e-01,-7.18707860e-01, 7.11569339e-02,
   2.80188352e-01, 2.57860154e-01, 1.63250729e-01,-1.97456598e+00,
   5.71882069e-01, 5.37347317e-01,-7.60504127e-01,-1.54715449e-01,
   4.01394665e-01, 2.75172919e-01,-2.37812191e-01, 3.45169976e-02},
 {-1.92924310e-02, 6.42350018e-01, 5.00887394e-01,-3.09758663e-01,
  -1.23013163e+00,-2.63741136e-01,-6.40664250e-02, 1.88937500e-01,
   1.42326546e+00,-2.36838341e-01,-2.24876332e+00,-2.62666017e-01,
  -1.60536706e+00,-2.12622225e-01, 3.42751086e-01,-1.76905274e+00,
   7.70618021e-02,-1.06584084e+00,-6.33951873e-02,-7.99437702e-01,
  -5.45185618e-02,-7.76154160e-01,-1.27132523e+00,-2.21136764e-01,
  -6.14605807e-02, 2.44644970e-01, 1.85090169e-01, 4.43689823e-01,
  -2.12692976e-01, 9.99300957e-01,-6.72132790e-01,-1.81568027e-01,
  -9.41172898e-01, 4.73310471e-01,-7.72317350e-01, 4.06658828e-01,
   2.40262449e-01, 7.46298194e-01, 1.85503483e-01,-3.77370685e-01,
   2.37098202e-01,-9.75567639e-01,-7.12246746e-02,-1.22329795e+00,
   2.68049330e-01,-8.10822964e-01,-1.09208977e+00, 2.41274834e-01,
   2.35673875e-01,-6.80863738e-01,-6.36040509e-01, 5.19221485e-01,
  -5.79681806e-02, 1.08310962e+00,-3.81017947e+00,-8.30065668e-01,
  -1.08477271e+00, 7.69489288e-01, 3.33205193e-01,-1.38460631e-02,
  -5.22385001e-01,-5.69109678e-01, 5.34845352e-01,-1.39476940e-01,
  -1.52343675e-01, 5.81894219e-01, 1.50288001e-01,-3.71344954e-01,
   1.58449620e-01, 3.18800390e-01, 1.86326697e-01,-6.11679733e-01,
  -1.59348083e+00,-5.48621267e-02,-9.94657874e-01, 6.00299120e-01,
  -1.80163100e-01,-3.34040284e-01,-5.43809712e-01, 5.02538085e-01,
  -7.10230470e-01, 8.23760629e-01,-6.08894765e-01,-1.72182932e-01,
  -3.20355713e-01,-4.54966688e+00,-1.11942425e-01,-3.18391949e-01,
  -1.09180026e-01, 1.36060910e-02,-2.11624575e+00,-5.43245256e-01,
  -1.62234485e-01, 4.35610324e-01, 5.57735823e-02, 3.51162434e-01,
  -7.07449436e-01,-7.57399678e-01, 1.69005960e-01,-1.74165860e-01,
   4.44856822e-01,-1.69776380e+00,-2.51809627e-01, 3.03095937e-01,
  -2.64491081e-01,-2.34750628e-01, 1.45890623e-01,-2.33295813e-01,
  -5.41764796e-01,-5.71492434e-01,-1.82802093e+00,-2.78533906e-01,
   5.79059541e-01,-7.10544050e-01,-9.98926759e-01,-2.73695678e-01,
   6.22718921e-03, 8.06206703e-01,-3.06152672e-01,-2.33404897e-02,
  -9.44546521e-01,-3.24066937e-01,-2.18358135e+00, 7.75388777e-01,
   3.34998161e-01, 5.36464214e-01,-5.74869967e+00, 4.89599258e-01},
 { 7.11168870e-02, 9.22448337e-01, 9.97311056e-01, 9.54653621e-02,
   2.39174485e-01, 1.42890513e+00,-7.08878711e-02, 5.20555317e-01,
   9.44635123e-02,-2.07502499e-01, 3.85427654e-01, 5.94247341e-01,
  -1.13121018e-01,-4.77322824e-02, 3.42713237e-01,-1.04343319e+00,
   9.12360325e-02, 2.02092081e-01, 1.13687366e-01, 1.66859820e-01,
   1.45323887e-01,-4.99204658e-02, 2.07553640e-01,-2.60832071e-01,
  -2.24648044e-01,-2.08011240e-01,-2.00521991e-01,-1.25536263e-01,
  -7.31998742e-01,-1.41990781e+00,-2.43972957e-01,-3.79332721e-01,
   3.78574461e-01, 2.27664173e-01, 2.25016735e-02,-1.29519105e+00,
   4.10764888e-02,-5.98299205e-01,-3.12992513e-01,-4.44257587e-01,
   4.26490247e-01,-4.54346609e+00, 5.85601777e-02, 6.00473583e-01,
   1.04230022e+00,-1.79710615e+00, 2.55442530e-01,-2.01082766e-01,
  -4.73632038e-01,-9.64159966e-01, 2.93326497e-01,-4.21580553e-01,
   3.24293435e-01, 2.88677990e-01,-2.85793126e-01, 4.02266085e-01,
  -2.25283027e-01, 2.58516729e-01, 3.70989263e-01,-7.58471340e-02,
   8.19226354e-03, 4.50601786e-01, 4.73190069e-01,-7.12544739e-01,
  -7.76416212e-02, 6.26406968e-02, 2.46596366e-01, 2.87377596e-01,
   2.06606239e-01,-3.40144306e-01,-7.04440996e-02, 7.82071292e-01,
  -1.45112634e-01,-4.07107323e-01,-2.73647066e-02,-4.91919804e+00,
   1.70242805e-02, 1.92856967e-01,-6.61020398e-01, 3.28573495e-01,
  -3.20107751e-02,-9.13183033e-01, 2.40424490e+00,-4.62481290e-01,
   6.52765632e-02, 3.16420627e+00, 8.19836110e-02,-3.99744272e-01,
  -8.77059340e-01,-3.83715294e-02,-1.03416152e-01, 7.94627428e-01,
   1.72547951e-01, 8.38101923e-01, 8.21484774e-02,-3.30999523e-01,
  -1.04571953e-01, 4.20097208e+00, 1.41031414e-01, 5.67240000e-01,
   7.07807422e-01, 4.74467814e-01, 3.40008855e-01,-7.77981341e-01,
  -6.16137922e-01, 2.80058295e-01,-1.19217530e-01, 4.98917043e-01,
   2.35247806e-01, 3.35242420e-01,-6.51117027e-01, 1.74548507e-01,
  -8.39305758e-01,-3.76722455e+00, 4.93226677e-01, 1.79618493e-01,
   7.17243403e-02,-4.82066661e-01, 1.13305859e-02, 7.35089242e-01,
  -3.26653749e-01,-2.81536095e-02,-2.03509852e-01,-9.53489915e-02,
   3.54269415e-01, 7.92179644e-01, 6.93872750e-01,-1.37517214e+00},
 {-2.57106483e-01, 8.48112047e-01,-1.48254228e+00,-2.51586679e-02,
   4.32630241e-01, 6.10004701e-02, 3.12376082e-01, 3.55436713e-01,
  -8.46969008e-01, 4.26744729e-01,-9.97670442e-02,-1.64772725e+00,
  -1.88984013e+00, 7.34989166e-01,-2.34062433e+00, 4.92317937e-02,
   1.04044902e+00, 2.15498358e-01, 6.46116912e-01, 1.39533544e+00,
  -2.30814219e+00, 3.18870321e-02,-3.28852832e-01,-1.01391006e+00,
   8.59667778e-01,-2.62304246e-01,-5.35668314e-01,-1.56923696e-01,
   2.51079232e-01,-5.07843673e-01, 2.40165755e-01, 8.04653943e-01,
  -6.96813881e-01,-2.31339240e+00, 7.37111688e-01,-2.77236074e-01,
  -5.63865781e-01, 8.93796563e-01,-1.32048190e-01, 4.64359224e-02,
  -1.06567609e+00,-3.43939662e-02,-8.30239058e-01, 1.88878521e-01,
  -4.95445371e-01, 8.45255077e-01,-3.93310100e-01,-2.35667214e-01,
  -3.42410588e+00,-2.22921059e-01, 1.18691838e+00, 2.57392049e-01,
  -4.09297124e-02,-5.21017969e-01,-1.61007792e-01,-5.47881424e-01,
   5.37820220e-01, 6.20193481e-01,-1.67257071e+00,-4.85549480e-01,
   3.46602529e-01, 4.84081030e-01,-5.28025746e-01, 1.07946210e-01,
   2.56217599e-01, 4.24527824e-02, 6.90138638e-01, 1.28229213e+00,
   2.71443933e-01,-2.77475297e-01,-3.41648273e-02,-3.93921137e-01,
  -2.68514991e-01, 9.05403256e-01,-3.82951707e-01,-5.16097128e-01,
   3.23205858e-01, 1.22969121e-01,-3.62323135e-01,-1.46821439e+00,
   1.90508842e-01, 2.08405972e-01,-4.17233646e-01, 8.77004445e-01,
  -1.25274265e+00,-2.85586596e-01, 4.33088630e-01, 6.33291841e-01,
   1.70367714e-02,-3.85057777e-01,-1.09014225e+00, 8.41251910e-02,
  -1.37709105e+00, 6.09653234e-01, 8.10238242e-01,-8.02944958e-01,
   7.55417287e-01, 1.16658449e-01,-2.01977968e-01, 3.78364831e-01,
  -4.13102090e-01, 2.64404446e-01, 9.50156093e-01,-8.64484012e-01,
   1.10137594e+00, 7.67538100e-02,-6.32546186e-01,-3.24515611e-01,
   1.57567918e-01,-1.55397606e+00, 3.61353815e-01,-9.21787143e-01,
   5.95921040e-01,-2.32090577e-01,-5.28644681e-01, 5.07765055e-01,
  -1.57267302e-01, 8.43966529e-02, 1.61291346e-01, 2.19008267e-01,
  -1.58007085e+00,-1.25924110e-01, 7.77324796e-01,-4.06459868e-01,
   3.16743143e-02, 6.81445515e-03,-3.20881903e-01,-1.84369206e-01},
 {-5.48421979e-01,-3.53197642e-02, 7.05026150e-01, 1.43598085e-02,
  -4.44296408e+00, 1.77392699e-02, 2.17109829e-01, 6.88322708e-02,
   4.54100132e-01,-2.36168593e-01,-6.52101040e-01, 6.81368113e-01,
  -3.66609186e-01,-1.85129583e-01,-2.38171279e-01,-1.35334051e+00,
   5.01559734e-01,-3.60583365e-01,-1.26286566e-01, 5.54382145e-01,
   2.93074608e-01,-4.58772570e-01,-4.33601826e-01,-4.60931063e-01,
  -4.80447233e-01, 4.18473691e-01,-7.82780349e-01, 2.02834234e-01,
   3.77655327e-01, 1.71166006e-02,-3.22379351e-01, 8.19903146e-03,
   3.75969917e-01,-4.98426020e-01,-4.30216283e-01, 5.28085649e-01,
   6.18473232e-01,-3.15629452e-01,-1.61272690e-01, 9.83328581e-01,
  -4.87427741e-01, 4.45735008e-01,-6.65019691e-01,-1.17643245e-01,
   7.81074166e-01,-1.19761387e-02,-1.23010111e+00, 2.68625832e+00,
   2.71084785e-01,-5.40580511e-01, 1.05478011e-01, 4.44308639e-01,
  -7.64190331e-02, 1.59220815e-01, 4.93907809e-01, 1.69756663e+00,
   9.40582216e-01, 8.01360488e-01, 1.80903003e-01, 1.09627962e+00,
  -1.56861529e-01,-3.60344917e-01, 7.82331347e-01,-9.37978363e+00,
   3.01774770e-01, 2.05277801e-01,-8.69313478e-01,-1.09379268e+00,
   1.88280463e-01,-2.32784539e-01,-2.34328479e-01,-7.54639447e-01,
  -6.27447605e-01,-2.91596837e-02,-1.58941555e+00, 4.76393312e-01,
  -1.43104360e-01,-6.26577139e-01, 6.37003243e-01,-5.56358933e-01,
  -2.09302202e-01, 2.09973264e+00,-6.19600952e-01,-6.70512974e-01,
   1.38443306e-01,-4.95946229e-01, 3.75971168e-01,-2.51250595e-01,
  -2.15161681e-01, 2.92468946e-02, 5.60434520e-01,-1.03657281e+00,
   9.78838086e-01, 1.10285175e+00,-4.35459018e-02, 8.81059393e-02,
   4.82017100e-01, 3.09481323e-01,-2.83847302e-01, 5.12658060e-01,
  -1.06008984e-01,-4.30407315e-01, 3.51186283e-03, 4.98215556e-01,
  -4.89063770e-01,-7.45662928e-01,-1.90973029e-01,-3.17618042e-01,
   4.24018055e-01, 6.18266225e-01,-9.47559655e-01, 1.69289783e-01,
  -1.36948690e-01, 9.36510146e-01,-1.67157039e-01,-6.15023494e-01,
   4.01749820e-01,-1.00517023e+00,-4.32737440e-01, 1.75582424e-01,
   2.28326358e-02,-3.38588297e-01,-1.22124934e+00, 3.67433578e-01,
   1.69366670e+00, 3.49375904e-01,-2.95622140e-01, 1.77746460e-01},
 {-7.53908694e-01, 1.78212315e-01, 2.23883167e-01, 1.06610692e+00,
  -4.04643089e-01, 6.88033476e-02,-2.50019819e-01,-1.75928307e+00,
  -1.08663321e+00,-6.65747702e-01, 1.02038383e+00,-3.21076691e-01,
  -1.20757051e-01, 3.42146695e-01,-2.15440199e-01, 1.12554717e+00,
  -3.00918728e-01,-3.55881155e-01, 7.00826764e-01, 6.62835062e-01,
  -7.87567317e-01,-9.86917794e-01, 1.34936690e-01,-2.75651067e-01,
   1.70170978e-01,-1.85888112e+00,-5.97445369e-01,-9.46094394e-01,
   1.82590157e-01, 2.85003096e-01,-2.84448177e-01,-3.72404188e-01,
   9.14282382e-01,-1.65314412e+00,-6.90446138e-01,-6.55642569e-01,
   4.95782755e-02, 2.09882915e-01,-7.31154025e-01, 3.78599077e-01,
  -4.81219471e-01, 3.09580088e-01,-3.31163502e+00,-4.97079641e-01,
  -3.66730928e-01, 7.94130266e-01, 1.46015942e+00, 9.53612030e-01,
  -2.08668852e+00, 6.22248352e-01, 5.32639146e-01, 1.94467396e-01,
  -6.47876918e-01, 1.21501066e-01, 2.68651396e-01,-1.07616758e+00,
  -4.06946629e-01, 4.85278927e-02, 5.89522362e-01, 7.07837641e-01,
   3.03194135e-01,-5.32117248e-01, 8.04549754e-01,-4.33682561e-01,
   2.86812007e-01, 3.45843166e-01, 3.24608266e-01,-3.08468878e-01,
   1.97911859e-01, 6.13653719e-01,-6.58418536e-01, 7.02640861e-02,
   6.15402684e-02, 4.11518067e-01, 1.44373310e+00,-9.99655426e-01,
  -1.06189036e+00,-2.47130215e-01,-1.84974539e+00, 4.04434294e-01,
   1.45801365e-01,-3.55768859e-01,-1.76231551e+00,-3.75811122e-02,
  -6.58176005e-01, 1.47098207e+00,-6.70685768e-01,-1.08045256e+00,
   6.02916777e-01, 1.91533472e-02,-2.16093731e+00, 7.03112006e-01,
  -1.23928559e+00,-2.51667470e-01,-1.54230297e-01,-1.03958094e+00,
   1.13339984e+00,-7.61584580e-01,-3.19091007e-02,-9.23406065e-01,
   6.96081042e-01, 5.96810222e-01,-1.12273681e+00,-6.24336660e-01,
   3.32968980e-01,-1.94620356e-01, 8.00316930e-01, 1.11198239e-01,
  -1.18855083e+00,-5.03079891e+00,-2.26848745e+00,-4.93879952e-02,
   9.42737222e-01,-2.50775874e-01, 1.93920717e-01,-9.35402632e-01,
  -4.59009320e-01, 4.98455942e-01, 1.29806018e+00,-7.26388693e-02,
   7.50832915e-01,-5.53628087e-01, 1.17160594e+00,-2.82883793e-01,
   4.32125181e-01,-8.42302203e-01, 2.76672188e-02, 1.85725406e-01},
 {-7.83886835e-02,-5.13242297e-02,-3.51534933e-02,-1.16328217e-01,
  -1.09223716e-01,-8.45021680e-02,-5.96529134e-02,-1.60873026e-01,
  -2.23084465e-02,-3.15017141e-02, 2.12677903e-02, 2.57716458e-02,
  -7.47958198e-02,-6.97634891e-02,-6.68615550e-02,-1.99161842e-02,
  -2.29990035e-02,-2.58301422e-02,-4.48065437e-03,-1.23076316e-03,
  -1.06968142e-01, 1.73225328e-02, 5.91374412e-02,-2.41673123e-02,
  -9.02964994e-02,-6.64717406e-02, 1.32973120e-02, 6.12897649e-02,
   1.83474459e-02, 2.29322687e-02,-1.76098309e-02,-6.40958175e-02,
   1.80144608e-02,-5.15701249e-02,-2.06511188e-02,-5.51275350e-02,
  -3.84925604e-02, 1.88859943e-02, 1.35713033e-02,-6.09665699e-02,
   6.51580514e-03,-9.98316109e-02, 7.25085987e-03, 4.89228964e-02,
   4.67073023e-02,-1.62276447e-01,-7.60579109e-02, 6.08850829e-03,
  -1.48692513e-02, 1.04889348e-02, 2.29320079e-02,-4.85221818e-02,
  -8.89484435e-02,-9.89110917e-02, 1.29576484e-02,-8.79962929e-03,
  -2.99550109e-02,-1.22325853e-01,-1.00130975e-01,-5.73566370e-02,
  -5.83331473e-03,-4.65614833e-02,-9.99071077e-02,-6.52889386e-02,
   6.09524958e-02, 1.47445574e-02,-4.98190820e-02,-7.72688836e-02,
  -9.79528278e-02,-1.42785429e-03,-6.74815848e-02,-3.34049203e-02,
  -5.88939227e-02,-1.17292441e-01,-1.13547929e-01,-9.93834510e-02,
  -7.88504109e-02,-7.12374318e-03,-5.45789003e-02,-2.24247295e-02,
  -3.93771045e-02, 3.33650112e-02,-6.14801198e-02, 8.30438286e-02,
  -1.09676011e-01,-8.91284496e-02,-1.78882331e-02,-8.22231323e-02,
   2.77596638e-02,-9.08439681e-02, 5.37339486e-02, 3.53473425e-02,
  -1.09770875e-02, 9.31979530e-03, 5.95634021e-02, 6.96070641e-02,
  -1.03491604e-01,-1.81592889e-02,-1.62954360e-01, 1.93587616e-02,
  -7.08819404e-02,-3.21631469e-02,-9.39054787e-02,-6.68388531e-02,
  -3.66559252e-02, 4.94244397e-02,-8.11694488e-02,-2.60034464e-02,
   6.10251017e-02, 5.82005084e-02,-1.11009859e-01, 5.82620688e-02,
  -1.67235434e-02, 3.58677432e-02,-1.41385640e-03,-1.11492783e-01,
  -2.81594247e-02, 1.73259843e-02,-2.76290383e-02,-1.10544577e-01,
   3.71460766e-02,-1.25511184e-01, 1.47613473e-02, 3.74205373e-02,
   2.50513498e-02,-5.01340590e-02, 2.16872920e-03,-4.86523882e-02},
 {-3.58824223e-01, 4.15643185e-01, 3.51422817e-01,-3.28410268e-02,
  -8.13875866e+00, 7.69564137e-02,-4.40361470e-01,-1.67568552e+00,
   2.10930243e-01, 4.67317879e-01, 7.75630325e-02,-3.70326996e-01,
  -6.07792020e-01, 3.23026419e-01,-5.20769417e-01,-2.13302270e-01,
   4.60646123e-01,-6.51962280e-01,-1.00409342e-02, 5.15479594e-02,
  -6.70958400e-01,-3.63191038e-01,-2.32084408e-01, 2.35369503e-02,
   3.98289770e-01,-1.59810197e+00,-8.67712200e-01, 4.68513817e-02,
   3.71561944e-02,-2.31822699e-01,-5.29983521e-01,-1.54647961e-01,
   4.16249901e-01, 2.28577375e-01,-4.33064938e-01,-3.94478679e-01,
  -4.80116680e-02, 2.65982956e-01, 4.27517831e-01,-4.01550591e-01,
  -5.05260006e-02, 1.85840011e-01,-1.00379515e+00,-9.59996223e-01,
   4.53298956e-01,-2.25258484e-01,-1.51531711e-01,-2.61835647e+00,
  -1.99524188e+00, 9.69764218e-03, 4.88452226e-01, 5.73657930e-01,
  -2.22067550e-01,-8.09791028e-01, 4.78894919e-01, 2.93754071e-01,
  -2.03436717e-01, 1.56840071e-01, 1.13677243e-02, 2.98746467e-01,
   2.09233806e-01,-1.46456271e-01, 8.73696506e-01,-9.28621292e+00,
  -6.50901079e-01, 2.59375751e-01,-7.10143223e-02,-7.03065872e-01,
   1.04425764e+00,-4.35588121e-01,-2.61082679e-01,-1.77222267e-01,
  -1.04426429e-01,-7.64153749e-02,-1.23083997e+00, 2.30807036e-01,
   7.33801484e-01,-1.45442772e+00, 6.77104294e-01, 5.92894733e-01,
  -7.94816017e-01, 8.90168905e-01, 7.38614440e-01, 2.57539421e-01,
   8.30847442e-01, 2.42204256e-02,-1.19940841e+00,-1.59164712e-01,
   2.79118508e-01,-1.19297579e-01,-6.07050955e-01, 4.02186476e-02,
   1.26426554e+00, 1.69805005e-01, 7.24625647e-01, 1.90891236e-01,
  -1.27418488e-01, 3.75977784e-01, 3.54647152e-02,-4.13781464e-01,
  -4.66991752e-01, 2.60742754e-01, 7.01454699e-01,-5.73561639e-02,
  -1.22890556e+00, 5.97472131e-01,-1.63789988e-01, 3.77680957e-01,
  -4.92830314e-02,-1.05723821e-01,-6.17156029e-01,-6.25298560e-01,
   3.04116011e-01, 6.46828771e-01, 3.35193723e-01,-2.09626541e-01,
   8.44922900e-01, 2.50664860e-01, 2.46403262e-01,-1.94268897e-01,
  -2.08852917e-01, 5.13603330e-01,-1.22685122e+00,-2.47952025e-02,
   6.26892447e-01, 9.69299316e-01,-3.02285224e-01, 1.78273395e-01},
 {-5.20283617e-02,-7.54307061e-02,-5.39009720e-02,-7.19505772e-02,
  -1.02814086e-01, 1.90798156e-02,-2.57048681e-02,-9.85825732e-02,
  -5.16114794e-02,-3.84672955e-02,-6.62387311e-02,-7.85527080e-02,
  -1.79633517e-02,-6.11448800e-03,-7.48738870e-02,-7.44752679e-03,
  -7.20071495e-02,-4.51892689e-02,-1.99614950e-02,-6.60556257e-02,
  -1.76987387e-02,-9.21512991e-02,-2.14775521e-02, 8.31924006e-02,
   3.45596783e-02,-6.44549653e-02, 1.90863200e-02,-9.53306034e-02,
   7.13474602e-02,-8.32038224e-02,-9.11449119e-02,-9.73655283e-02,
  -1.00133613e-01,-1.61592718e-02,-3.61297429e-02,-1.21630123e-03,
  -2.73310505e-02,-1.90735348e-02,-2.66046561e-02,-7.18593076e-02,
  -7.55071864e-02,-7.90065434e-03,-6.02867380e-02,-5.13787121e-02,
   2.76982095e-02,-5.72825186e-02,-2.76732836e-02,-5.89236952e-02,
  -7.56251216e-02, 2.19648462e-02,-3.50403376e-02, 5.10734282e-02,
  -1.41712166e-02,-4.42985781e-02,-8.40452835e-02,-4.90244292e-02,
  -3.34358104e-02,-8.97838324e-02,-3.71115208e-02,-9.15364071e-04,
  -7.44968951e-02, 1.75866969e-02, 6.07843883e-02,-3.95094790e-03,
   6.03797175e-02,-1.42747397e-02,-6.50813133e-02,-5.07118329e-02,
  -7.38421828e-02, 2.26856247e-02,-5.42907603e-02,-8.69286247e-03,
  -3.70494500e-02,-1.02308258e-01,-3.24045606e-02,-8.79839659e-02,
  -5.31396717e-02, 4.01183814e-02,-3.41740134e-03,-1.13224350e-01,
  -1.05453834e-01,-1.08871143e-02,-1.02273375e-01,-7.67343640e-02,
  -6.34299368e-02, 7.44028687e-02,-7.04139844e-02,-4.53931019e-02,
  -6.77898973e-02, 5.28992787e-02,-1.89647190e-02, 1.70443542e-02,
   8.44705384e-03,-2.27729436e-02, 5.10524884e-02,-3.20443860e-03,
  -1.21614803e-02,-5.70422113e-02,-1.20136984e-01,-4.68534045e-02,
   1.76297259e-02,-7.56947175e-02,-7.22810701e-02,-9.52714086e-02,
  -4.00938466e-02,-8.26715976e-02,-6.32522702e-02, 4.11133505e-02,
   4.26481664e-02, 1.87719464e-02,-2.74586864e-02,-7.51106218e-02,
  -8.80479813e-02,-1.01078421e-01,-6.57496527e-02,-2.39919722e-02,
  -6.66334704e-02, 6.58683479e-02,-6.44313097e-02,-7.54314959e-02,
   3.50129269e-02,-9.36173126e-02, 6.98684826e-02, 2.38010213e-02,
  -9.23298001e-02, 5.71505576e-02,-5.92096969e-02,-3.51435505e-02},
 { 9.17902887e-01,-1.34782600e+00,-1.01931357e+00, 5.21806836e-01,
   2.19989255e-01, 6.88973665e-01, 1.24324121e-01,-4.78898942e-01,
  -1.59868586e+00,-3.92311186e-01, 1.13894200e+00,-8.26757789e-01,
  -1.58216000e-01, 6.23094151e-03, 1.60770953e-01,-3.78167331e-01,
  -1.78859979e-01,-5.45056105e-01,-3.15515161e-01,-2.95861643e-02,
  -3.77848953e-01, 1.00972190e-01, 1.86616287e-01, 9.21347022e-01,
   7.85863221e-01,-2.74101496e-01, 6.87418133e-02,-3.08453798e-01,
  -9.02691901e-01, 2.46504948e-01,-6.06795609e-01, 1.11779618e+00,
  -9.07007039e-01, 6.19689763e-01, 7.69983530e-01,-2.94670463e-01,
  -6.83619201e-01,-1.69557607e+00,-2.13552073e-01, 8.77671987e-02,
  -1.09540984e-01, 7.36069441e-01, 4.85532343e-01, 4.78795618e-01,
   6.79287314e-02,-8.38257909e-01,-5.65885842e-01,-1.38329118e-01,
   1.96200714e-01,-5.03566980e-01, 8.66155922e-01,-6.06320798e-01,
   5.65357327e-01,-7.13456795e-02, 7.08924472e-01,-2.44761705e-02,
  -3.49870294e-01,-6.35446906e-01, 3.06255311e-01,-6.69117153e-01,
  -1.58522832e+00, 3.40490341e-01, 1.30766559e+00, 8.03492904e-01,
  -1.18280470e+00, 2.06438437e-01, 3.23470533e-02,-7.00454354e-01,
   5.15052319e-01, 1.49907870e-03,-8.70556906e-02,-8.26180995e-01,
   1.75830066e-01,-1.12381232e+00, 1.01985312e+00, 6.14255369e-01,
   3.89781833e-01,-2.20384523e-01,-1.78945120e-02, 5.27778685e-01,
   6.66509449e-01,-1.94897270e+00,-2.27497768e+00, 9.22046840e-01,
   6.79299951e-01, 1.61377728e+00, 1.06931487e-02, 3.08699489e-01,
  -5.66362888e-02, 1.43797085e-01, 5.54777682e-01,-5.92996538e-01,
  -8.40448961e-02, 2.46708065e-01,-4.30463664e-02, 4.22321945e-01,
   7.71065712e-01,-4.04324865e+00,-6.91291168e-02, 2.67023265e-01,
  -1.27493262e+00, 1.65336418e+00,-5.44775486e-01,-2.70712852e-01,
   5.30133545e-01, 1.36468247e-01, 2.46963009e-01,-7.09472537e-01,
  -5.50329804e-01,-2.44351894e-01,-6.52992964e-01,-5.59303641e-01,
  -1.11912978e+00,-8.55458677e-01,-1.18267989e+00, 1.86959043e-01,
  -6.02083027e-01, 7.23847926e-01, 5.94807684e-01,-1.05135393e+00,
  -3.77881020e-01, 2.23437399e-01,-8.21897268e-01, 2.16940001e-01,
   6.86511219e-01, 4.10175920e-02,-1.54855832e-01, 1.34237278e-02},
 {-1.89870358e-01, 3.37449312e-01,-4.72478837e-01, 1.56603113e-01,
   3.43269110e+00, 2.57067889e-01, 1.61380082e-01,-2.29473412e-01,
  -1.89304376e+00, 2.40218535e-01, 3.72578986e-02,-1.44540831e-01,
  -3.65251265e-02,-6.88862801e-02, 6.56294376e-02,-1.88417986e-01,
   2.12977991e-01, 2.34157041e-01, 9.68382895e-01, 6.19191229e-01,
   3.52934808e-01,-4.59946692e-01,-1.13412380e+00,-1.36731759e-01,
   6.44494712e-01, 7.52563000e-01, 4.63190526e-01, 3.89185488e-01,
   2.37846058e-02, 6.52180135e-01,-3.66049558e-01, 8.14472258e-01,
   3.53061140e-01,-5.33224642e-01, 9.35693830e-02, 4.39791203e-01,
  -1.49174714e+00,-3.87397826e-01, 4.33117688e-01, 5.62300026e-01,
  -9.33526576e-01, 9.67881605e-02,-1.90338266e+00, 5.24227202e-01,
  -4.06209022e-01, 2.55730599e-01, 2.00032964e-02,-8.15174639e-01,
  -1.20727634e+00, 1.43551362e+00, 5.37809767e-02,-1.75332201e+00,
   3.70828509e-01, 2.24127814e-01, 4.02669519e-01, 2.28289470e-01,
   2.53500342e-01,-2.42242098e-01, 6.98528737e-02,-3.65581012e+00,
   5.58965743e-01, 5.19481190e-02,-3.20481467e+00,-1.15627432e+00,
   3.24997574e-01,-1.35219470e-02, 1.13542579e-01,-1.28420079e+00,
  -7.29157403e-02,-1.00412846e+00,-4.73063737e-01, 2.78895825e-01,
   2.23126486e-02, 3.47548872e-01,-2.24517798e+00, 1.37168810e-01,
   1.80148557e-02,-1.09330165e+00,-6.29338771e-02, 1.68504879e-01,
   5.42567313e-01,-7.75418937e-01, 4.81517553e-01,-7.29622960e-01,
  -7.42696762e-01, 6.97944164e-02, 2.28075206e-01, 7.29568079e-02,
   6.19127788e-02, 3.66105407e-01,-2.20180154e-01,-7.76960135e-01,
  -2.60691738e+00, 7.01133251e-01,-1.47805452e+00,-1.54163346e-01,
   3.57307434e-01, 2.29882244e-02,-5.83867133e-01, 3.57533276e-01,
   2.98760161e-02,-6.80945158e-01, 3.78723264e-01,-1.71578240e+00,
   2.74647892e-01,-3.02317947e-01,-5.35357296e-01,-2.75302589e-01,
  -1.61997810e-01, 2.09503844e-01,-3.33075643e-01, 1.17988564e-01,
  -1.72568470e-01, 7.61382878e-01,-6.00663304e-01, 5.02527535e-01,
  -2.78989881e-01, 1.59612820e-01,-2.93359607e-01,-1.60998917e+00,
  -2.95225978e-01,-5.76339602e-01,-2.07516000e-01,-5.15579581e-01,
   7.59203911e-01,-9.82538879e-01, 1.26710400e-01, 3.51783246e-01},
 {-1.36294857e-01,-1.16645074e+00,-4.25036065e-02,-5.94715655e-01,
  -9.56891298e-01,-2.53880233e-01, 1.11067545e+00,-3.90941441e-01,
  -1.60981510e-02, 3.82974803e-01,-1.52256981e-01, 2.40162134e-01,
  -1.75616407e+00, 6.10966086e-01, 6.69115841e-01,-6.25419557e-01,
   6.00610673e-01,-8.26395676e-02,-4.28357273e-02, 9.55376923e-02,
   1.51199073e-01,-1.14751673e+00, 3.79712492e-01, 5.72992086e-01,
  -4.39573795e-01,-4.83472556e-01,-7.25236714e-01,-2.13655621e-01,
  -6.66193128e-01,-1.64759064e+00, 2.25905523e-01, 3.42357755e-01,
  -5.09591877e-01, 5.87739170e-01,-6.70665264e-01, 1.39888489e+00,
   3.75790596e-01, 2.73930669e-01, 3.82169425e-01,-1.04871631e-01,
   2.17048883e-01, 3.27378243e-01,-1.11679435e+00, 1.70894161e-01,
  -4.97736394e-01,-1.35374057e+00,-4.20878112e-01, 5.52294374e-01,
  -3.40575188e-01, 3.91816586e-01,-3.60499799e-01,-1.06874935e-01,
  -6.82519495e-01,-7.36187920e-02,-1.49883044e+00, 8.92455816e-01,
  -3.04146975e-01, 2.41492391e-01,-1.87380934e+00,-4.73025352e-01,
   3.43967795e-01, 5.44112384e-01,-3.87125760e-01,-2.28582308e-01,
   8.76300931e-01, 4.10590112e-01,-6.51483178e-01, 5.83963096e-01,
  -1.50879666e-01,-7.13207364e-01, 2.71414015e-02, 6.04674935e-01,
   4.79082435e-01, 6.22308135e-01,-1.85836089e+00,-1.05788815e+00,
  -7.82024767e-03, 8.26313347e-02,-7.29450524e-01,-3.54161531e-01,
  -5.61963953e-02, 1.90570676e+00, 1.22825885e+00,-2.98507333e+00,
  -1.52775988e-01,-5.31231737e+00, 9.87625942e-02,-7.72863328e-01,
   6.55000806e-02, 2.23711282e-01,-5.81061423e-01, 7.33014822e-01,
   6.29818678e-01, 5.35439968e-01,-4.22939718e-01,-6.07875466e-01,
   4.26240312e-03, 1.36496615e+00, 4.31993663e-01,-4.33465429e-02,
  -5.53461850e-01,-3.47899532e+00,-5.40951602e-02, 2.62282461e-01,
  -9.79810774e-01,-2.09036842e-02,-3.49389672e-01,-2.25520357e-01,
   6.30226433e-02, 9.64652300e-01,-2.54826665e+00,-2.21343040e+00,
  -1.38486885e-02, 7.43514299e-01,-3.81736040e-01,-8.33719075e-01,
  -3.23755890e-01, 1.69913843e-01,-5.00410497e-01, 6.14887238e-01,
  -3.85564387e-01, 2.36030221e-01, 1.90537795e-01, 5.94163895e-01,
   1.01570241e-01, 2.05430552e-01,-3.81148130e-01,-6.57191038e-01},
 {-9.04070809e-02,-1.68193039e-02,-1.87293030e-02,-5.34593835e-02,
  -6.76521882e-02,-3.15784700e-02, 5.19116782e-02,-1.39443427e-01,
   2.04348229e-02,-1.12332508e-01,-4.72272336e-02,-1.18549734e-01,
  -8.03543851e-02, 1.83712654e-02,-9.79883894e-02, 1.77410226e-02,
  -8.77102762e-02,-1.86938681e-02,-1.50977895e-01,-8.92449841e-02,
  -1.79425493e-01,-7.71649331e-02,-4.38159220e-02,-9.37927887e-02,
  -1.90235791e-03,-4.47954005e-03, 5.25472760e-02, 2.88013238e-02,
   3.72666381e-02,-4.76237684e-02,-7.22658932e-02, 3.85017134e-02,
  -2.44185776e-02,-8.58908892e-02, 2.21389756e-02,-1.35482088e-01,
   2.93377005e-02, 3.25809754e-02,-1.43217281e-01,-1.43462047e-01,
  -6.90001575e-03, 1.13646435e-02,-2.59000789e-02,-7.73750991e-02,
  -2.50642970e-02,-6.10065237e-02,-3.51208374e-02, 2.24630926e-02,
   6.79463614e-03,-2.19823816e-03, 2.04705000e-02,-1.46259978e-01,
  -7.83158168e-02, 2.11510677e-02,-3.32597047e-02,-5.20281456e-02,
   5.14599634e-03, 1.86961982e-02,-1.15466662e-01,-4.22118418e-02,
   6.45070849e-03,-1.33731663e-01,-4.35155816e-02,-3.09514757e-02,
  -8.60860050e-02,-1.40476480e-01, 2.21459474e-02,-7.12963119e-02,
  -7.67260492e-02, 1.48845231e-02,-9.62922797e-02,-9.61392596e-02,
  -1.03539348e-01,-9.11862776e-03,-8.90227556e-02,-3.45178172e-02,
  -1.52995363e-02,-9.66025963e-02, 2.66560800e-02,-1.92295201e-02,
  -1.01763405e-01,-8.28477368e-02, 3.52144949e-02,-5.01171127e-02,
  -3.18013504e-02,-5.94722368e-02, 4.21172604e-02,-5.94366901e-02,
  -6.49793446e-02,-5.02879024e-02,-1.08945966e-01,-1.10744452e-02,
  -6.61041513e-02, 3.08878440e-02,-2.19084956e-02,-7.57421777e-02,
  -4.50639836e-02, 3.09091317e-03,-1.15313090e-01,-1.29731089e-01,
  -2.05581114e-02,-9.70680565e-02,-9.24103633e-02,-1.81958992e-02,
   6.47567362e-02,-6.62948713e-02,-3.30518074e-02,-9.10782218e-02,
  -2.02963632e-02,-1.61498673e-02,-5.87896667e-02,-1.64935887e-02,
  -6.98467419e-02,-5.49882837e-02,-5.56908362e-02, 5.42455912e-02,
   2.13768426e-02,-4.46985476e-03, 4.76966538e-02,-2.11818274e-02,
  -8.97296369e-02,-8.16033706e-02,-8.73680343e-04,-1.21424548e-01,
  -3.39087308e-03,-3.02699916e-02,-8.30077566e-03,-1.23134211e-01},
 {-8.52561235e-01, 2.65835226e-01, 7.73915410e-01, 1.15820363e-01,
   2.93751478e-01, 1.18870042e-01,-3.73707443e-01, 6.98790073e-01,
   4.72671866e-01, 3.62939723e-02, 4.42674726e-01,-4.55306470e-01,
   7.47988522e-01, 4.26086605e-01,-2.21557364e-01, 2.95439541e-01,
   9.73178387e-01,-6.00480258e-01, 1.19307947e+00, 4.29014862e-01,
  -3.64621758e-01,-7.26136565e-01, 1.63246274e-01,-1.74468681e-01,
   1.88618675e-02,-9.48335379e-02,-7.01407671e-01,-5.96464753e-01,
  -1.61132533e-02, 5.57780191e-02, 2.16825157e-01, 7.85319090e-01,
   8.64947915e-01, 4.84119028e-01, 1.32074967e-01,-1.19571650e+00,
   6.61282241e-02, 1.04655325e-01, 1.19464383e-01,-9.13513899e-01,
  -1.80484176e-01,-3.97506177e-01, 1.26094329e+00,-3.18105638e-01,
  -3.27939421e-01, 1.00149310e+00, 3.34688783e-01,-7.60281831e-02,
  -7.72786975e-01, 2.91656554e-01,-6.27706766e-01,-4.74945843e-01,
   1.84669268e+00, 7.80081689e-01,-2.25891829e+00,-4.67672408e-01,
  -2.27595314e-01, 6.34477615e-01,-4.83904451e-01, 2.44385496e-01,
   2.70042926e-01, 6.50015354e-01,-7.13957823e-04,-2.11028790e+00,
   5.97708523e-01, 5.11565097e-02,-5.29948235e-01, 3.75551641e-01,
   1.14654160e+00, 4.14708048e-01, 5.80223203e-01, 1.45048141e-01,
  -3.29985946e-01, 3.15212637e-01, 5.46873987e-01,-2.44678569e+00,
  -3.21624339e-01,-4.74544972e-01,-7.15418148e+00,-4.59010333e-01,
  -6.56847715e-01,-4.17561084e-01,-1.36236441e+00,-3.55705798e-01,
  -9.06343102e-01,-1.07726038e+00, 7.62635693e-02, 1.92373186e-01,
   2.21161038e-01,-1.61112145e-01,-2.96593964e-01, 3.51565003e-01,
   6.71888769e-01, 2.13257933e+00,-2.08381221e-01,-8.93904388e-01,
   2.04935148e-01, 1.17186300e-01, 7.67491817e-01, 4.01120692e-01,
  -3.17530692e-01,-2.00665307e+00, 3.34446520e-01,-8.62308979e-01,
  -8.77403855e-01, 1.93560928e-01,-4.46653545e-01, 1.44692808e-01,
  -6.63094997e-01,-1.09778440e+00, 2.97069699e-01,-3.01863730e-01,
   5.62477946e-01, 6.52927876e-01,-1.03684604e+00,-6.07744217e-01,
   2.01177180e-01,-2.13527173e-01, 5.80014110e-01, 2.27925897e-01,
   9.19768333e-01, 6.55928731e-01,-7.06629467e+00,-3.92277241e-02,
   6.65641248e-01,-3.35313886e-01, 1.11103557e-01, 2.14045942e-02},
 {-1.13249600e+00, 2.56833166e-01,-2.60239672e-02, 1.44470751e-01,
  -1.65403759e+00,-5.08606471e-02,-3.61772776e-02,-4.55666929e-01,
   7.95660198e-01,-5.27662516e-01,-1.61341697e-01, 5.51805273e-02,
  -5.13939559e-01,-1.09620559e+00, 3.55681479e-01,-3.48142326e-01,
   1.00280106e-01,-4.29799885e-01,-2.34307933e+00,-7.47946948e-02,
  -2.83160750e-02, 4.48032133e-02,-6.19261742e-01, 1.18707024e-01,
  -2.42752120e-01,-4.54359949e-01,-7.61259571e-02,-2.26750955e-01,
  -5.01952291e-01,-5.60316920e-01,-4.04711589e-02,-3.42713371e-02,
   1.24030098e-01, 3.30381304e-01,-8.38895500e-01,-2.88425684e-01,
  -1.42910987e-01,-2.15455353e-01, 6.89816117e-01,-2.04192415e-01,
   2.83946395e-01,-1.68517336e-01,-6.53414607e-01, 5.22045791e-01,
  -6.88431561e-01,-4.73660529e-01,-2.23778534e+00, 2.23479104e+00,
  -5.44501603e-01,-4.99869496e-01, 5.31240582e-01, 1.39797568e-01,
   2.02143475e-01, 3.31315435e-02, 1.90943092e-01, 1.06165779e+00,
  -3.77023727e-01,-1.62015200e-01,-5.93393207e-01,-8.16327453e-01,
   3.24627310e-01,-2.70057142e-01, 1.39005828e+00, 8.37606788e-01,
   2.45206833e-01, 1.45581946e-01,-6.72761202e-01,-8.58991221e-02,
   5.20859122e-01, 1.16110668e-01,-6.39534533e-01, 6.31227732e-01,
   4.26912643e-02,-1.18544549e-01,-2.31019020e+00, 6.25907183e-01,
   1.20443141e+00, 1.25630274e-01, 9.67495322e-01, 5.11915922e-01,
  -2.65837520e-01, 4.34120148e-01, 2.38875315e-01, 1.01506025e-01,
   6.88538671e-01, 2.88920969e-01,-2.41312414e-01, 6.49179518e-02,
   1.26612902e-01,-4.45375741e-01, 1.57981813e+00,-4.49979097e-01,
   6.95481300e-01,-7.43328154e-01,-6.99625254e-01,-5.05685389e-01,
   3.62519860e-01, 2.67990142e-01, 3.43313634e-01, 5.19746244e-01,
   1.35315657e-01,-2.58871555e-01, 1.77943081e-01,-4.42449987e-01,
   5.45821786e-01,-1.12909806e+00, 1.82608888e-01, 2.66570002e-01,
   8.22564304e-01,-1.54592335e+00, 2.24204227e-01, 1.88826382e-01,
  -3.70480835e-01,-1.87645316e-01, 7.56800175e-01, 5.12180746e-01,
   9.47802484e-01,-1.46948802e+00, 6.94593430e-01,-3.76692265e-01,
  -1.12607050e+00, 1.93928152e-01,-1.65537000e+00,-3.96725863e-01,
  -3.07180047e+00, 7.63347566e-01,-2.44466409e-01,-3.29667717e-01},
 {-4.25030023e-01, 3.54461044e-01, 1.15959346e+00,-9.82953429e-01,
  -6.57190196e-03,-4.83939685e-02, 5.49810350e-01, 3.13914716e-01,
   1.42887548e-01,-3.41793388e-01,-2.44314730e-01, 2.85256743e-01,
  -2.60091335e-01, 8.68992746e-01, 4.24753159e-01,-1.61067712e+00,
  -5.00739157e-01, 2.69550472e-01, 4.66306686e-01, 2.10903510e-01,
   2.84721822e-01, 3.96063179e-01,-2.56656587e-01,-5.30937985e-02,
   5.04675448e-01, 2.05547899e-01,-1.59680799e-01,-7.25800514e-01,
   6.83418363e-02,-1.86233985e+00,-4.98556405e-01,-4.87358540e-01,
  -4.19257209e-02, 8.35528433e-01,-1.54273048e-01, 4.02153283e-02,
  -1.47320986e-01, 1.17795074e+00, 1.02129780e-01, 2.93962075e-04,
   1.55532792e-01, 1.26550710e+00,-4.00033444e-01, 8.80543739e-02,
   2.44431525e-01,-6.27293944e-01, 7.10963666e-01,-1.02392003e-01,
  -2.12969244e-01,-7.51582801e-01,-5.63600242e-01,-3.56271751e-02,
   1.74992293e-01, 3.24414283e-01,-8.25564921e-01, 1.72441852e+00,
   3.33239287e-01,-2.37235334e-02, 3.61871898e-01, 1.58864483e-02,
   5.80892414e-02, 3.46730590e-01, 2.13171840e-01,-1.31580994e-01,
  -2.43243605e-01, 2.17625809e+00,-3.12523276e-01,-2.08782908e-02,
   1.98099390e-01,-1.32507920e-01, 2.41959140e-01, 1.92285180e-01,
   8.97641778e-02, 8.31274509e-01,-5.98198891e-01,-3.89280009e+00,
   1.62417591e-01, 4.17070031e-01,-1.13912153e+00, 4.83537942e-01,
  -3.45216900e-01, 9.29699421e-01,-9.30755258e-01,-3.45871747e-01,
  -2.88102061e-01,-4.97879124e+00, 2.68705022e-02,-4.89187777e-01,
  -1.77204106e-02,-4.46025640e-01, 5.39370358e-01, 3.52042466e-01,
  -2.29222283e-01,-2.15215147e-01,-2.16470167e-01,-6.63248599e-02,
  -2.46463284e-01,-6.54546976e-01, 5.40317118e-01,-5.47779836e-02,
   6.91456497e-02,-7.93749213e-01, 1.12036079e-01, 4.47656661e-01,
  -5.03377318e-01, 1.54677585e-01,-7.08469152e-01, 1.93871036e-01,
  -3.21022362e-01, 2.12783188e-01,-7.75305867e-01,-3.73534858e-01,
  -3.20526391e-01,-3.65965873e-01, 8.27219129e-01,-3.52106959e-01,
  -3.39609027e-01,-1.83965236e-01,-1.38095427e+00, 8.27768520e-02,
   5.18937230e-01,-1.35779530e-02, 6.89568520e-01,-1.27319396e-01,
  -2.67686665e-01, 1.69223353e-01, 2.15435237e-01, 8.79014790e-01},
 {-1.90363117e-02, 8.93309355e-01,-1.95209399e-01,-1.70742825e-01,
  -3.33074987e-01, 2.19329268e-01,-3.63807321e-01,-3.10027540e-01,
   4.20292228e-01, 2.95718670e-01,-2.89841437e+00,-5.26054725e-02,
   5.68187356e-01,-8.89530301e-01,-1.09970264e-01, 1.71971416e+00,
   1.83743119e-01, 1.25714779e-01,-2.18584061e-01, 2.88159817e-01,
  -6.93670437e-02, 3.26035202e-01,-8.75547975e-02, 7.20291555e-01,
  -2.12103397e-01,-1.18912232e+00,-6.36063695e-01,-2.03352976e+00,
  -9.85665083e-01, 2.73706764e-01,-1.76891208e+00, 2.52052516e-01,
  -3.18427265e-01,-2.49829993e-01,-5.64677835e-01,-7.60666072e-01,
  -1.29405454e-01,-1.95666885e+00,-3.63221407e-01,-6.48927212e-01,
  -2.19844505e-01,-5.35143948e+00, 6.74002349e-01, 7.19602168e-01,
   1.14142013e+00,-4.37666059e-01, 6.51558518e-01, 5.04699588e-01,
  -7.18103230e-01, 2.31313974e-01, 1.50520355e-01,-5.05282283e-01,
  -6.30677700e-01, 8.13769042e-01, 5.93503416e-01,-1.51692247e+00,
   6.63113236e-01,-2.08926424e-02, 2.14903519e-01,-5.63847005e-01,
   3.62991899e-01, 9.11864519e-01, 4.52006757e-01, 2.04268947e-01,
   4.82666820e-01, 5.25183082e-02, 2.63592362e-01, 1.57944083e-01,
  -2.18027726e-01,-1.02071428e+00,-9.49828029e-02,-1.14468050e+00,
   4.93479788e-01, 1.60822213e-01, 4.72482383e-01,-4.91082937e-01,
  -2.12939978e-01, 2.09660441e-01, 2.52511054e-01,-1.79603770e-01,
   5.56816101e-01,-3.72600436e-01, 1.16562486e+00,-1.21019971e+00,
   2.72552930e-02, 2.53543115e+00, 2.80388117e-01,-3.71334821e-01,
  -5.66940129e-01,-7.07858443e-01,-3.38263988e-01, 2.40767017e-01,
   2.64826030e-01, 1.05937257e-01, 4.08470444e-02, 3.88792492e-02,
  -8.37870061e-01, 6.23435155e-02,-9.38311458e-01, 3.71351510e-01,
   2.19723314e-01, 4.18212831e-01, 5.86152494e-01,-9.26030219e-01,
  -3.20856869e-01, 5.94893634e-01,-2.32172653e-01,-3.76538306e-01,
  -5.97198665e-01, 5.83146036e-01, 7.84618929e-02, 1.64684549e-01,
  -7.86865279e-02, 6.15083754e-01,-2.02522352e-01, 4.02814537e-01,
   3.51740718e-01,-1.32170713e+00,-8.22717398e-02,-9.53543663e-01,
  -4.60131763e-04,-1.05798519e+00,-3.30570787e-01, 9.48577076e-02,
   7.64084697e-01,-5.01615107e-01, 8.42582434e-02,-1.92077565e+00},
 { 3.87475431e-01, 3.51044178e-01,-2.94148803e-01, 4.41246659e-01,
  -4.14071888e-01,-1.44270286e-01, 3.33969474e-01,-6.59108460e-02,
   1.61041513e-01,-3.07983309e-02, 9.67928618e-02,-1.15698838e+00,
   6.37592822e-02, 1.23958729e-01,-9.00972426e-01,-6.74384415e-01,
  -2.60531288e-02,-2.87351578e-01, 4.92859185e-01,-2.02231079e-01,
  -3.67459893e-01, 3.98748249e-01, 7.97147036e-01, 7.06416190e-01,
   9.47146833e-01,-1.12500802e-01,-1.16456576e-01,-1.71209264e+00,
  -1.51654392e-01,-6.44290924e-01,-1.70334518e-01, 1.31788194e+00,
  -1.07589626e+00, 8.93864810e-01,-1.15791190e+00, 1.26435614e+00,
   3.36487174e-01, 1.02377152e+00,-2.88747519e-01,-3.18164937e-02,
  -2.27169007e-01,-6.99706852e-01, 6.32067144e-01, 1.25344247e-01,
   9.21260715e-01, 6.72721922e-01, 1.18645996e-01,-9.26336572e-02,
   7.62622595e-01, 6.66397884e-02, 1.24649751e+00,-6.18664265e-01,
  -5.55176914e-01,-2.37120003e-01, 2.86763132e-01, 2.49591395e-01,
   2.75200814e-01,-3.65307242e-01,-7.98120141e-01, 3.40128064e-01,
  -1.26619975e-03, 3.40188108e-02, 7.22743332e-01,-9.27616477e-01,
   7.57505298e-02, 1.14398770e-01,-1.33352429e-01, 3.19067329e-01,
   7.31783330e-01, 1.63086081e+00, 5.66397071e-01,-7.78289974e-01,
  -5.67219198e-01,-7.25722492e-01,-5.64820230e-01,-1.73196328e+00,
  -2.53693700e-01, 1.34619087e-01,-8.44014585e-01, 3.21487486e-01,
  -1.93409353e-01,-1.29028812e-01, 8.63640428e-01,-1.01017594e-01,
  -4.64216471e-01, 6.88108027e-01, 1.43181860e-01, 1.95768028e-01,
   3.93107802e-01,-3.73386621e-01,-6.64830029e-01,-9.92513895e-01,
   4.69799072e-01,-4.19084817e-01,-8.05981219e-01,-2.64767766e-01,
  -1.39912021e+00,-6.29968107e-01,-3.01426381e-01,-2.63552606e-01,
   4.19833928e-01, 2.05442262e+00,-6.24148436e-02, 8.11735094e-01,
  -6.50324523e-01,-3.16253155e-02, 6.06438279e-01,-1.22157180e+00,
  -7.67095983e-01,-1.17921606e-01, 2.66557276e-01,-1.27204105e-01,
   2.11560145e-01,-1.27328646e+00, 4.00038242e-01,-1.73341036e-01,
  -1.17996836e+00, 2.93231588e-02, 4.18703914e-01,-1.88204899e-01,
  -5.35633266e-02, 2.15034917e-01, 7.47574747e-01,-1.33675432e+00,
  -1.76915172e-02, 1.39874279e-01,-7.30620772e-02,-1.29998028e+00},
 {-1.30406246e-01, 4.16416794e-01, 1.67971663e-02,-1.08521499e-01,
   5.50380170e-01, 1.21393070e-01, 3.01376075e-01, 1.25808644e+00,
   1.38407856e-01,-2.74140620e+00, 1.91670671e-01,-3.63129407e-01,
   3.47682029e-01,-1.39172360e-01,-1.82584211e-01,-4.01980639e-01,
   9.41462293e-02, 1.59663305e-01, 2.76661754e-01,-1.01841688e+00,
  -9.09412563e-01, 2.47377992e-01,-3.15224417e-02, 2.01638818e-01,
  -1.19612692e-02, 1.46505284e+00, 1.02180815e+00,-3.49228144e-01,
   2.81106055e-01,-4.99103814e-01, 6.38969019e-02, 4.20494318e-01,
  -3.26364115e-02, 1.46015599e-01, 1.55749366e-01, 8.11155021e-01,
   8.94477069e-01,-4.29672986e-01,-6.16748147e-02,-5.84661901e-01,
   6.86797917e-01, 1.30439356e-01, 1.98190761e+00, 4.19999897e-01,
  -3.52186799e-01,-8.04106832e-01, 1.31417587e-01,-5.28915024e+00,
   1.44740224e+00,-9.88135397e-01,-1.61516011e-01, 7.61039881e-03,
  -1.48168370e-01,-2.15103373e-01, 3.32697749e-01, 6.08354658e-02,
  -1.08335447e+00,-4.27868098e-01,-5.38026750e-01,-6.17152262e+00,
   3.37707512e-02, 4.26436812e-01,-4.94518614e+00,-2.11073303e+00,
  -8.97624910e-01,-2.03958288e-01,-2.90156275e-01,-3.70057285e-01,
   1.55784503e-01,-1.47385418e-01,-2.27245111e-02,-4.08744842e-01,
   1.35199046e+00,-1.29819736e-01, 1.19216792e-01, 3.81073952e-01,
   1.30602884e+00, 3.21774036e-01,-1.09077640e-01,-2.47662649e-01,
   1.06000900e+00,-2.01079178e+00, 3.54752272e-01,-2.92488903e-01,
   6.36713862e-01, 1.96183383e-01, 7.29550362e-01,-5.09142041e-01,
  -2.75099963e-01,-1.39612719e-01, 9.56858695e-01, 4.34910327e-01,
  -3.57661200e+00, 1.79204538e-01,-4.12734672e-02, 1.69857815e-02,
  -1.15023322e-01,-2.60639817e-01,-1.04073226e+00, 5.48403025e-01,
  -2.78651088e-01,-1.69071928e-02,-7.50312150e-01, 1.27546027e-01,
   3.33642870e-01,-4.13675874e-01,-3.03132161e-02, 2.08992466e-01,
  -3.24227154e-01,-4.51811180e-02, 8.77382874e-01,-5.43875217e-01,
  -1.36795139e+00, 7.43193552e-02, 5.48601925e-01, 6.85638070e-01,
   2.01792885e-02, 7.41616249e-01, 3.11251014e-01,-4.98022251e-02,
   4.31319773e-02, 7.67397583e-02, 3.72906268e-01, 2.36137077e-01,
  -1.57532442e+00, 4.22531903e-01, 2.04368606e-02,-3.69680047e-01},
 { 8.59639406e-01,-2.00535432e-02,-2.16508651e+00, 9.36163068e-01,
  -1.47731788e-02, 1.96185052e-01,-3.41622680e-01, 3.32715750e-01,
  -9.96327102e-01, 3.40390593e-01,-1.58468854e+00, 2.13681106e-02,
   1.15628469e+00,-1.81352854e+00,-3.48377752e+00, 7.20616817e-01,
  -6.20634735e-01, 1.48274571e-01,-2.44199157e-01,-9.92106199e-02,
  -6.60168946e-01, 4.11641359e-01, 4.53926712e-01, 6.78776279e-02,
   3.33204478e-01, 6.63890392e-02,-3.48667026e-01, 1.34798408e-01,
  -3.32029963e+00,-2.27698132e-01,-3.71314287e-01, 9.65623021e-01,
   5.52224040e-01,-6.58072233e-01, 2.51109898e-01, 4.95198280e-01,
   6.76793337e-01,-2.19741130e+00,-3.31885405e-02,-7.97323167e-01,
  -1.85259223e-01,-3.54397678e+00, 2.13670731e-01, 1.82894468e-01,
   7.49018192e-01,-1.31554806e+00,-2.17011243e-01,-5.09077132e-01,
   2.51042932e-01,-1.18975961e+00,-6.58704191e-02,-3.36910039e-01,
   2.38515381e-02,-3.50226879e-01, 4.23633158e-01,-1.85673690e+00,
  -6.91176593e-01, 6.59216940e-01,-9.67056930e-01, 5.14680743e-01,
  -4.30993974e-01,-4.49522078e-01, 2.35778838e-01,-5.96442044e-01,
  -5.23938715e-01,-6.24984764e-02, 4.11282867e-01,-1.39511414e-02,
  -6.87554851e-02,-1.05364656e+00, 3.85474712e-01, 8.79514366e-02,
   1.30426973e-01,-1.55922771e+00, 1.47449708e+00,-1.69773340e+00,
   1.73239022e-01,-2.42229447e-01, 1.13741970e+00, 2.42810160e-01,
   1.16570365e+00,-1.58092523e+00,-2.87346452e-01,-4.83252443e-02,
  -1.64839184e+00, 1.27481604e+00,-6.20218925e-02, 1.77033985e+00,
   6.42328084e-01, 3.50269377e-01,-1.35557115e-01,-3.61113161e-01,
  -2.66745597e-01, 4.75154258e-02, 4.58609909e-02,-7.20442832e-01,
  -3.03667076e-02,-7.83728182e-01,-9.24905896e-01,-5.88803291e-01,
   4.37734723e-01, 1.70128560e+00,-2.47160438e-02, 5.07491715e-02,
   4.89695609e-01,-1.65145434e-02, 1.92880952e+00, 1.02982700e-01,
  -1.57135978e-01,-3.05509125e-03,-4.00431663e-01,-1.45843606e-02,
  -3.44240248e-01,-2.80755711e+00,-6.76136851e-01, 3.58009130e-01,
   1.41508535e-01, 3.05878103e-01,-5.04282713e-01, 2.03516975e-01,
  -4.86769766e-01, 4.83544558e-01,-1.19363761e+00,-5.28283179e-01,
  -2.30656579e-01, 4.29274976e-01,-5.64475834e-01, 9.19787437e-02},
 {-3.16912323e-01,-5.95871210e-01, 1.86430335e+00,-7.78461695e-02,
  -1.84635118e-01, 3.43139470e-01, 1.11386657e+00,-5.66718400e-01,
   4.79660988e-01,-6.70302868e-01,-5.32804668e-01, 7.21015394e-01,
  -8.68017018e-01, 2.70933032e-01, 2.00511701e-03,-8.69976878e-01,
   1.78148299e-01, 1.96385086e-01,-1.55147636e+00,-3.80332708e-01,
   3.12881395e-02, 3.43204170e-01, 1.80939353e+00, 3.96663100e-01,
   2.52539426e-01, 8.40350688e-01,-1.85409263e-01, 1.08519804e+00,
  -3.80838126e-01,-5.92179447e-02,-2.16466829e-01, 1.73195392e-01,
   3.07781789e-02, 5.71280234e-02,-2.39946708e-01, 4.83264476e-01,
  -1.47678211e-01,-7.10008681e-01, 3.84479105e-01, 1.48608178e-01,
  -1.74548364e+00, 5.84261194e-02,-3.73823404e+00, 3.57071370e-01,
   4.47025448e-02,-4.08998817e-01,-3.62436295e-01, 1.15291655e+00,
  -2.93410373e+00,-5.22501290e-01,-1.78121328e-02, 8.08443427e-01,
   3.91803056e-01, 4.59955335e-01, 6.21261001e-01, 1.01935565e+00,
   6.81365192e-01,-8.02245662e-02,-8.27980880e-03,-1.13144264e-01,
   2.01281235e-01,-4.40272003e-01, 1.87918633e-01, 5.05708396e-01,
   4.43699062e-02, 2.95444191e-01,-2.93094784e-01,-8.71118307e-01,
   4.48900074e-01, 8.27257782e-02, 4.51534182e-01, 2.27497503e-01,
  -1.37601793e+00, 6.85596615e-02,-1.05680716e+00, 1.33984327e+00,
   4.51563746e-01,-1.91192281e+00, 1.02519274e+00,-2.88865507e-01,
   1.23191327e-01, 1.11506748e+00,-2.13990241e-01, 1.29537523e-01,
   1.81696102e-01,-1.56973258e-01,-3.96404058e-01,-4.61555421e-01,
  -1.37933874e+00, 6.99868798e-01,-5.42895734e-01, 3.86731535e-01,
   9.95766938e-01, 1.32254034e-01,-2.71490902e-01,-8.88808966e-01,
  -1.28888917e+00, 1.99305862e-01,-1.26684427e-01,-1.72486588e-01,
  -2.02202983e-02, 2.11056516e-01, 4.67279017e-01, 1.85397744e+00,
   2.30088010e-02,-2.96139836e-01, 8.24707896e-02, 9.71606314e-01,
   1.57003999e-01, 5.26445061e-02, 9.20499861e-01, 3.25177431e-01,
  -1.63242555e+00, 4.15866703e-01, 1.30701959e+00, 2.19756857e-01,
   7.11708367e-01,-1.27228367e+00,-6.40884340e-01,-3.84977371e-01,
   3.50269973e-01, 2.74745613e-01,-1.97246051e+00,-6.37521088e-01,
   1.54400480e+00, 2.15552256e-01,-2.35134006e-01,-1.61077455e-01},
 {-1.96112201e-01,-8.98200646e-02, 1.58984494e+00, 1.33878991e-01,
  -1.14928357e-01,-1.79029658e-01, 3.38378072e-01,-9.19390619e-02,
   8.37168247e-02, 2.74461985e-01, 5.97848773e-01,-2.05162726e-02,
  -9.38178062e-01, 6.08334601e-01, 4.52724725e-01,-2.32217932e+00,
   2.77377903e-01, 7.75015533e-01, 1.89683467e-01, 1.53086051e-01,
  -4.93258506e-01, 8.21357369e-01, 2.03527436e-01, 9.46014151e-02,
   2.66511589e-02, 7.16663241e-01, 2.11981267e-01,-1.79162070e-01,
  -9.56357479e-01, 3.39670517e-02, 1.05440593e+00,-7.98049927e-01,
   8.22578967e-01,-2.77916819e-01,-2.11004168e-01,-1.08096726e-01,
  -6.69719838e-03, 4.93077129e-01,-2.89924890e-01, 2.45282322e-01,
  -1.87010437e-01, 3.74323934e-01,-3.50974709e-01,-2.51083046e-01,
  -1.17176607e-01,-1.32030988e+00, 3.79561454e-01, 1.04813445e+00,
   5.15151381e-01, 5.01634002e-01,-4.54655707e-01, 3.47616881e-01,
   1.27103299e-01,-9.38152194e-01,-2.56894469e+00, 5.65419436e-01,
   3.92393559e-01, 5.59221804e-01,-3.47215831e-01, 3.19581121e-01,
   2.46232636e-02,-6.64563179e-01,-1.15890600e-01,-2.66834140e-01,
  -2.95726329e-01, 6.09653413e-01,-8.05671275e-01,-3.57128948e-01,
   2.11884171e-01, 4.82496291e-01,-3.04574281e-01,-3.66491050e-01,
  -4.61538404e-01,-7.09560961e-02,-4.48102951e-01, 2.29475331e+00,
  -3.11085910e-01,-3.91579568e-01,-2.44358706e+00, 5.46097159e-01,
   3.69124979e-01, 9.05868173e-01, 4.77920443e-01,-1.19611852e-01,
  -1.63009251e-03,-3.27243352e+00,-4.84465659e-02, 3.68108511e-01,
  -1.04512841e-01, 2.34204829e-01,-5.70783913e-01,-1.79874510e-01,
   4.37552780e-01, 3.38631451e-01,-2.17830688e-01,-8.79525915e-02,
  -5.74812531e-01,-2.50590134e+00,-2.60503888e-01, 1.23476386e-01,
   2.61108041e-01,-1.06292057e+00, 1.44183949e-01,-2.81803221e-01,
   1.07243508e-01,-3.11441839e-01,-1.51626930e-01,-3.39257181e-01,
   1.14646685e+00, 6.03786111e-01,-2.20320034e+00,-1.95970252e-01,
   5.37362278e-01,-1.28345370e+00, 3.17621320e-01,-2.04396382e-01,
  -1.70516655e-01, 5.95832944e-01,-6.22007251e-01,-1.29113644e-01,
   1.62725136e-01, 4.03975368e-01,-2.10736826e-01,-9.31431293e-01,
  -3.19950730e-01,-1.32054508e-01,-7.35182953e+00, 1.65152654e-01},
 { 1.13351369e+00,-3.76466773e-02,-5.04749715e-01, 2.44068444e-01,
  -1.54584106e-02, 1.55946448e-01, 6.76883519e-01,-1.61019814e+00,
   4.38846797e-01, 1.01354256e-01,-4.11239326e-01, 1.11023903e+00,
   7.26713717e-01, 2.73778796e-01,-2.37769365e-01,-5.07857919e-01,
  -1.16924815e-01,-1.31973669e-01,-8.58235121e-01, 4.67856437e-01,
   2.10767210e-01, 5.93303263e-01,-3.69428754e-01,-9.00952637e-01,
   2.74973661e-01,-1.23810661e+00, 3.92453462e-01,-8.83485138e-01,
   1.81302190e-01, 8.25855076e-01, 1.47489205e-01, 8.23516726e-01,
  -3.50125104e-01,-1.50082752e-01, 2.13583842e-01,-4.78620946e-01,
   5.39115131e-01,-6.12397671e-01,-2.27653459e-01, 4.37834412e-01,
  -4.90344316e-01,-2.67849360e-02,-2.57929254e+00,-6.22111917e-01,
  -1.33707464e+00,-1.01194417e+00,-4.43343997e-01, 4.04085541e+00,
  -3.03292322e+00, 3.23983319e-02,-1.01803727e-01, 4.49267328e-01,
   7.30657995e-01, 4.16484356e-01,-4.57862705e-01, 1.93283588e-01,
  -1.11724865e+00, 5.16225278e-01,-1.11071968e+00,-8.98849130e-01,
  -1.98596525e+00,-1.24554392e-02, 3.28584522e-01, 2.00979295e-03,
  -1.16051984e+00, 4.35672700e-01,-5.14532268e-01,-2.63726544e+00,
   3.94529343e-01, 1.39060551e-02, 2.42524886e+00,-1.04451925e-01,
  -1.66307843e+00,-3.62298310e-01, 8.45409870e-01, 9.75490451e-01,
   1.52279305e+00,-1.28880918e+00, 4.94278967e-01, 4.64943379e-01,
  -5.36272228e-01,-1.83588779e+00,-1.65283000e+00, 4.81488667e-02,
  -5.75713575e-01,-7.75840461e-01,-1.52955937e+00,-1.52634636e-01,
   2.05176264e-01, 2.10204884e-01,-2.10715985e+00,-3.19872946e-01,
   3.97602059e-02,-4.93231267e-01,-4.91179228e-01, 5.69800198e-01,
  -8.12586963e-01, 4.44382906e-01, 4.60833967e-01,-4.37742919e-01,
   7.02271521e-01, 6.53503776e-01, 7.48878181e-01, 2.54611820e-01,
  -1.57682490e+00, 6.56771481e-01, 3.53925705e-01, 2.74412066e-01,
  -2.21780032e-01,-1.76049113e-01,-1.65065676e-02, 3.51252645e-01,
   4.82811928e-01, 2.10068792e-01, 1.04865921e+00,-2.70458281e-01,
   4.87720847e-01,-7.41828918e-01,-3.93650621e-01, 2.52830386e-01,
  -1.82895732e+00, 5.35811543e-01,-1.38144219e+00, 3.75159770e-01,
   6.39876366e-01,-4.55458343e-01, 3.43717545e-01, 5.68306148e-01}};

const float b2[sz_hid_2] = {-0.38435084,-0.5715068 ,-0.8436955 , 0.00652017,-0.6693521 ,-0.04950389,
 -0.12352406,-0.36874738, 0.0937403 , 0.9106341 , 0.23534314, 0.7238347 ,
 -0.38447115, 0.24398167,-0.04115995,-0.10961816, 0.64815474,-0.10622343,
 -0.6421062 , 0.27361816,-0.08928352,-0.06093693,-0.2431038 , 0.26564834,
 -0.32767752,-0.3345206 , 0.01295507,-0.639753  , 0.6576686 , 0.35322505,
  0.57941526, 0.61385465};

const float w3[sz_act][sz_hid_2] = {{ 0.09426794, 0.54336584, 0.33699644, 0.21051258, 2.273692  ,-0.01300749,
  -0.00640956,-0.31140974,-2.8187268 ,-0.20301662, 0.08495931, 0.03691672,
   0.59337264,-1.4960244 , 0.9312034 ,-0.01309207,-0.8110843 ,-0.01553398,
  -0.06326274, 0.50931144,-0.07905301, 0.10116608, 0.56631595,-1.1546887 ,
  -0.02647793, 0.03073695, 0.8443912 , 0.6972731 , 0.19329217,-0.3907119 ,
  -0.18524803,-0.8680341 },
 {-0.27405494,-0.01774138, 0.09814519,-0.5291696 , 0.04077928,-0.12861857,
   0.02252859, 2.671705  , 0.04312238,-0.3233711 , 1.9066862 ,-0.30898935,
   0.01343995,-0.02992063,-0.08300377,-0.00564891, 0.08096388,-0.14767823,
  -0.5850576 ,-0.03953361, 1.8637335 , 0.02088179, 0.11637695, 0.03504414,
   0.35200095,-1.6976882 ,-0.09492306, 0.05282019,-1.8792845 ,-0.01987392,
   1.4935538 ,-0.09159792}};

const float b3[sz_act] = {-0.5087252 , 0.23402283};

