Epoch	AverageEpRet	StdEpRet	MaxEpRet	MinEpRet	AverageTestEpRet	StdTestEpRet	MaxTestEpRet	MinTestEpRet	EpLen	TestEpLen	TotalEnvInteracts	AverageQVals	StdQVals	MaxQVals	MinQVals	LossPi	LossQ	Time
1	-101.12601	9.635426	-85.816444	-126.49766	-97.309586	23.08285	-62.433075	-134.61296	100.0	100.0	1499	-1.9566779	0.69948304	0.033332594	-4.809945	1.8869091	0.08318115	10.854665994644165
2	-106.80715	11.313981	-83.77004	-125.80871	-92.48878	25.161343	-43.639053	-126.97775	100.0	100.0	2999	-5.7491565	2.121604	-1.2028334	-14.196493	5.5587616	0.10713049	29.616130828857422
3	-102.49641	12.803556	-75.5034	-130.91176	-101.54115	18.125002	-72.33491	-122.40216	100.0	100.0	4499	-10.999321	2.3473432	-4.294365	-21.076319	10.675732	0.2483471	48.46677374839783
4	-100.89843	8.590746	-86.95284	-114.953285	-90.00972	16.197418	-68.950226	-128.11772	100.0	100.0	5999	-15.5121565	2.675002	-6.2788267	-25.633549	15.158873	0.3924696	67.29272508621216
5	-107.56247	17.56431	-74.5054	-138.83199	-70.673004	26.759232	-40.025597	-128.86029	100.0	100.0	7499	-19.46372	3.1833553	-8.167076	-30.857464	19.011826	0.51975906	86.0214250087738
6	-102.464	15.890948	-72.98788	-137.3311	-55.5266	26.992262	-26.02374	-115.66679	100.0	100.0	8999	-22.370768	3.8497453	-6.164197	-34.24189	21.811419	0.6368067	104.81346392631531
7	-80.644554	29.538458	-18.221846	-116.45465	-46.96281	16.35407	-16.738129	-71.45322	100.0	100.0	10499	-24.689026	4.657977	-6.7703686	-39.932266	24.112896	0.7221704	123.72628378868103
8	-49.182896	25.344072	-19.621552	-99.87927	-58.28704	15.590268	-34.864815	-80.7956	100.0	100.0	11999	-26.254477	5.6228023	-7.750457	-43.243076	25.687307	0.7193383	143.31007599830627
9	-59.365555	16.819975	-34.146343	-98.08919	-42.33475	24.1133	-14.58064	-94.6594	100.0	100.0	13499	-27.529476	6.720888	-8.271141	-46.525906	27.002575	0.70698875	162.97762799263
10	-51.089645	15.082327	-24.541466	-79.26796	-52.773235	17.847647	-22.147808	-81.40518	100.0	100.0	14999	-28.736322	7.6960583	-8.104353	-49.672077	28.21453	0.6960709	182.30805683135986
11	-48.238136	19.425892	-29.102102	-106.916855	-48.93209	28.515	-15.585142	-98.96031	100.0	100.0	16499	-29.78811	8.492668	-7.612983	-53.1523	29.279224	0.6770819	201.48679304122925
12	-52.69074	22.380728	-18.827347	-92.212715	-39.6379	9.407184	-23.564358	-49.495174	100.0	100.0	17999	-30.15724	9.445926	-6.376777	-56.170197	29.630255	0.6867956	220.61744284629822
13	-43.80151	14.352961	-17.643015	-73.93644	-40.939785	20.786674	-15.570133	-78.526306	100.0	100.0	19499	-30.365753	10.043441	-3.8750777	-57.517204	29.83966	0.7294374	239.08141708374023
14	-48.839336	19.921904	-14.778531	-85.618126	-41.61331	16.21378	-18.68373	-84.12879	100.0	100.0	20999	-30.206234	10.702842	-1.7766751	-60.70217	29.674541	0.81075275	258.4857380390167
15	-35.77277	17.255297	-11.328018	-67.85613	-47.497093	18.116713	-19.026846	-70.65841	100.0	100.0	22499	-30.13149	11.303194	-0.4267553	-61.94726	29.592295	0.80083567	277.7222490310669
16	-42.551373	19.134014	-12.867358	-88.21438	-50.813385	10.761285	-37.198853	-73.910934	100.0	100.0	23999	-29.55505	11.720801	1.8907053	-63.87528	29.02778	0.8135791	296.323294878006
17	-36.44075	16.122572	-15.73108	-63.452026	-48.808483	22.409184	-25.199028	-110.127266	100.0	100.0	25499	-29.178284	11.881678	2.504416	-64.34443	28.654303	0.78810716	315.0600278377533
18	-34.430065	15.8692875	-12.989298	-73.07854	-40.51713	21.29966	-17.07629	-92.336044	100.0	100.0	26999	-28.65397	12.060316	2.7710655	-65.64983	28.139141	0.7828306	334.2601828575134
19	-35.94853	14.2739	-12.671755	-61.597908	-41.248535	16.557436	-11.588252	-78.98296	100.0	100.0	28499	-27.98671	12.468203	2.2811077	-67.559	27.473583	0.78992075	353.22610902786255
20	-48.17506	19.91663	-24.595594	-88.45133	-45.879868	15.107543	-22.27093	-74.52609	100.0	100.0	29999	-27.415077	12.839379	2.4477785	-68.38427	26.91102	0.8118462	371.8621368408203
21	-44.894176	19.977442	-8.150472	-90.89034	-46.176147	26.199806	-19.218918	-107.53244	100.0	100.0	31499	-26.95595	13.019237	3.012804	-69.41282	26.464005	0.79843557	391.3640568256378
22	-38.11976	13.958522	-20.475391	-64.04172	-32.07672	15.912953	-5.7534137	-62.209507	100.0	100.0	32999	-26.60645	13.198883	3.438473	-68.55369	26.124756	0.779324	410.50884890556335
23	-41.250626	13.985241	-16.913893	-67.60551	-31.402302	14.155536	-9.110917	-57.954815	100.0	100.0	34499	-25.975542	13.344242	4.2596865	-68.51766	25.484446	0.8313848	429.34835481643677
24	-35.15359	18.53827	-13.708268	-86.9121	-24.847878	7.3326244	-15.18856	-38.646755	100.0	100.0	35999	-25.312622	13.613966	6.3878036	-69.47059	24.800049	0.8512326	448.2803258895874
25	-31.832878	14.892261	-15.272794	-67.4429	-33.785053	15.09486	-13.51752	-61.195114	100.0	100.0	37499	-24.459457	13.903378	8.526495	-70.01702	23.957283	0.82554543	467.09849405288696
26	-37.13497	18.672707	-13.412206	-80.444214	-31.87476	15.496846	-17.160757	-64.69088	100.0	100.0	38999	-23.580465	14.403132	10.707555	-71.43218	23.06452	0.82363427	486.31489992141724
27	-27.935266	10.271392	-12.287404	-50.57058	-28.707172	11.4159155	-15.742503	-47.491966	100.0	100.0	40499	-22.681677	14.699657	11.811737	-72.13922	22.18914	0.80658543	505.1476969718933
28	-37.98794	15.429139	-15.007493	-63.61062	-27.106792	9.272398	-12.636707	-41.79705	100.0	100.0	41999	-21.842012	15.143325	12.652035	-73.94881	21.35513	0.82166195	522.9464938640594
29	-36.04066	15.887386	-15.582703	-66.09447	-29.666021	12.093089	-18.926619	-62.668736	100.0	100.0	43499	-21.174088	15.392517	15.178003	-74.83365	20.68953	0.8248913	539.9366297721863
30	-34.824932	17.062075	-7.437282	-69.19313	-40.203026	22.294418	-16.973288	-78.20823	100.0	100.0	44999	-20.43007	15.584201	16.235075	-76.03673	19.959688	0.81811786	559.6550469398499
31	-49.653492	28.323309	-21.621964	-103.3022	-31.956106	15.44714	-7.5930834	-70.69818	100.0	100.0	46499	-19.476673	15.929832	18.641382	-76.74029	19.001348	0.78892744	578.9149558544159
32	-37.34664	14.114901	-21.075695	-72.04217	-25.601166	10.38685	-13.374407	-49.834785	100.0	100.0	47999	-18.790396	16.252586	22.231497	-78.11083	18.312239	0.7723229	597.7883257865906
33	-39.17369	15.768866	-21.449232	-76.411156	-39.58342	19.48669	-17.314096	-72.660164	100.0	100.0	49499	-18.161943	16.679657	23.505457	-79.97212	17.679956	0.7886858	616.6345138549805
34	-30.382605	14.1809845	-7.528636	-55.785534	-29.68068	13.114704	-11.538895	-48.396763	100.0	100.0	50999	-17.246456	17.02706	24.098354	-79.586105	16.7472	0.7837461	635.141194820404
35	-32.954277	16.91378	-13.0766535	-70.162865	-36.093906	12.809588	-15.170761	-66.68188	100.0	100.0	52499	-16.226858	17.148249	26.545229	-81.014725	15.74376	0.79562026	654.5901997089386
36	-35.559143	11.797039	-20.526333	-65.426704	-33.143166	12.234034	-16.140203	-60.74834	100.0	100.0	53999	-15.492443	17.448833	28.95854	-80.576996	15.013968	0.8171826	674.3736968040466
37	-29.978361	10.709799	-6.2004757	-47.301876	-37.101624	16.633629	-19.627457	-77.04781	100.0	100.0	55499	-14.599142	17.809645	30.350657	-80.55528	14.114917	0.8378479	704.7381551265717
38	-35.135075	15.612565	-17.33525	-72.215546	-36.447716	13.44466	-7.9055324	-53.387375	100.0	100.0	56999	-13.569943	17.94168	31.135487	-81.10958	13.087957	0.8469218	728.7413699626923
39	-28.16947	15.405812	-9.611718	-64.55689	-33.98872	14.030658	-13.512096	-62.828156	100.0	100.0	58499	-12.602211	17.86353	31.32634	-79.96762	12.122005	0.8537741	747.5943267345428
40	-33.803123	12.124088	-15.676535	-55.872505	-28.689337	12.674501	-11.291038	-51.017353	100.0	100.0	59999	-11.6406975	17.919542	31.895895	-80.38334	11.175354	0.83945477	766.531711101532
41	-38.916813	20.98067	-13.194239	-82.89302	-37.518543	19.290508	-16.72595	-79.21435	100.0	100.0	61499	-10.830281	17.939907	31.53438	-79.824715	10.387743	0.80093944	785.6510827541351
42	-37.36481	18.495876	-15.454432	-79.72847	-30.598059	20.995153	-8.456674	-85.69171	100.0	100.0	62999	-10.278835	18.055933	32.877434	-80.17605	9.85847	0.80903596	806.7802817821503
43	-29.283512	11.084794	-13.693825	-52.018826	-36.412163	16.350029	-14.8271055	-66.35984	100.0	100.0	64499	-9.636062	18.03091	34.325756	-80.03205	9.209675	0.7995503	825.7870538234711
44	-27.99686	12.259756	-7.0042567	-54.053032	-33.175865	8.750675	-19.758518	-48.5111	100.0	100.0	65999	-9.060575	17.934658	34.61539	-79.939964	8.63813	0.80669457	844.5107638835907
45	-28.53022	11.135753	-9.558324	-49.77894	-35.42945	10.5667515	-13.967228	-54.171494	100.0	100.0	67499	-8.504681	17.88991	34.260136	-79.60166	8.079821	0.82761353	863.0927088260651
46	-30.555326	14.896092	-8.889379	-62.879623	-29.012768	16.528704	-7.410467	-66.07433	100.0	100.0	68999	-7.9105215	17.869883	34.29595	-78.65688	7.476685	0.8177635	881.8643679618835
47	-32.007126	17.083557	-11.04479	-69.563324	-31.660748	15.9810705	-10.970285	-57.547283	100.0	100.0	70499	-7.136757	17.784653	34.47559	-78.02243	6.720193	0.809918	900.2708828449249
48	-30.047276	10.526217	-9.510705	-47.483253	-36.69455	20.542406	-13.804802	-74.34768	100.0	100.0	71999	-6.4757357	17.664265	34.451294	-76.46332	6.061383	0.81624424	918.6514468193054
49	-33.18911	11.400557	-13.859589	-48.099476	-39.48935	16.273298	-18.886953	-69.52495	100.0	100.0	73499	-5.9829326	17.74582	33.963665	-77.473145	5.5933256	0.83395857	936.7100658416748
50	-33.45093	15.89406	-10.274535	-65.7488	-36.474617	19.522778	-17.07518	-82.984985	100.0	100.0	74999	-5.571434	17.56142	34.332985	-77.77497	5.1727924	0.81279624	955.1874339580536
51	-39.436733	17.003038	-9.874802	-71.659325	-36.68222	19.537596	-14.292124	-67.29063	100.0	100.0	76499	-5.2901073	17.453384	34.832603	-76.9929	4.8883743	0.80515707	973.8038930892944
52	-29.37322	10.704173	-15.407756	-49.511784	-27.748941	13.043403	-10.870545	-55.237003	100.0	100.0	77999	-4.80202	17.156324	34.97519	-78.233116	4.39907	0.79480696	993.2064321041107
53	-26.000416	7.303206	-12.372089	-45.898304	-28.637735	11.228456	-15.251727	-53.079098	100.0	100.0	79499	-4.3721266	16.968437	34.7659	-79.12834	3.9624548	0.78440577	1012.1654658317566
54	-26.055515	17.095387	-10.328829	-64.1227	-36.572227	14.632599	-12.668463	-66.11222	100.0	100.0	80999	-3.80195	16.6817	33.943634	-76.42089	3.3944044	0.7456712	1031.558676958084
55	-27.731323	16.097961	-7.295298	-54.70922	-37.832314	18.947268	-15.467051	-78.56018	100.0	100.0	82499	-3.2533805	16.38347	34.184772	-72.6483	2.8394232	0.7350774	1050.7651898860931
56	-30.278936	11.575129	-9.1013155	-51.215385	-32.473896	10.233085	-19.690731	-52.917336	100.0	100.0	83999	-2.7880957	16.167702	35.260834	-73.29647	2.3835595	0.7530228	1069.8891048431396
57	-30.786234	12.828846	-14.28004	-65.04594	-22.406021	7.5441704	-7.8239875	-35.179344	100.0	100.0	85499	-2.3080313	16.021904	34.98206	-69.988014	1.9037435	0.7239048	1089.1740119457245
58	-29.381819	15.491562	-13.321542	-74.44269	-26.96615	8.019874	-16.231127	-41.28479	100.0	100.0	86999	-1.8771788	15.836894	34.051487	-69.75665	1.4743929	0.7040535	1108.0288639068604
59	-29.611843	8.267058	-17.836737	-44.26112	-31.048447	12.012832	-14.736181	-50.44934	100.0	100.0	88499	-1.4824958	15.656022	34.208954	-68.25911	1.0890145	0.7034157	1126.9790868759155
60	-28.649197	15.04809	-11.307334	-56.1377	-27.234615	11.596549	-17.092703	-58.710846	100.0	100.0	89999	-1.2002718	15.4723015	33.526485	-65.14449	0.79620534	0.696314	1145.281877040863
61	-24.759335	9.771992	-10.662329	-44.86475	-28.035828	9.403867	-17.375832	-45.16386	100.0	100.0	91499	-0.75219977	15.276236	32.603306	-63.613407	0.35474378	0.6498093	1164.6955568790436
62	-28.402172	10.201765	-12.166501	-50.79014	-25.384592	11.324953	-8.784673	-47.085194	100.0	100.0	92999	-0.4178542	15.10695	33.60616	-62.29044	0.040626474	0.609778	1183.6394550800323
63	-27.300983	13.482334	-13.066643	-64.38867	-26.372217	11.023638	-6.739005	-40.650604	100.0	100.0	94499	-0.28650102	14.953156	33.879406	-63.88453	-0.07534333	0.61307424	1203.2182447910309
64	-27.669453	8.198885	-14.845326	-42.97206	-28.225098	11.228769	-13.184271	-51.392967	100.0	100.0	95999	-0.15032734	14.671682	32.61842	-59.13826	-0.1968116	0.60126156	1222.420872926712
65	-30.081144	18.354446	-9.630638	-68.55789	-28.893978	11.16457	-15.772736	-51.426567	100.0	100.0	97499	-0.09912778	14.445148	31.57268	-57.65218	-0.2512972	0.5683056	1241.743805885315
66	-23.921907	9.971263	-9.368004	-48.66978	-22.921955	5.5830717	-14.230755	-31.922628	100.0	100.0	98999	-0.08642581	14.236492	30.955381	-59.297848	-0.2522	0.56218714	1261.078843832016
67	-27.671213	12.9269495	-8.982299	-60.87824	-24.545025	10.901483	-5.033984	-50.286205	100.0	100.0	100499	0.0054310644	13.979903	30.483486	-55.801014	-0.3438264	0.5323476	1280.655310869217
68	-28.344759	11.725662	-8.947322	-46.638	-31.17016	13.940565	-15.627206	-62.121353	100.0	100.0	101999	0.059802994	13.749878	30.972183	-53.36687	-0.40101537	0.5206475	1299.9449260234833
69	-27.79761	12.696972	-10.822842	-55.79797	-25.640131	9.899175	-13.136954	-44.830917	100.0	100.0	103499	0.19758976	13.451513	30.994242	-55.798462	-0.536274	0.5187645	1319.590444803238
70	-30.36619	10.911834	-11.850624	-55.232353	-27.379038	11.119414	-12.310815	-40.218903	100.0	100.0	104999	0.24561901	13.223145	30.548746	-53.953434	-0.5769181	0.5131718	1338.6428458690643
71	-19.016018	5.26116	-13.3126	-29.18328	-27.765697	9.516041	-17.907381	-51.02831	100.0	100.0	106499	0.22163078	13.075733	30.662941	-47.573074	-0.54861075	0.48932967	1358.1221227645874
72	-23.708168	9.468948	-8.386906	-40.21415	-18.970886	5.485097	-8.854523	-30.24985	100.0	100.0	107999	0.2214405	12.8773365	31.335318	-46.63064	-0.5456355	0.46689582	1381.8796608448029
73	-26.875462	11.961918	-9.509417	-57.59701	-22.613224	8.701492	-11.058217	-35.29183	100.0	100.0	109499	0.19016224	12.743783	31.25968	-46.658684	-0.51195014	0.4665379	1401.5328419208527
74	-24.208687	12.904449	-8.45683	-49.451202	-35.12191	18.629547	-16.814114	-82.078575	100.0	100.0	110999	0.16968276	12.532565	30.51713	-45.71795	-0.4873109	0.46526912	1421.2603359222412
75	-24.61774	11.288374	-10.667648	-48.324394	-24.689747	11.130379	-12.059006	-50.735344	100.0	100.0	112499	0.15956232	12.423604	29.765072	-45.9212	-0.47282094	0.45829907	1440.662514925003
76	-29.956234	11.067386	-7.3912983	-49.88158	-23.434141	9.160287	-8.819982	-35.89963	100.0	100.0	113999	0.23411094	12.259655	28.486544	-45.653934	-0.54724985	0.44678506	1461.121299982071
77	-23.09009	7.4878125	-11.725606	-41.078648	-27.202374	11.841963	-14.236179	-49.9292	100.0	100.0	115499	0.14995039	12.201271	28.222004	-44.542976	-0.4593417	0.45216292	1480.5569958686829
78	-31.473608	10.756009	-16.114689	-46.478794	-28.598608	10.138707	-14.61182	-53.797977	100.0	100.0	116999	0.112291455	12.107456	28.434633	-46.814148	-0.41295576	0.44125757	1500.0505878925323
79	-28.582952	10.58165	-12.519653	-48.490322	-25.656078	9.42152	-14.9926405	-48.69547	100.0	100.0	118499	-0.008232153	12.06941	27.308697	-46.07735	-0.28914917	0.444776	1519.8980548381805
80	-25.841343	8.01582	-12.478887	-46.29937	-25.243572	7.904583	-12.650749	-37.50018	100.0	100.0	119999	-0.10989404	12.008017	27.387781	-46.36835	-0.18962859	0.43193975	1539.2322578430176
81	-23.902975	7.7725983	-11.891719	-41.401596	-28.648829	9.601224	-15.111649	-42.71724	100.0	100.0	121499	-0.10292628	11.93283	27.572956	-45.11788	-0.19620821	0.44181344	1558.1916317939758
82	-22.1189	10.84907	-5.8796797	-47.971558	-22.388916	7.929431	-7.239339	-38.993454	100.0	100.0	122999	-0.094244346	11.839878	27.123558	-45.344006	-0.21228004	0.43625692	1576.7126529216766
83	-19.849188	9.071254	-7.7630286	-43.904198	-32.222393	14.431036	-11.084355	-65.98006	100.0	100.0	124499	-0.026544046	11.802578	27.203804	-48.50423	-0.2850869	0.43239713	1595.0609250068665
84	-29.670918	7.21827	-18.319195	-41.64007	-29.16037	7.8517222	-11.426836	-40.788242	100.0	100.0	125999	0.06300168	11.688833	26.82836	-47.205097	-0.37601155	0.41737935	1613.5964908599854
85	-25.364193	8.500158	-10.085625	-41.8789	-22.95905	10.022448	-8.420253	-39.117165	100.0	100.0	127499	0.16849658	11.654814	26.431936	-46.10669	-0.48195806	0.43688354	1632.6156649589539
86	-23.58561	8.059602	-9.861147	-37.053913	-21.620884	5.8406715	-11.564632	-33.466084	100.0	100.0	128999	0.21093862	11.595335	26.90147	-46.89693	-0.5255152	0.42585155	1652.5591459274292
87	-27.418386	13.265873	-6.1180573	-52.17199	-29.14005	9.581683	-9.644582	-41.734825	100.0	100.0	130499	0.27766734	11.440316	26.363346	-49.454945	-0.5859691	0.42502585	1672.7954409122467
88	-23.001566	14.138785	-3.437556	-60.223656	-19.900736	8.771855	-7.854521	-31.89453	100.0	100.0	131999	0.37151858	11.319771	25.968998	-48.3355	-0.68748736	0.42766926	1693.998946905136
89	-25.008348	7.2110357	-10.570795	-36.33048	-28.658634	9.55361	-17.096436	-51.61422	100.0	100.0	133499	0.4583252	11.264215	26.219498	-49.395138	-0.7601228	0.41404805	1714.2430748939514
90	-26.842531	9.86967	-13.008516	-44.02341	-27.808746	18.155352	-8.228897	-63.30323	100.0	100.0	134999	0.5218014	11.10013	25.500875	-49.259205	-0.812398	0.3970278	1732.8838820457458
91	-30.962095	8.308128	-19.206238	-48.233772	-26.187561	9.010823	-12.93012	-45.351044	100.0	100.0	136499	0.41631082	11.022205	25.074537	-48.49497	-0.69956356	0.40057698	1751.5390470027924
92	-24.664347	12.80605	-4.0363984	-51.942215	-26.954632	11.141305	-6.532222	-48.391224	100.0	100.0	137999	0.2775362	10.959107	24.41097	-47.694855	-0.5564172	0.39767292	1774.9598710536957
93	-26.103691	11.457386	-13.085076	-58.84886	-23.42492	14.0841875	-8.297167	-44.433643	100.0	100.0	139499	0.18275417	10.818282	24.065819	-44.155365	-0.45942628	0.39099696	1794.4512000083923
94	-26.858208	10.715984	-11.666918	-48.871452	-31.967144	9.961181	-9.093323	-45.80214	100.0	100.0	140999	0.11901514	10.724359	23.189278	-45.19256	-0.407312	0.38358065	1813.6591708660126
95	-25.699224	11.007547	-10.4545	-48.394897	-26.011679	9.264382	-10.576917	-40.36229	100.0	100.0	142499	0.04490007	10.658317	22.667894	-46.718018	-0.33589464	0.40208188	1832.8827748298645
96	-24.979023	8.488707	-6.1225166	-44.273033	-29.347815	8.1229925	-14.830064	-44.39987	100.0	100.0	143999	0.06817588	10.571441	22.35712	-48.514713	-0.3513341	0.4011266	1852.0835840702057
97	-24.94894	8.258292	-9.51884	-44.02371	-29.71523	7.749885	-15.363593	-40.570156	100.0	100.0	145499	-0.0061564907	10.462814	22.623428	-43.529507	-0.2776917	0.3891286	1872.9283521175385
98	-35.540504	9.536975	-20.40205	-48.104362	-26.83022	3.823399	-17.420876	-32.319714	100.0	100.0	146999	0.010678904	10.342931	21.801342	-44.51586	-0.28321576	0.38020146	1893.8987619876862
99	-24.099915	10.589922	-8.282622	-49.77752	-23.885815	8.051996	-9.061575	-35.757587	100.0	100.0	148499	-0.105651855	10.241321	21.128859	-45.39699	-0.17228678	0.38397443	1914.0044429302216
100	-18.162182	8.084832	-5.4796433	-42.299763	-24.220768	12.270696	-9.066931	-43.954876	100.0	100.0	149999	-0.16396233	10.035566	20.255827	-43.091385	-0.10987078	0.3778261	1939.1602358818054
101	-27.778296	9.50128	-13.022311	-45.257	-22.260082	9.280729	-6.800726	-37.241383	100.0	100.0	151499	-0.26494977	9.933609	19.954138	-41.07168	-0.004333903	0.37534586	1960.7638788223267
102	-25.233828	16.11451	-11.367003	-80.0856	-25.513033	10.937557	-7.7389536	-39.708073	100.0	100.0	152999	-0.27658844	9.657199	19.660934	-42.677856	0.012592632	0.36586878	1980.9641528129578
103	-24.215982	7.6499724	-11.896411	-39.203625	-24.861568	6.919264	-14.287593	-35.851788	100.0	100.0	154499	-0.47447386	9.437169	18.61102	-40.630062	0.22197707	0.35495517	2001.1490998268127
104	-25.305153	10.691144	-13.559954	-53.423134	-27.288095	7.233202	-11.756758	-34.665382	100.0	100.0	155999	-0.6598737	9.203476	18.506483	-43.982674	0.40319416	0.34916842	2022.4444649219513
105	-21.71118	9.661981	-9.111682	-41.715263	-30.321594	12.456378	-15.306045	-49.57657	100.0	100.0	157499	-0.83351207	9.096044	18.175209	-42.34701	0.5807976	0.3577612	2043.049087047577
106	-27.277416	11.045941	-15.178409	-51.193348	-28.086847	6.939491	-16.649363	-37.94425	100.0	100.0	158999	-1.0335875	9.015733	17.556654	-41.815216	0.7820991	0.3443288	2062.865676879883
107	-27.640234	11.687849	-10.718322	-54.76681	-21.110785	8.679061	-3.3018591	-31.556143	100.0	100.0	160499	-1.1961657	8.913465	17.150173	-44.19876	0.9450206	0.35145548	2082.0388140678406
108	-21.338896	8.765255	-8.787355	-43.559277	-24.14887	9.440462	-2.869993	-39.525684	100.0	100.0	161999	-1.3628776	8.782031	16.758656	-44.89701	1.112177	0.34822828	2102.691265821457
109	-22.553373	8.765619	-9.676773	-40.969234	-24.11817	8.385825	-14.949581	-38.56994	100.0	100.0	163499	-1.4158531	8.725829	16.171124	-44.283787	1.1532815	0.349169	2123.9671449661255
110	-26.683323	9.23255	-13.00802	-41.488743	-29.44076	14.090418	-11.031331	-51.346176	100.0	100.0	164999	-1.5045795	8.6262455	15.855811	-43.31845	1.2500378	0.35085294	2141.519510746002
111	-25.23831	12.071627	-8.91789	-48.89934	-27.551188	13.575526	-6.887605	-50.66558	100.0	100.0	166499	-1.6489615	8.513861	15.491791	-40.211163	1.3919692	0.3550707	2156.208247900009
112	-28.763292	9.675909	-12.521175	-43.798084	-21.682667	6.871019	-12.591355	-36.959442	100.0	100.0	167999	-1.7054302	8.35876	15.07158	-41.570427	1.4527076	0.33927688	2186.755336046219
113	-25.253134	11.037718	-7.2210784	-50.21494	-24.38293	10.025019	-13.484915	-49.371067	100.0	100.0	169499	-1.8320028	8.274993	15.078999	-40.736034	1.5777104	0.33234116	2205.856376886368
114	-24.070824	7.816246	-10.238262	-38.754417	-24.215015	9.26361	-12.947348	-47.63074	100.0	100.0	170999	-1.9005629	8.203675	15.055106	-41.80389	1.6460075	0.32676643	2225.2102258205414
115	-30.222445	11.249617	-12.526503	-46.407562	-25.452198	6.186339	-17.294392	-36.33634	100.0	100.0	172499	-1.9450562	8.068682	15.075243	-41.17776	1.6914928	0.32331428	2244.821954727173
116	-27.162764	9.193115	-13.954643	-42.6784	-22.150318	10.408307	-2.6713064	-45.84249	100.0	100.0	173999	-2.0321836	7.942702	15.205896	-41.44098	1.7775584	0.32409516	2263.7285149097443
117	-25.977879	6.9053626	-12.271459	-42.572906	-20.192942	8.411067	-6.9751854	-35.70937	100.0	100.0	175499	-2.1133192	7.8446646	15.4173565	-39.040375	1.8664173	0.32380128	2282.2267730236053
118	-31.375256	13.785826	-11.752966	-63.815926	-29.997162	21.394047	-12.293157	-85.463684	100.0	100.0	176999	-2.2707534	7.7131605	15.72368	-39.33083	2.0311897	0.3145765	2301.495321750641
119	-27.7281	14.057732	-5.808262	-58.91418	-26.75846	9.429973	-11.877924	-44.800735	100.0	100.0	178499	-2.4024136	7.6147118	15.388021	-43.054436	2.1643548	0.32604054	2320.2604780197144
120	-24.137167	7.7236867	-12.925535	-36.260212	-25.261587	7.9642873	-13.237182	-41.26333	100.0	100.0	179999	-2.4750721	7.4806705	15.392456	-45.01817	2.2303734	0.32563037	2338.787099838257
121	-36.111088	14.698394	-9.821619	-63.65673	-28.83171	9.020578	-19.68448	-48.55692	100.0	100.0	181499	-2.6562345	7.3789988	14.931304	-43.672905	2.4103556	0.32562447	2357.051449775696
122	-26.600233	13.687537	-6.5898747	-54.522846	-22.711933	10.795389	-7.659821	-44.552223	100.0	100.0	182999	-2.7130792	7.29507	14.944119	-46.055737	2.4700403	0.31951883	2376.9529259204865
123	-29.497606	11.7799835	-13.470593	-56.385464	-21.320732	7.126476	-11.676305	-31.86676	100.0	100.0	184499	-2.8633168	7.2854753	14.58799	-42.49282	2.6262395	0.31750655	2396.4142129421234
124	-25.84854	8.320639	-14.528624	-43.021885	-23.232313	11.602466	-12.759851	-54.768578	100.0	100.0	185999	-2.9621441	7.2347684	14.228746	-45.37955	2.7261937	0.32214814	2415.4889209270477
125	-26.356098	7.470847	-11.949962	-39.234978	-23.199043	8.420305	-8.6452055	-37.255302	100.0	100.0	187499	-3.0787435	7.1798563	13.268995	-42.659637	2.8419127	0.32225814	2434.691314935684
126	-26.699018	12.409718	-8.602203	-53.631493	-22.94168	8.750841	-9.543995	-37.207836	100.0	100.0	188999	-3.1649613	7.1321073	13.119551	-44.877193	2.9316106	0.32703716	2453.308107852936
127	-25.087385	10.912215	-8.909446	-43.154377	-23.79888	9.345555	-11.689151	-42.16939	100.0	100.0	190499	-3.2367136	7.0929027	12.644437	-44.403248	3.0045567	0.31912386	2472.128150701523
128	-23.440205	9.135743	-8.798507	-40.122826	-25.164783	9.2222185	-11.912934	-40.57095	100.0	100.0	191999	-3.421526	7.0735335	11.985076	-49.703247	3.1905866	0.32425752	2490.9292719364166
129	-23.478777	8.70198	-7.410641	-45.976627	-30.46932	16.583681	-14.708	-72.11888	100.0	100.0	193499	-3.572719	7.006243	11.889194	-48.372593	3.3382905	0.31412587	2510.02885890007
130	-21.657629	8.953435	-9.879723	-41.09466	-23.990974	8.0482	-12.803193	-42.14342	100.0	100.0	194999	-3.6378708	6.9337482	11.822327	-50.668034	3.4055598	0.31395614	2529.7907967567444
131	-21.957642	7.3236985	-10.865541	-39.306633	-24.645039	8.768176	-11.919464	-40.66195	100.0	100.0	196499	-3.67354	6.816508	10.812482	-49.30541	3.4387162	0.306345	2549.5337228775024
132	-25.915245	9.826927	-12.944218	-52.226456	-29.984253	11.010935	-18.282597	-58.34311	100.0	100.0	197999	-3.8004587	6.7234144	10.698315	-45.60427	3.569432	0.3185286	2569.0062170028687
133	-21.040134	6.795204	-9.992291	-36.960823	-28.460678	14.94027	-10.855037	-57.47386	100.0	100.0	199499	-3.8624341	6.6059537	10.763657	-39.890244	3.629192	0.3043049	2587.7962210178375
134	-18.519304	4.893716	-10.229632	-28.11756	-28.418747	8.479367	-17.498138	-43.82636	100.0	100.0	200999	-3.9835021	6.5762973	11.056046	-43.0745	3.7566054	0.30196494	2610.4075939655304
135	-25.399084	9.51026	-11.180064	-43.126904	-24.873188	5.7018037	-17.793993	-34.510803	100.0	100.0	202499	-4.0368667	6.51784	10.305436	-42.843887	3.808852	0.29697105	2630.3032999038696
136	-25.621632	11.171054	-10.325667	-51.037006	-18.860113	5.0865436	-11.038927	-27.794384	100.0	100.0	203999	-4.0491815	6.4337883	10.177495	-45.756874	3.8155916	0.28699324	2649.5793087482452
137	-24.996498	8.99059	-8.439508	-36.704475	-28.059183	16.052916	-7.4630113	-59.587738	100.0	100.0	205499	-4.1693373	6.429332	9.55813	-41.81131	3.937098	0.30145454	2669.385728120804
138	-22.15319	7.330458	-8.947596	-33.704235	-20.251966	8.383316	-7.4664006	-32.088844	100.0	100.0	206999	-4.2433486	6.366427	8.709375	-41.23578	4.009897	0.29893446	2688.212567806244
139	-19.0088	7.848402	-8.564198	-42.93067	-22.475273	13.151282	-7.485236	-52.722816	100.0	100.0	208499	-4.2250133	6.277031	8.924356	-44.01021	3.9920247	0.2983159	2706.923864841461
140	-21.261744	7.7139306	-10.813803	-39.661728	-20.291008	6.7806864	-9.177183	-32.516914	100.0	100.0	209999	-4.274562	6.260334	9.117125	-42.132576	4.043194	0.2896979	2728.1133799552917
141	-18.61565	7.02716	-6.931826	-31.179941	-17.339783	5.698398	-8.796202	-26.17987	100.0	100.0	211499	-4.2719126	6.270503	9.503316	-40.662777	4.0424266	0.30808985	2747.2507808208466
142	-22.631327	11.332616	-5.5959473	-42.60171	-26.939518	9.6422	-8.710682	-38.879158	100.0	100.0	212999	-4.300103	6.24772	10.119541	-39.758865	4.072496	0.2989156	2766.2763028144836
143	-21.817556	7.935658	-4.5016274	-37.062225	-23.128813	10.837269	-12.252564	-50.206577	100.0	100.0	214499	-4.3273306	6.247992	9.928207	-41.184383	4.0931406	0.29668558	2785.61834192276
144	-18.451794	6.325502	-11.040212	-33.871983	-21.312466	9.021874	-7.7704787	-40.48905	100.0	100.0	215999	-4.2500286	6.235067	9.955459	-42.77268	4.0096445	0.29659078	2804.479309797287
145	-23.426731	8.289707	-11.132332	-37.65293	-20.297062	7.8205266	-10.000354	-31.094267	100.0	100.0	217499	-4.188491	6.214828	11.273469	-41.572964	3.9478638	0.30770916	2823.448975801468
146	-26.052637	10.388375	-12.196093	-45.02036	-19.951628	6.9158387	-11.826433	-32.81848	100.0	100.0	218999	-4.1252384	6.272545	11.155116	-40.670918	3.8854349	0.3226658	2841.8391008377075
147	-19.072533	6.5928283	-8.972452	-28.250418	-24.386343	6.294445	-13.449212	-32.720165	100.0	100.0	220499	-4.0405536	6.252362	11.493754	-40.74209	3.7975345	0.31132728	2860.642909049988
148	-26.937891	9.924679	-15.313226	-49.794277	-24.864693	11.306808	-7.523364	-47.56923	100.0	100.0	221999	-3.8980033	6.256967	12.296648	-37.617313	3.6540418	0.30458203	2879.7280609607697
149	-27.208141	12.744243	-11.015417	-64.08017	-20.133398	6.2004185	-9.084363	-32.262302	100.0	100.0	223499	-3.7159505	6.2522864	13.137908	-39.0122	3.4606452	0.3044596	2899.353984117508
150	-19.967085	9.442169	-10.886322	-44.789524	-19.842813	5.8215795	-12.078123	-33.212585	100.0	100.0	224999	-3.5237308	6.2636294	13.328173	-39.942707	3.2649486	0.30074936	2918.6959297657013
151	-22.501823	8.16544	-8.932581	-43.119602	-22.406982	5.6752844	-16.195898	-31.385746	100.0	100.0	226499	-3.2834232	6.3246293	13.623608	-36.756123	3.0209024	0.30685887	2938.012713909149
152	-23.897148	8.292093	-9.097519	-41.651142	-20.099125	6.904476	-10.037216	-29.693317	100.0	100.0	227999	-3.0648427	6.3139825	14.311176	-38.677258	2.804707	0.3065365	2957.2630829811096
153	-22.406979	11.066917	-8.948943	-43.321743	-21.40887	11.1596155	-4.3198204	-45.77835	100.0	100.0	229499	-2.8249714	6.2929516	14.296222	-38.2625	2.5669804	0.30189446	2976.3945348262787
154	-24.514198	10.406995	-7.292665	-42.37043	-20.589209	9.58608	-10.357044	-35.29753	100.0	100.0	230999	-2.6555073	6.2258887	14.319889	-36.771835	2.403511	0.30263236	2994.892390012741
155	-24.542164	11.978057	-9.744547	-51.443348	-22.37141	8.459121	-10.873028	-39.11537	100.0	100.0	232499	-2.5208273	6.2414064	14.277695	-39.86837	2.2668076	0.31133157	3013.778944015503
156	-26.694876	9.096459	-15.218106	-49.031956	-28.343267	13.909776	-13.497698	-64.5875	100.0	100.0	233999	-2.353414	6.2835097	15.2149	-36.772667	2.0991948	0.31248894	3032.7574779987335
157	-28.219166	10.629323	-12.924386	-47.94696	-23.585022	7.616642	-11.320223	-38.760178	100.0	100.0	235499	-2.1941707	6.2480726	15.407602	-37.67467	1.9432809	0.3158926	3051.21688580513
158	-25.036537	11.343905	-7.698702	-46.30313	-22.049625	8.8606205	-7.68005	-37.35891	100.0	100.0	236999	-2.063571	6.2058363	16.022749	-37.378044	1.8109248	0.3156621	3069.2522628307343
159	-22.81013	8.833853	-11.593004	-41.471893	-20.37777	7.7694826	-6.583736	-37.384827	100.0	100.0	238499	-1.8962891	6.2325854	15.871935	-39.419994	1.6358283	0.32605007	3088.473851919174
160	-26.642122	13.010793	-6.748968	-56.79723	-26.408833	11.770337	-10.838037	-50.088654	100.0	100.0	239999	-1.7101446	6.2065144	15.157896	-35.94942	1.4498239	0.32164624	3108.1447570323944
161	-25.76598	7.320561	-14.337552	-41.240116	-22.290676	11.602053	-8.430783	-44.78922	100.0	100.0	241499	-1.4959158	6.201163	15.127485	-37.018257	1.2365642	0.3270103	3127.2066588401794
162	-20.116987	7.557848	-10.761933	-36.64648	-24.151978	14.297169	-8.0577	-53.985622	100.0	100.0	242999	-1.3319037	6.2046094	15.386811	-32.848167	1.0695637	0.31989163	3145.6463599205017
163	-21.961163	9.520359	-6.079503	-43.15087	-25.774103	10.817118	-9.893026	-41.808685	100.0	100.0	244499	-1.0783205	6.2229156	15.570336	-37.061577	0.8127334	0.31841776	3164.4834129810333
164	-21.2448	8.470708	-7.1990314	-36.615135	-27.144012	12.391493	-11.07876	-53.123066	100.0	100.0	245999	-0.8743528	6.2666454	15.552518	-33.939693	0.6118827	0.32437906	3183.626951932907
165	-25.766832	11.136001	-8.200161	-55.19786	-26.185308	9.421612	-8.93089	-40.153835	100.0	100.0	247499	-0.701058	6.2155957	15.412506	-32.333336	0.446644	0.33251026	3203.6767859458923
166	-21.85364	9.003214	-6.806657	-41.529385	-22.721006	9.253195	-12.466539	-41.518154	100.0	100.0	248999	-0.5509104	6.205976	15.458221	-34.813267	0.30212182	0.30373678	3224.094817876816
167	-19.541584	8.1574545	-7.5534263	-32.07526	-23.778545	9.478174	-15.934206	-48.221867	100.0	100.0	250499	-0.5178647	6.1640086	15.750471	-36.54334	0.27403304	0.30538929	3243.664927005768
168	-21.698696	7.1867647	-9.258055	-34.192955	-18.740993	7.3463697	-7.5850782	-35.454884	100.0	100.0	251999	-0.46392417	6.1794515	15.857055	-33.501923	0.22458622	0.3095298	3275.369010925293
169	-18.720797	6.632236	-8.5101385	-31.167498	-22.484808	9.7114525	-12.522269	-47.138226	100.0	100.0	253499	-0.37893698	6.1937613	15.415987	-37.524998	0.13191304	0.32311296	3294.3162240982056
170	-20.503048	12.023457	-5.6509376	-52.332302	-23.402771	8.879154	-12.591005	-39.11614	100.0	100.0	254999	-0.28762618	6.1796823	15.357604	-35.73822	0.04431428	0.32314938	3313.656993865967
171	-23.746132	7.5485425	-10.441728	-39.201878	-20.512005	8.618693	-9.998708	-37.67573	100.0	100.0	256499	-0.27642652	6.160163	15.189098	-34.462868	0.038643498	0.30468535	3333.3686118125916
172	-25.120182	8.348151	-12.005367	-36.651787	-23.94585	8.890826	-11.511178	-38.526615	100.0	100.0	257999	-0.24917778	6.0790715	15.217708	-34.817745	0.013373478	0.28669557	3353.2793769836426
173	-22.33497	7.303133	-6.0670004	-36.551224	-20.096506	6.27951	-10.446326	-29.173592	100.0	100.0	259499	-0.2643946	6.0766196	15.340478	-36.41572	0.031014234	0.29012194	3373.4331510066986
174	-23.369707	10.424269	-7.3431444	-49.672115	-26.701532	9.661448	-12.569552	-48.491905	100.0	100.0	260999	-0.23723935	6.055447	15.544348	-33.706394	0.0058634044	0.28260326	3393.0722739696503
175	-21.51418	6.9533906	-9.527331	-34.678406	-24.12855	13.706715	-7.547695	-55.285	100.0	100.0	262499	-0.28207386	6.058354	15.45587	-35.50074	0.05180984	0.28472784	3413.794184923172
176	-32.72258	17.747347	-13.363866	-76.58636	-19.847889	7.272266	-10.457796	-35.448463	100.0	100.0	263999	-0.33132705	6.0253754	15.373557	-33.42539	0.10270688	0.28191337	3434.3647298812866
177	-25.94894	7.8744235	-15.41267	-40.64902	-21.413254	9.650917	-7.8970532	-36.893314	100.0	100.0	265499	-0.36260438	5.972766	14.433056	-37.878277	0.13524973	0.27594817	3454.218245983124
178	-22.279964	8.800876	-10.61345	-45.31133	-18.326	3.7429497	-10.845179	-24.378311	100.0	100.0	266999	-0.42574793	5.93152	14.626368	-34.107536	0.19958338	0.2764327	3475.511960744858
179	-19.411234	4.585728	-12.601438	-29.772615	-23.215534	6.025202	-16.165071	-35.48623	100.0	100.0	268499	-0.4570516	5.96233	15.284182	-32.268524	0.22906852	0.27192676	3498.5930919647217
180	-21.962128	6.906679	-11.793073	-35.9148	-22.672424	5.652347	-12.8546915	-30.12003	100.0	100.0	269999	-0.4748026	6.024968	15.271278	-34.42627	0.24628738	0.2805783	3520.977807998657
181	-22.381035	10.700735	-9.912016	-48.907562	-24.375927	9.402024	-7.964291	-39.56339	100.0	100.0	271499	-0.4435136	6.064825	15.37478	-32.436085	0.21126421	0.27740708	3542.517632007599
182	-30.62662	11.00664	-7.586767	-51.37104	-25.448208	12.420304	-9.871638	-45.926567	100.0	100.0	272999	-0.4383821	6.123468	15.578504	-32.38591	0.2129492	0.27802306	3564.567373752594
183	-20.597996	8.23724	-11.586179	-41.115105	-32.294655	13.196854	-12.834204	-63.298367	100.0	100.0	274499	-0.49650994	6.138694	15.88992	-34.684452	0.276489	0.28125396	3585.1699159145355
184	-27.861332	11.702267	-15.32716	-58.69975	-20.322798	5.1531363	-13.863464	-29.277155	100.0	100.0	275999	-0.5242019	6.161705	15.822907	-32.729004	0.30047655	0.27567032	3606.4165070056915
185	-24.293911	10.491115	-6.9366274	-40.844124	-27.084986	15.366554	-7.052506	-57.434597	100.0	100.0	277499	-0.53275126	6.1998496	15.9466	-32.30473	0.308049	0.27868983	3627.0840027332306
186	-25.968668	10.746752	-9.257943	-45.16436	-23.65615	9.543361	-11.177749	-41.413525	100.0	100.0	278999	-0.5309226	6.1925178	15.596732	-35.507385	0.31015304	0.27878308	3647.3327350616455
187	-24.128721	7.746566	-8.765521	-37.85287	-27.674505	13.186789	-9.824586	-55.976467	100.0	100.0	280499	-0.62780905	6.215098	15.234581	-34.155716	0.40738183	0.28822184	3670.2414178848267
188	-27.078552	7.7962904	-10.873673	-44.545883	-26.983484	13.531799	-10.597992	-58.411514	100.0	100.0	281999	-0.6552662	6.1451106	14.621584	-36.168827	0.4396605	0.27285153	3689.995395898819
189	-22.915932	8.583746	-10.940389	-45.713352	-21.408937	7.745168	-11.143318	-33.845314	100.0	100.0	283499	-0.7077589	6.1408195	14.524418	-39.055305	0.49677664	0.27244616	3709.7621688842773
190	-24.167295	14.613527	-4.600348	-56.40239	-23.131817	7.4230237	-14.465517	-40.61944	100.0	100.0	284999	-0.82773244	6.1606555	14.804407	-39.14916	0.61556125	0.2740951	3729.8395190238953
191	-24.625158	13.626674	-9.633502	-70.95027	-16.690693	6.033711	-7.883921	-26.979689	100.0	100.0	286499	-0.8903671	6.126583	14.560713	-38.916218	0.67658186	0.2670841	3749.6665527820587
192	-21.401434	8.03845	-10.748785	-37.164024	-24.567963	8.428185	-10.181715	-34.858807	100.0	100.0	287999	-0.9820382	6.1404715	14.21303	-38.412365	0.764311	0.27011847	3768.785805940628
193	-22.758095	9.523007	-13.207761	-44.713474	-21.3849	10.629284	-6.8852954	-39.75902	100.0	100.0	289499	-1.0191425	6.134849	14.705402	-37.964867	0.7998908	0.2648778	3788.2418308258057
194	-18.791466	9.0860405	-5.09921	-41.587307	-21.469774	8.173908	-13.496832	-41.103577	100.0	100.0	290999	-0.9591523	6.1309347	14.020714	-39.17724	0.73184645	0.26393962	3806.2507967948914
195	-21.08061	7.452781	-10.886647	-34.875725	-22.487476	8.420326	-7.658245	-36.165623	100.0	100.0	292499	-0.92731565	6.149957	14.70005	-40.09999	0.70076674	0.26931602	3825.5293247699738
196	-20.862455	4.8720455	-11.887273	-29.136084	-22.406685	10.133753	-9.211102	-42.18891	100.0	100.0	293999	-0.86666065	6.076017	14.063517	-40.582962	0.64838463	0.26400614	3845.002867937088
197	-26.890032	11.749764	-13.62149	-54.17075	-22.896917	7.147954	-10.6027565	-40.11715	100.0	100.0	295499	-0.8993657	6.0933685	14.129299	-40.90924	0.6780364	0.2694787	3864.9725139141083
198	-24.582325	10.613509	-11.7660475	-43.055748	-25.147808	6.7686477	-16.434412	-38.818733	100.0	100.0	296999	-0.93343395	6.0895276	13.776943	-39.51846	0.7105074	0.2619758	3884.724443912506
199	-27.838408	10.714633	-6.8981786	-46.708763	-22.016815	9.124471	-4.98048	-35.070816	100.0	100.0	298499	-0.8944031	6.079802	13.857716	-45.60195	0.6762612	0.26387477	3904.521513938904
200	-21.449924	6.1736574	-9.599087	-33.40899	-22.805357	5.8905125	-13.801136	-31.881102	100.0	100.0	299999	-0.96210104	6.079498	13.748407	-39.80442	0.7524474	0.26555425	3924.255858898163
201	-25.990114	8.957115	-12.626707	-48.829166	-28.045307	11.688713	-10.74312	-45.221855	100.0	100.0	301499	-1.0413598	6.0941935	13.47827	-41.227768	0.8342479	0.25556523	3943.23961687088
202	-25.582466	17.980965	-6.7422996	-80.21537	-26.642862	9.119585	-11.206429	-38.198826	100.0	100.0	302999	-1.1976582	6.07314	13.269405	-41.562572	0.99915546	0.25445834	3963.0380249023438
203	-17.091618	7.487315	-3.5635312	-33.098106	-29.486084	23.794168	-12.039507	-96.347855	100.0	100.0	304499	-1.3644359	6.0636034	12.829334	-40.731537	1.1716563	0.24995317	3982.877648830414
204	-23.14735	12.858099	-7.1226635	-49.11755	-26.624538	7.0364275	-16.8599	-37.586884	100.0	100.0	305999	-1.5370588	5.9781966	12.263297	-41.600845	1.3444661	0.24314879	4001.9819049835205
205	-23.795572	8.188908	-9.81394	-39.189396	-20.01985	10.797328	-4.4307523	-37.03026	100.0	100.0	307499	-1.6883084	5.977156	11.94433	-43.648	1.491735	0.24474385	4021.4385979175568
206	-20.910088	6.9163227	-12.087074	-35.07186	-25.737957	4.864127	-17.41392	-31.063675	100.0	100.0	308999	-1.8193456	5.9301662	11.555691	-42.12821	1.6205196	0.24411367	4042.57114982605
207	-21.911472	6.9253206	-10.691777	-34.68701	-23.00704	9.955385	-10.945022	-42.06938	100.0	100.0	310499	-1.895978	5.88306	10.886557	-41.868717	1.6935827	0.249056	4057.6332988739014
208	-19.588085	7.153376	-10.060102	-36.28356	-20.524006	6.610657	-11.942451	-36.37329	100.0	100.0	311999	-1.9632785	5.8416286	10.258947	-43.102943	1.7556497	0.24572986	4072.256733894348
209	-27.210468	8.925412	-13.854963	-42.959354	-21.086021	7.6785984	-6.777721	-30.764997	100.0	100.0	313499	-2.0538125	5.824251	9.780413	-42.495216	1.8537018	0.24177775	4087.048049926758
210	-25.812967	10.460999	-12.307031	-49.828487	-23.764416	8.252966	-15.114646	-37.554573	100.0	100.0	314999	-2.153919	5.7727604	9.267218	-44.31366	1.9592873	0.23381494	4102.068799972534
211	-24.074888	9.392543	-13.569727	-43.360703	-17.627384	8.197244	-6.688213	-33.61101	100.0	100.0	316499	-2.2987964	5.7692146	9.085422	-41.920235	2.100534	0.23952857	4121.79668879509
212	-21.67415	7.0496182	-12.58674	-40.670734	-23.239628	10.026224	-5.366113	-39.735924	100.0	100.0	317999	-2.3413908	5.714487	9.045777	-40.75567	2.1378663	0.23089986	4141.877651929855
213	-20.378937	7.6765165	-8.252868	-34.76161	-22.778408	10.956731	-4.7043023	-46.399918	100.0	100.0	319499	-2.3755968	5.655993	8.633665	-40.14856	2.1720698	0.22922614	4163.285089731216
214	-23.3014	7.140195	-13.5357895	-38.512142	-25.023123	8.343024	-14.050307	-38.007088	100.0	100.0	320999	-2.4235735	5.586609	8.697628	-37.847076	2.2175055	0.23706722	4183.398276805878
215	-28.094683	15.437435	-11.573001	-66.81372	-25.006119	8.051579	-9.366905	-37.92848	100.0	100.0	322499	-2.4322832	5.517099	8.112577	-38.979164	2.2242374	0.2347403	4203.697005748749
216	-18.779966	7.039418	-7.056545	-31.006613	-23.57098	10.593921	-9.510036	-47.87853	100.0	100.0	323999	-2.4364178	5.452106	8.381432	-37.210808	2.2206874	0.24188875	4223.024778842926
217	-24.590763	10.949053	-11.230192	-48.876087	-20.863415	6.09959	-9.687468	-32.53959	100.0	100.0	325499	-2.3546767	5.3784356	8.424779	-38.71567	2.13911	0.24035835	4242.32771897316
218	-19.14877	6.120807	-8.479194	-27.17024	-17.589201	8.884341	-7.66196	-37.214764	100.0	100.0	326999	-2.3286128	5.301839	8.73484	-37.70003	2.117254	0.25276208	4261.727699041367
219	-21.911951	9.360033	-13.171487	-46.37843	-19.588514	9.7618065	-5.2674036	-41.02506	100.0	100.0	328499	-2.289471	5.260354	8.720301	-36.662186	2.0740948	0.24077477	4281.387552022934
220	-24.0343	6.7004385	-7.352614	-38.57134	-16.467657	8.329718	-5.7343826	-32.825283	100.0	100.0	329999	-2.250269	5.2486153	8.905616	-40.13641	2.0393176	0.24707153	4300.395205974579
221	-22.557198	10.503028	-8.054729	-43.625496	-19.961372	6.421156	-9.660193	-30.027895	100.0	100.0	331499	-2.245664	5.2107735	9.130419	-38.478218	2.032239	0.2540792	4320.042518854141
222	-23.61793	11.107144	-8.86434	-56.94665	-21.992153	8.459142	-8.397743	-35.525494	100.0	100.0	332999	-2.1787057	5.132212	9.338459	-38.897022	1.9632583	0.24371609	4339.754791021347
223	-20.86888	7.6902604	-8.485597	-32.111546	-18.250729	5.210418	-11.101804	-29.174355	100.0	100.0	334499	-2.1063588	5.064435	9.288166	-38.178448	1.8880967	0.24393445	4359.481307983398
224	-19.663733	7.307569	-9.451774	-34.194004	-22.773289	5.7947245	-13.760193	-33.79841	100.0	100.0	335999	-2.0233533	5.0552444	9.09511	-36.50507	1.8058847	0.24247648	4379.2373650074005
225	-21.238623	9.4694195	-10.451517	-47.007893	-19.128962	4.53368	-10.982796	-27.142424	100.0	100.0	337499	-1.9126246	5.0392146	9.173866	-38.836777	1.6922675	0.24153712	4398.859023809433
226	-26.27669	9.414697	-13.229677	-43.015533	-24.528828	8.590756	-14.177611	-46.194927	100.0	100.0	338999	-1.8094587	5.0481706	9.506931	-37.837906	1.5870963	0.24832124	4419.070608854294
227	-25.001274	11.754002	-8.85619	-48.899696	-25.466501	11.338169	-7.453777	-39.157852	100.0	100.0	340499	-1.7114002	5.081894	9.708376	-37.217712	1.4931875	0.24666217	4439.09737610817
228	-22.929106	5.9894485	-13.42311	-35.18482	-19.950514	6.733683	-6.712847	-31.78718	100.0	100.0	341999	-1.6043369	5.0804706	9.826988	-37.506264	1.377053	0.24890482	4459.622983932495
229	-20.803318	8.82551	-8.694487	-41.28665	-20.19001	5.879727	-5.220797	-25.169083	100.0	100.0	343499	-1.4846163	5.0830007	10.31157	-35.378246	1.2643665	0.24288535	4480.266091823578
230	-18.677845	8.680128	-9.264778	-42.709206	-21.417202	7.478938	-11.473274	-33.431683	100.0	100.0	344999	-1.3558085	5.0605803	10.924168	-33.667927	1.1339197	0.23853101	4500.570382833481
231	-18.663769	9.239712	-7.687917	-43.71981	-23.737135	9.659071	-10.257945	-48.408302	100.0	100.0	346499	-1.2313484	5.1126876	11.5055065	-36.930298	1.0056009	0.2494383	4522.423038005829
232	-25.132019	11.02583	-3.590971	-44.185688	-19.1908	7.462369	-5.2346845	-29.098818	100.0	100.0	347999	-1.0657226	5.0227866	11.559737	-34.71854	0.83883774	0.25705332	4542.5705308914185
233	-20.65553	7.8387284	-10.796557	-38.936592	-18.42496	9.079798	-7.6900244	-39.439316	100.0	100.0	349499	-1.0220511	4.9853935	11.227131	-34.284996	0.80476725	0.24361637	4564.300184726715
234	-28.845945	11.723471	-7.533323	-57.67044	-23.163256	9.246479	-10.302268	-37.11871	100.0	100.0	350999	-0.9405455	4.9078193	11.148706	-35.215973	0.7243625	0.24051273	4598.9037919044495
235	-26.088875	10.683233	-15.108752	-53.1492	-19.515205	7.573663	-10.676064	-33.612743	100.0	100.0	352499	-0.9042088	4.80234	10.558453	-34.303036	0.69316196	0.23083375	4620.063754081726
236	-20.185633	8.078108	-9.037893	-36.072636	-23.97345	6.9576473	-16.194996	-39.596855	100.0	100.0	353999	-0.88573205	4.7178116	10.1290455	-30.353838	0.6705041	0.2374737	4640.0137259960175
237	-20.464876	5.0454564	-11.06049	-29.883028	-20.588703	8.678773	-8.912415	-41.26799	100.0	100.0	355499	-0.8617772	4.6113086	9.795855	-34.683266	0.6492025	0.23039289	4660.23107790947
238	-16.733278	5.9492497	-6.4343653	-26.60786	-23.47563	6.8113737	-12.112175	-35.853924	100.0	100.0	356999	-0.8727274	4.5754437	9.396376	-33.479504	0.66433203	0.2312254	4679.465981006622
239	-20.310608	8.71448	-10.341489	-39.96377	-23.180225	12.540251	-5.464251	-43.16749	100.0	100.0	358499	-0.9157647	4.5764313	9.253084	-31.795824	0.71121144	0.23219295	4700.0739006996155
240	-18.927107	7.8517914	-8.469184	-33.634933	-26.239407	15.108457	-6.209458	-59.457813	100.0	100.0	359999	-0.9507029	4.543929	8.922423	-31.324387	0.74993235	0.21706389	4720.3536558151245
241	-20.570307	9.718412	-6.389272	-43.77203	-21.538921	8.907541	-5.6458545	-36.03765	100.0	100.0	361499	-1.0566728	4.5679984	9.137747	-30.866756	0.86190104	0.22622076	4740.683969736099
242	-19.082115	8.529249	-9.829923	-35.8725	-20.843683	5.662968	-15.691445	-35.306377	100.0	100.0	362999	-1.1628172	4.610888	9.022688	-31.395403	0.96546143	0.2151442	4760.388333797455
243	-21.638226	11.007808	-6.709124	-54.64157	-21.007265	10.111402	-9.927589	-45.12083	100.0	100.0	364499	-1.2445827	4.6458325	9.093778	-33.727936	1.0480709	0.21343476	4780.782645702362
244	-25.24616	8.90782	-8.240891	-40.54229	-22.16506	4.6000223	-14.042532	-29.799711	100.0	100.0	365999	-1.3040593	4.6989193	9.667416	-33.03086	1.1075984	0.21589743	4800.831604003906
245	-22.561522	9.40043	-7.232061	-43.072044	-24.687708	8.589279	-11.165082	-36.67269	100.0	100.0	367499	-1.3946506	4.7689853	10.01333	-32.765038	1.2036859	0.21555953	4820.870602846146
246	-19.877132	5.5267453	-8.803024	-27.484127	-20.387466	6.675997	-11.920396	-33.607334	100.0	100.0	368999	-1.4932351	4.800792	9.856485	-33.007477	1.3003298	0.21447165	4842.314918994904
247	-21.94282	9.182932	-10.840709	-41.12459	-20.583979	9.049034	-10.78103	-35.082798	100.0	100.0	370499	-1.5565476	4.828443	10.113935	-32.946255	1.3631346	0.21850687	4862.744653940201
248	-22.13231	7.8858337	-7.8886967	-42.508896	-18.842873	9.391381	-4.282424	-41.701378	100.0	100.0	371999	-1.6589019	4.851757	10.274894	-35.509354	1.4684564	0.22038299	4884.102991819382
249	-23.003225	10.294952	-9.038522	-39.440327	-20.581476	16.981892	-2.119351	-62.322346	100.0	100.0	373499	-1.7318382	4.880865	10.481514	-32.736683	1.5371668	0.21852073	4904.393790006638
250	-25.493876	12.195601	-6.8205	-46.94019	-24.79636	10.180669	-6.1020226	-44.894928	100.0	100.0	374999	-1.7900673	4.990154	10.857777	-33.58128	1.5913308	0.23666008	4924.299494981766
251	-24.839817	10.126253	-9.755992	-44.248226	-20.516552	3.978805	-12.850269	-25.375252	100.0	100.0	376499	-1.8196616	5.014523	11.035637	-34.529133	1.6244111	0.23232017	4943.5062737464905
252	-25.06315	9.256761	-7.9939103	-41.499996	-18.874271	6.378174	-10.343912	-32.169697	100.0	100.0	377999	-1.840731	5.1286697	11.071515	-39.327213	1.6401608	0.23969218	4962.59915971756
253	-20.200806	5.802262	-11.69471	-33.736744	-24.536581	9.982885	-8.936975	-41.8453	100.0	100.0	379499	-1.8294241	5.2464952	11.734651	-37.01407	1.627652	0.24432926	4983.95311999321
254	-22.724329	8.419887	-6.9458656	-36.878952	-23.701565	4.7050724	-14.850064	-33.82367	100.0	100.0	380999	-1.7845716	5.354054	11.965822	-33.167187	1.5797926	0.2549038	5005.233504772186
255	-24.679752	10.335345	-13.691876	-46.77991	-21.096249	10.901754	-9.760698	-48.83817	100.0	100.0	382499	-1.723545	5.4628844	12.264772	-33.00831	1.5155874	0.25690424	5025.301827907562
256	-21.723267	10.64367	-6.282919	-42.451653	-21.19527	10.800251	-8.379697	-45.14735	100.0	100.0	383999	-1.6517558	5.573654	12.766205	-33.205437	1.4411732	0.25977454	5045.047910928726
257	-23.92405	9.483885	-10.668106	-43.072083	-18.581152	7.8221765	-8.6979065	-31.855835	100.0	100.0	385499	-1.5555415	5.6824794	13.085625	-34.36202	1.3475735	0.2527044	5065.4777019023895
258	-21.728708	9.96665	-7.39244	-44.324673	-27.578217	9.950993	-11.623393	-43.166046	100.0	100.0	386999	-1.497328	5.794616	13.063176	-31.737373	1.2931217	0.2620933	5084.613954782486
259	-19.30898	11.465852	-5.9108276	-45.123936	-21.443897	7.8763638	-12.628002	-36.915493	100.0	100.0	388499	-1.4349366	5.871178	13.478435	-32.262257	1.2276776	0.25605923	5104.937916994095
260	-23.762413	8.946403	-12.886398	-44.338593	-23.746435	7.3051734	-9.937982	-35.048073	100.0	100.0	389999	-1.3156224	5.9546275	13.128008	-34.175392	1.1052068	0.2601547	5124.775730848312
261	-22.55263	6.557258	-10.634879	-34.204956	-21.932457	6.4251823	-14.088744	-33.409042	100.0	100.0	391499	-1.220824	6.0264025	13.4358015	-33.434395	1.0090051	0.25603098	5144.088282823563
262	-22.551298	11.554378	-7.0353956	-45.682625	-23.609802	10.106723	-4.817961	-42.69123	100.0	100.0	392999	-1.1042228	6.0874133	13.481313	-33.61156	0.89053875	0.2620921	5163.616054773331
263	-23.238277	9.921613	-6.8768225	-42.895805	-24.29398	9.277698	-11.19358	-41.627518	100.0	100.0	394499	-0.99723345	6.090185	13.0173	-35.05032	0.7816006	0.2732134	5178.416367769241
264	-16.90651	6.5567813	-6.5977106	-28.37585	-17.89153	6.9324064	-6.581818	-25.391514	100.0	100.0	395999	-0.8960903	6.05556	13.195017	-34.270004	0.6855818	0.25713366	5193.112204790115
265	-18.333422	5.5025067	-8.600844	-27.889849	-23.244474	7.806847	-10.455665	-36.269695	100.0	100.0	397499	-0.8567677	6.034168	12.979914	-33.324112	0.6505955	0.25422728	5207.564650058746
266	-24.275265	11.370954	-11.234405	-46.46786	-27.746347	11.436356	-10.234842	-43.70721	100.0	100.0	398999	-0.79696894	5.990327	12.515239	-30.739666	0.58651584	0.24606982	5222.483217000961
267	-23.201534	9.373004	-9.579432	-47.280563	-25.528738	8.61676	-15.113164	-47.5719	100.0	100.0	400499	-0.7551951	5.9994683	12.298571	-32.684063	0.54988116	0.24376346	5237.455618858337
268	-24.346266	7.8961825	-9.02591	-38.327984	-25.895227	10.412754	-11.272423	-44.179	100.0	100.0	401999	-0.7348286	6.040371	12.061529	-31.015604	0.5239715	0.25439668	5252.203402042389
269	-32.10651	12.750716	-14.519457	-66.470436	-26.814869	7.433153	-14.455546	-40.19412	100.0	100.0	403499	-0.6134164	6.0487223	12.387966	-31.40028	0.39757618	0.24374942	5267.066293001175
270	-29.321566	10.808104	-14.2089	-50.954887	-28.15186	8.540469	-15.852931	-41.02844	100.0	100.0	404999	-0.5852056	6.0810933	12.158256	-34.95554	0.37640113	0.2588205	5281.931407928467
271	-26.047522	8.744103	-8.49483	-43.39873	-31.057922	10.764995	-15.764734	-54.958122	100.0	100.0	406499	-0.5491633	6.048002	12.031699	-33.851585	0.33961087	0.25695485	5296.645269870758
272	-25.697691	10.065464	-7.4502606	-40.295403	-24.778376	7.615336	-13.056058	-38.374805	100.0	100.0	407999	-0.46126017	6.0403037	12.222558	-31.371895	0.25351635	0.24760543	5311.6440217494965
273	-28.912966	10.256169	-8.337468	-44.606667	-24.263262	7.3832636	-12.006937	-36.760582	100.0	100.0	409499	-0.44575444	5.995907	12.296921	-34.76611	0.23583266	0.25204358	5326.631847858429
274	-27.239477	9.550351	-14.171456	-48.533463	-27.798954	6.2942505	-10.851702	-33.624454	100.0	100.0	410999	-0.3799233	5.9581885	12.328894	-32.39102	0.17356712	0.24921857	5341.27891087532
275	-23.55161	8.968751	-10.970067	-42.13127	-23.3985	7.2165775	-9.315147	-34.396694	100.0	100.0	412499	-0.30643103	5.84464	12.294911	-30.855112	0.09838871	0.24623609	5356.173251867294
276	-26.288054	13.806103	-10.818696	-66.08175	-30.26597	14.489989	-9.889119	-54.98852	100.0	100.0	413999	-0.26780492	5.766603	12.187772	-30.74104	0.06392217	0.2388988	5370.993595838547
277	-25.628353	9.187188	-9.104413	-49.962593	-22.07938	7.796483	-13.582333	-38.451363	100.0	100.0	415499	-0.26183173	5.7552714	12.291533	-32.913727	0.051538598	0.24179594	5385.709902763367
278	-19.361855	8.021445	-10.009169	-38.244164	-15.243004	5.878881	-7.4930453	-26.666191	100.0	100.0	416999	-0.21227328	5.6892996	12.567554	-31.265213	0.0056051183	0.23859088	5400.694945812225
279	-24.124268	9.842532	-11.150568	-47.01864	-23.19743	8.080328	-8.0797415	-32.787113	100.0	100.0	418499	-0.20260447	5.620218	12.752225	-32.44105	-0.0008133424	0.23813619	5415.408798933029
280	-20.438505	8.082638	-8.933635	-38.092567	-19.518267	7.17276	-5.559878	-31.515034	100.0	100.0	419999	-0.22050469	5.558234	12.837598	-31.180721	0.025471186	0.23774926	5430.202038764954
281	-24.223879	12.420515	-6.8472724	-49.605087	-30.983944	8.526751	-22.932144	-52.00128	100.0	100.0	421499	-0.27890417	5.495236	12.829491	-30.41401	0.075729616	0.23375973	5445.102071762085
282	-23.703424	13.300144	-8.97882	-63.463173	-21.947374	10.3499155	-10.166496	-42.720833	100.0	100.0	422999	-0.20900097	5.451121	13.001626	-29.897007	-0.0015421715	0.22994511	5459.862910032272
283	-27.02613	15.078187	-5.464705	-73.242134	-30.034494	14.397872	-14.183279	-58.875717	100.0	100.0	424499	-0.2025855	5.46334	12.97681	-31.859417	-0.0053330814	0.24268205	5474.612992763519
284	-17.300863	5.0418143	-8.238665	-25.726858	-23.040258	8.207532	-7.6319375	-37.29428	100.0	100.0	425999	-0.11094206	5.4544086	12.6834	-30.66006	-0.09872737	0.24723677	5490.076942920685
285	-21.981615	5.8336535	-9.15943	-32.148216	-22.151134	8.966254	-9.845097	-41.154194	100.0	100.0	427499	-0.0622886	5.4347916	12.579663	-32.822525	-0.1406672	0.24069214	5505.834138870239
286	-21.93107	9.829971	-11.4130125	-52.014587	-18.825863	6.236103	-12.838277	-29.915867	100.0	100.0	428999	-0.05051055	5.414992	13.08485	-32.406654	-0.15468119	0.2517287	5520.413113832474
287	-23.118467	11.072039	-7.4786415	-54.586292	-22.023779	7.2173057	-9.861546	-35.72424	100.0	100.0	430499	0.009092487	5.3763514	13.315501	-31.191168	-0.21447113	0.24755031	5535.345632076263
288	-22.509819	9.462879	-7.3183665	-37.93335	-23.990656	7.2569346	-16.44322	-42.133774	100.0	100.0	431999	0.069790035	5.4604917	13.971052	-30.718624	-0.2811086	0.24736731	5550.071223735809
289	-17.341885	6.781631	-5.8303566	-32.584663	-26.02633	10.201777	-13.78386	-48.32685	100.0	100.0	433499	0.1663593	5.466763	14.431327	-30.038624	-0.374673	0.24264428	5567.290993928909
290	-20.74808	7.512441	-11.134184	-39.265366	-20.245804	7.899004	-10.694412	-36.965645	100.0	100.0	434999	0.18788874	5.5285754	14.283663	-31.39277	-0.39807063	0.25259554	5582.227495908737
291	-23.352682	9.732066	-9.190457	-47.43682	-21.921507	10.6733265	-11.60119	-40.3733	100.0	100.0	436499	0.28306356	5.648557	14.948038	-31.640396	-0.4932408	0.25604331	5597.124330997467
292	-20.823233	6.0456667	-13.466309	-32.704132	-28.091782	13.203779	-6.3618317	-50.654488	100.0	100.0	437999	0.378492	5.7395587	14.714902	-31.191854	-0.58825344	0.26363426	5611.986512899399
293	-19.424992	10.324063	-6.3285847	-45.849255	-28.733948	14.430745	-13.32627	-54.073914	100.0	100.0	439499	0.4353962	5.7559767	15.061432	-31.40447	-0.64373803	0.25397044	5627.087705850601
294	-23.618238	8.911722	-11.798902	-41.091137	-16.884457	7.1960273	-9.229285	-32.71568	100.0	100.0	440999	0.43402952	5.758941	15.967628	-30.684177	-0.63597536	0.24960767	5641.62802696228
295	-31.960423	15.6486025	-9.327119	-68.77831	-16.999674	6.3186407	-8.477465	-29.092047	100.0	100.0	442499	0.40055448	5.6805267	15.100464	-30.08583	-0.5995283	0.24014111	5656.322648763657
296	-22.274382	9.767048	-6.608141	-42.636066	-21.031525	8.767814	-8.905785	-35.107285	100.0	100.0	443999	0.34172338	5.5889745	15.07868	-32.51625	-0.54039586	0.23155229	5671.128014802933
297	-28.23008	11.4752245	-8.711474	-50.103306	-24.204008	11.196042	-9.383453	-41.17665	100.0	100.0	445499	0.30712506	5.54912	14.815885	-31.159294	-0.5067997	0.2238416	5685.979341745377
298	-22.116772	8.958513	-8.803423	-37.96854	-23.028507	7.984084	-7.9614735	-34.39037	100.0	100.0	446999	0.24919479	5.484186	14.856553	-30.568174	-0.44238207	0.22815163	5700.709172964096
299	-24.630476	13.71379	-10.334136	-62.967915	-19.48777	6.475963	-10.525039	-28.19839	100.0	100.0	448499	0.1931461	5.4182396	14.713796	-30.148838	-0.38437957	0.21981701	5715.6692481040955
300	-18.13621	8.457765	-6.2300878	-35.720715	-25.22829	9.227264	-11.673204	-42.66201	100.0	100.0	449999	0.12901889	5.398286	14.6748705	-33.115147	-0.32327518	0.23404692	5730.541921854019
301	-21.064991	7.818889	-4.864577	-38.47677	-20.374182	7.118521	-13.170434	-37.846527	100.0	100.0	451499	0.07307877	5.3571453	13.90497	-32.280605	-0.26877186	0.21903926	5745.267317056656
302	-17.314718	9.020417	-5.2051864	-38.73468	-22.075739	7.9095945	-12.10847	-37.035744	100.0	100.0	452999	0.02227828	5.3013406	14.086078	-31.28619	-0.21984428	0.2278013	5760.162857055664
303	-24.298695	7.5120325	-13.338107	-39.41643	-18.418457	8.645599	-8.136603	-38.31154	100.0	100.0	454499	0.027911946	5.241142	13.934333	-32.548027	-0.22584426	0.22523952	5775.456624984741
304	-21.427248	8.995358	-9.071238	-41.22433	-28.381008	7.199002	-17.179646	-39.487377	100.0	100.0	455999	0.015066148	5.1905904	13.739222	-32.55222	-0.2136494	0.22804025	5790.754438877106
305	-19.953697	6.9031253	-7.484404	-36.28794	-25.099651	5.801331	-13.439082	-33.83373	100.0	100.0	457499	-0.0059970305	5.126228	13.388221	-33.017982	-0.19625394	0.22039461	5805.478669881821
306	-21.766994	9.311485	-9.34815	-40.463528	-21.41915	7.898513	-5.469225	-34.368935	100.0	100.0	458999	0.009264626	5.098389	12.677643	-31.426708	-0.21412167	0.2095978	5819.273987770081
307	-16.555841	4.8307543	-7.0246644	-28.961962	-27.025013	10.5966625	-11.180311	-48.514606	100.0	100.0	460499	0.097690694	5.0916214	12.739725	-32.100357	-0.30492437	0.2111934	5833.072700977325
308	-17.8702	5.875695	-9.326103	-34.31587	-20.803925	9.459952	-3.4222403	-36.662865	100.0	100.0	461999	0.14241102	5.0963225	12.629225	-31.158644	-0.34635654	0.21901491	5846.766138792038
309	-20.943432	5.7366934	-9.22865	-32.327713	-18.862957	6.7686424	-7.901674	-30.30144	100.0	100.0	463499	0.19536527	5.1654754	12.933125	-31.554794	-0.4081735	0.21207766	5860.5275847911835
310	-26.377502	12.070493	-6.3544817	-54.646572	-15.504916	6.583286	-9.511288	-29.689558	100.0	100.0	464999	0.32032678	5.1794333	13.472863	-32.442364	-0.5271988	0.22168143	5874.127951860428
311	-25.465002	8.70372	-11.650682	-40.60685	-24.694223	10.225798	-3.3929112	-40.717403	100.0	100.0	466499	0.30411756	5.1735663	13.030319	-30.754967	-0.503919	0.22129706	5887.874475717545
312	-26.251461	11.722909	-8.26546	-44.915787	-23.17314	11.382642	-11.966806	-52.002975	100.0	100.0	467999	0.29143533	5.171949	13.352536	-30.386044	-0.4891918	0.22130641	5901.640131950378
313	-23.177443	7.3794017	-11.269076	-39.955383	-21.166609	7.2018013	-10.638124	-34.55864	100.0	100.0	469499	0.2617674	5.170862	13.325829	-30.395233	-0.46266073	0.21044277	5915.288931846619
314	-23.284615	10.233929	-10.21481	-41.80144	-28.131893	14.373872	-11.020559	-54.592197	100.0	100.0	470999	0.28427964	5.241953	13.449987	-32.58152	-0.48926237	0.22085673	5928.897505760193
315	-21.584747	8.637116	-10.501163	-41.029293	-19.290583	5.0852456	-11.168439	-26.737816	100.0	100.0	472499	0.3636865	5.212462	13.461211	-30.549389	-0.57444566	0.2238506	5942.681632757187
316	-18.786201	7.139579	-4.999813	-29.937134	-26.194159	5.234485	-13.907304	-32.413967	100.0	100.0	473999	0.43253744	5.1891475	13.520102	-31.779957	-0.6404664	0.21995516	5956.345604896545
317	-21.824951	8.16818	-9.335346	-34.34179	-17.428217	6.3721447	-9.463328	-30.742754	100.0	100.0	475499	0.4354219	5.1878953	13.976245	-33.635605	-0.6315407	0.22421336	5970.444433927536
318	-22.813154	4.6461716	-11.487448	-32.34942	-27.8099	7.450855	-20.052876	-43.384754	100.0	100.0	476999	0.45976573	5.172162	14.267238	-33.442852	-0.65867186	0.22209045	5984.169477939606
319	-23.025736	4.6829295	-13.896553	-32.77879	-24.087809	11.62692	-11.64824	-41.691715	100.0	100.0	478499	0.48138595	5.1166644	14.650987	-30.557537	-0.68456787	0.22210759	5997.80770277977
320	-19.440952	7.2200027	-7.3659644	-30.651962	-21.50295	6.4562125	-7.20072	-29.189594	100.0	100.0	479999	0.5111993	5.0616956	15.256362	-30.514597	-0.71456367	0.21407029	6011.5522928237915
321	-28.56592	10.660556	-9.449685	-45.806828	-22.167706	6.856976	-10.604606	-32.997215	100.0	100.0	481499	0.51475924	5.0162196	15.000007	-31.262486	-0.71621275	0.21653587	6025.372879981995
322	-19.664604	9.398679	-8.137269	-39.328506	-28.763554	8.900966	-13.30119	-46.619198	100.0	100.0	482999	0.5527892	4.916901	14.545561	-31.910315	-0.75514024	0.22403193	6039.0768048763275
323	-19.93861	6.7853646	-9.775315	-36.280117	-25.792181	8.935055	-9.626578	-42.620186	100.0	100.0	484499	0.55323756	4.874848	15.005711	-31.320389	-0.7486906	0.21283874	6052.78594493866
324	-23.714046	8.921162	-9.144963	-40.545727	-22.896544	4.0089617	-17.18602	-31.637703	100.0	100.0	485999	0.53787756	4.811254	14.874269	-37.054234	-0.73184454	0.20969678	6066.742624044418
325	-25.673815	13.59268	-9.166286	-58.901306	-18.192574	8.455826	-4.6234555	-37.35005	100.0	100.0	487499	0.4791029	4.799877	15.21561	-35.86115	-0.6724376	0.2087464	6080.694228887558
326	-23.282341	10.916218	-5.076249	-50.61863	-19.187363	4.950576	-12.266659	-29.359669	100.0	100.0	488999	0.45307723	4.742731	15.366988	-32.29249	-0.64437	0.21122135	6094.98183298111
327	-23.574663	8.846327	-12.594075	-44.418896	-24.70597	7.2832665	-14.362327	-40.455013	100.0	100.0	490499	0.3967194	4.7423825	15.506112	-32.53752	-0.5867471	0.20029773	6109.131011962891
328	-20.41183	7.908227	-8.549493	-42.18166	-23.2965	9.7231655	-5.7992077	-45.11629	100.0	100.0	491999	0.3395799	4.7177715	15.385337	-33.18815	-0.52779996	0.20203927	6123.529135942459
329	-22.52225	8.180017	-5.43638	-35.861668	-20.505194	7.5417495	-8.378239	-32.06619	100.0	100.0	493499	0.2375343	4.7303176	15.206915	-35.58334	-0.41822237	0.20571731	6137.965006828308
330	-23.053776	10.641252	-7.5582166	-49.093414	-23.34711	14.986284	-6.2933497	-57.12475	100.0	100.0	494999	0.13614666	4.6792116	14.85983	-33.545273	-0.3187867	0.20275128	6151.902656078339
331	-28.357258	13.198557	-11.828962	-56.071205	-22.716034	5.5266623	-15.121701	-28.484333	100.0	100.0	496499	-0.016504828	4.68489	15.184191	-30.683853	-0.16057521	0.21562801	6165.795995950699
332	-25.856148	13.693224	-8.448439	-64.78018	-17.208843	5.011893	-9.375967	-24.154366	100.0	100.0	497999	-0.16396593	4.6384153	14.499098	-35.33278	-0.01080952	0.21596763	6179.457402944565
333	-26.238482	7.196004	-12.8418255	-40.054752	-21.470264	10.038105	-13.467566	-41.810555	100.0	100.0	499499	-0.3291781	4.660497	14.010772	-38.101357	0.15579168	0.20829216	6193.157434940338
334	-26.465456	8.11779	-18.039143	-40.46433	-27.95011	8.253376	-15.837613	-39.899643	100.0	100.0	500999	-0.50702566	4.701914	14.084249	-35.12102	0.33242562	0.21203074	6206.895766735077
335	-26.805029	9.341139	-8.769397	-42.776478	-28.20902	13.144735	-7.3566647	-55.05776	100.0	100.0	502499	-0.67291105	4.704844	13.950226	-31.54178	0.49525225	0.21009018	6220.672520875931
336	-21.037828	8.4633045	-7.468986	-44.5335	-23.548407	7.796455	-12.491691	-39.40313	100.0	100.0	503999	-0.7624488	4.7050767	13.99126	-34.765965	0.58213705	0.21317916	6234.807343959808
337	-23.95437	9.125061	-9.466996	-36.608566	-24.040327	10.442573	-9.073603	-43.31702	100.0	100.0	505499	-0.8310496	4.7640715	13.589526	-32.416553	0.6527109	0.211649	6248.709894895554
338	-22.103111	9.078386	-9.263835	-38.42516	-23.698093	3.761425	-16.533348	-30.73901	100.0	100.0	506999	-0.94304836	4.78864	13.694122	-32.96859	0.7674724	0.21611531	6262.535518884659
339	-20.48232	7.1080275	-9.0909195	-35.472015	-22.258614	4.247029	-15.016446	-29.638325	100.0	100.0	508499	-1.0394483	4.877615	13.80961	-33.5944	0.8530077	0.2076137	6276.274902820587
340	-24.84882	11.969002	-8.75849	-49.559414	-20.8635	6.6672025	-12.576799	-31.932142	100.0	100.0	509999	-1.0681691	4.884887	13.894289	-36.87293	0.8873097	0.21151604	6289.961476802826
341	-24.841658	7.593119	-10.371859	-37.517593	-27.913736	5.87405	-19.274057	-37.953262	100.0	100.0	511499	-1.1320609	4.8897786	13.129349	-34.289093	0.9548919	0.20740588	6303.7480137348175
342	-24.32263	7.5598392	-13.397534	-44.517056	-21.307762	8.756175	-11.264325	-38.29777	100.0	100.0	512999	-1.2204143	4.8444495	12.435032	-33.022163	1.0383484	0.20911422	6317.4351308345795
343	-25.957094	11.129146	-11.310184	-52.93226	-24.29195	13.070207	-10.292767	-57.655407	100.0	100.0	514499	-1.2632551	4.8373256	12.160411	-31.645817	1.0817513	0.2081409	6331.309016942978
344	-23.082636	6.687433	-9.447589	-34.031956	-23.364725	7.1561627	-14.9769535	-36.230118	100.0	100.0	515999	-1.3069974	4.831353	11.952532	-34.11988	1.1295897	0.21099167	6345.082447767258
345	-28.859745	10.194455	-8.949447	-48.861153	-16.044802	6.0633693	-5.0473814	-26.481337	100.0	100.0	517499	-1.4267429	4.8547554	12.012288	-32.908405	1.2520187	0.20002274	6358.824354887009
346	-21.957014	10.381516	-9.922839	-50.00434	-22.955555	9.7841	-8.046981	-37.66281	100.0	100.0	518999	-1.4870173	4.8885207	11.789738	-37.059837	1.3092908	0.20391312	6372.544945001602
347	-21.307867	7.0466337	-8.33212	-35.262463	-21.386127	7.5794663	-11.693028	-36.657597	100.0	100.0	520499	-1.5955814	4.8569446	11.305585	-36.683743	1.4239422	0.20232894	6386.489409685135
348	-24.856844	12.004456	-6.3283343	-44.646477	-29.612543	10.8049	-13.262264	-47.909653	100.0	100.0	521999	-1.7122811	4.82326	11.273139	-33.456192	1.541565	0.19848551	6400.917804718018
349	-24.635553	9.792592	-9.397068	-39.458004	-26.336048	7.2435956	-18.689394	-39.60952	100.0	100.0	523499	-1.8421566	4.873715	10.928296	-33.130993	1.6679609	0.19991544	6423.522672891617
350	-21.240692	5.473942	-9.960042	-32.12747	-27.012201	8.939631	-13.873015	-39.310577	100.0	100.0	524999	-1.8535081	4.8120685	10.805314	-34.503723	1.676015	0.20066923	6445.265868902206
351	-24.39654	7.7011423	-9.794469	-36.203545	-18.01017	7.249607	-9.583634	-36.7625	100.0	100.0	526499	-1.9390156	4.780462	10.411388	-34.578167	1.7588714	0.19996549	6465.699650764465
352	-21.54242	10.363898	-7.4531035	-43.04765	-21.806475	9.526481	-8.642382	-41.391396	100.0	100.0	527999	-1.9425296	4.760168	10.042459	-34.598385	1.7538724	0.2111936	6485.962416887283
353	-24.507296	10.464789	-7.711617	-40.439217	-19.967117	5.930319	-8.570431	-30.095804	100.0	100.0	529499	-1.8845915	4.6831613	10.058398	-33.185246	1.6955853	0.19817342	6506.287310838699
354	-23.542856	10.897417	-7.3849177	-48.856133	-21.723518	4.3418403	-14.566252	-29.286718	100.0	100.0	530999	-1.8625534	4.65219	10.085609	-33.638435	1.6813385	0.20010218	6528.88130903244
355	-19.386545	6.808861	-4.292434	-30.68014	-19.773323	7.509608	-8.11773	-35.585403	100.0	100.0	532499	-1.876526	4.648709	10.506039	-35.758274	1.6916075	0.20556924	6548.851083755493
356	-26.700382	7.0992947	-10.310101	-35.784355	-23.016201	9.679872	-12.870681	-42.640095	100.0	100.0	533999	-1.8746289	4.640564	10.945665	-39.64946	1.6853518	0.2096673	6568.866213798523
357	-22.107277	9.517663	-9.631019	-42.516888	-29.116741	10.838963	-14.118638	-45.976784	100.0	100.0	535499	-1.8293331	4.565005	11.227572	-35.217373	1.6382549	0.20272242	6589.011664867401
358	-22.279787	6.9222484	-11.031678	-41.707943	-22.385654	8.20462	-14.8035555	-40.066822	100.0	100.0	536999	-1.8027517	4.5418787	11.274647	-34.956856	1.6179056	0.19940808	6609.510015964508
359	-22.527771	7.7023335	-11.649832	-36.03409	-23.164042	9.096586	-11.494843	-44.15302	100.0	100.0	538499	-1.7798659	4.5159993	11.176232	-39.811817	1.5878161	0.20118563	6628.778595924377
360	-24.259346	9.929438	-5.987801	-40.732693	-29.102575	8.807196	-14.811089	-43.020264	100.0	100.0	539999	-1.6880126	4.4797597	11.192658	-32.81736	1.500957	0.19674398	6648.344171762466
361	-22.953266	7.8660383	-10.402376	-36.73396	-21.610111	7.4846435	-7.64677	-33.614098	100.0	100.0	541499	-1.6659966	4.4349427	10.889739	-36.287766	1.4771986	0.19926234	6668.4096438884735
362	-27.87957	13.736123	-7.1333327	-54.25516	-23.564447	8.281152	-14.853596	-42.347256	100.0	100.0	542999	-1.6778928	4.3677354	10.861408	-35.781578	1.4926188	0.20284687	6686.654095888138
363	-20.743223	8.541265	-6.648847	-38.09737	-25.787174	9.431356	-12.102905	-41.474724	100.0	100.0	544499	-1.6935154	4.2691035	10.822542	-32.549717	1.5107764	0.19227867	6706.017629861832
364	-22.27458	7.456163	-12.74191	-40.464878	-24.059986	13.040165	-6.403155	-47.211533	100.0	100.0	545999	-1.72109	4.223377	10.539948	-34.973804	1.5394386	0.18920638	6726.301838874817
365	-24.075806	10.494417	-9.544986	-39.703644	-23.07306	9.019316	-10.453158	-41.842148	100.0	100.0	547499	-1.7429687	4.230937	10.414118	-34.975357	1.5610673	0.18810605	6747.032032012939
366	-20.309856	8.536297	-8.055983	-38.476894	-24.381462	7.242639	-9.871769	-32.490932	100.0	100.0	548999	-1.7918625	4.188175	10.61228	-31.229305	1.612613	0.19118017	6766.816617965698
367	-19.689983	5.567792	-11.087935	-30.233368	-21.114826	8.697766	-9.623066	-33.368923	100.0	100.0	550499	-1.8080604	4.204235	10.220413	-35.25661	1.6254323	0.2014581	6785.83563709259
368	-17.603508	6.9960313	-7.33677	-37.133823	-19.888618	5.886586	-11.946642	-30.861002	100.0	100.0	551999	-1.8337452	4.194979	10.197558	-33.8612	1.649945	0.19601	6806.751286745071
369	-24.86164	10.766103	-8.67935	-39.97741	-18.934568	10.946605	-8.776037	-46.585754	100.0	100.0	553499	-1.8548856	4.194136	10.256713	-33.59784	1.6728805	0.19135058	6826.094964981079
370	-21.607353	10.500062	-11.262905	-47.31763	-23.84505	7.628444	-11.194689	-36.16413	100.0	100.0	554999	-1.8515142	4.212609	11.376155	-37.129333	1.6694127	0.20315996	6845.087708950043
371	-19.77099	6.791225	-9.144818	-39.61268	-22.21846	9.670823	-7.2660036	-36.650932	100.0	100.0	556499	-1.8705071	4.2478848	11.308763	-41.060585	1.69052	0.1989065	6864.425090789795
372	-21.07889	7.5499544	-4.9319406	-29.251059	-25.583052	12.624887	-5.808515	-46.33813	100.0	100.0	557999	-1.9529686	4.272729	11.384766	-31.233791	1.7729956	0.19925183	6884.595943927765
373	-28.062672	7.852195	-15.582201	-42.53146	-20.01775	6.0695496	-10.096456	-29.629362	100.0	100.0	559499	-1.9156041	4.2548885	11.633973	-38.07772	1.7286938	0.19510889	6904.225835800171
374	-25.744078	8.566562	-7.922515	-39.532177	-24.121077	8.976417	-10.355608	-43.64934	100.0	100.0	560999	-1.9131248	4.2504315	11.621979	-34.003887	1.7295834	0.1921165	6924.129961967468
375	-20.371792	7.2487235	-9.373954	-35.080208	-21.237076	10.352005	-8.278662	-43.249218	100.0	100.0	562499	-1.9476448	4.267318	11.366629	-32.54541	1.7646924	0.19581677	6944.172883033752
376	-25.456429	17.91992	-7.4475083	-85.50752	-22.756115	6.8816314	-7.1673403	-33.69605	100.0	100.0	563999	-1.9282994	4.2473307	10.9490795	-37.11169	1.7395599	0.19040665	6963.800865888596
377	-22.269411	8.766148	-4.172639	-34.0629	-24.765583	11.939692	-8.380613	-47.232487	100.0	100.0	565499	-1.8651683	4.2791915	10.629284	-39.401913	1.6721113	0.1918202	6984.214208126068
378	-23.602299	9.787728	-10.310771	-49.621307	-31.641247	14.439476	-12.199261	-61.62706	100.0	100.0	566999	-1.8002738	4.31181	10.828327	-31.285896	1.6086769	0.19053482	7008.378109931946
379	-22.743372	7.9170685	-10.741089	-34.678036	-15.100754	4.9583635	-4.636934	-21.652386	100.0	100.0	568499	-1.7362083	4.349453	11.515436	-32.727966	1.5437888	0.19662605	7032.893301010132
380	-21.059843	6.9752827	-10.835565	-31.632587	-19.342436	6.8314676	-7.8302536	-27.022251	100.0	100.0	569999	-1.6685377	4.35661	11.042169	-32.159542	1.4774889	0.18970641	7062.396738767624
381	-24.883688	9.80047	-7.33655	-46.432156	-23.034126	7.887744	-12.713638	-36.32348	100.0	100.0	571499	-1.649048	4.3649025	11.76824	-35.027225	1.4586356	0.1879034	7084.251298904419
382	-22.815882	10.9697075	-9.063327	-54.456177	-17.739166	5.0600886	-6.612712	-25.501892	100.0	100.0	572999	-1.5824195	4.3371477	10.778649	-34.10704	1.3908081	0.1903075	7104.693690776825
383	-21.25559	7.6126738	-9.807785	-36.764805	-26.812775	7.7304187	-14.782173	-41.317764	100.0	100.0	574499	-1.5651232	4.365245	11.46086	-36.074364	1.3737638	0.19933273	7124.138489961624
384	-21.630249	8.656508	-10.548015	-41.21402	-26.692287	10.572521	-9.418855	-46.02751	100.0	100.0	575999	-1.5522327	4.356272	11.556522	-36.59629	1.3657578	0.19239563	7142.838901758194
385	-21.824156	7.105074	-7.581161	-34.931854	-23.528372	9.181553	-11.4127035	-41.244434	100.0	100.0	577499	-1.4968235	4.3220167	11.595407	-38.45084	1.3049954	0.1941918	7163.7343509197235
386	-21.776157	8.142153	-10.912068	-41.43871	-25.841686	11.786745	-6.1980104	-44.631126	100.0	100.0	578999	-1.4869632	4.3471704	11.4131365	-39.518726	1.2998828	0.1899751	7185.660727739334
387	-23.426826	8.846127	-13.994949	-41.100437	-22.618988	5.9564643	-12.03556	-31.066206	100.0	100.0	580499	-1.3962868	4.3844523	11.045303	-35.623558	1.1942232	0.1958317	7206.599406957626
388	-22.1375	11.05282	-11.906291	-48.688866	-23.235783	9.7494955	-9.544615	-36.164085	100.0	100.0	581999	-1.2527913	4.4107456	11.181831	-33.818558	1.0454909	0.19796179	7227.460553884506
389	-18.74073	8.417763	-8.236402	-39.364628	-21.903408	7.903027	-7.956965	-32.356663	100.0	100.0	583499	-1.0946597	4.404222	10.955285	-34.595963	0.8868007	0.18966939	7249.855600833893
390	-20.62521	8.40648	-5.1447473	-42.06628	-15.8306675	7.2996154	-8.437282	-29.642132	100.0	100.0	584999	-0.92646164	4.3668447	10.4634	-37.540077	0.71796197	0.19184482	7271.465696811676
391	-24.702507	8.625512	-10.304759	-39.48425	-18.748585	4.292772	-12.2826805	-27.747232	100.0	100.0	586499	-0.7431505	4.3921437	10.231405	-36.83693	0.5385066	0.19678883	7291.66214466095
392	-23.526417	10.073231	-10.819541	-44.655655	-20.697298	6.8432994	-9.900095	-30.92913	100.0	100.0	587999	-0.65369993	4.3878593	10.069867	-33.656647	0.45150143	0.19689286	7313.097944736481
393	-23.729153	10.00725	-5.983621	-47.300407	-27.094273	9.040612	-13.042911	-41.16834	100.0	100.0	589499	-0.47541994	4.391821	9.937881	-34.09643	0.2581477	0.19687763	7336.1961307525635
394	-19.599964	7.494629	-8.419985	-31.604097	-22.996075	11.486764	-8.693987	-42.40134	100.0	100.0	590999	-0.21890403	4.3809443	10.294828	-35.60816	-0.0024088998	0.201974	7358.535430908203
395	-25.583092	11.177601	-8.666925	-49.219616	-19.1678	9.832357	-8.040917	-45.127758	100.0	100.0	592499	0.031705864	4.360379	10.442119	-38.811234	-0.2524896	0.20372863	7380.103337049484
396	-21.244883	7.6948752	-9.945599	-39.87896	-21.352154	6.3868227	-12.842715	-32.650337	100.0	100.0	593999	0.2656638	4.4008026	10.692544	-38.177975	-0.48801976	0.20509571	7402.3233008384705
397	-21.393518	9.575369	-10.864069	-42.11458	-17.48974	5.78533	-9.56216	-28.079943	100.0	100.0	595499	0.5526111	4.4183617	11.373425	-33.31961	-0.78054833	0.19851783	7423.985501050949
398	-18.201933	7.8637824	-4.40578	-29.378664	-17.691454	7.806077	-6.3605404	-31.609211	100.0	100.0	596999	0.80587435	4.4218426	11.882453	-36.677025	-1.0273432	0.19980016	7444.957114934921
399	-24.136099	6.7013655	-11.300757	-38.422604	-18.704477	5.496649	-13.582466	-32.705547	100.0	100.0	598499	0.96749955	4.4303255	12.260036	-32.67949	-1.182852	0.20442298	7465.658116817474
400	-17.96585	5.837019	-7.5668716	-26.801733	-19.562498	8.244775	-10.587611	-36.854935	100.0	100.0	599999	1.156895	4.45929	12.76232	-32.775425	-1.3759974	0.20252557	7490.3820078372955
401	-20.21874	6.145147	-13.251274	-35.638065	-20.181997	8.088862	-8.96979	-37.5986	100.0	100.0	601499	1.3150676	4.4749923	13.36852	-33.481865	-1.5337536	0.19896986	7511.635945081711
402	-25.296814	6.256339	-10.915319	-33.09919	-19.78137	10.798478	-5.2053666	-43.721077	100.0	100.0	602999	1.5440035	4.48545	13.426443	-29.07874	-1.771348	0.193959	7532.377872943878
403	-20.861193	11.314994	-7.5015	-47.415894	-21.320461	7.2879105	-9.445492	-37.173447	100.0	100.0	604499	1.7870712	4.518694	14.008902	-28.563505	-2.0132413	0.20281197	7552.847857952118
404	-20.575066	8.2633915	-12.252526	-45.058796	-23.536163	10.350034	-9.649621	-41.78084	100.0	100.0	605999	2.0132096	4.5314474	13.8455	-30.253506	-2.241838	0.19926056	7573.17671084404
405	-18.931246	9.052937	-5.4153504	-32.741684	-17.953342	5.694472	-10.429628	-26.910355	100.0	100.0	607499	2.2504668	4.579164	14.278594	-29.3924	-2.484892	0.20532042	7593.071027994156
406	-21.135204	10.766676	-5.70105	-46.93516	-19.447763	4.6111984	-13.42491	-28.099232	100.0	100.0	608999	2.4637299	4.6374016	14.534225	-31.41209	-2.683967	0.20391777	7612.995999097824
407	-25.142887	9.866537	-11.135377	-42.694046	-18.21137	7.88059	-6.8636513	-31.39049	100.0	100.0	610499	2.6466007	4.721249	14.581343	-29.141937	-2.8735814	0.20307247	7633.919617891312
408	-20.65792	4.97088	-13.327634	-32.076447	-21.05626	7.7832985	-12.98711	-38.732307	100.0	100.0	611999	2.8472111	4.790903	14.859435	-29.571781	-3.0717728	0.20907076	7655.032075881958
409	-25.139782	6.9004025	-15.635767	-39.551353	-23.687037	10.459226	-7.272313	-35.18399	100.0	100.0	613499	3.0166495	4.825671	14.967933	-30.431751	-3.2378886	0.20900904	7675.146392822266
410	-25.557123	9.111058	-10.678452	-42.067406	-26.251581	13.867774	-9.001133	-61.250618	100.0	100.0	614999	3.1780627	4.834225	15.280361	-27.099129	-3.4009957	0.20555878	7695.51665687561
411	-20.274786	6.959826	-6.486271	-30.45736	-21.196363	7.418895	-8.506018	-35.278027	100.0	100.0	616499	3.2394989	4.88289	15.238022	-29.327229	-3.4508932	0.20821245	7715.802926778793
412	-24.428377	6.455925	-9.948884	-34.990402	-23.199617	8.469403	-5.877503	-33.350136	100.0	100.0	617999	3.2935717	4.8702083	15.193337	-29.472834	-3.5053933	0.20693122	7738.559428930283
413	-25.807009	8.559246	-16.297066	-42.8782	-20.922733	8.26219	-11.995491	-34.04934	100.0	100.0	619499	3.3360393	4.89365	14.859023	-28.984129	-3.5442135	0.21077733	7760.28700876236
414	-20.662937	8.831238	-9.870875	-46.851967	-27.88732	6.127877	-17.598783	-37.384693	100.0	100.0	620999	3.380289	4.8799577	14.989046	-29.93767	-3.590089	0.20564337	7781.322516918182
415	-21.332155	6.4593883	-12.081181	-31.817186	-22.968678	11.410983	-9.568737	-49.616707	100.0	100.0	622499	3.4244003	4.9574075	15.52063	-30.589233	-3.632733	0.20246017	7802.061383008957
416	-21.347296	7.7244477	-5.6910887	-32.755627	-23.061604	10.450788	-9.125618	-41.08106	100.0	100.0	623999	3.4492102	5.0013366	16.114086	-28.246017	-3.662237	0.20482896	7822.360207796097
417	-23.694273	9.349923	-10.234553	-47.263508	-24.232544	5.4567633	-16.16156	-33.011703	100.0	100.0	625499	3.4710765	5.066513	16.537468	-29.635204	-3.6740794	0.20542645	7842.416192770004
418	-21.971073	8.639666	-8.114428	-43.390312	-23.857418	8.458918	-10.7571125	-37.13041	100.0	100.0	626999	3.48042	5.1290555	16.867958	-26.932026	-3.6832995	0.20103015	7864.261070966721
419	-23.736065	7.5923443	-9.910332	-38.779522	-21.113213	5.2442417	-12.298657	-31.725203	100.0	100.0	628499	3.4711547	5.179183	16.786774	-31.48673	-3.6781049	0.20893243	7886.3450429439545
420	-21.131989	6.160224	-10.100966	-34.45242	-23.901958	6.9211197	-10.196005	-36.85692	100.0	100.0	629999	3.439941	5.1987877	16.5225	-32.022358	-3.6359622	0.20607266	7906.5166647434235
421	-23.568245	6.2647734	-13.201169	-35.39684	-20.430317	6.3647656	-7.3630443	-28.673254	100.0	100.0	631499	3.3982863	5.1674876	16.68201	-27.500515	-3.6032312	0.20536564	7927.832811117172
422	-21.78794	6.8833704	-7.5335183	-30.119503	-23.981035	8.160009	-11.042081	-35.187584	100.0	100.0	632999	3.4510128	5.121724	16.867517	-25.951756	-3.6601188	0.19588844	7949.1330189704895
423	-24.110518	7.266334	-8.260191	-37.594963	-22.460873	10.555974	-8.652885	-46.10653	100.0	100.0	634499	3.4819548	5.125778	16.397186	-26.498264	-3.6968226	0.20747034	7969.862730026245
424	-23.333324	8.953273	-8.983563	-40.139088	-22.241516	9.784046	-8.336628	-42.43347	100.0	100.0	635999	3.6188755	5.1379776	17.620642	-27.862717	-3.841932	0.20603515	7990.299324989319
425	-22.049128	7.942426	-8.698615	-33.72958	-29.14581	13.561882	-15.206487	-63.14123	100.0	100.0	637499	3.7255955	5.206599	17.449425	-27.081686	-3.9507532	0.21007971	8011.155225753784
426	-22.356018	9.3210945	-10.62596	-41.65908	-22.159542	8.760741	-10.200747	-38.913734	100.0	100.0	638999	3.933498	5.265737	17.997717	-28.09859	-4.163865	0.21736886	8031.136626958847
427	-20.26276	7.5498466	-9.476631	-40.48379	-24.303907	5.5930457	-15.66869	-31.300592	100.0	100.0	640499	4.1010623	5.3575377	18.82725	-27.519453	-4.3335156	0.22557682	8051.4205729961395
428	-20.269766	8.96873	-5.7369647	-35.16492	-24.806973	5.399367	-12.48294	-34.16412	100.0	100.0	641999	4.328536	5.475062	19.005005	-28.125214	-4.5590854	0.23126839	8071.4450488090515
429	-24.946127	8.734507	-10.323543	-43.988045	-18.061422	6.9439435	-7.7840495	-32.409298	100.0	100.0	643499	4.488985	5.587467	19.48977	-28.542183	-4.7116117	0.23392944	8090.950829744339
430	-28.961931	8.033281	-13.7380085	-42.840603	-23.601866	10.357969	-11.0699005	-48.744946	100.0	100.0	644999	4.5953584	5.75395	20.582516	-29.643158	-4.8332577	0.2398549	8110.674328804016
431	-22.261822	9.4417	-7.2727923	-43.080276	-24.430735	9.750633	-13.064964	-42.296066	100.0	100.0	646499	4.9288588	5.8946857	21.60295	-27.46833	-5.1772366	0.24363972	8130.2390558719635
432	-20.248837	5.514235	-9.341086	-33.530773	-27.79005	9.12165	-16.811348	-49.285442	100.0	100.0	647999	5.1430683	6.010671	22.872696	-28.26941	-5.3748064	0.24171452	8149.9091720581055
433	-25.141796	10.229739	-8.822042	-51.911457	-26.233917	8.08693	-16.244072	-42.326458	100.0	100.0	649499	5.298601	6.1390038	22.958082	-29.363821	-5.529482	0.2553974	8170.627115726471
434	-20.900429	9.976687	-8.88146	-44.3908	-23.288822	5.728624	-10.008615	-28.665667	100.0	100.0	650999	5.4429507	6.2239046	23.550037	-27.691761	-5.6652956	0.26061833	8190.480918884277
435	-21.117144	9.935902	-4.0811296	-35.843605	-24.79208	10.423641	-6.0352383	-42.440025	100.0	100.0	652499	5.503637	6.3147306	23.286308	-26.800097	-5.7103777	0.26356068	8210.960235834122
436	-20.221216	7.6422625	-9.748697	-33.46474	-23.431608	11.873601	-7.972474	-51.02204	100.0	100.0	653999	5.4643936	6.3566413	23.599134	-27.690243	-5.666245	0.25286976	8237.225618839264
437	-24.850525	11.855195	-7.8690734	-55.581696	-25.267262	16.574186	-11.493796	-72.25969	100.0	100.0	655499	5.422988	6.419265	23.004566	-26.775148	-5.6256633	0.26192236	8257.967492818832
438	-23.739296	9.343594	-12.804184	-54.295624	-29.633718	10.401795	-14.019658	-50.868065	100.0	100.0	656999	5.4056153	6.4569387	22.007206	-26.3199	-5.607627	0.25559598	8283.981403827667
439	-26.233	8.738044	-12.077614	-43.040382	-25.386118	10.345233	-14.637391	-50.629932	100.0	100.0	658499	5.320896	6.462325	21.504509	-28.09634	-5.516584	0.25006688	8304.427136659622
440	-21.904478	10.690236	-8.4119	-49.2334	-23.206432	8.753002	-8.839608	-38.12646	100.0	100.0	659999	5.2083354	6.471385	20.884922	-29.613525	-5.4080586	0.24966167	8324.46962094307
441	-26.17143	8.905981	-11.347512	-44.63771	-23.196407	6.7279453	-14.381443	-38.535084	100.0	100.0	661499	5.191079	6.453905	20.856138	-27.38384	-5.395719	0.24574643	8344.018412828445
442	-24.96027	10.964652	-6.361205	-45.500492	-24.271818	9.16445	-11.538982	-39.55209	100.0	100.0	662999	5.1267343	6.424204	20.852993	-30.784111	-5.3187656	0.24572875	8364.365164756775
443	-24.62633	8.083804	-13.7806	-40.64318	-22.665981	5.7627444	-16.203205	-35.23043	100.0	100.0	664499	4.978744	6.4485035	21.436111	-30.683418	-5.175483	0.24300347	8384.174715995789
444	-21.029959	13.156686	-6.759188	-56.89471	-24.758017	7.6314716	-5.692483	-33.363873	100.0	100.0	665999	4.925254	6.436662	21.939703	-28.75612	-5.12126	0.24303658	8404.83981180191
445	-22.025734	11.853813	-7.8616266	-47.64697	-16.442295	7.1971507	-8.173331	-33.59809	100.0	100.0	667499	4.870455	6.369488	21.360348	-27.43275	-5.0719914	0.23051721	8424.201414823532
446	-23.082197	8.014794	-11.552086	-43.6597	-21.24349	4.274957	-13.830658	-26.835272	100.0	100.0	668999	4.787066	6.41654	21.71951	-30.266941	-4.9827795	0.2251283	8448.966805696487
447	-21.882023	7.3908997	-10.652665	-44.338104	-20.574045	5.432636	-14.381255	-31.914097	100.0	100.0	670499	4.7374206	6.425454	21.667202	-28.878265	-4.9465947	0.22625232	8469.415168762207
448	-22.767649	8.118675	-6.7963843	-36.37	-20.906355	5.801296	-9.262059	-33.103783	100.0	100.0	671999	4.7692285	6.380282	21.283138	-29.914345	-4.97151	0.22535348	8489.863251924515
449	-20.832191	4.2079935	-13.525031	-29.884947	-20.930891	5.32722	-11.358728	-29.564861	100.0	100.0	673499	4.745524	6.3378134	20.4071	-30.148924	-4.953344	0.2271645	8510.186053991318
450	-17.475456	6.7727885	-8.060022	-31.84471	-22.510565	14.83018	-5.6012087	-57.302128	100.0	100.0	674999	4.7030516	6.193722	19.456734	-28.837543	-4.9074044	0.23749898	8531.069626808167
451	-25.205029	12.60464	-8.264217	-65.11961	-19.584785	8.415498	-7.519475	-36.619194	100.0	100.0	676499	4.7651944	6.0639334	19.297836	-29.448608	-4.977397	0.23073474	8551.1360809803
452	-18.547499	6.938068	-7.39579	-37.14974	-18.4346	5.3879237	-9.040176	-28.862425	100.0	100.0	677999	4.837501	5.9745884	18.38724	-29.616428	-5.047137	0.22860059	8571.35336303711
453	-22.770903	8.984125	-11.053181	-44.092587	-28.432362	13.876747	-11.449518	-56.846302	100.0	100.0	679499	4.8655877	5.8791103	18.371336	-30.031723	-5.069569	0.22154999	8591.841032981873
454	-20.551416	8.885384	-8.584448	-34.944736	-23.11635	6.825099	-10.926907	-33.420284	100.0	100.0	680999	4.820394	5.804612	18.740211	-32.358353	-5.0118823	0.2219323	8612.097543001175
455	-25.689901	7.8541837	-13.639264	-41.85208	-23.232832	17.316742	-9.262697	-68.78786	100.0	100.0	682499	4.662978	5.7030997	18.030483	-29.35012	-4.8484793	0.21139638	8631.518489837646
456	-21.135357	11.48187	-4.138384	-52.33869	-21.75599	8.130767	-9.319278	-34.005493	100.0	100.0	683999	4.5686526	5.6409917	17.938246	-29.186806	-4.7615385	0.2214305	8651.401487827301
457	-25.008741	8.641022	-10.370911	-41.072716	-20.038208	7.167581	-9.883859	-32.972878	100.0	100.0	685499	4.4739995	5.527862	17.964783	-28.58465	-4.6615067	0.20747639	8671.83870601654
458	-23.523846	15.180464	-7.5719194	-68.87419	-22.805708	12.6887245	-5.938709	-44.272526	100.0	100.0	686999	4.3347173	5.4836426	17.525175	-28.334368	-4.5272274	0.21666627	8691.519181728363
459	-27.183306	9.430318	-13.370999	-48.56889	-23.965336	10.81866	-7.545643	-42.68016	100.0	100.0	688499	4.2295666	5.4697566	17.451565	-28.033283	-4.4219375	0.21619417	8710.561874866486
460	-23.94258	7.103662	-9.812507	-39.645588	-20.028246	5.4259825	-11.677608	-29.43213	100.0	100.0	689999	4.2310905	5.4056253	17.390722	-30.497906	-4.4356265	0.21453123	8730.22992682457
461	-24.121181	7.918601	-8.233047	-36.259117	-26.789593	11.462887	-8.389702	-51.06558	100.0	100.0	691499	4.307991	5.382838	17.468067	-27.466225	-4.51902	0.20787464	8749.750210762024
462	-20.011091	8.0574255	-8.630806	-33.76984	-22.869411	5.8820033	-12.595646	-32.17199	100.0	100.0	692999	4.343639	5.4111695	17.84719	-29.059776	-4.550419	0.208643	8768.630425930023
463	-23.268469	6.4001045	-14.1707735	-37.316486	-28.276012	8.706439	-13.114277	-39.005646	100.0	100.0	694499	4.3913727	5.4110074	17.354311	-34.102516	-4.5904813	0.20322473	8788.408021688461
464	-23.905504	5.8227887	-10.980499	-34.4642	-24.226099	9.028933	-14.757879	-45.241146	100.0	100.0	695999	4.3583503	5.4027767	18.148293	-32.194927	-4.553424	0.20544377	8807.98426771164
465	-19.788078	7.129182	-7.8072343	-35.407547	-24.634327	6.12372	-14.503557	-35.33708	100.0	100.0	697499	4.2794385	5.3895793	17.212254	-33.144115	-4.4684415	0.20849955	8828.007247924805
466	-19.363153	5.8930144	-11.032687	-32.887344	-22.356407	9.902476	-8.220831	-44.684017	100.0	100.0	698999	4.2183924	5.3184366	16.640196	-31.103626	-4.4157147	0.2103207	8848.350409984589
467	-21.127754	5.7569947	-8.951717	-33.85892	-19.844456	7.547739	-9.70685	-31.58216	100.0	100.0	700499	4.1255174	5.2630153	16.817904	-30.259033	-4.315079	0.20780115	8867.471817970276
468	-21.766539	8.267941	-7.032726	-37.929394	-23.446726	6.4915266	-13.122327	-36.275883	100.0	100.0	701999	4.041759	5.2557282	16.889648	-28.508162	-4.234022	0.20232251	8886.571153879166
469	-22.456661	6.633963	-10.593718	-32.91031	-24.958263	10.230736	-7.9424815	-35.87218	100.0	100.0	703499	4.016811	5.242037	16.41669	-28.818245	-4.2167134	0.2079298	8905.866340875626
470	-22.08507	8.813022	-9.929706	-42.281853	-22.09324	7.451817	-10.520409	-35.230293	100.0	100.0	704999	4.0508766	5.2333403	16.560658	-32.405758	-4.2564816	0.19885305	8925.224985837936
471	-22.143013	10.125248	-9.590021	-45.79327	-18.464834	6.805457	-8.522388	-32.024616	100.0	100.0	706499	4.051921	5.208997	16.700167	-25.927334	-4.255626	0.2048508	8945.126187801361
472	-24.966879	8.358349	-5.5931964	-43.616913	-25.23629	8.397941	-15.1651325	-40.139015	100.0	100.0	707999	4.0906844	5.230129	17.519234	-27.119957	-4.296376	0.19410844	8965.908092021942
473	-24.803783	10.472556	-11.993057	-45.77443	-23.94472	9.648413	-10.070202	-42.67333	100.0	100.0	709499	4.1002235	5.2705855	17.848156	-28.961874	-4.308282	0.19597816	8985.223847866058
474	-21.582067	7.0008383	-11.106757	-36.102062	-27.173166	9.18732	-10.522743	-38.400684	100.0	100.0	710999	4.170877	5.316462	18.348537	-30.105526	-4.373702	0.19713135	9004.296749830246
475	-24.923601	9.981792	-8.87018	-49.17967	-18.959003	5.2822895	-10.530985	-26.420233	100.0	100.0	712499	4.161828	5.2793083	18.49591	-27.495186	-4.366909	0.1969869	9024.3216547966
476	-23.516321	8.341306	-5.946233	-39.935356	-22.260223	11.167963	-8.468398	-51.02764	100.0	100.0	713999	4.2339964	5.3340354	18.891914	-27.677835	-4.447169	0.200086	9044.394098997116
477	-23.401325	7.3260574	-7.096065	-35.912754	-19.371136	8.375447	-7.804112	-33.56486	100.0	100.0	715499	4.2611547	5.3886957	18.874987	-27.019352	-4.4663696	0.19733502	9064.101272821426
478	-25.650265	9.747357	-9.850796	-43.90612	-21.120417	6.8658423	-11.33894	-30.846146	100.0	100.0	716999	4.2924867	5.4384265	19.206451	-29.895287	-4.5022726	0.20058593	9083.662410020828
479	-19.51991	6.0003285	-8.608232	-30.715929	-19.428837	5.7423105	-10.168661	-29.519102	100.0	100.0	718499	4.334693	5.489442	19.78559	-27.926842	-4.5392046	0.20062853	9103.080384731293
480	-20.596294	9.013249	-9.298701	-37.67606	-25.711018	8.905412	-11.845109	-39.291656	100.0	100.0	719999	4.3331285	5.4769464	19.459917	-27.30569	-4.5294228	0.20035462	9122.963223934174
481	-20.243706	9.551338	-5.437328	-40.04445	-26.488178	8.715954	-15.210773	-44.152084	100.0	100.0	721499	4.2510357	5.510622	19.640062	-28.246387	-4.442096	0.20303972	9142.381577014923
482	-17.737265	9.008779	-2.9149923	-32.7824	-23.315365	6.4028206	-13.357411	-35.91496	100.0	100.0	722999	4.193653	5.577235	19.08039	-32.75815	-4.3891215	0.2037898	9162.498156785965
483	-21.787415	8.463191	-7.380908	-36.19204	-19.190275	5.116762	-11.36002	-29.854572	100.0	100.0	724499	4.1784925	5.636834	18.56607	-32.297825	-4.3784237	0.20813891	9182.519853830338
484	-19.037344	7.3041797	-7.2831063	-34.012928	-19.516003	3.819857	-14.920296	-28.38161	100.0	100.0	725999	4.2062206	5.6726537	17.816706	-32.814816	-4.4065175	0.20700824	9203.28692984581
485	-24.308998	13.608604	-9.985501	-57.28848	-22.71879	9.984036	-7.775408	-45.214222	100.0	100.0	727499	4.118751	5.717737	17.543945	-33.437706	-4.3105564	0.20904835	9222.535834789276
486	-24.955082	8.618858	-10.058742	-37.183025	-22.115044	10.301989	-4.6810985	-44.771595	100.0	100.0	728999	4.11799	5.716685	17.202694	-31.65209	-4.324409	0.21344076	9242.896692037582
487	-21.886393	8.751871	-9.321665	-40.037273	-21.046865	6.8492956	-10.622719	-33.902927	100.0	100.0	730499	4.133052	5.6579385	17.211369	-31.606876	-4.3324175	0.21342295	9263.413213968277
488	-23.584969	8.659925	-10.833237	-43.531395	-23.496136	4.9937234	-17.635063	-35.154655	100.0	100.0	731999	4.124673	5.6663876	17.584503	-31.523178	-4.3221035	0.20815393	9283.502585887909
489	-27.274115	12.022853	-6.1863112	-53.587452	-27.41034	12.617913	-11.816014	-60.20321	100.0	100.0	733499	4.0748544	5.697435	17.773674	-30.940802	-4.271001	0.20517549	9304.28357887268
490	-29.505762	8.956767	-17.846508	-49.937695	-20.572079	5.9262433	-12.822923	-34.891586	100.0	100.0	734999	4.058503	5.755656	17.72964	-30.930546	-4.2596784	0.21000898	9327.246678829193
491	-22.116596	9.554265	-9.528442	-43.23937	-25.26094	7.9003253	-17.225147	-42.346764	100.0	100.0	736499	4.083243	5.7690425	17.381943	-29.287796	-4.283874	0.22100289	9348.250283002853
492	-27.570782	9.80804	-12.392038	-45.69329	-26.17722	11.697197	-16.457983	-58.32776	100.0	100.0	737999	4.0748744	5.810432	17.254543	-30.77261	-4.274248	0.2158468	9369.30244588852
493	-26.245922	8.891187	-12.813699	-48.94226	-26.522303	13.982841	-9.822271	-53.46764	100.0	100.0	739499	4.0167756	5.856259	16.37638	-31.024315	-4.2083807	0.22109635	9393.151980876923
494	-21.935692	7.691005	-11.328735	-36.97856	-29.91627	9.816967	-14.387084	-42.303535	100.0	100.0	740999	3.980477	5.8632383	16.816303	-30.85778	-4.178237	0.22571802	9414.078569889069
495	-22.705482	7.5004168	-9.652328	-41.808224	-24.660696	8.856825	-9.10107	-38.872215	100.0	100.0	742499	3.9821224	5.892984	16.874592	-35.3818	-4.1799855	0.23084898	9436.323626995087
496	-23.72765	8.130212	-13.250745	-41.282906	-20.705988	7.5710025	-11.266584	-34.090008	100.0	100.0	743999	4.038297	5.9222994	16.943398	-32.443985	-4.243298	0.23052217	9458.707784891129
497	-26.140524	9.62597	-13.375255	-45.78682	-27.434906	6.3306885	-18.046984	-38.35714	100.0	100.0	745499	4.0663953	5.9022512	16.959686	-30.108694	-4.2646847	0.22553544	9480.332194805145
498	-26.678135	13.177054	-10.829639	-53.586185	-21.192165	9.536628	-8.716392	-35.947243	100.0	100.0	746999	3.997437	5.8704677	16.356604	-32.20994	-4.192613	0.22287203	9502.377477884293
499	-24.64607	13.776515	-7.723763	-60.99475	-22.387196	7.958983	-9.082783	-36.681004	100.0	100.0	748499	4.014121	5.843825	15.910687	-30.40111	-4.2181954	0.22405705	9519.005708694458
500	-19.923618	7.138896	-4.954166	-33.57407	-22.291382	7.8493323	-7.6448617	-34.4313	100.0	100.0	749999	4.040956	5.8463917	16.286942	-33.08104	-4.2424054	0.23050655	9540.26379609108
