Epoch	AverageEpRet	StdEpRet	MaxEpRet	MinEpRet	AverageTestEpRet	StdTestEpRet	MaxTestEpRet	MinTestEpRet	EpLen	TestEpLen	TotalEnvInteracts	AverageQVals	StdQVals	MaxQVals	MinQVals	LossPi	LossQ	Time
1	-71.6713	12.757453	-48.99993	-93.64037	-56.37926	20.745867	-35.80364	-96.88187	100.0	100.0	1499	-1.5081403	0.6439491	0.027954035	-4.300994	1.4466534	0.06869838	9.268534183502197
2	-68.719536	18.98203	-37.635063	-108.71824	-57.014977	18.402306	-16.719296	-79.33377	100.0	100.0	2999	-3.8776495	1.7022191	-0.45869008	-11.547866	3.694429	0.096530005	3751.0657930374146
3	-65.72372	26.021784	-20.570284	-122.293686	-43.086296	19.69436	-4.2735977	-70.45088	100.0	100.0	4499	-6.601273	2.248594	-1.1072243	-14.425841	6.3056817	0.21399127	3771.537388086319
4	-66.17194	10.12253	-49.08835	-91.513504	-36.955383	25.406704	-7.025615	-86.80489	100.0	100.0	5999	-8.735051	2.7858367	-1.2814026	-18.731527	8.354258	0.31616133	3788.100119113922
5	-69.97278	19.411787	-40.521465	-97.41089	-28.015942	14.910767	-3.6515703	-60.304127	100.0	100.0	7499	-10.18056	3.3358624	-0.6492927	-22.238308	9.747007	0.41843572	3805.2319481372833
6	-72.19194	21.322233	-35.803432	-109.58799	-23.580936	14.179336	-8.6881275	-50.799976	100.0	100.0	8999	-11.25793	4.1136656	-0.21185155	-24.449764	10.729679	0.54810786	3828.691497325897
7	-51.727898	27.09936	-6.7858887	-89.592155	-20.741802	6.544223	-11.179062	-29.633158	100.0	100.0	10499	-11.657953	4.707495	-0.019464495	-27.098959	11.067536	0.6714182	3845.3138370513916
8	-23.360191	13.862354	-9.412818	-49.486835	-28.472387	20.483187	-4.8171363	-80.407196	100.0	100.0	11999	-11.06903	5.124679	0.08000931	-28.612806	10.469731	0.65172344	3859.650262117386
9	-22.100042	8.633876	-6.0088205	-41.662243	-22.946016	23.661242	-4.5899177	-78.200836	100.0	100.0	13499	-10.09557	5.279118	0.23287308	-29.795406	9.499513	0.5672942	3873.606197118759
10	-21.511541	17.598457	-2.1645935	-63.041866	-24.16504	14.515203	-5.9470987	-47.56518	100.0	100.0	14999	-9.037674	5.285615	0.34280783	-29.962315	8.476377	0.5024144	3944.7769663333893
11	-14.797756	11.185016	-2.762478	-43.7487	-22.681873	14.575373	-4.0106077	-43.964058	100.0	100.0	16499	-8.184568	5.323192	0.42466056	-29.596876	7.6752043	0.45151806	3962.7193772792816
12	-19.889412	13.243094	-2.4671018	-47.880062	-20.872852	11.051038	-7.3358946	-43.039024	100.0	100.0	17999	-7.380328	5.2167974	0.46068132	-28.511335	6.920293	0.4007543	3980.0912611484528
13	-17.660254	9.459729	-4.802081	-29.014748	-12.6470585	4.2422895	-6.995173	-19.87251	100.0	100.0	19499	-6.851108	5.1882033	0.50927824	-27.347532	6.4253726	0.37513793	3998.255590200424
14	-19.185112	18.505968	-0.98979104	-81.714935	-12.548731	10.212496	-2.4203744	-31.839584	100.0	100.0	20999	-6.329689	5.2257633	0.5772745	-27.042444	5.9263573	0.36883667	4012.433879137039
15	-14.6967535	9.765108	-4.075478	-32.689648	-27.772257	23.106007	-5.1000524	-83.441864	100.0	100.0	22499	-5.9484086	5.2482796	0.6262411	-27.46978	5.563264	0.35342082	4026.1890201568604
16	-16.297283	13.422244	-1.2431018	-54.949165	-13.770193	7.438964	-4.8758936	-29.145538	100.0	100.0	23999	-5.491825	5.259475	0.64348644	-28.504797	5.1099286	0.352238	4039.990267276764
17	-10.243077	5.3679643	-1.971254	-23.3233	-12.566144	9.368899	-1.5461701	-28.285383	100.0	100.0	25499	-4.9887567	5.2581844	0.64913845	-28.394308	4.6297116	0.3466507	4053.6798620224
18	-16.850906	15.407167	-3.1976354	-66.12708	-10.848539	4.717522	-5.2834225	-21.335835	100.0	100.0	26999	-4.636605	5.2888246	0.6313114	-29.321812	4.3032103	0.33113176	4067.3865280151367
19	-11.507603	6.8747487	-4.289109	-33.02944	-8.131017	7.1806855	-0.5122614	-25.566978	100.0	100.0	28499	-4.297982	5.1992197	0.59738344	-30.02952	3.9717004	0.32489234	4081.06050825119
20	-12.032217	7.1901255	-0.99496895	-26.224022	-8.18495	4.3291206	-3.5988693	-18.343582	100.0	100.0	29999	-3.9549537	5.0599465	0.52747035	-29.692423	3.644155	0.3182453	4094.6851382255554
21	-11.90501	8.62301	-1.8192383	-35.959816	-8.9223175	5.555304	-2.4939911	-19.838629	100.0	100.0	31499	-3.7251682	4.8929806	0.42452583	-29.58299	3.437612	0.30601174	4108.4511160850525
22	-7.379049	5.737937	-0.4840103	-24.371862	-8.932249	4.741817	-1.8760419	-14.30796	100.0	100.0	32999	-3.5203884	4.722333	0.29696736	-29.858973	3.2420833	0.30325752	4122.996236085892
23	-11.3846655	9.566416	-1.4627547	-37.428326	-11.523163	7.244861	-2.019822	-31.491056	100.0	100.0	34499	-3.3027039	4.5039115	0.13364737	-29.358734	3.0437982	0.2825536	4152.181882143021
24	-9.64614	6.4863234	-1.8753418	-22.575617	-7.4176683	4.323765	-1.2372588	-14.849223	100.0	100.0	35999	-3.1323476	4.205198	-0.031041956	-29.05919	2.8847454	0.2796163	4174.829969167709
25	-14.053339	9.552113	-2.8998458	-33.736225	-10.913435	5.7148156	-4.451137	-19.400192	100.0	100.0	37499	-3.1000104	4.002532	-0.23747082	-27.455736	2.8664923	0.25753963	4196.193389177322
26	-13.798786	8.405196	-1.1425489	-34.23197	-9.369373	3.8937263	-3.2762508	-16.475077	100.0	100.0	38999	-3.0820334	3.823943	-0.44545788	-28.01476	2.8576374	0.25132266	4211.192237138748
27	-12.353149	7.322669	-1.7571226	-32.10625	-6.851391	4.941908	-1.807381	-18.997883	100.0	100.0	40499	-3.1086197	3.6504815	-0.65420485	-25.670977	2.893894	0.24623343	4225.809867143631
28	-10.9580345	5.183625	-5.219798	-22.787573	-9.738235	8.229736	-1.5702982	-31.642454	100.0	100.0	41999	-3.139475	3.4989285	-0.86430776	-25.337976	2.928791	0.2389409	4240.5447590351105
29	-12.8577795	5.9150233	-4.567486	-28.71502	-8.818801	4.9158387	-2.0702822	-19.038076	100.0	100.0	43499	-3.1785395	3.2936764	-1.0804919	-25.504667	2.980427	0.21886766	4255.167590141296
30	-13.2228565	9.844717	-2.214105	-40.216297	-10.280088	7.5748363	-1.5748947	-29.308197	100.0	100.0	44999	-3.2692318	3.10977	-1.2956158	-24.697205	3.0757337	0.20653756	4276.144391298294
31	-10.583787	6.4448996	-3.5289543	-31.124704	-12.492378	6.247441	-2.5166128	-21.358198	100.0	100.0	46499	-3.3648195	2.9496017	-1.5145965	-23.257448	3.1807032	0.19496416	4290.597559213638
32	-13.023097	7.9854045	-2.7882857	-30.746546	-17.022408	8.945381	-5.4024844	-33.439545	100.0	100.0	47999	-3.4755545	2.8210225	-1.7290896	-22.687738	3.2966373	0.18065287	4304.917210102081
33	-9.264219	4.5535946	-1.8173769	-19.490492	-12.38434	8.220439	-0.5150426	-26.998184	100.0	100.0	49499	-3.6237175	2.7420635	-1.9390429	-22.355335	3.4505346	0.17464086	4319.160276412964
34	-8.8193035	6.930969	-1.0090668	-28.647528	-8.734056	4.2900357	-1.4828012	-16.198704	100.0	100.0	50999	-3.759595	2.654154	-2.1617877	-22.18219	3.592229	0.16452554	4333.467682123184
35	-11.675322	7.495854	-0.8862548	-29.359802	-8.971382	7.545521	-0.6558774	-26.67455	100.0	100.0	52499	-3.9254475	2.6173704	-2.3782644	-23.061348	3.7610748	0.15594444	4352.404430150986
36	-13.523074	7.4002943	-3.2058315	-28.907476	-10.16163	6.7325525	-0.6292453	-21.057709	100.0	100.0	53999	-4.062789	2.5753736	-2.5796921	-23.995764	3.90521	0.15221718	4368.069556236267
37	-11.610276	6.3738227	-3.5250404	-25.730621	-6.5788183	2.5687332	-2.593108	-12.322662	100.0	100.0	55499	-4.204046	2.52463	-2.7802637	-25.633642	4.04785	0.14209671	4382.562385320663
38	-10.183059	5.6144724	-1.0548056	-21.911633	-14.906596	9.920351	-1.0020463	-34.1605	100.0	100.0	56999	-4.356303	2.4480987	-2.9870086	-25.2196	4.2043543	0.13942379	4399.515983104706
39	-14.84198	9.645607	-2.5582542	-34.16398	-17.42982	10.315834	-3.975506	-33.598423	100.0	100.0	58499	-4.519152	2.41788	-3.1878383	-24.387447	4.3714433	0.1371547	4414.1501541137695
40	-11.957525	10.771814	-2.7364318	-47.26528	-12.800677	8.790724	-1.670325	-27.115377	100.0	100.0	59999	-4.666855	2.343296	-3.3721507	-23.11298	4.522024	0.13179761	4428.441659212112
41	-11.069225	8.6593685	-1.9893471	-34.57823	-10.597493	8.026675	-3.765224	-29.665766	100.0	100.0	61499	-4.8207865	2.3064783	-3.5596285	-23.08717	4.677505	0.12871556	4442.572905302048
42	-10.546616	5.4509096	-1.7692448	-22.41018	-13.082987	5.884637	-3.6918235	-22.225618	100.0	100.0	62999	-4.9772677	2.270847	-3.7456615	-21.102167	4.840633	0.1235109	4458.512030363083
43	-12.902074	7.4949436	-4.8669977	-33.965107	-13.349054	5.881695	-3.7550895	-24.585884	100.0	100.0	64499	-5.1390686	2.2624724	-3.9223616	-21.396849	5.003159	0.12444574	4473.145224332809
44	-14.351658	9.509775	-1.1029092	-35.66812	-10.056273	5.1692348	-0.73077875	-21.513422	100.0	100.0	65999	-5.284512	2.2401252	-4.0935197	-22.454845	5.151661	0.12032391	4494.446394205093
45	-9.033207	5.9028335	-2.142234	-22.541561	-9.346227	8.331702	-0.56094784	-30.938143	100.0	100.0	67499	-5.4341817	2.216073	-4.268434	-24.126942	5.303629	0.11723322	4515.871483325958
46	-14.284707	10.504953	-3.2826147	-45.538193	-10.841992	8.519954	-3.583216	-32.990013	100.0	100.0	68999	-5.5813537	2.2044165	-4.4333725	-24.134281	5.45211	0.11637318	4534.6390862464905
47	-9.480706	4.821075	-2.97461	-20.575108	-16.235636	13.308937	-1.7066679	-49.885452	100.0	100.0	70499	-5.7235584	2.1677256	-4.602707	-24.08229	5.598198	0.11843471	4553.993407964706
48	-13.826473	9.039613	-3.0896757	-32.1191	-7.5965757	5.761684	-1.6406175	-21.042637	100.0	100.0	71999	-5.8657107	2.1581273	-4.5939007	-23.924376	5.740719	0.11363103	4576.3496861457825
49	-13.503683	7.686256	-2.117495	-32.40066	-15.596364	8.059735	-5.381773	-28.609278	100.0	100.0	73499	-6.018829	2.159301	-4.913137	-23.96367	5.8960304	0.11796871	4598.286827087402
50	-9.239236	5.042352	-1.333879	-16.298254	-8.969768	5.218262	-3.4269922	-21.251553	100.0	100.0	74999	-6.141432	2.1258502	-5.0560007	-24.536736	6.019421	0.115547955	4618.550509214401
51	-10.997842	8.233214	-1.4731557	-29.139158	-4.6326346	4.508647	-0.49822533	-13.950861	100.0	100.0	76499	-6.261955	2.1072369	-5.2119308	-25.319595	6.1431236	0.107366905	4638.659801244736
52	-6.8731914	5.4348855	-0.35594913	-19.82691	-10.607843	5.98802	-3.9359941	-22.069412	100.0	100.0	77999	-6.38149	2.0971055	-5.348624	-26.231943	6.2639093	0.10853484	4658.714476108551
53	-12.071244	10.761269	-2.285573	-37.97843	-7.1374564	3.595173	-3.1883745	-15.479088	100.0	100.0	79499	-6.504353	2.0856457	-5.491185	-25.465296	6.3908477	0.10615832	4683.6475241184235
54	-8.050574	6.781592	-2.0868232	-28.628916	-9.411237	8.942024	-0.91369474	-30.086195	100.0	100.0	80999	-6.621592	2.0519614	-5.631999	-25.548035	6.5083404	0.103871845	4703.914369106293
55	-9.234775	4.900061	-1.3763162	-18.463642	-8.833195	5.0155444	-2.031325	-18.047688	100.0	100.0	82499	-6.7474327	2.040517	-5.773026	-26.017588	6.6363893	0.10625187	4726.874363183975
56	-10.771654	7.6644993	-1.80661	-32.007675	-8.392036	5.313559	-1.4272742	-18.853134	100.0	100.0	83999	-6.8611827	2.0043619	-5.910019	-26.263773	6.7536635	0.102559604	4747.491041183472
57	-11.228592	7.4123063	-1.4540005	-24.819492	-8.939562	3.8225605	-3.8634531	-14.54241	100.0	100.0	85499	-7.0074134	2.0193303	-6.0549245	-27.058706	6.9000382	0.10399918	4768.094200134277
58	-9.832356	6.1082225	-3.4320207	-26.520626	-9.039146	5.2654834	-1.8185425	-18.912834	100.0	100.0	86999	-7.126165	2.010811	-6.1923766	-28.363161	7.023503	0.10003401	4791.79111123085
59	-8.409205	5.856395	-2.0836737	-23.774609	-10.9182415	6.098289	-2.5432904	-21.971413	100.0	100.0	88499	-7.2413726	2.020871	-6.3184943	-28.0009	7.138419	0.10083172	4826.223963260651
60	-10.721674	8.249709	-1.4757644	-34.760002	-10.540158	5.522358	-4.2094154	-19.733456	100.0	100.0	89999	-7.353111	1.9957402	-6.4475164	-27.933706	7.249416	0.101612814	4852.166008234024
61	-12.931417	6.3595147	-3.0411308	-27.908245	-13.841291	9.9585705	-2.6109037	-36.32553	100.0	100.0	91499	-7.444789	1.972736	-6.569485	-31.166084	7.346295	0.096454255	4875.101855993271
62	-9.152573	7.2027793	-1.1128515	-25.35961	-8.567776	5.2313166	-1.073816	-17.958279	100.0	100.0	92999	-7.574224	1.994943	-6.694106	-28.091978	7.4773693	0.098623335	4899.369961261749
63	-9.212468	9.243309	-1.7686619	-37.240665	-10.875544	5.8707566	-3.978629	-21.318174	100.0	100.0	94499	-7.680906	1.9745595	-6.80999	-28.545624	7.5804257	0.10108272	4923.869008302689
64	-9.036177	5.0431433	-0.363645	-17.97351	-8.853422	8.217199	-2.4484987	-31.142254	100.0	100.0	95999	-7.7659307	1.9222752	-6.928238	-28.849827	7.669663	0.09751622	4955.794516324997
65	-8.359126	4.754552	-1.7339251	-19.384813	-12.436533	6.4544997	-4.226633	-25.345207	100.0	100.0	97499	-7.8768506	1.9305327	-7.0360603	-27.74984	7.7821336	0.09651392	4981.084952116013
66	-10.292803	6.096572	-2.4753149	-28.08949	-10.808849	4.2006187	-3.9192753	-18.009241	100.0	100.0	98999	-7.960584	1.8954678	-7.14124	-26.236412	7.866801	0.0917878	5003.789147138596
67	-8.083821	4.4542265	-1.3406645	-20.678253	-9.765577	4.1186013	-3.4396963	-15.879627	100.0	100.0	100499	-8.058235	1.894454	-7.2435985	-26.174013	7.9670734	0.09363455	5027.294808149338
68	-7.9304647	5.4241123	-0.6339505	-19.673906	-11.539547	5.580002	-2.7170522	-17.76317	100.0	100.0	101999	-8.150781	1.8825954	-7.338582	-25.609419	8.061423	0.092503846	5049.607191085815
69	-11.777118	6.5471387	-3.2304776	-27.453419	-8.226447	3.9485233	-1.8904675	-16.43799	100.0	100.0	103499	-8.235845	1.8808918	-7.434047	-27.807728	8.146959	0.09093853	5072.78671836853
70	-10.926786	8.113446	-1.6197677	-36.553036	-9.483034	4.684726	-1.3601478	-16.695333	100.0	100.0	104999	-8.330859	1.8889738	-7.5330176	-27.033886	8.242712	0.09201762	5093.625177145004
71	-10.087238	5.2498746	-2.5599084	-21.167257	-11.297655	8.333764	-1.9065014	-32.788464	100.0	100.0	106499	-8.403336	1.8443147	-7.635777	-24.530607	8.31739	0.09011257	5114.942392110825
72	-11.628191	9.519447	-1.2284776	-30.98739	-8.82725	2.7205896	-5.199021	-14.005983	100.0	100.0	107999	-8.50009	1.8587077	-7.7279234	-25.635834	8.415618	0.09089732	5133.464682102203
73	-9.431757	4.402897	-3.2174988	-18.455723	-8.81361	4.7232065	-3.6842976	-21.100874	100.0	100.0	109499	-8.589895	1.8644032	-7.8174686	-25.531595	8.50598	0.08758277	5152.91446518898
74	-11.549802	5.477203	-1.6987299	-22.149462	-8.964721	4.6952467	-3.0068479	-17.118906	100.0	100.0	110999	-8.667114	1.8479841	-7.893832	-25.423841	8.580808	0.08668801	5172.467239141464
75	-10.982549	7.130355	-2.8837674	-27.366598	-8.157468	4.5721755	-1.5423367	-15.985172	100.0	100.0	112499	-8.7409	1.8644154	-7.971248	-27.641106	8.655509	0.08622991	5191.779136180878
76	-7.149097	3.0933833	-2.424423	-12.500398	-4.463204	1.4619485	-1.3331661	-6.3942246	100.0	100.0	113999	-8.800518	1.8619835	-8.047783	-27.825989	8.714955	0.086328335	5211.637990236282
77	-11.17296	9.628435	-1.6588943	-38.176125	-9.036672	3.4279706	-3.0458314	-13.591886	100.0	100.0	115499	-8.859299	1.8175341	-8.126053	-28.778183	8.776913	0.08711768	5231.642803192139
78	-9.1449	5.028303	-1.6634252	-16.70594	-10.4717	3.9603884	-5.695104	-16.307518	100.0	100.0	116999	-8.921066	1.7948108	-8.214161	-29.827694	8.840021	0.085884124	5252.334703207016
79	-10.516308	5.3742967	-1.1732575	-24.634241	-8.60057	5.5522766	-2.7568364	-21.920458	100.0	100.0	118499	-9.00488	1.7915183	-8.298081	-30.331287	8.926139	0.08593765	5273.120390176773
80	-10.589527	4.6283855	-3.039208	-16.258862	-8.792749	6.5337033	-1.5009478	-23.04494	100.0	100.0	119999	-9.073982	1.7787454	-8.375956	-27.75774	8.995566	0.083229035	5293.554096221924
81	-7.2638655	5.181763	-0.95519346	-20.90365	-10.2999	6.574148	-4.5189266	-25.60329	100.0	100.0	121499	-9.1392145	1.7544507	-8.455155	-28.623917	9.05934	0.0814643	5320.281242132187
82	-10.751383	7.4007835	-0.48625806	-29.218761	-12.156656	11.07839	-2.0361788	-41.545147	100.0	100.0	122999	-9.206193	1.7445154	-8.534208	-26.986626	9.127108	0.083050855	5339.019892215729
83	-8.179128	3.2899654	-3.7034113	-14.107504	-13.335699	6.6570716	-2.3022013	-26.715105	100.0	100.0	124499	-9.275145	1.7264812	-8.613165	-26.458918	9.198674	0.08294137	5357.579441308975
84	-10.247807	4.9836016	-2.1856174	-24.012821	-7.32361	5.8761992	-2.0236318	-22.177588	100.0	100.0	125999	-9.333355	1.6961313	-8.682485	-26.737762	9.25589	0.0797395	5375.810130357742
85	-6.6518526	4.5211954	-1.13007	-15.133756	-7.311255	4.178913	-1.1875603	-15.566028	100.0	100.0	127499	-9.390252	1.6856405	-8.749672	-26.752018	9.314862	0.07583385	5394.514770269394
86	-9.508722	7.1074543	-1.0348054	-25.888885	-12.299548	7.955446	-4.482708	-33.370224	100.0	100.0	128999	-9.447414	1.6877586	-8.808965	-27.29338	9.373216	0.078980096	5415.243516206741
87	-8.11684	5.5211763	-2.462677	-17.216583	-10.657789	6.4555817	-2.5304458	-23.658255	100.0	100.0	130499	-9.507938	1.6996377	-8.868046	-27.713684	9.434776	0.077750206	5435.513985157013
88	-9.481406	4.764755	-0.9952806	-16.93543	-8.855574	4.0638833	-1.6073171	-14.437694	100.0	100.0	131999	-9.566935	1.7158604	-8.923304	-28.256104	9.49429	0.07900324	5454.922378063202
89	-8.528035	4.803926	-2.303985	-20.781078	-6.2739644	4.39273	-0.4548681	-13.236472	100.0	100.0	133499	-9.597784	1.6814233	-8.970605	-28.444292	9.525123	0.074912675	5475.721307277679
90	-7.2374444	3.5500436	-1.0789751	-14.412506	-9.558889	5.632025	-4.321852	-24.865456	100.0	100.0	134999	-9.632921	1.6764457	-9.009448	-28.288784	9.562183	0.073598966	5495.383762359619
91	-11.434884	6.242579	-1.2693018	-21.584349	-7.3089457	4.066179	-1.443163	-15.238509	100.0	100.0	136499	-9.680778	1.6838672	-9.056557	-28.802496	9.611474	0.073179394	5514.896722316742
92	-8.121185	4.8430514	-0.4677943	-15.9770155	-12.10836	8.517444	-2.199824	-23.8889	100.0	100.0	137999	-9.715043	1.6862893	-9.100083	-28.64237	9.644688	0.07600073	5534.8716452121735
93	-10.103065	6.804152	-2.66637	-24.14488	-9.521239	3.9781866	-4.626111	-16.553154	100.0	100.0	139499	-9.752579	1.6736908	-9.139288	-28.179146	9.682591	0.07439316	5556.39715218544
94	-8.207939	5.927417	-2.0464773	-22.120064	-6.290345	3.1520216	-1.7784848	-10.380307	100.0	100.0	140999	-9.776802	1.6418289	-9.177608	-29.096535	9.707137	0.07403984	5577.232805252075
95	-10.441431	6.446942	-1.2195424	-22.837948	-9.62449	3.8232217	-4.3505406	-14.98549	100.0	100.0	142499	-9.82175	1.6406953	-9.229809	-28.575745	9.754711	0.07397743	5598.432128190994
96	-9.228108	5.2145233	-1.7038707	-20.379055	-11.446562	5.684994	-5.154348	-25.011938	100.0	100.0	143999	-9.858057	1.6326025	-9.260835	-28.263138	9.790014	0.07098776	5618.5097069740295
97	-7.201956	3.2141538	-1.5437098	-12.628729	-8.141278	7.0990386	-1.2814916	-23.19411	100.0	100.0	145499	-9.892607	1.6336681	-9.294109	-27.019629	9.824935	0.07221628	5638.751483201981
98	-9.798731	5.550101	-1.2106074	-21.406195	-7.7808876	3.8377044	-2.1322162	-14.279793	100.0	100.0	146999	-9.916563	1.6343795	-9.327303	-28.015886	9.847846	0.07449763	5659.538805007935
99	-7.6404266	3.0290828	-2.8917801	-14.622784	-9.636668	6.4595876	-2.2937012	-21.943531	100.0	100.0	148499	-9.938609	1.6083657	-9.348248	-26.798645	9.871734	0.07126014	5680.412882328033
100	-5.7539997	2.862915	-1.4170312	-11.721196	-9.606489	4.1140428	-4.6261516	-17.273643	100.0	100.0	149999	-9.951412	1.5844301	-9.379461	-27.334723	9.886438	0.068711445	5700.524756193161
101	-9.036205	7.9232297	-2.6090562	-37.33098	-8.962932	3.9838107	-4.0943913	-16.80263	100.0	100.0	151499	-9.977985	1.5950862	-9.407118	-26.898922	9.911681	0.07340937	5720.759035110474
102	-10.146335	7.247841	-1.4948405	-26.5048	-12.384473	11.505927	-2.695763	-41.127155	100.0	100.0	152999	-9.997874	1.5906035	-9.4346	-26.958082	9.931281	0.06897324	5740.699889183044
103	-9.4539	4.739088	-2.192666	-20.039352	-8.155426	3.7637491	-2.8066423	-13.895452	100.0	100.0	154499	-10.019077	1.5829484	-9.461826	-26.93134	9.953983	0.069959484	5762.05886220932
104	-7.6819205	4.1741166	-0.5696227	-16.115528	-13.632246	12.673742	-3.0231025	-42.412632	100.0	100.0	155999	-10.036649	1.577798	-9.481947	-28.246174	9.973039	0.06779702	5782.161259174347
105	-10.501797	6.5460796	-1.4320655	-24.0421	-11.191773	4.5368605	-5.9252615	-23.475798	100.0	100.0	157499	-10.05136	1.5554073	-9.504796	-28.460112	9.98636	0.07036395	5801.46985912323
106	-8.51909	6.0754023	-0.95437276	-24.63102	-15.7910795	9.606076	-4.4366508	-36.835114	100.0	100.0	158999	-10.070088	1.5530068	-9.531165	-27.663723	10.007172	0.06548836	5821.768311023712
107	-6.850112	3.7237353	-0.88608104	-13.331946	-8.160715	5.4547825	-0.8943798	-20.714832	100.0	100.0	160499	-10.104909	1.5748569	-9.552733	-28.005993	10.040461	0.06940228	5841.23361325264
108	-8.561609	3.6830332	-2.0861468	-15.06676	-6.160601	4.1822505	-0.35911676	-14.141324	100.0	100.0	161999	-10.110969	1.5541471	-9.570834	-28.656654	10.04936	0.06803512	5861.900378227234
109	-8.295855	5.305165	-2.141442	-19.900702	-9.014446	5.6629143	-0.59427416	-19.792274	100.0	100.0	163499	-10.116293	1.514322	-9.589848	-28.58828	10.054943	0.06561633	5883.70352101326
110	-8.67125	5.987091	-1.9538584	-19.920784	-15.542044	8.767044	-3.473303	-32.962437	100.0	100.0	164999	-10.141084	1.5125852	-9.615917	-26.729694	10.0800905	0.06352435	5906.486629247665
111	-9.658004	5.8783565	-1.4710283	-25.273432	-7.443944	2.9532964	-3.3387764	-13.219068	100.0	100.0	166499	-10.164641	1.542903	-9.626554	-26.172184	10.10331	0.0654843	5927.585264205933
112	-7.986609	4.8590984	-2.5544043	-23.292688	-9.016648	6.9789405	-0.4588506	-23.503922	100.0	100.0	167999	-10.172665	1.5361625	-9.63257	-26.086445	10.111567	0.06571573	5947.542973279953
113	-8.404004	3.945349	-1.4392942	-14.225395	-10.800074	3.861578	-4.645618	-16.12645	100.0	100.0	169499	-10.17346	1.5282234	-9.640915	-28.862652	10.111649	0.06756267	5967.656499385834
114	-7.3698764	4.8554325	-0.6928213	-18.022131	-8.578853	4.762544	-4.33906	-21.095001	100.0	100.0	170999	-10.170254	1.512754	-9.644778	-28.000135	10.109827	0.066665865	5988.243823289871
115	-9.74389	6.918058	-2.5052276	-26.652004	-7.1119986	3.991632	-0.7791208	-13.611329	100.0	100.0	172499	-10.181425	1.505999	-9.654911	-27.386642	10.121182	0.0638075	6007.925536155701
116	-11.034931	6.6281223	-2.6681209	-23.799248	-10.130002	6.9356613	-1.3693042	-26.149588	100.0	100.0	173999	-10.185034	1.5142006	-9.665287	-27.201614	10.124623	0.06567385	6028.263054132462
117	-8.649629	5.420505	-1.343147	-24.774479	-8.396425	4.5114017	-2.6014698	-19.608276	100.0	100.0	175499	-10.186625	1.5094404	-9.671951	-25.758419	10.127254	0.064428106	6048.167271137238
118	-6.9862547	3.0367239	-2.5249197	-11.719481	-8.870509	8.021848	-2.2541742	-31.33452	100.0	100.0	176999	-10.189376	1.4964229	-9.677028	-25.769958	10.129711	0.06452657	6068.166202306747
119	-10.481107	7.414343	-1.2684553	-32.96757	-8.000153	8.180882	-2.39041	-31.9877	100.0	100.0	178499	-10.193681	1.4902118	-9.685706	-25.878048	10.134539	0.06289906	6089.114821195602
120	-8.736241	7.120381	-1.4098634	-23.639753	-9.40345	5.7974415	-1.3841392	-19.55179	100.0	100.0	179999	-10.208471	1.4977882	-9.704011	-26.93039	10.150977	0.0648454	6109.864718198776
121	-6.9220204	2.802382	-1.1693418	-11.797822	-8.8707695	6.2738643	-2.4026463	-21.380594	100.0	100.0	181499	-10.221528	1.4829202	-9.717114	-25.69497	10.163942	0.061744887	6131.178213119507
122	-6.4396505	3.9417067	-1.4317484	-16.808052	-9.546462	6.8392987	-0.34041926	-22.206945	100.0	100.0	182999	-10.220674	1.4726925	-9.727811	-27.556114	10.164575	0.059654053	6150.728490114212
123	-6.88724	3.8630855	-0.6833791	-16.635262	-10.344259	6.912438	-2.6073105	-28.938663	100.0	100.0	184499	-10.235382	1.4691721	-9.74022	-28.04916	10.180378	0.05994999	6170.4157292842865
124	-11.765335	5.2911325	-4.659141	-22.526793	-11.113582	6.9302783	-2.4229705	-25.653812	100.0	100.0	185999	-10.235731	1.4688653	-9.748423	-28.203022	10.179387	0.06250812	6190.297822237015
125	-6.3679647	4.179584	-2.4110587	-19.7076	-8.176743	5.341093	-1.0311595	-21.984982	100.0	100.0	187499	-10.234277	1.451101	-9.749106	-29.952755	10.178993	0.06077668	6210.119473218918
126	-13.442229	8.103683	-3.2403762	-28.031893	-6.8768272	4.551085	-1.4091504	-14.686346	100.0	100.0	188999	-10.234456	1.4735705	-9.74176	-27.242256	10.178416	0.062025484	6230.057992219925
127	-8.396831	4.211225	-2.281705	-14.643606	-9.352415	5.235235	-1.9163806	-18.994516	100.0	100.0	190499	-10.234515	1.4742951	-9.7455015	-28.177095	10.180328	0.063164	6249.389512300491
128	-8.364458	4.561065	-3.3293738	-20.540676	-12.698398	7.984493	-3.8509533	-30.780622	100.0	100.0	191999	-10.240274	1.4565492	-9.758282	-26.68358	10.185186	0.061711334	6271.6573832035065
129	-10.543406	7.388036	-1.4485056	-27.103868	-9.207605	7.2630095	-1.8347398	-24.660595	100.0	100.0	193499	-10.243973	1.463363	-9.765928	-26.162727	10.190441	0.059437532	6291.304977178574
130	-13.369736	8.292148	-3.6453526	-31.445736	-10.544125	5.19285	-3.3998218	-19.421541	100.0	100.0	194999	-10.250543	1.4415278	-9.774695	-25.350132	10.197046	0.059847657	6311.1820023059845
131	-12.27883	5.6478558	-4.017127	-25.106339	-8.999171	4.4792814	-4.6945753	-18.216782	100.0	100.0	196499	-10.257779	1.436362	-9.788408	-26.924809	10.205218	0.06048001	6330.176587104797
132	-7.313545	7.104086	-0.68496823	-29.136253	-13.689069	11.485764	-1.6252555	-44.627777	100.0	100.0	197999	-10.269304	1.4266304	-9.796907	-26.088995	10.217717	0.059360586	6348.634032249451
133	-7.170097	3.8966577	-2.4046717	-16.98082	-8.840293	2.9584486	-3.2245154	-12.113853	100.0	100.0	199499	-10.273388	1.4389095	-9.8010025	-26.992016	10.220959	0.06235022	6368.1521871089935
134	-10.494651	6.36516	-1.4430856	-20.58134	-12.896498	9.132674	-2.55716	-30.295788	100.0	100.0	200999	-10.274328	1.4454628	-9.80153	-25.248753	10.219729	0.061566416	6388.228734254837
135	-11.684576	6.687826	-1.478694	-24.709959	-8.430754	4.451927	-2.9909248	-17.09433	100.0	100.0	202499	-10.265556	1.4245209	-9.802423	-27.154285	10.212421	0.058810115	6407.899301290512
136	-7.95874	3.8033292	-1.565119	-14.316454	-12.413702	8.314928	-2.6859665	-26.883474	100.0	100.0	203999	-10.2837305	1.465004	-9.797147	-28.751389	10.229822	0.061604552	6427.197625160217
137	-8.057871	5.1622396	-2.1655307	-21.355326	-6.981616	4.2464023	-1.342902	-17.842363	100.0	100.0	205499	-10.262621	1.428512	-9.7881565	-26.616962	10.209049	0.060842823	6445.923233032227
138	-7.7469354	4.6583343	-2.1936333	-19.82333	-11.299511	4.8999376	-2.0453315	-17.794924	100.0	100.0	206999	-10.265787	1.427232	-9.799169	-25.442919	10.213039	0.05955141	6465.504882335663
139	-8.843265	5.409619	-1.1864877	-20.594458	-10.935402	6.2702875	-3.0708623	-24.09693	100.0	100.0	208499	-10.259646	1.4039912	-9.799342	-26.445187	10.207584	0.05842868	6484.656608104706
140	-6.924468	3.849335	-2.6780434	-17.617575	-7.119596	3.437909	-0.8074596	-12.621065	100.0	100.0	209999	-10.2514305	1.3733875	-9.808154	-26.359085	10.201078	0.054936156	6504.288081169128
141	-10.675488	4.7152276	-2.8934765	-20.282919	-8.690622	4.0979314	-1.9864031	-17.589073	100.0	100.0	211499	-10.262743	1.3948586	-9.805324	-26.057457	10.210774	0.055595227	6524.840448141098
142	-7.8665595	5.6273365	-1.9993342	-23.947182	-6.5421524	4.5113573	-1.663496	-15.523905	100.0	100.0	212999	-10.264962	1.4151918	-9.804606	-26.160208	10.214529	0.0599064	6544.657969236374
143	-8.747225	3.9485393	-4.525693	-16.72564	-9.800768	7.803882	-0.8731085	-23.887672	100.0	100.0	214499	-10.264149	1.4152849	-9.808832	-28.818108	10.212013	0.058779817	6564.436529159546
144	-9.750309	4.460664	-1.6009476	-16.89438	-10.922857	7.0340137	-1.2141347	-23.298508	100.0	100.0	215999	-10.253924	1.3845109	-9.810794	-27.615583	10.2046	0.057693973	6584.776455163956
145	-10.941771	5.8598742	-2.9740138	-21.652273	-8.323282	4.168892	-1.0295742	-15.291066	100.0	100.0	217499	-10.270175	1.4218988	-9.812361	-29.375412	10.22018	0.06204063	6603.841094255447
146	-9.367889	6.672872	-1.3767887	-25.758854	-10.446312	4.6909175	-3.2031715	-19.064528	100.0	100.0	218999	-10.269428	1.4043311	-9.820431	-27.903522	10.219672	0.05882491	6622.691069364548
147	-6.790576	4.375394	-0.6031305	-15.6526	-9.140299	3.9063876	-3.4997928	-18.60581	100.0	100.0	220499	-10.262495	1.3834707	-9.823007	-30.163897	10.21303	0.05680391	6641.035742998123
148	-9.03384	5.203937	-2.264066	-19.500097	-6.5780153	3.6942415	-1.6486717	-16.190407	100.0	100.0	221999	-10.269035	1.3869743	-9.827526	-28.608822	10.220389	0.056178425	6660.5949103832245
149	-11.040677	6.021381	-3.4389365	-22.221495	-9.219027	5.536129	-0.77541894	-16.63459	100.0	100.0	223499	-10.274052	1.4136592	-9.819262	-27.514656	10.222856	0.057766557	6680.001530170441
150	-8.600915	8.253427	-0.80754626	-27.945917	-9.418918	3.572268	-4.079888	-16.062979	100.0	100.0	224999	-10.260596	1.3766959	-9.815403	-27.48349	10.210371	0.056090232	6701.243450164795
151	-10.035396	7.5821614	-2.307817	-34.420525	-8.022974	5.3284574	-2.113994	-20.140947	100.0	100.0	226499	-10.254475	1.3897291	-9.807758	-26.406765	10.203764	0.05731243	6722.43137216568
152	-11.46886	9.917161	-2.573566	-40.842747	-12.257542	7.896533	-4.1010013	-29.703808	100.0	100.0	227999	-10.245002	1.4064469	-9.794358	-27.668365	10.194839	0.058235366	6742.08886218071
153	-13.486023	10.63584	-3.3014383	-38.431747	-15.485725	13.842382	-9.31491	-56.893665	100.0	100.0	229499	-10.236003	1.3966027	-9.786831	-27.65841	10.185902	0.057100922	6761.621444225311
154	-10.098665	5.7505093	-3.8530772	-22.45654	-11.377363	8.584627	-3.207071	-30.500914	100.0	100.0	230999	-10.229016	1.3876349	-9.77996	-27.461334	10.179224	0.056936428	6780.884084224701
155	-10.52804	7.225467	-1.1114216	-25.38136	-9.872424	4.1947894	-3.8860257	-18.574375	100.0	100.0	232499	-10.216189	1.3753614	-9.766935	-28.209213	10.164883	0.057923116	6800.603380203247
156	-8.863133	4.66831	-2.0037987	-16.362352	-11.007685	7.5452785	-2.1790998	-23.964298	100.0	100.0	233999	-10.202406	1.3810836	-9.761962	-27.040577	10.152931	0.06012496	6822.143874168396
157	-8.426014	4.169057	-2.8166332	-15.016416	-7.5519476	3.8136785	-1.5784826	-14.47143	100.0	100.0	235499	-10.202825	1.3804806	-9.762629	-30.337109	10.153945	0.06007694	6841.773107290268
158	-8.875012	4.5239477	-0.9477349	-16.791649	-8.422167	4.0087523	-1.5210807	-15.126772	100.0	100.0	236999	-10.185516	1.3499681	-9.751687	-27.736902	10.138024	0.055374365	6861.003769159317
159	-10.259141	5.276062	-3.6360075	-20.383495	-9.324811	5.8578725	-2.252131	-22.25686	100.0	100.0	238499	-10.19753	1.3794581	-9.747895	-28.095047	10.147944	0.05636581	6881.172112226486
160	-11.187549	7.236969	-3.4988933	-31.68063	-7.97326	2.7941277	-2.4848113	-12.433324	100.0	100.0	239999	-10.182378	1.3666903	-9.741229	-28.086159	10.133006	0.059520286	6900.719181060791
161	-7.9043517	5.543672	-1.6776297	-24.121458	-14.646048	9.393123	-3.9418914	-34.85767	100.0	100.0	241499	-10.174159	1.355367	-9.744091	-27.157587	10.126597	0.057382528	6921.073258161545
162	-5.4119015	3.3795075	-0.74057996	-11.529273	-5.228257	2.5327423	-1.3405762	-8.724517	100.0	100.0	242999	-10.178501	1.3818679	-9.73484	-27.948988	10.130429	0.057841394	6940.867260217667
163	-9.184066	6.2874084	-1.5726638	-23.951765	-7.396585	3.129026	-1.1467692	-11.25439	100.0	100.0	244499	-10.170657	1.3774861	-9.731312	-30.665573	10.123111	0.059124593	6960.81310915947
164	-9.984783	5.139847	-1.1247839	-21.660828	-9.906946	4.707424	-2.541266	-18.650173	100.0	100.0	245999	-10.15904	1.3395327	-9.731598	-28.965324	10.111289	0.05681969	6984.12584233284
165	-9.233171	7.893205	-1.3554403	-27.973845	-12.748058	6.159004	-1.8512285	-24.240665	100.0	100.0	247499	-10.160492	1.3592017	-9.734368	-30.39476	10.113212	0.057066947	7007.11398601532
166	-9.936574	6.072276	-1.5614803	-23.819223	-8.85453	2.1999323	-5.095476	-13.495698	100.0	100.0	248999	-10.173235	1.3998591	-9.736445	-31.785313	10.127516	0.05619922	7028.985696077347
167	-7.1629267	4.034006	-1.3835014	-14.955465	-7.890218	5.3909864	-1.1491302	-18.417017	100.0	100.0	250499	-10.1713915	1.398642	-9.738742	-30.154938	10.123542	0.060287096	7050.827871084213
168	-10.682974	5.0972557	-1.2303894	-20.67281	-11.390459	7.3832574	-2.3452454	-26.032564	100.0	100.0	251999	-10.160122	1.3602049	-9.743071	-29.474419	10.11486	0.05565142	7071.925883293152
169	-5.938003	3.127222	-0.94760185	-12.554223	-7.6272326	5.3346877	-0.7529651	-18.809778	100.0	100.0	253499	-10.165299	1.355167	-9.736835	-27.044825	10.118063	0.05547128	7094.08501625061
170	-9.182048	5.105611	-1.9864839	-23.915277	-9.113735	5.599152	-1.5035117	-20.085508	100.0	100.0	254999	-10.15376	1.3325303	-9.735583	-28.168556	10.107416	0.05499029	7115.419631242752
171	-8.026881	3.4664407	-1.8859346	-15.341845	-6.344615	2.9878678	-1.7236731	-12.226378	100.0	100.0	256499	-10.155798	1.3423525	-9.734422	-29.928143	10.110176	0.05449675	7137.885084152222
172	-5.3943768	2.4915724	-1.5399917	-10.21351	-8.035517	4.869011	-2.9040098	-15.858238	100.0	100.0	257999	-10.1614685	1.3659382	-9.73122	-27.593584	10.115155	0.057042837	7159.802215337753
173	-10.837742	7.9611025	-2.4803398	-36.100292	-5.9757237	3.843383	-1.5097561	-12.374784	100.0	100.0	259499	-10.14405	1.327112	-9.722862	-27.547726	10.098042	0.05379137	7180.496775150299
174	-9.3808155	6.206538	-0.42326677	-19.906294	-11.148676	8.831483	-3.6430755	-27.879448	100.0	100.0	260999	-10.13873	1.324785	-9.727212	-27.517998	10.094139	0.055289753	7202.31103014946
175	-8.90722	7.248046	-1.6847998	-33.861893	-8.008621	6.077156	-2.0816379	-21.648554	100.0	100.0	262499	-10.139277	1.3314164	-9.72049	-29.085629	10.09515	0.053709336	7222.744550228119
176	-8.597375	6.188293	-0.52187043	-20.86754	-6.207489	3.3233995	-1.7791779	-12.139766	100.0	100.0	263999	-10.132012	1.325905	-9.713933	-26.279827	10.087293	0.054781422	7247.660770177841
177	-5.937659	3.9827366	-1.6057674	-19.231327	-6.3477163	3.0582542	-0.47435287	-10.865806	100.0	100.0	265499	-10.124142	1.3267707	-9.717435	-27.116066	10.078834	0.05589065	7267.451234102249
178	-10.902365	6.495495	-4.461408	-29.935745	-8.318596	4.8820896	-2.9124222	-21.171545	100.0	100.0	266999	-10.130824	1.3349866	-9.717321	-28.5559	10.08691	0.057015914	7286.512584209442
179	-10.499373	6.653532	-1.9404078	-20.420652	-6.0383577	3.065334	-1.8569895	-10.783043	100.0	100.0	268499	-10.128563	1.3314513	-9.7166	-29.275532	10.085303	0.056803204	7305.681708097458
180	-9.114	3.638158	-3.6303976	-16.101835	-6.600953	5.766177	-1.6446663	-18.393614	100.0	100.0	269999	-10.121906	1.3245339	-9.715377	-29.854326	10.077681	0.05870631	7327.034606218338
181	-7.4829884	5.8871317	-1.1431041	-24.252283	-8.402853	4.875426	-2.7133048	-19.3269	100.0	100.0	271499	-10.119948	1.3135897	-9.719079	-28.81025	10.077342	0.059425958	7347.083010196686
182	-7.5490813	4.6370187	-0.34852234	-15.595487	-12.405729	7.6459255	-2.881432	-27.446154	100.0	100.0	272999	-10.12851	1.3122231	-9.728962	-29.779207	10.08438	0.057280406	7367.483235120773
183	-9.152522	5.0786467	-1.7092562	-19.965048	-8.861418	4.1028852	-2.3117266	-15.428313	100.0	100.0	274499	-10.123429	1.3049397	-9.732527	-30.274237	10.081308	0.0536593	7387.4418523311615
184	-8.551878	5.2345543	-1.9322697	-22.516417	-6.7055764	3.83332	-1.034951	-11.976029	100.0	100.0	275999	-10.12334	1.3012685	-9.730794	-29.70663	10.08033	0.054792266	7407.668925285339
185	-7.395013	5.501867	-1.9284537	-23.017378	-8.897887	4.684182	-3.6106534	-17.700293	100.0	100.0	277499	-10.128146	1.3007361	-9.734663	-28.79129	10.086123	0.05488341	7427.894899368286
186	-8.462442	5.3264523	-2.279889	-23.519186	-9.68619	4.895263	-0.9351664	-16.60853	100.0	100.0	278999	-10.13284	1.2957131	-9.738916	-28.1806	10.090602	0.055882365	7447.994185209274
187	-5.893965	2.7396631	-1.4476485	-10.159063	-6.0070047	3.2123423	-1.823935	-10.617324	100.0	100.0	280499	-10.134127	1.2835089	-9.739954	-29.979015	10.092202	0.055151887	7467.956760168076
188	-7.4845734	4.1705103	-1.8816233	-16.592176	-8.208698	5.9201884	-1.900239	-24.267397	100.0	100.0	281999	-10.133867	1.2857732	-9.733427	-29.000652	10.090187	0.054202363	7488.310454130173
189	-8.464685	4.3442807	-0.49542183	-16.84708	-6.7572927	3.661553	-1.15769	-11.55527	100.0	100.0	283499	-10.128071	1.2978276	-9.7313175	-30.373367	10.086074	0.05305543	7508.643315315247
190	-10.85463	6.8368125	-1.21745	-28.510489	-10.092846	8.871432	-0.28663996	-31.932411	100.0	100.0	284999	-10.130791	1.3243657	-9.729532	-33.826084	10.08753	0.054879416	7530.698585271835
191	-9.614499	8.67601	-1.4268134	-34.048378	-10.295996	5.2172365	-2.1049075	-17.550735	100.0	100.0	286499	-10.111754	1.2792566	-9.725612	-31.524578	10.068729	0.053880706	7551.714708328247
192	-10.941085	4.466044	-3.9660332	-17.476704	-8.110681	5.683464	-1.5990919	-22.103662	100.0	100.0	287999	-10.112615	1.2896463	-9.728062	-29.487234	10.070281	0.05299415	7572.412264347076
193	-7.478205	3.6732664	-2.0150692	-14.240755	-10.638903	7.659663	-1.8808092	-24.707294	100.0	100.0	289499	-10.120285	1.2813275	-9.731526	-28.307901	10.0788355	0.056658972	7593.612901210785
194	-9.484838	5.3703346	-2.4830422	-20.770447	-12.215475	13.577674	-2.8735359	-47.06027	100.0	100.0	290999	-10.116612	1.2836323	-9.72721	-27.83753	10.075142	0.05572261	7613.851356267929
195	-11.11814	5.1175094	-3.0742383	-19.469929	-9.712313	7.3262324	-1.3465883	-20.021328	100.0	100.0	292499	-10.113191	1.2728312	-9.726946	-32.27694	10.071905	0.056204904	7635.2646741867065
196	-9.262996	8.322773	-2.061878	-33.75117	-11.148401	11.121055	-3.3531547	-43.766014	100.0	100.0	293999	-10.109926	1.2706043	-9.727536	-29.15232	10.069624	0.05383206	7655.684993028641
197	-7.560808	4.865542	-1.7917295	-17.86785	-7.897054	5.660502	-2.0067794	-20.079838	100.0	100.0	295499	-10.110865	1.2678878	-9.7266655	-28.37959	10.069039	0.056328084	7676.124700307846
198	-13.1129675	8.865584	-3.2402987	-34.278217	-5.1831365	2.5937054	-1.3436289	-9.796418	100.0	100.0	296999	-10.112242	1.2862484	-9.7279215	-29.432922	10.070849	0.053183675	7696.569791316986
199	-8.853442	8.909002	-1.3147535	-35.768505	-10.261903	5.7353973	-2.9517198	-24.69004	100.0	100.0	298499	-10.10312	1.269745	-9.722677	-29.694054	10.062554	0.054620594	7716.977216005325
200	-10.56285	7.5519876	-2.7051895	-28.81492	-7.0756593	4.1373158	-1.9340025	-17.098055	100.0	100.0	299999	-10.106145	1.2704608	-9.725504	-29.375267	10.065878	0.053882506	7737.56969332695
201	-10.078833	4.793839	-2.301717	-19.96112	-8.777138	7.0211205	-2.1554542	-23.520672	100.0	100.0	301499	-10.106476	1.2778527	-9.725468	-30.926706	10.067269	0.053285003	7757.977876424789
202	-10.314508	4.413067	-3.1545537	-21.214771	-14.555044	13.664624	-1.5391524	-35.85557	100.0	100.0	302999	-10.119879	1.3036629	-9.727956	-31.023561	10.07902	0.055221546	7778.181360244751
203	-7.3302402	4.0774956	-1.3436259	-13.850622	-8.912155	4.8080287	-0.43373555	-17.249596	100.0	100.0	304499	-10.109048	1.2832372	-9.722716	-27.937695	10.068943	0.05297761	7797.796159982681
204	-7.6683483	2.7904553	-2.4516287	-12.461196	-9.470271	5.3854165	-0.9696105	-17.033703	100.0	100.0	305999	-10.100938	1.2742038	-9.724507	-28.401142	10.060999	0.056549806	7821.956890106201
205	-10.104894	7.6642585	-0.80820477	-29.502392	-6.335851	2.418043	-2.971293	-10.467348	100.0	100.0	307499	-10.098594	1.2608082	-9.726804	-28.188496	10.0584955	0.055312816	7838.585190296173
206	-9.218817	6.6195545	-1.8744073	-24.272038	-8.996223	5.61555	-3.4649754	-24.1295	100.0	100.0	308999	-10.094845	1.2598132	-9.728425	-27.483223	10.055927	0.05283902	7864.647172212601
207	-9.595632	6.598449	-1.9015762	-30.230042	-8.285221	5.083622	-0.8362295	-18.019896	100.0	100.0	310499	-10.106521	1.2625929	-9.730817	-27.914856	10.066528	0.05400869	7881.124028205872
208	-9.285812	6.5451765	-2.7230577	-25.082071	-9.568176	6.1698	-2.2931118	-18.312227	100.0	100.0	311999	-10.103802	1.2372066	-9.737378	-26.186832	10.064368	0.051908243	7909.796138048172
209	-10.75679	7.4851956	-1.0216312	-35.95243	-8.110013	2.6486976	-2.1125362	-11.73526	100.0	100.0	313499	-10.102588	1.2135892	-9.740537	-27.802774	10.0624275	0.05204042	7933.398057222366
210	-13.5369215	14.069663	-1.1877818	-59.965202	-10.432122	6.801621	-2.848492	-26.588789	100.0	100.0	314999	-10.116042	1.2296306	-9.750576	-27.490593	10.07738	0.05307235	7951.648202180862
211	-5.716444	2.8418922	-0.5541071	-11.225021	-10.722524	8.024398	-1.2317097	-22.804579	100.0	100.0	316499	-10.120666	1.2427831	-9.745737	-28.533466	10.081168	0.052897155	7968.234792232513
212	-8.672482	9.967961	-1.5788729	-43.010754	-7.252005	6.3859944	-2.6536124	-25.846209	100.0	100.0	317999	-10.118119	1.2694901	-9.735304	-29.40768	10.077196	0.05321528	7984.721612215042
213	-9.129473	6.9916534	-1.2035568	-30.749567	-7.093212	6.904935	-2.5422823	-26.430769	100.0	100.0	319499	-10.093226	1.2364213	-9.721629	-30.830559	10.053642	0.050547693	8001.104924201965
214	-10.101963	5.3848615	-2.865903	-20.6359	-9.108181	7.7745275	-1.461472	-25.659416	100.0	100.0	320999	-10.087741	1.2487859	-9.716637	-29.682144	10.047916	0.054788835	8017.455837249756
215	-9.541331	5.0309863	-3.0135994	-20.208908	-10.596807	8.848554	-1.4390205	-27.548609	100.0	100.0	322499	-10.080644	1.2527194	-9.705256	-30.078491	10.04063	0.054089855	8035.389670133591
216	-10.309628	7.5161457	-2.3965812	-25.636515	-7.632572	6.047566	-1.5504589	-21.276695	100.0	100.0	323999	-10.066705	1.2519749	-9.697995	-30.095684	10.027648	0.05304725	8051.946493148804
217	-7.3676977	4.6357813	-0.45891395	-17.595978	-7.9140944	4.214355	-2.1889524	-16.585632	100.0	100.0	325499	-10.063098	1.2622051	-9.694005	-31.053509	10.023271	0.052143607	8068.385804176331
218	-7.673346	2.566848	-2.5443227	-12.923584	-6.621618	3.4454508	-1.7800004	-11.610998	100.0	100.0	326999	-10.06319	1.2669871	-9.6922455	-31.705893	10.024584	0.05504308	8100.129625082016
219	-8.414905	5.3855753	-1.0003831	-17.025566	-8.461082	5.1258616	-1.055063	-18.0891	100.0	100.0	328499	-10.054563	1.2588135	-9.682038	-30.303028	10.01627	0.05106152	8117.805385351181
220	-7.67566	5.5579753	-1.6669484	-22.510798	-9.620211	4.0290475	-6.3272595	-19.440218	100.0	100.0	329999	-10.043939	1.2388781	-9.675117	-29.509037	10.004491	0.05122939	8134.717130184174
221	-9.48252	4.5843925	-1.7814295	-17.422106	-11.34202	7.766499	-3.2073069	-30.58821	100.0	100.0	331499	-10.043071	1.2414441	-9.678424	-29.198273	10.004367	0.0515407	8151.2434141635895
222	-11.822062	7.090664	-2.2261393	-28.324358	-8.722244	9.075248	-0.8393257	-28.70728	100.0	100.0	332999	-10.043845	1.2473332	-9.674172	-27.910057	10.004158	0.05211901	8167.602014303207
223	-10.717915	6.6485076	-1.21029	-26.497746	-9.168387	5.7639885	-1.8928394	-21.750101	100.0	100.0	334499	-10.035673	1.2315187	-9.675657	-26.824703	9.996966	0.050543975	8199.512041330338
224	-9.510105	7.3109	-1.5062407	-26.345573	-10.91955	9.400554	-1.1032051	-35.984314	100.0	100.0	335999	-10.034722	1.2222584	-9.677072	-27.789635	9.997449	0.051627338	8219.618026971817
225	-10.281243	5.8138356	-2.622223	-24.206755	-13.049269	8.74824	-2.3614779	-33.154636	100.0	100.0	337499	-10.0402355	1.228706	-9.6869545	-29.62251	10.002556	0.052677337	8239.956622123718
226	-9.172617	5.239356	-1.6395372	-19.534834	-13.164404	9.420127	-4.0066457	-37.028732	100.0	100.0	338999	-10.044696	1.2441485	-9.684067	-28.904293	10.005725	0.05289142	8269.620041370392
227	-8.188872	5.4367104	-1.7743921	-21.755764	-6.661995	4.4464345	-2.0458167	-18.123707	100.0	100.0	340499	-10.037593	1.2140815	-9.685941	-28.502132	9.9998	0.050348353	8297.555198192596
228	-10.307917	6.238226	-2.3766482	-24.41793	-8.892616	6.321887	-2.3078742	-24.017101	100.0	100.0	341999	-10.041668	1.2283615	-9.688422	-27.673462	10.005157	0.05259276	8324.249140262604
229	-6.9362636	5.2733984	-0.91831553	-20.28747	-7.315665	4.567735	-2.340632	-17.27207	100.0	100.0	343499	-10.042626	1.2296062	-9.68284	-29.040813	10.005618	0.053769268	8348.67537522316
230	-10.678409	10.638905	-2.5205455	-45.628048	-9.310845	5.038742	-3.8932614	-20.398357	100.0	100.0	344999	-10.045244	1.2333419	-9.696001	-31.973713	10.009018	0.051734336	8372.327325344086
231	-10.181213	8.142508	-2.147607	-33.9913	-8.519705	4.7084513	-1.3024635	-17.275492	100.0	100.0	346499	-10.05716	1.2306192	-9.704103	-30.373228	10.021117	0.05214449	8388.896279096603
232	-9.10152	4.707123	-2.1062381	-17.973972	-5.3768682	4.367892	-0.4768362	-17.080729	100.0	100.0	347999	-10.061429	1.2264452	-9.7047205	-28.580284	10.025535	0.051239267	8405.164421319962
233	-8.136198	2.4557428	-3.7289276	-12.588766	-6.8228407	4.1020565	-2.1212258	-14.626686	100.0	100.0	349499	-10.06576	1.2362674	-9.699368	-28.037153	10.028367	0.05200747	8421.104532957077
234	-9.291088	4.627581	-1.8152044	-17.958454	-8.842879	3.7009914	-4.5078998	-17.829191	100.0	100.0	350999	-10.061579	1.2526435	-9.693431	-27.377914	10.024071	0.05355781	8444.898373126984
235	-7.941519	4.0540853	-1.545414	-13.283702	-9.836663	7.0668907	-1.6551541	-24.418957	100.0	100.0	352499	-10.047211	1.2260168	-9.6883955	-30.30125	10.010203	0.052400675	8470.237743139267
236	-9.155353	6.7262115	-2.0371146	-28.387064	-8.844934	5.817	-1.6954297	-19.02698	100.0	100.0	353999	-10.035263	1.2062219	-9.689406	-28.305447	9.999388	0.05176955	8496.437925100327
237	-9.944019	5.184387	-1.2337055	-22.382532	-7.8027587	3.5209856	-2.3208256	-14.88263	100.0	100.0	355499	-10.031074	1.1950749	-9.68138	-27.35888	9.994497	0.048494913	8520.463371038437
238	-8.453054	5.623108	-2.0251377	-21.950716	-9.873255	13.420819	-1.8616173	-49.69057	100.0	100.0	356999	-10.036629	1.2119365	-9.680588	-28.718544	10.000426	0.053230926	8543.823450088501
239	-10.240756	7.2263575	-3.34371	-27.664833	-11.369227	12.948	-2.6977546	-45.46091	100.0	100.0	358499	-10.042038	1.2241789	-9.684871	-30.529318	10.006183	0.052152924	8568.762570142746
240	-12.155762	7.395664	-1.3191993	-29.105263	-11.357195	7.145199	-0.5009554	-25.343119	100.0	100.0	359999	-10.046157	1.2407638	-9.691062	-29.666422	10.010253	0.05540982	8591.822236299515
241	-6.7037973	4.2666445	-0.11462195	-13.786274	-10.528837	4.570804	-2.4341156	-18.513231	100.0	100.0	361499	-10.053773	1.2345996	-9.700426	-28.17294	10.018313	0.053648554	8615.510194301605
242	-11.6191	4.4172173	-4.8632226	-23.344933	-15.250049	6.4476113	-8.524972	-29.602188	100.0	100.0	362999	-10.058974	1.2310009	-9.705437	-29.600391	10.022403	0.053069446	8639.917206048965
243	-5.7878714	4.100141	-0.915144	-15.656949	-8.470028	4.092174	-0.73166454	-16.157682	100.0	100.0	364499	-10.054837	1.1960684	-9.710877	-28.203539	10.018823	0.0543167	8663.69113111496
244	-10.755576	7.0463295	-1.5069697	-23.437527	-8.490587	5.7144876	-2.7119274	-20.088749	100.0	100.0	365999	-10.056035	1.2083354	-9.709561	-28.935486	10.019809	0.0522274	8686.87926030159
245	-8.746441	5.4751267	-2.29373	-20.95156	-8.467169	5.233309	-1.1702614	-22.760574	100.0	100.0	367499	-10.055205	1.2013158	-9.703098	-30.013103	10.01875	0.0525023	8709.997878074646
246	-7.8736753	3.5642064	-1.6094003	-14.389016	-10.544617	7.570606	-1.0884961	-27.69806	100.0	100.0	368999	-10.05168	1.2045598	-9.699096	-28.787502	10.0156145	0.051114228	8733.496970176697
247	-8.419105	5.8131866	-1.5497026	-23.833382	-12.2598095	9.988544	-2.4809816	-32.72226	100.0	100.0	370499	-10.048848	1.1997261	-9.701943	-29.216034	10.012713	0.05136056	8755.72824716568
248	-8.237725	4.7834835	-0.73591936	-16.58372	-11.901762	7.1895785	-2.4183435	-30.165895	100.0	100.0	371999	-10.0483055	1.1741223	-9.711237	-30.631104	10.013888	0.051253073	8778.858085155487
249	-9.757358	8.658681	-2.1440306	-36.934742	-8.377246	7.1126914	-1.8092043	-24.747389	100.0	100.0	373499	-10.054205	1.187811	-9.712853	-26.37558	10.019114	0.05153465	8803.405268192291
250	-10.508396	6.576855	-2.2883286	-22.981524	-6.797592	3.1264756	-1.1098641	-12.454325	100.0	100.0	374999	-10.058132	1.1995032	-9.713039	-27.000801	10.022483	0.053150102	8826.271473169327
251	-8.478477	5.1848297	-2.703384	-18.671846	-7.6896653	5.0875607	-1.4104735	-17.997107	100.0	100.0	376499	-10.054568	1.191728	-9.71238	-26.801485	10.018641	0.050786775	8850.360519170761
252	-10.445716	5.0778427	-3.8598535	-24.60256	-6.865278	4.6030927	-1.3401018	-15.797908	100.0	100.0	377999	-10.053791	1.1832224	-9.712169	-28.275654	10.019959	0.049571965	8875.336642026901
253	-11.083904	5.0059094	-3.453745	-21.276127	-7.1888595	3.2368605	-1.355948	-13.068614	100.0	100.0	379499	-10.054628	1.1721728	-9.715086	-28.10252	10.021225	0.0528192	8899.06043434143
254	-8.443711	4.519366	-1.8002727	-20.090853	-10.075489	6.0909963	-0.29571664	-21.24207	100.0	100.0	380999	-10.060034	1.182283	-9.721622	-28.05885	10.025547	0.051105823	8923.750806093216
255	-11.731161	6.5699162	-4.543568	-32.467117	-16.331749	10.164469	-5.8231554	-38.580376	100.0	100.0	382499	-10.069147	1.1795275	-9.728669	-29.353577	10.034252	0.051310882	8947.3364071846
256	-8.214173	3.0049117	-3.8885047	-14.049533	-7.6361938	3.4463298	-2.83467	-14.264069	100.0	100.0	383999	-10.068652	1.1754647	-9.734111	-29.581474	10.033936	0.049464066	8970.74274110794
257	-12.423341	7.9366016	-1.4489577	-31.121866	-7.8417673	4.888317	-1.311452	-17.871126	100.0	100.0	385499	-10.074985	1.191448	-9.734819	-27.99443	10.040877	0.047148503	8994.779741287231
258	-5.7678733	3.8300803	-2.3121135	-13.792634	-11.125113	5.13133	-3.1820583	-22.576012	100.0	100.0	386999	-10.0807295	1.200764	-9.7358675	-30.490047	10.046205	0.050917827	9018.977635145187
259	-9.846716	6.417118	-0.52125925	-22.55887	-8.210314	2.966473	-4.5138693	-13.681109	100.0	100.0	388499	-10.081612	1.1760194	-9.74167	-28.63641	10.047875	0.048980147	9043.618354320526
260	-8.961565	5.3515735	-0.43398044	-19.020815	-6.9298844	5.4710107	-1.9514146	-20.555412	100.0	100.0	389999	-10.080929	1.1819897	-9.738692	-27.542023	10.04664	0.051279318	9068.037340164185
261	-10.036977	8.763397	-2.1795123	-40.33946	-8.139485	3.8077095	-3.7632744	-17.300035	100.0	100.0	391499	-10.075953	1.1949272	-9.738029	-26.920618	10.041185	0.050895374	9092.68568611145
262	-11.096964	6.97414	-2.6770542	-32.897453	-8.2750635	4.55632	-2.350352	-15.193253	100.0	100.0	392999	-10.070107	1.1709312	-9.7358055	-27.234085	10.036788	0.048732076	9116.171375274658
263	-7.0207644	3.04991	-1.1238364	-14.8205185	-8.475925	3.28974	-4.462548	-13.861403	100.0	100.0	394499	-10.074517	1.1676772	-9.7375345	-26.849728	10.040448	0.049984206	9139.154528141022
264	-9.143756	5.813414	-2.7018483	-21.18694	-8.867084	6.387306	-1.7151979	-21.850817	100.0	100.0	395999	-10.072116	1.1536293	-9.740202	-27.361814	10.036971	0.049163494	9165.653793096542
265	-11.590036	7.360328	-2.5920274	-34.294987	-9.5300045	3.0645776	-4.133055	-14.412767	100.0	100.0	397499	-10.077406	1.145274	-9.74953	-26.743307	10.043264	0.047964316	9188.9880361557
266	-8.290674	6.30782	-2.8071632	-28.109497	-8.389276	4.4248004	-1.20843	-17.321533	100.0	100.0	398999	-10.083397	1.1351805	-9.764701	-26.960064	10.05042	0.04933207	9211.286929130554
267	-8.488664	5.607371	-2.0187461	-22.675398	-8.046268	2.8303332	-4.258764	-12.399734	100.0	100.0	400499	-10.096672	1.1469396	-9.772795	-28.294807	10.064154	0.04878292	9235.462804317474
268	-9.434713	4.557311	-0.7419774	-17.357323	-5.368894	2.1020026	-2.0375454	-9.209498	100.0	100.0	401999	-10.104578	1.1525773	-9.778994	-27.506697	10.07137	0.04923992	9259.292088031769
269	-10.624667	4.88576	-2.6404314	-18.465801	-7.651821	4.722166	-1.870728	-19.830421	100.0	100.0	403499	-10.107925	1.1546143	-9.777178	-28.027859	10.074782	0.049386658	9281.86133813858
270	-11.133188	6.0837445	-2.0792682	-22.070206	-11.683912	6.6659417	-1.2211564	-23.200626	100.0	100.0	404999	-10.117745	1.1867604	-9.779828	-27.051052	10.083133	0.04975389	9306.460584163666
271	-9.896344	6.7737174	-0.41548815	-27.371462	-11.0437565	8.012389	-1.8167505	-30.94904	100.0	100.0	406499	-10.103182	1.1465387	-9.764982	-27.047976	10.069476	0.04886088	9329.735812187195
272	-6.6955595	4.779495	-0.91937786	-17.8744	-8.021762	4.306094	-2.413559	-15.2602625	100.0	100.0	407999	-10.093546	1.1380635	-9.771399	-28.370941	10.060529	0.046760004	9353.697110176086
273	-12.95042	7.469115	-3.265451	-26.797998	-6.8417907	3.2582133	-2.2894764	-12.38599	100.0	100.0	409499	-10.100787	1.160654	-9.772384	-27.911839	10.06811	0.048482724	9381.836111068726
274	-8.84851	5.4906626	-2.1422913	-22.983976	-7.6855025	4.4323626	-1.9594622	-14.930787	100.0	100.0	410999	-10.099446	1.154195	-9.773328	-29.873096	10.066327	0.049519226	9413.002756118774
275	-10.78219	6.650648	-1.2864676	-25.960081	-10.648935	5.816674	-3.2848735	-22.55646	100.0	100.0	412499	-10.105085	1.1554817	-9.780136	-26.61591	10.072203	0.048152395	9441.16994214058
276	-10.140682	6.6590853	-1.8787683	-27.660007	-10.573219	6.725656	-3.0116107	-26.502792	100.0	100.0	413999	-10.111313	1.1437529	-9.787947	-26.792934	10.078745	0.04735589	9464.3380920887
277	-9.051686	6.6762934	-1.435984	-27.000149	-9.562819	6.5513	-1.3096691	-20.624071	100.0	100.0	415499	-10.117563	1.1574875	-9.792406	-27.024271	10.084616	0.046307184	9489.089010238647
278	-9.432988	3.5145586	-3.9492772	-15.823594	-9.786853	6.5342298	-1.8332217	-24.317686	100.0	100.0	416999	-10.120168	1.1307014	-9.802647	-27.175713	10.0873785	0.04709341	9511.729493141174
279	-8.552017	5.709497	-1.6683475	-22.366747	-9.107865	4.392041	-3.5066695	-15.941606	100.0	100.0	418499	-10.130999	1.1477351	-9.803104	-26.17833	10.098166	0.049744263	9535.897824048996
280	-12.744807	4.2887855	-4.895066	-18.942917	-12.507138	8.494898	-2.850408	-24.68226	100.0	100.0	419999	-10.138894	1.1645634	-9.812373	-26.762974	10.105038	0.051220804	9562.413694381714
281	-11.314667	7.526594	-2.088913	-30.504173	-12.78585	6.8537807	-2.2104208	-24.64059	100.0	100.0	421499	-10.144344	1.1658571	-9.818136	-27.140083	10.112732	0.049792744	9592.48319721222
282	-10.572099	5.812083	-1.5933908	-23.515461	-7.8702865	3.2224064	-2.4448307	-12.868108	100.0	100.0	422999	-10.142687	1.1326382	-9.825718	-28.02483	10.111773	0.045980368	9616.779669046402
283	-11.831488	5.497923	-4.451002	-24.67931	-12.757725	5.9382195	-3.0143726	-23.347658	100.0	100.0	424499	-10.1529255	1.1434689	-9.835788	-27.531681	10.120152	0.0476459	9640.895871400833
284	-8.559361	7.019182	-1.7867469	-28.37293	-9.731239	3.3057623	-4.0025954	-14.285841	100.0	100.0	425999	-10.163668	1.1423873	-9.843248	-28.249378	10.131297	0.04671384	9662.924319982529
285	-9.651044	5.28765	-1.9682435	-19.721699	-6.459832	3.5431876	-1.2018868	-12.388989	100.0	100.0	427499	-10.164146	1.1147115	-9.852073	-27.214977	10.133145	0.046422288	9686.571889162064
286	-10.524115	9.38156	-1.0486298	-30.570654	-9.505332	5.3426967	-1.6695356	-19.403864	100.0	100.0	428999	-10.181107	1.1205649	-9.86291	-28.128574	10.149397	0.047013126	9719.227183103561
287	-11.19644	6.367859	-2.678205	-31.10028	-11.506029	8.449141	-1.2556772	-23.91741	100.0	100.0	430499	-10.192874	1.1290778	-9.871521	-25.138725	10.160202	0.04785706	9751.436405181885
288	-8.158377	6.457497	-0.5729638	-26.213182	-7.8117304	7.184838	-0.8160314	-23.509832	100.0	100.0	431999	-10.191977	1.139258	-9.873395	-25.972088	10.159271	0.04848177	9776.605365991592
289	-8.296781	5.0660725	-0.62123257	-19.284004	-11.589491	4.5242424	-4.8795867	-19.259602	100.0	100.0	433499	-10.188336	1.118278	-9.873367	-26.658394	10.155768	0.0484678	9800.169659137726
290	-8.674593	3.6977406	-4.072491	-16.874935	-6.1539054	1.4736782	-3.53165	-9.199499	100.0	100.0	434999	-10.196461	1.1176077	-9.876033	-26.355593	10.1650505	0.04825795	9824.994234085083
291	-9.157297	5.521532	-2.6153812	-21.358383	-8.431119	5.384136	-1.5097553	-16.32912	100.0	100.0	436499	-10.202549	1.1274219	-9.889292	-28.759356	10.171251	0.04531949	9849.623659133911
292	-12.290285	7.0828915	-4.597229	-28.585926	-9.088001	4.288163	-2.0268157	-18.545507	100.0	100.0	437999	-10.20891	1.143688	-9.890259	-26.56088	10.175885	0.049946766	9873.15551829338
293	-10.022181	3.8431385	-0.993081	-15.798931	-10.22661	6.440105	-1.9367758	-26.447655	100.0	100.0	439499	-10.213527	1.1296815	-9.902347	-27.369394	10.18197	0.047430675	9898.463096141815
294	-11.930602	5.927993	-4.6349063	-23.56445	-11.584168	5.1738844	-3.8675375	-22.082558	100.0	100.0	440999	-10.219011	1.095697	-9.906259	-26.117691	10.187866	0.047293164	9929.046554088593
295	-7.5667367	5.5136957	-2.5474398	-21.70982	-10.591129	4.5040717	-2.2583733	-17.29938	100.0	100.0	442499	-10.226341	1.1098546	-9.913502	-25.646244	10.195039	0.04541004	9960.181446313858
296	-13.0807085	7.355401	-1.0722967	-27.454866	-10.2978115	7.441056	-3.3388593	-28.336288	100.0	100.0	443999	-10.238033	1.1305097	-9.921593	-27.460217	10.207391	0.04694411	9985.041216135025
297	-7.817831	3.6801262	-1.2638882	-14.417292	-7.713262	2.7089233	-4.4066257	-14.180936	100.0	100.0	445499	-10.242187	1.1481186	-9.921498	-27.972427	10.209679	0.04950511	10009.49602508545
298	-11.360629	7.423056	-2.4044094	-34.371727	-14.269328	13.975602	-4.5855303	-52.62161	100.0	100.0	446999	-10.245284	1.116656	-9.931574	-26.793486	10.213585	0.047344718	10034.275289058685
299	-14.018919	7.9823127	-2.342758	-34.75243	-6.077614	5.2127776	-1.0349321	-19.357819	100.0	100.0	448499	-10.2541685	1.118419	-9.938665	-26.68195	10.223642	0.047238205	10059.829232215881
300	-9.092052	5.7113123	-0.59820026	-20.779686	-12.326644	13.226049	-2.237114	-48.869022	100.0	100.0	449999	-10.264975	1.1491302	-9.941624	-25.883717	10.233762	0.049647294	10083.137979269028
301	-9.252257	5.282571	-1.6385876	-18.152742	-12.601061	6.459178	-2.5970175	-20.924091	100.0	100.0	451499	-10.257591	1.1245041	-9.941746	-26.592682	10.226401	0.04817094	10110.712562322617
302	-8.054404	5.61446	-1.689865	-18.823137	-10.602022	6.3265486	-3.1563318	-25.006813	100.0	100.0	452999	-10.259479	1.1334658	-9.943575	-27.390926	10.228816	0.0483956	10139.395993232727
303	-11.104245	8.123895	-1.0830632	-35.473793	-8.655214	4.909417	-2.9676077	-19.15902	100.0	100.0	454499	-10.263541	1.1441054	-9.9439945	-26.47662	10.231697	0.050396062	10165.295449256897
304	-12.056846	5.8251724	-1.7004305	-22.199392	-9.785616	8.3653555	-1.4897361	-32.092262	100.0	100.0	455999	-10.268484	1.1509423	-9.951813	-28.381771	10.237896	0.051351607	10190.279415130615
305	-8.555906	5.336806	-1.1642544	-16.86904	-8.131672	5.671273	-1.3424249	-21.543758	100.0	100.0	457499	-10.267783	1.1210893	-9.9633465	-29.103714	10.237249	0.04929576	10213.637847185135
306	-10.340514	6.7022657	-0.69015616	-18.696217	-13.018085	7.4643574	-0.93420833	-25.496416	100.0	100.0	458999	-10.284575	1.1221608	-9.973296	-28.990488	10.254201	0.049006805	10236.562959194183
307	-6.089323	2.0977988	-2.3632102	-9.163989	-10.176429	4.598475	-4.862615	-21.64539	100.0	100.0	460499	-10.294514	1.1179247	-9.983539	-27.84786	10.264597	0.047577973	10259.91834807396
308	-10.227659	5.227126	-1.6191561	-22.77538	-8.130373	5.7756968	-2.2977536	-19.269062	100.0	100.0	461999	-10.293737	1.1023728	-9.984461	-26.341253	10.263371	0.048401266	10284.053753137589
309	-8.552292	5.311579	-0.55879486	-18.300663	-8.212386	3.854279	-2.2373154	-14.9477825	100.0	100.0	463499	-10.306815	1.1298908	-9.995915	-26.800352	10.276966	0.050297607	10306.544399261475
310	-9.3483715	6.373831	-3.7583938	-31.602785	-5.5506277	2.614875	-2.1065784	-8.84515	100.0	100.0	464999	-10.31966	1.1375724	-10.006646	-27.28162	10.289652	0.04903139	10329.035499095917
311	-9.941529	6.5948033	-1.6017671	-27.94751	-5.469938	2.1813393	-2.337916	-9.046432	100.0	100.0	466499	-10.335139	1.1445397	-10.016179	-27.388393	10.30366	0.049163494	10352.987960100174
312	-10.857473	6.94076	-1.7741524	-24.442373	-7.9275956	4.838441	-3.3427145	-17.798115	100.0	100.0	467999	-10.337788	1.127247	-10.029561	-27.649273	10.307749	0.050586306	10376.723742246628
313	-7.2437596	4.9192414	-0.9850804	-17.204124	-8.177628	4.037508	-3.6425118	-15.965323	100.0	100.0	469499	-10.352209	1.1313481	-10.044231	-27.235714	10.322488	0.050536674	10398.899571180344
314	-7.764274	4.6762466	-0.819167	-15.464955	-7.09581	3.5233386	-1.080239	-12.07789	100.0	100.0	470999	-10.357924	1.1019715	-10.056133	-26.916306	10.328185	0.04962661	10421.488812208176
315	-8.426436	5.9210434	-1.2609737	-21.452915	-9.159628	4.0213156	-3.8805857	-16.813047	100.0	100.0	472499	-10.368591	1.1021509	-10.071103	-26.754261	10.338974	0.046512697	10446.595919132233
316	-10.934407	6.621381	-2.2632763	-23.757885	-10.928648	7.057404	-1.2927781	-22.302431	100.0	100.0	473999	-10.381417	1.1078776	-10.07255	-27.069958	10.350973	0.04889449	10471.77657532692
317	-8.517092	4.904132	-2.2579968	-22.30268	-6.5273385	3.1194565	-1.8362063	-14.063796	100.0	100.0	475499	-10.38131	1.103823	-10.080803	-27.45182	10.351365	0.047763467	10498.306616067886
318	-8.198012	5.273288	-1.5552227	-20.700993	-9.87106	5.8089004	-1.9102904	-19.953476	100.0	100.0	476999	-10.397635	1.1137843	-10.090131	-29.024475	10.369058	0.048247926	10523.825778245926
319	-9.205799	5.533224	-2.4785776	-19.639677	-7.6420493	3.7476287	-2.9302034	-14.43239	100.0	100.0	478499	-10.410917	1.1177835	-10.104537	-28.548454	10.381936	0.048439015	10549.097922086716
320	-9.413533	5.6490817	-1.1712159	-21.132797	-8.568091	4.7008286	-3.4372613	-20.20671	100.0	100.0	479999	-10.419456	1.1233647	-10.115614	-28.137085	10.389597	0.049359538	10572.784259080887
321	-8.707316	4.149663	-2.1961637	-16.52214	-8.142974	4.0262575	-3.3325944	-14.71289	100.0	100.0	481499	-10.427026	1.1123189	-10.124827	-28.885618	10.398253	0.04719979	10597.428187131882
322	-9.760205	6.0922923	-1.3165253	-22.085558	-7.8921638	5.64361	-2.0126567	-21.883236	100.0	100.0	482999	-10.436782	1.1133829	-10.134959	-26.583643	10.408909	0.04748069	10617.694642305374
323	-7.469613	3.145397	-1.9702588	-14.215673	-8.671312	4.750335	-2.6353073	-15.369876	100.0	100.0	484499	-10.451827	1.1194888	-10.149353	-27.300001	10.424182	0.047248844	10635.013203382492
324	-9.212171	5.178395	-1.8899214	-20.049822	-12.118732	6.6954417	-3.1647341	-26.461407	100.0	100.0	485999	-10.457684	1.1124935	-10.15157	-26.150059	10.429703	0.047752157	10652.487902402878
325	-9.129978	5.688692	-0.85757947	-21.941296	-7.32475	4.69756	-0.78426087	-15.907266	100.0	100.0	487499	-10.465326	1.1284475	-10.16423	-27.71812	10.43819	0.047228135	10669.658056259155
326	-9.908644	4.583568	-1.4966608	-18.44849	-8.7136	3.6506925	-1.2479732	-13.470127	100.0	100.0	488999	-10.476376	1.1301414	-10.167596	-27.705389	10.448432	0.050145853	10686.922743082047
327	-9.067324	5.5826244	-1.7763867	-23.512398	-8.246664	4.360603	-2.1579359	-17.344027	100.0	100.0	490499	-10.484264	1.1203284	-10.182756	-28.212069	10.456034	0.048290946	10703.734279155731
328	-8.32683	4.65257	-2.5930612	-16.534409	-8.816465	5.404337	-2.1684458	-23.114258	100.0	100.0	491999	-10.501549	1.138902	-10.1916275	-27.946999	10.473372	0.04891868	10722.586103200912
329	-7.6361713	4.3105755	-1.8292478	-17.718796	-13.116193	16.842445	-2.8063745	-62.99544	100.0	100.0	493499	-10.505406	1.0988986	-10.207163	-28.288647	10.477101	0.047276434	10739.926925182343
330	-9.63746	6.445157	-0.35606334	-20.870161	-4.750861	1.3177915	-2.967952	-6.564692	100.0	100.0	494999	-10.512064	1.1060067	-10.216854	-27.011753	10.484397	0.047932032	10756.369671344757
331	-9.694841	6.796123	-1.7322289	-26.787636	-12.749933	8.6568	-1.4966475	-29.204254	100.0	100.0	496499	-10.521235	1.1125926	-10.226684	-26.880127	10.4932	0.0487818	10772.720652103424
332	-9.889228	7.3347573	-2.4323635	-31.411137	-11.872019	7.332276	-1.8281353	-28.97355	100.0	100.0	497999	-10.532959	1.1178066	-10.234274	-26.853127	10.504513	0.047620006	10789.296637296677
333	-9.702474	4.566641	-2.7642689	-17.399904	-6.4848228	4.8269615	-2.0223024	-19.550617	100.0	100.0	499499	-10.541471	1.1037375	-10.244624	-27.843246	10.514715	0.048285928	10805.191167354584
334	-7.847602	5.372544	-0.8709836	-19.670624	-8.334353	4.912985	-2.03548	-15.327259	100.0	100.0	500999	-10.557013	1.1321849	-10.251135	-29.745132	10.529721	0.04761654	10821.762552261353
335	-8.747648	5.231829	-2.6570132	-21.78744	-8.814807	6.6771183	-1.1833824	-20.859406	100.0	100.0	502499	-10.560343	1.1271168	-10.255245	-30.921333	10.532474	0.049279094	10837.887484312057
336	-7.890966	5.237939	-1.3043758	-22.208738	-8.440655	4.0291204	-2.6307511	-17.309608	100.0	100.0	503999	-10.561651	1.1023031	-10.266224	-31.440937	10.5339155	0.046178214	10854.464323043823
337	-7.8453593	6.9240174	-1.7888197	-22.634909	-9.68232	8.852977	-1.3573025	-27.864283	100.0	100.0	505499	-10.569906	1.1115829	-10.269339	-29.085533	10.541648	0.04729434	10871.770631313324
338	-9.113181	4.980002	-0.94728243	-17.214367	-9.961965	7.0327425	-2.930134	-24.586647	100.0	100.0	506999	-10.569019	1.0921296	-10.270759	-28.995487	10.54075	0.045950204	10894.752363204956
339	-10.637481	6.3689227	-1.6340789	-30.254864	-10.981542	5.865642	-0.95263344	-20.007704	100.0	100.0	508499	-10.570946	1.0832965	-10.273991	-27.756227	10.543106	0.044692397	10919.85488820076
340	-9.86816	5.1662207	-2.15065	-22.25074	-10.33486	6.630818	-2.9953113	-26.64323	100.0	100.0	509999	-10.573597	1.085841	-10.277413	-26.460503	10.546375	0.042553738	10943.921268224716
341	-10.832509	4.8584013	-1.0918005	-16.685625	-10.824053	7.7985578	-1.4685553	-31.051163	100.0	100.0	511499	-10.582925	1.1246	-10.275173	-27.779156	10.554034	0.045952953	10966.945982217789
342	-9.297445	5.0551143	-2.5407372	-19.396393	-7.989077	4.372657	-1.370881	-16.153496	100.0	100.0	512999	-10.574877	1.0904319	-10.274467	-27.183674	10.54649	0.04585851	10991.571819067001
343	-5.5007796	3.2222252	-0.64876676	-11.638238	-4.700355	2.8661075	-0.7732609	-9.604804	100.0	100.0	514499	-10.582246	1.1066134	-10.287319	-27.113121	10.554962	0.047633845	11017.041919231415
344	-8.219817	8.453527	-0.95396113	-36.02884	-8.0948515	4.6833563	-3.0225444	-17.212328	100.0	100.0	515999	-10.588108	1.1002849	-10.291974	-26.466774	10.560626	0.04701218	11041.316060304642
345	-9.777744	5.4792233	-1.766613	-20.362644	-11.564328	5.5464935	-2.8854983	-23.42837	100.0	100.0	517499	-10.590402	1.1170344	-10.287208	-26.513454	10.562553	0.04780785	11070.562559366226
346	-12.01595	8.686978	-1.3386053	-33.579407	-9.416386	6.3095274	-1.1919504	-23.587126	100.0	100.0	518999	-10.584006	1.0853988	-10.294725	-26.643663	10.557158	0.0465655	11093.967861175537
347	-11.2575445	6.7910547	-0.8119276	-22.792742	-9.571694	5.8100066	-1.9398258	-19.184534	100.0	100.0	520499	-10.590483	1.0870856	-10.299996	-25.952394	10.562782	0.043996226	11117.281494140625
348	-8.018849	4.658098	-1.3700173	-18.267336	-7.587701	4.3371696	-2.606618	-16.628023	100.0	100.0	521999	-10.594004	1.0909821	-10.304247	-26.461525	10.565929	0.04591932	11139.318196296692
349	-9.245072	4.6976457	-0.40159786	-21.356413	-8.502218	4.7878737	-2.7286313	-20.79168	100.0	100.0	523499	-10.601595	1.0957841	-10.312914	-25.552597	10.574847	0.045108303	11163.134381055832
350	-10.627553	4.0112906	-3.4921281	-18.201353	-8.383059	9.189308	-0.55342174	-28.981705	100.0	100.0	524999	-10.611644	1.1030601	-10.317588	-27.98222	10.584076	0.046736877	11187.549547195435
351	-6.3829846	4.4112096	-1.5513858	-16.450146	-6.3818846	4.2875333	-1.3320212	-16.43715	100.0	100.0	526499	-10.610447	1.0675893	-10.325635	-27.824097	10.58256	0.044626568	11210.754216194153
352	-6.9541507	4.6278257	-1.5573989	-17.384462	-9.185474	5.576551	-2.343282	-21.610048	100.0	100.0	527999	-10.621928	1.1054112	-10.328916	-28.505857	10.594011	0.046547517	11233.729122161865
353	-7.908815	3.8349526	-2.4434278	-15.08586	-8.324835	6.3140745	-3.1112444	-25.558996	100.0	100.0	529499	-10.6222105	1.1009953	-10.332377	-27.223923	10.596346	0.045798033	11256.733040094376
354	-9.445637	4.6924767	-1.8339504	-16.568071	-8.304971	4.92826	-0.3958874	-17.29903	100.0	100.0	530999	-10.627745	1.0952799	-10.339585	-29.25507	10.601412	0.04761962	11281.62169599533
355	-8.011227	5.111095	-0.7857407	-20.182308	-8.950619	6.3616824	-2.9006443	-24.893011	100.0	100.0	532499	-10.638434	1.0913808	-10.34914	-27.192429	10.61148	0.045328345	11305.985271215439
356	-13.051354	14.004467	-2.0467834	-57.677204	-8.127734	5.1693454	-2.1946192	-16.193815	100.0	100.0	533999	-10.638616	1.0894268	-10.33734	-28.25253	10.6107435	0.04650407	11334.65045118332
357	-5.93826	2.9409547	-1.3688093	-12.695671	-9.854695	7.1041403	-1.4696556	-28.860525	100.0	100.0	535499	-10.627748	1.0900699	-10.331933	-28.059723	10.599601	0.044526067	11359.603501081467
358	-9.32081	6.641047	-2.7899091	-24.905731	-10.684198	6.488451	-2.5314567	-24.383633	100.0	100.0	536999	-10.631099	1.1283108	-10.3274975	-28.559855	10.603586	0.047904037	11386.158689022064
359	-8.340963	6.5605702	-1.6762469	-27.722536	-10.72658	5.476087	-2.826573	-19.612257	100.0	100.0	538499	-10.624881	1.0956118	-10.3300295	-29.479956	10.5983	0.04735947	11410.328834056854
360	-7.886717	4.4286613	-2.197939	-18.912067	-9.640151	3.7007966	-4.1737976	-16.481945	100.0	100.0	539999	-10.620687	1.0481353	-10.343142	-26.812454	10.594396	0.04315023	11433.285252094269
361	-10.246882	8.693731	-1.0409043	-34.0293	-8.939742	4.136959	-1.9696271	-14.854213	100.0	100.0	541499	-10.629368	1.0669248	-10.34379	-28.141638	10.6030245	0.04314691	11455.683474302292
362	-10.129461	3.985531	-1.2083657	-15.442483	-8.265059	4.2308836	-2.4510996	-14.129428	100.0	100.0	542999	-10.6319685	1.0818392	-10.336842	-26.691332	10.605532	0.045813207	11478.460319042206
363	-10.852901	5.1694794	-2.7306275	-20.50298	-11.367543	4.5821095	-2.383606	-16.369604	100.0	100.0	544499	-10.6334305	1.0832337	-10.345715	-27.490032	10.607026	0.044322856	11512.720924139023
364	-9.278846	5.4775543	-2.38973	-20.972609	-7.5835314	3.5831053	-1.7072974	-12.425115	100.0	100.0	545999	-10.633959	1.076889	-10.346197	-28.523342	10.6075325	0.04429902	11533.947947025299
365	-10.215644	6.5261493	-0.94540364	-23.355013	-8.329764	3.791972	-2.7976067	-14.25368	100.0	100.0	547499	-10.636595	1.0739267	-10.354845	-26.281	10.609214	0.04624517	11554.680562257767
366	-10.827756	5.576212	-5.0072384	-24.84913	-9.697917	5.692117	-1.229051	-20.023932	100.0	100.0	548999	-10.64253	1.0839876	-10.355086	-28.117159	10.616187	0.04610794	11574.42509317398
367	-8.817839	4.377612	-2.8284514	-18.328459	-10.482407	6.74592	-2.157476	-28.162352	100.0	100.0	550499	-10.64203	1.0740672	-10.356183	-26.823847	10.616032	0.046123743	11593.604880094528
368	-8.766585	3.7099667	-3.8120434	-16.016413	-7.293109	2.8119829	-2.1115646	-13.610744	100.0	100.0	551999	-10.646971	1.0844579	-10.361485	-29.56827	10.620972	0.045067046	11613.24048423767
369	-9.503835	6.6571054	-2.2609825	-24.553713	-9.475546	7.8470936	-0.92098814	-28.994328	100.0	100.0	553499	-10.645733	1.0548141	-10.368564	-27.702808	10.619304	0.044936635	11633.569585323334
370	-9.17712	5.50726	-3.085577	-22.990095	-8.589262	2.7384417	-4.144605	-13.289288	100.0	100.0	554999	-10.65105	1.0502158	-10.367512	-26.626879	10.625121	0.045318775	11653.16328907013
371	-7.4672027	4.393724	-2.1498222	-17.475676	-7.4581733	3.7921705	-1.1517546	-15.040583	100.0	100.0	556499	-10.655233	1.0635123	-10.372885	-26.82706	10.628891	0.043991547	11670.713313102722
372	-7.484175	3.2922566	-2.7765477	-15.189897	-10.388008	8.146262	-2.525508	-31.21801	100.0	100.0	557999	-10.654663	1.0616164	-10.376473	-26.666939	10.628489	0.0439514	11685.668771266937
373	-7.857871	5.4144278	-2.3716607	-17.890654	-9.381102	4.8720512	-1.4137034	-16.058134	100.0	100.0	559499	-10.653882	1.0598477	-10.374945	-27.55193	10.627877	0.04308489	11701.67949795723
374	-9.26311	5.9815016	-1.0365678	-20.439526	-8.546747	5.5318146	-1.7526886	-19.215712	100.0	100.0	560999	-10.655606	1.0561277	-10.376055	-28.156918	10.629243	0.043829672	11716.708584308624
375	-9.920169	5.401289	-1.1429478	-21.77465	-8.087041	4.206326	-4.897704	-17.341648	100.0	100.0	562499	-10.668345	1.0923862	-10.373812	-27.504658	10.641281	0.046320785	11732.099939107895
376	-7.0601726	3.7639241	-3.3785472	-15.098285	-7.021263	4.7582293	-2.0126748	-16.585325	100.0	100.0	563999	-10.659906	1.087746	-10.362944	-26.318548	10.63293	0.046083532	11747.30225610733
377	-6.748097	4.2653866	-1.0173528	-16.953012	-9.715742	6.9752574	-2.7587872	-26.93102	100.0	100.0	565499	-10.643548	1.0824214	-10.356915	-26.520771	10.616873	0.045502253	11762.473977088928
378	-7.167193	4.765568	-2.1472924	-17.28893	-8.575895	3.4374294	-5.3360734	-15.642292	100.0	100.0	566999	-10.631298	1.0381606	-10.355663	-26.94601	10.605181	0.043792974	11777.36445736885
379	-9.790042	4.1025634	-5.395951	-21.23839	-9.754461	5.3912754	-2.7447734	-23.14206	100.0	100.0	568499	-10.639348	1.0626601	-10.353654	-27.245365	10.612743	0.04335685	11794.603244066238
380	-7.4631786	4.903194	-0.41568455	-16.122663	-10.885977	4.7013936	-4.0333495	-22.572853	100.0	100.0	569999	-10.638996	1.0564171	-10.36068	-26.61113	10.612687	0.044501074	11813.784153223038
381	-8.290506	7.0444274	-1.0962675	-28.906588	-6.505513	4.682396	-1.0794029	-15.464618	100.0	100.0	571499	-10.637965	1.0513637	-10.36337	-24.924347	10.611859	0.0419543	11832.504575967789
382	-8.621064	5.7053986	-1.2881676	-21.685495	-10.659293	6.404978	-4.280908	-25.834494	100.0	100.0	572999	-10.644629	1.047314	-10.369855	-26.987717	10.618285	0.04316278	11852.07171034813
383	-4.8882756	2.7112134	-0.7317228	-10.455403	-9.310553	6.299688	-2.332584	-24.210987	100.0	100.0	574499	-10.65012	1.0612835	-10.37373	-25.412312	10.624055	0.044152	11871.510899305344
384	-6.517017	4.018424	-0.9306881	-16.83859	-8.562803	6.8840985	-1.7109698	-26.158741	100.0	100.0	575999	-10.652282	1.0704057	-10.364956	-28.1916	10.62654	0.0427987	11891.33088517189
385	-7.4685416	3.7666278	-2.5100205	-16.38973	-8.873045	3.682548	-4.4314218	-17.080431	100.0	100.0	577499	-10.644954	1.0565726	-10.363476	-26.61176	10.618807	0.04422003	11910.736933231354
386	-10.846711	6.5643516	-3.0426683	-30.081787	-7.168508	3.1968794	-3.632546	-15.501439	100.0	100.0	578999	-10.641953	1.0510492	-10.36246	-27.576193	10.614881	0.04442105	11930.495540380478
387	-10.648669	6.732541	-2.2202766	-26.257017	-5.619672	4.9052014	-0.352066	-18.27246	100.0	100.0	580499	-10.637974	1.0558095	-10.352859	-27.33153	10.612337	0.044247415	11949.899973154068
388	-7.533775	5.392988	-1.7927954	-21.66957	-7.812768	3.8608034	-1.3557038	-13.7637	100.0	100.0	581999	-10.633454	1.056662	-10.339647	-26.937872	10.606735	0.046308406	11968.875992059708
389	-11.0895815	7.9542923	-1.2362372	-28.591	-9.017221	6.8910346	-1.8594984	-25.01763	100.0	100.0	583499	-10.619448	1.0485274	-10.340235	-26.67252	10.594138	0.042991973	11987.9740691185
390	-8.274668	3.4885762	-2.5500464	-15.23378	-9.843682	4.1598396	-3.068438	-15.052566	100.0	100.0	584999	-10.619504	1.0419786	-10.343782	-28.83675	10.593063	0.0446434	12007.762834310532
391	-7.978255	3.405695	-2.9476955	-15.020689	-7.5375304	5.3690853	-0.75890976	-17.310894	100.0	100.0	586499	-10.621962	1.0505948	-10.34579	-26.521381	10.596816	0.045506034	12033.074766159058
392	-11.7205925	7.4097795	-0.5409912	-23.339508	-8.799505	7.093297	-2.2098162	-27.464172	100.0	100.0	587999	-10.62587	1.0540882	-10.34569	-25.823807	10.600683	0.045063913	12054.1837413311
393	-8.6348295	4.768861	-2.7085745	-18.294983	-8.049858	3.6620474	-3.5063787	-17.102373	100.0	100.0	589499	-10.622139	1.0499389	-10.343042	-29.020868	10.596295	0.04281986	12074.804409265518
394	-7.7216706	4.850833	-2.801846	-22.53371	-8.040692	4.5625305	-1.6614391	-14.62947	100.0	100.0	590999	-10.61978	1.0484208	-10.338382	-27.396084	10.5938225	0.044347383	12095.065833330154
395	-8.88885	5.879926	-3.3582091	-26.768747	-6.796916	4.2555504	-2.0291727	-15.315528	100.0	100.0	592499	-10.615594	1.0419176	-10.332191	-27.967075	10.590043	0.04247036	12115.440283298492
396	-8.297718	5.802082	-1.43264	-23.537115	-8.3954525	3.640508	-2.8461032	-14.337715	100.0	100.0	593999	-10.610885	1.0599309	-10.329872	-27.496426	10.585167	0.04521697	12134.51505613327
397	-9.426891	5.711152	-2.7716377	-19.109146	-7.6602087	4.2510357	-3.3901482	-14.794419	100.0	100.0	595499	-10.603861	1.0551991	-10.318319	-26.364166	10.579286	0.045342386	12152.921236276627
398	-7.3264155	3.4734037	-1.7111496	-12.236557	-12.797941	14.04589	-1.5204865	-48.957912	100.0	100.0	596999	-10.600813	1.0568831	-10.323821	-26.27228	10.575734	0.04452892	12171.551728248596
399	-9.823171	6.1016226	-0.7875412	-24.318394	-12.961121	18.319513	-2.1688538	-67.27167	100.0	100.0	598499	-10.598316	1.024272	-10.326609	-26.727795	10.573843	0.04463605	12191.794166088104
400	-7.3519287	3.2930791	-1.8625585	-13.822642	-11.747611	7.876041	-2.9879465	-30.806719	100.0	100.0	599999	-10.600934	1.0429053	-10.3245125	-26.474808	10.575149	0.04184523	12211.683791160583
401	-7.1530585	4.3981094	-0.20871979	-17.63296	-5.679282	4.081847	-1.5930822	-16.48965	100.0	100.0	601499	-10.600156	1.0512108	-10.324542	-29.472609	10.5744915	0.04398342	12230.844198226929
402	-5.5975437	3.171559	-0.63725215	-11.932277	-13.91543	12.283704	-3.2664068	-48.95486	100.0	100.0	602999	-10.60327	1.0430611	-10.330821	-26.38756	10.579329	0.044079922	12251.252964258194
403	-8.107335	2.1767204	-5.0690727	-12.681098	-7.0266266	3.3846266	-1.6634477	-13.886529	100.0	100.0	604499	-10.605863	1.0437797	-10.336031	-26.530153	10.581145	0.04247578	12271.218891143799
404	-12.518178	8.385826	-3.9944055	-35.399105	-10.745312	8.564398	-1.93343	-32.524525	100.0	100.0	605999	-10.600808	1.021335	-10.334225	-25.895142	10.57662	0.044571437	12290.209608316422
405	-10.535048	5.5707746	-0.65533817	-23.70368	-7.3779845	5.510386	-1.564104	-17.761496	100.0	100.0	607499	-10.607026	1.0405992	-10.337667	-29.0336	10.581175	0.043823797	12310.191877126694
406	-8.14304	4.146737	-1.7205079	-16.71463	-6.5229836	3.6488638	-2.0284772	-14.68423	100.0	100.0	608999	-10.616235	1.055865	-10.341796	-28.511	10.591178	0.04187073	12330.74793601036
407	-7.557797	4.297623	-0.69856036	-13.50565	-9.1951065	4.528101	-1.1835066	-16.24741	100.0	100.0	610499	-10.6214075	1.0704441	-10.330963	-26.83421	10.595982	0.045121476	12351.206290245056
408	-10.92864	6.12645	-4.274623	-25.931152	-9.294966	4.176757	-3.0653164	-16.619778	100.0	100.0	611999	-10.609743	1.0592833	-10.333511	-28.013584	10.584623	0.04505717	12370.117317199707
409	-10.29904	7.6287856	-1.7017809	-27.185595	-10.219751	4.749395	-3.5153499	-17.983482	100.0	100.0	613499	-10.602499	1.0367329	-10.3231125	-29.064817	10.576753	0.042664964	12389.118376255035
410	-7.3263187	3.6322255	-1.0194979	-13.156956	-10.231261	3.8586779	-5.155061	-17.99303	100.0	100.0	614999	-10.596674	1.03541	-10.321732	-27.080194	10.571112	0.041465156	12405.679906129837
411	-7.244884	4.447007	-1.6051824	-19.231575	-8.710134	5.874565	-1.5386564	-24.372429	100.0	100.0	616499	-10.601188	1.0622633	-10.317029	-26.66226	10.574583	0.044384014	12420.859601259232
412	-11.551678	8.263687	-2.4631047	-34.9753	-7.7721987	4.5892115	-3.4632323	-19.994978	100.0	100.0	617999	-10.5887375	1.0254912	-10.321257	-28.937511	10.564206	0.043511983	12436.319725036621
413	-10.700347	7.584816	-1.4833925	-29.696783	-8.320991	3.4559467	-3.836979	-15.96268	100.0	100.0	619499	-10.592403	1.0291525	-10.320425	-26.875797	10.568085	0.042767588	12451.155366182327
414	-7.104825	4.065961	-2.5448234	-18.861008	-7.7701025	3.580101	-2.5612338	-12.7843275	100.0	100.0	620999	-10.596017	1.0423006	-10.32058	-27.791965	10.57158	0.044494547	12466.12221121788
415	-10.847753	5.434528	-3.0681093	-20.717793	-9.54067	5.15927	-1.5282953	-18.914469	100.0	100.0	622499	-10.596714	1.0662717	-10.317151	-26.891647	10.571659	0.04512682	12480.943378210068
416	-10.761491	8.112811	-2.4566023	-30.961498	-6.156671	3.721078	-1.1397294	-13.07907	100.0	100.0	623999	-10.595038	1.0324475	-10.3227215	-29.169786	10.569895	0.042272866	12495.753190279007
417	-6.590281	4.446949	-1.2975123	-17.411814	-10.238466	6.302388	-0.21847074	-18.11496	100.0	100.0	625499	-10.595569	1.0214658	-10.322635	-28.53302	10.570805	0.04237433	12510.523500204086
418	-8.990605	6.296316	-0.9493116	-27.641855	-13.163823	15.734848	-4.1593785	-59.901073	100.0	100.0	626999	-10.594868	1.0311601	-10.321094	-30.13747	10.570113	0.042918753	12525.570889234543
419	-7.802701	3.013459	-3.45887	-16.079073	-10.973467	5.006054	-3.1617603	-20.186945	100.0	100.0	628499	-10.5883045	1.0250312	-10.321158	-27.255562	10.563013	0.04269525	12540.480964183807
420	-10.3986225	7.275928	-2.3825326	-25.343538	-11.5773325	6.824327	-4.5815177	-26.81562	100.0	100.0	629999	-10.591077	1.0131421	-10.325505	-24.527542	10.566084	0.043814555	12555.56001830101
421	-8.574572	6.418936	-0.36354613	-26.25852	-11.999481	6.0667973	-4.8638797	-24.231392	100.0	100.0	631499	-10.5891905	0.9960119	-10.325591	-26.357504	10.563308	0.04245978	12570.612107038498
422	-7.3733387	5.3178906	-1.3997995	-23.454636	-11.099014	6.9250426	-2.9521637	-21.605179	100.0	100.0	632999	-10.586498	1.0119556	-10.32315	-26.91669	10.5621805	0.041600443	12585.736136198044
423	-10.802512	6.961963	-3.181599	-29.800808	-7.5564194	2.4305253	-3.7481034	-11.175645	100.0	100.0	634499	-10.59382	1.038991	-10.322003	-28.021626	10.569965	0.043721933	12600.595041036606
424	-8.84886	5.658118	-1.6008222	-20.908121	-9.770494	7.6848636	-0.73618776	-26.095562	100.0	100.0	635999	-10.589965	1.0161002	-10.31841	-26.421116	10.564378	0.041350592	12615.29486322403
425	-6.5241776	3.5144536	-0.5401395	-14.688929	-7.926352	5.7279243	-1.4697396	-19.519924	100.0	100.0	637499	-10.58304	1.0285289	-10.312301	-27.144321	10.558172	0.042610526	12630.03803229332
426	-7.1582384	4.5171757	-2.0455868	-17.905806	-6.9473333	3.5135946	-0.95617676	-13.234141	100.0	100.0	638999	-10.570165	1.0036863	-10.309824	-25.250847	10.545347	0.04297691	12645.530140161514
427	-7.3535867	4.305421	-0.68564236	-15.312523	-8.17557	4.25589	-3.7051873	-19.100607	100.0	100.0	640499	-10.573448	1.0259702	-10.310618	-27.271313	10.549492	0.04447397	12661.18911933899
428	-7.225863	3.2147853	-0.9819457	-12.765677	-7.6895647	5.22905	-2.020364	-22.126692	100.0	100.0	641999	-10.577549	1.006077	-10.317848	-28.297325	10.553138	0.042442564	12675.91888308525
429	-11.477218	6.9386744	-1.041771	-23.21476	-9.859289	4.136965	-3.701222	-18.280823	100.0	100.0	643499	-10.583426	1.0409902	-10.314642	-30.554878	10.559659	0.04593219	12690.786605119705
430	-6.9183245	4.7156506	-1.9767877	-17.951687	-7.9381437	6.4944963	-1.650391	-23.6831	100.0	100.0	644999	-10.596923	1.06459	-10.321904	-27.311382	10.572807	0.045894276	12705.917520284653
431	-11.114385	8.621327	-2.2649179	-37.54954	-6.8251657	4.6865873	-0.7977506	-17.823797	100.0	100.0	646499	-10.596117	1.0298665	-10.3296385	-27.561647	10.57248	0.04439205	12720.845724344254
432	-9.89549	7.576849	-0.4124019	-29.561302	-8.511615	3.8452926	-3.13765	-15.060839	100.0	100.0	647999	-10.597846	1.0319681	-10.331211	-27.023857	10.573421	0.04336922	12735.594176054
433	-6.970752	4.4672656	-1.255409	-17.386911	-9.007235	3.666199	-5.292246	-16.503735	100.0	100.0	649499	-10.596353	1.0289716	-10.339048	-27.97394	10.571871	0.043051716	12750.487665176392
434	-7.9155507	6.7105327	-0.68067825	-23.75535	-7.99832	7.2471614	-0.43624365	-26.634455	100.0	100.0	650999	-10.606291	1.0344323	-10.338358	-29.914196	10.582542	0.043730386	12765.33331823349
435	-8.219971	3.4909678	-2.037669	-12.606749	-8.070566	5.2027497	-1.9059213	-18.983948	100.0	100.0	652499	-10.605302	1.0186306	-10.342663	-26.20897	10.580085	0.042136684	12780.138351202011
436	-8.61414	5.2492332	-2.463272	-19.435944	-6.693862	2.681914	-3.4483824	-13.266494	100.0	100.0	653999	-10.600444	1.0049666	-10.33532	-25.127314	10.576251	0.040769037	12795.952171087265
437	-9.765001	6.133457	-2.3623908	-21.700731	-9.079437	8.391842	-1.6037244	-33.10008	100.0	100.0	655499	-10.598286	1.0074373	-10.33214	-26.240667	10.574221	0.041261334	12815.351112365723
438	-7.239696	5.66076	-0.9085528	-19.17147	-7.148336	4.751002	-0.8586164	-16.071653	100.0	100.0	656999	-10.600085	1.0286728	-10.32888	-25.50642	10.575459	0.043846175	12835.539523124695
439	-10.13178	5.312466	-1.4061872	-19.901146	-10.781601	6.1840544	-0.5056581	-23.945335	100.0	100.0	658499	-10.592421	1.0129334	-10.326072	-26.008602	10.567343	0.042748094	12854.369751214981
440	-7.156129	5.1765943	-0.8086368	-18.30586	-9.395624	4.0268054	-3.3574333	-17.401375	100.0	100.0	659999	-10.597021	1.047894	-10.320935	-30.33722	10.571922	0.045089692	12873.645309209824
441	-9.087665	5.5270257	-3.4755194	-22.708736	-10.482945	6.10028	-2.9897203	-21.612667	100.0	100.0	661499	-10.587137	1.0129917	-10.321213	-25.735521	10.56192	0.04216851	12893.865460395813
442	-10.618103	4.90241	-2.8244627	-20.48801	-10.661603	9.384687	-2.490258	-35.28364	100.0	100.0	662999	-10.594024	1.0212643	-10.315839	-27.511326	10.569679	0.044568468	12912.392681360245
443	-10.730635	9.679622	-2.1816998	-38.842358	-9.064841	6.337656	-2.9344647	-23.240595	100.0	100.0	664499	-10.594871	1.0029792	-10.329187	-25.460835	10.570698	0.043455843	12932.063262939453
444	-10.956439	4.0025654	-4.3012877	-18.931198	-7.880255	4.521111	-2.7532103	-16.73471	100.0	100.0	665999	-10.600219	0.9961844	-10.338832	-26.522985	10.576441	0.041950677	12950.785135269165
445	-6.62872	5.287984	-1.0403959	-18.841478	-7.979666	5.5374856	-1.5358144	-23.185486	100.0	100.0	667499	-10.604192	0.9940625	-10.341581	-26.471924	10.580876	0.037822	12972.217933177948
446	-12.099534	8.369166	-1.6141468	-29.007265	-10.678291	9.870417	-2.5108423	-35.28543	100.0	100.0	668999	-10.612564	1.0420668	-10.33489	-27.533245	10.587299	0.04407963	12991.383476257324
447	-8.455132	3.860455	-2.7352445	-16.859415	-7.7829614	5.042086	-1.7526374	-17.746723	100.0	100.0	670499	-10.603355	1.0218447	-10.331695	-26.995022	10.579387	0.04325853	13010.12298130989
448	-10.830151	8.426758	-1.9356135	-30.438467	-7.4011993	3.6535938	-3.1943774	-16.578367	100.0	100.0	671999	-10.599177	1.0151002	-10.328007	-27.485619	10.574343	0.042374305	13028.389842271805
449	-6.738727	3.5084217	-1.7609779	-12.980296	-7.152353	4.2704625	-1.5343624	-18.01271	100.0	100.0	673499	-10.598165	1.0250443	-10.318202	-28.405426	10.57395	0.041951213	13048.337049245834
450	-10.464787	9.429847	-2.041112	-38.806458	-6.3896255	4.233135	-1.386468	-13.661217	100.0	100.0	674999	-10.596887	1.0451084	-10.31866	-27.51792	10.572888	0.044712592	13067.853694200516
451	-6.333473	3.5225518	-1.5111886	-12.121184	-10.459077	5.2444663	-0.59139115	-15.78389	100.0	100.0	676499	-10.589388	1.0306941	-10.312265	-30.988266	10.565051	0.043720376	13086.942450284958
452	-6.907101	3.8175304	-1.8145683	-16.594173	-6.6588554	2.5427198	-2.895221	-11.03896	100.0	100.0	677999	-10.597025	1.0562398	-10.313025	-27.240925	10.573819	0.04459923	13105.992109060287
453	-10.71406	8.138972	-0.56072146	-33.00461	-7.9099717	4.2985034	-0.90455306	-15.477399	100.0	100.0	679499	-10.588316	1.047052	-10.303956	-29.537025	10.563997	0.045180574	13125.325091123581
454	-9.994101	7.1911383	-2.3532348	-28.904657	-6.178817	3.8170333	-2.4914865	-16.026852	100.0	100.0	680999	-10.578435	1.0337702	-10.2972145	-27.622276	10.5530615	0.042849995	13146.039721250534
455	-6.957599	1.3726356	-4.7721853	-9.75634	-7.852553	4.5814834	-2.7873044	-16.017105	100.0	100.0	682499	-10.56769	1.0237406	-10.287465	-28.724014	10.54258	0.04092032	13166.412669181824
456	-8.304856	4.975136	-1.6324029	-17.720526	-6.8178473	3.3748245	-1.4317042	-13.266124	100.0	100.0	683999	-10.557878	1.0301262	-10.275725	-28.486736	10.533214	0.044723243	13186.25568318367
457	-6.3512416	4.120866	-1.3741924	-14.104699	-8.818384	5.8884335	-0.974497	-19.11831	100.0	100.0	685499	-10.542663	1.0217625	-10.264938	-27.136456	10.518652	0.042013682	13206.055906057358
458	-9.093846	5.670894	-2.5132334	-23.128275	-6.13167	3.6778576	-0.6412841	-14.648573	100.0	100.0	686999	-10.541753	1.0091813	-10.270915	-26.833004	10.5167055	0.043178312	13225.828186273575
459	-6.40295	4.069859	-2.0770476	-15.67446	-7.115297	4.769301	-1.047782	-16.134281	100.0	100.0	688499	-10.540273	1.0307922	-10.258843	-27.840963	10.515616	0.044392813	13243.356934309006
460	-7.3206744	4.350553	-1.4220576	-15.16016	-7.1016874	3.121153	-3.7254086	-11.959009	100.0	100.0	689999	-10.532627	1.0118139	-10.258033	-25.399914	10.509046	0.044648416	13258.151151180267
461	-8.387477	4.370493	-0.41793078	-16.48054	-8.562059	6.637216	-1.6400348	-22.951683	100.0	100.0	691499	-10.520772	0.99645084	-10.249257	-26.404228	10.496308	0.043326136	13273.148171186447
462	-8.310252	5.3443418	-1.7909951	-19.370697	-7.4861436	4.7081056	-2.3586912	-19.521404	100.0	100.0	692999	-10.515396	0.997868	-10.244299	-24.915245	10.491754	0.04155797	13287.837318181992
463	-9.557135	5.4513426	-2.7247815	-25.092419	-6.878718	5.0251226	-1.9284735	-20.579533	100.0	100.0	694499	-10.510025	1.0085181	-10.242044	-26.758636	10.485849	0.044222116	13302.651665210724
464	-8.592225	5.1370006	-2.4043236	-18.157883	-5.363063	2.3958018	-2.060666	-8.9225645	100.0	100.0	695999	-10.507853	1.0080878	-10.235244	-27.88803	10.484809	0.04256423	13317.701836109161
465	-10.663004	6.8835654	-0.53315187	-25.698936	-5.91184	3.5298405	-2.0497637	-13.931659	100.0	100.0	697499	-10.512116	1.042699	-10.231244	-24.644625	10.488697	0.04615494	13332.519100189209
466	-7.58326	4.262669	-1.811856	-18.883492	-10.383714	5.277006	-3.383271	-19.240913	100.0	100.0	698999	-10.50712	1.0530539	-10.232875	-27.412209	10.48364	0.044567943	13347.48393702507
467	-7.852252	4.0890236	-2.1742477	-14.728728	-6.340223	4.832982	-0.55768937	-14.026289	100.0	100.0	700499	-10.50348	1.0424068	-10.220874	-25.645437	10.479495	0.04596986	13363.83848810196
468	-7.122103	6.323103	-1.1696777	-27.717525	-12.351786	11.968272	-2.6802585	-45.628212	100.0	100.0	701999	-10.497613	1.0392784	-10.223848	-24.937405	10.473779	0.04563369	13385.777173995972
469	-5.936912	4.0565615	-0.7638155	-12.2126	-4.8455067	3.9818451	-0.66926074	-12.429877	100.0	100.0	703499	-10.48733	0.9991033	-10.227241	-24.971039	10.463643	0.04328839	13406.581626176834
470	-8.336584	3.7136366	-3.1821167	-14.432147	-7.088147	2.7637355	-4.908746	-14.3979435	100.0	100.0	704999	-10.488981	1.0273467	-10.223469	-28.903103	10.465534	0.04408023	13429.116990327835
471	-9.221812	4.3831005	-2.186932	-16.062132	-14.283948	16.813635	-3.5255508	-63.672634	100.0	100.0	706499	-10.478095	0.9945004	-10.221236	-26.094433	10.453799	0.041664768	13467.960417032242
472	-7.5826936	5.131923	-1.0299329	-21.733418	-8.110738	4.7646694	-2.8383555	-19.041998	100.0	100.0	707999	-10.482259	0.9973571	-10.217038	-27.698648	10.457987	0.043132465	13490.590878248215
473	-8.1969	5.648172	-0.49545738	-20.59303	-5.9257174	3.0328488	-2.0756664	-10.241089	100.0	100.0	709499	-10.478145	1.0045152	-10.213046	-28.864132	10.453879	0.042880952	13511.676262140274
474	-6.0277815	2.8635557	-1.0680531	-12.019133	-4.3459396	1.931782	-1.855791	-7.9194574	100.0	100.0	710999	-10.474612	1.0128019	-10.204139	-29.430374	10.451251	0.042845134	13532.407773256302
475	-9.792324	6.5883727	-0.66221315	-24.694683	-8.491686	3.5602024	-2.600669	-14.162123	100.0	100.0	712499	-10.46672	1.0159122	-10.198962	-26.560501	10.443499	0.04283278	13552.911252260208
476	-7.8285947	5.835508	-1.3285334	-22.657007	-7.8768587	7.766093	-1.988127	-24.448326	100.0	100.0	713999	-10.468049	1.0364777	-10.180696	-29.591291	10.44418	0.047486298	13573.784301042557
477	-10.368313	5.302125	-1.5386175	-19.842716	-9.772423	4.1934233	-3.3406365	-18.630375	100.0	100.0	715499	-10.464293	1.0549487	-10.181172	-28.940926	10.440601	0.04585607	13599.898676395416
478	-8.510152	4.433438	-1.6436819	-20.30162	-8.004098	6.328414	-1.0502976	-24.222775	100.0	100.0	716999	-10.457547	1.0556754	-10.176223	-29.59042	10.4335165	0.046967294	13619.247591257095
479	-9.287449	5.059982	-0.67202085	-17.386078	-5.8227663	3.4891863	-1.320244	-13.108696	100.0	100.0	718499	-10.445475	1.0373558	-10.167964	-28.178583	10.421928	0.041575298	13638.381335020065
480	-7.059835	4.280207	-2.69445	-19.221106	-9.418512	5.9221153	-5.061132	-25.734938	100.0	100.0	719999	-10.433302	1.0180941	-10.157313	-27.142464	10.409161	0.04377368	13659.435992240906
481	-7.47628	3.9194834	-2.6366234	-14.445604	-7.7976365	3.9046757	-2.9302669	-16.260714	100.0	100.0	721499	-10.431213	1.0323362	-10.154938	-28.934055	10.408004	0.043204047	13679.497188091278
482	-6.5477624	5.8130403	-0.9505843	-24.37209	-7.164818	6.7438087	-2.4860942	-26.573912	100.0	100.0	722999	-10.429701	1.0231044	-10.152677	-27.582127	10.405862	0.04425007	13699.21878027916
483	-9.17348	6.171163	-1.16935	-25.817844	-7.5914316	3.8096206	-2.172071	-14.836011	100.0	100.0	724499	-10.426907	1.0382702	-10.151448	-27.558018	10.401696	0.04554599	13718.799492120743
484	-6.3220644	2.9725683	-1.8099072	-13.63113	-4.8438864	4.2531614	-0.5964867	-13.257713	100.0	100.0	725999	-10.417023	1.0102609	-10.148618	-29.40907	10.393898	0.043017354	13738.229037046432
485	-7.2738996	4.886322	-1.2703557	-17.101141	-7.6583796	2.8624835	-4.3336434	-13.870911	100.0	100.0	727499	-10.412414	1.0051945	-10.146343	-31.583736	10.388125	0.04186653	13757.30690407753
486	-9.26801	6.734212	-0.7334933	-19.877533	-8.397548	5.325136	-1.5442514	-18.33187	100.0	100.0	728999	-10.40696	1.00542	-10.133986	-32.468037	10.382961	0.040239014	13776.458056211472
487	-7.786732	4.4179025	-2.2048743	-20.173819	-8.115495	4.432787	-2.7072473	-18.55458	100.0	100.0	730499	-10.397499	1.008485	-10.126582	-28.10917	10.372859	0.043489903	13796.394463062286
488	-7.0294566	2.982527	-3.5362272	-13.039323	-12.886877	7.958082	-2.3904905	-25.8939	100.0	100.0	731999	-10.3877735	1.0020967	-10.110899	-26.083961	10.362932	0.040540546	13815.146576166153
489	-10.992883	6.6322203	-3.56091	-28.70315	-7.5630455	5.1102295	-1.6727546	-21.44193	100.0	100.0	733499	-10.373207	0.99759924	-10.101167	-27.79161	10.349637	0.03998765	13835.008108139038
490	-5.4130416	3.3268347	-0.9847032	-11.436809	-8.357138	6.657688	-0.33045754	-19.350893	100.0	100.0	734999	-10.364952	1.0174121	-10.091904	-28.240501	10.341493	0.04224635	13855.04397726059
491	-8.97559	8.26287	-1.6270206	-37.951252	-7.3463936	4.15521	-0.84811854	-13.621784	100.0	100.0	736499	-10.365049	1.0167079	-10.095432	-25.96303	10.341288	0.04371762	13875.07835817337
492	-8.092477	4.6766305	-2.887616	-18.75292	-5.5872107	2.709656	-3.274434	-11.945507	100.0	100.0	737999	-10.358295	0.9939326	-10.093747	-26.95185	10.335007	0.042456448	13894.919542074203
493	-8.600002	4.1940866	-2.5609112	-17.240246	-6.1829524	2.7215586	-2.9694448	-10.584368	100.0	100.0	739499	-10.357763	0.99570954	-10.090485	-24.95768	10.335429	0.0413936	13914.552807331085
494	-10.135081	3.9758153	-3.4223037	-16.96528	-7.476055	3.9707913	-0.79518694	-14.008244	100.0	100.0	740999	-10.363976	1.0258667	-10.084171	-28.549696	10.340938	0.044905618	13936.639844179153
495	-7.112304	3.9086134	-2.1570444	-14.595844	-9.390098	6.558158	-3.3492675	-24.390162	100.0	100.0	742499	-10.3595915	1.0144604	-10.088063	-26.13908	10.33646	0.044274326	13956.376038312912
496	-9.459326	6.921182	-1.9158353	-23.863798	-5.624794	3.2027225	-1.0399673	-10.530538	100.0	100.0	743999	-10.349364	0.99252146	-10.086095	-28.624065	10.326737	0.04215852	13976.047323226929
497	-6.724513	3.9922884	-0.9159708	-17.643078	-8.859324	3.889886	-2.2662618	-14.055286	100.0	100.0	745499	-10.348666	1.0074947	-10.080704	-28.507524	10.325129	0.042548705	14000.373844385147
498	-7.802988	3.476723	-1.0988306	-13.135263	-11.165771	3.967813	-2.8562107	-16.581976	100.0	100.0	746999	-10.35075	1.0182842	-10.081813	-27.793697	10.326866	0.042884845	14021.457441091537
499	-7.5431223	4.1159596	-2.2573097	-15.576635	-7.3194175	2.0105355	-3.3998528	-9.583973	100.0	100.0	748499	-10.346446	1.0100847	-10.080502	-29.652699	10.3229475	0.045172933	14041.808863162994
500	-6.6368647	5.4563847	-0.77046484	-20.447979	-7.634613	4.1140914	-2.010813	-14.892885	100.0	100.0	749999	-10.3438635	1.0182959	-10.081254	-28.974258	10.319803	0.045108605	14062.50241112709
