Epoch	AverageEpRet	StdEpRet	MaxEpRet	MinEpRet	AverageTestEpRet	StdTestEpRet	MaxTestEpRet	MinTestEpRet	EpLen	TestEpLen	TotalEnvInteracts	AverageQVals	StdQVals	MaxQVals	MinQVals	LossPi	LossQ	Time
1	-181.25519	8.5873575	-161.5094	-191.15874	-168.67029	16.333412	-137.84102	-189.83852	100.0	100.0	1499	-3.3731103	1.0745468	0.011688434	-6.070657	3.279296	0.111800544	5.828138828277588
2	-182.23389	7.1138153	-167.99391	-191.66281	-182.2454	7.133416	-169.98654	-191.49965	100.0	100.0	2999	-10.750121	3.350697	-3.7677896	-20.070583	10.640658	0.067069724	14.87417721748352
3	-177.85335	8.531668	-162.18881	-190.32834	-183.1016	5.987517	-171.69827	-191.8387	100.0	100.0	4499	-22.027485	3.4220314	-13.224831	-32.00528	21.87225	0.11623582	24.054518222808838
4	-177.65727	8.961004	-157.61853	-190.98958	-177.72832	7.3415074	-157.3124	-185.01773	100.0	100.0	5999	-32.880424	3.438042	-22.13395	-43.700825	32.691708	0.21117637	33.22893500328064
5	-180.65926	7.3460274	-161.13461	-192.5879	-170.10579	13.566989	-140.36331	-186.55647	100.0	100.0	7499	-43.20899	3.536299	-31.499275	-54.554375	43.001884	0.27783102	42.378438234329224
6	-181.924	6.55146	-161.27834	-190.08008	-174.4274	10.138252	-159.21611	-188.91528	100.0	100.0	8999	-53.07202	3.504485	-40.569386	-64.98937	52.835094	0.31753346	51.52356767654419
7	-167.6258	22.202156	-91.28179	-185.26245	-171.89401	24.334875	-113.070816	-193.94751	100.0	100.0	10499	-62.384846	3.5214937	-48.630108	-75.21686	62.13326	0.35922873	60.89689087867737
8	-158.69273	25.679216	-95.60814	-186.57935	-157.09651	33.678345	-78.79007	-193.10901	100.0	100.0	11999	-71.02664	3.7466931	-56.445198	-84.207504	70.78368	0.3889426	70.45295333862305
9	-162.32938	28.307333	-77.60788	-190.15189	-171.06721	14.954809	-155.10909	-191.83879	100.0	100.0	13499	-79.33264	4.131378	-63.076164	-94.44442	79.09325	0.42643183	80.0133285522461
10	-153.73535	24.97757	-114.1117	-184.26033	-161.52798	28.00097	-107.84908	-184.60994	100.0	100.0	14999	-87.10971	4.670302	-68.00528	-102.77995	86.85839	0.51000553	89.52837300300598
11	-153.63081	25.682302	-89.66651	-179.94353	-137.22592	33.411438	-69.52157	-182.12906	100.0	100.0	16499	-94.18671	5.4461145	-72.212524	-109.00672	93.91996	0.5670865	98.93002724647522
12	-152.14317	30.794916	-83.822136	-197.39731	-163.58496	18.015299	-134.75185	-190.75713	100.0	100.0	17999	-100.95229	5.8843007	-77.88229	-116.5033	100.674446	0.63041115	108.38690304756165
13	-154.23145	30.407122	-56.67638	-189.17024	-156.70119	22.184738	-110.14743	-186.0867	100.0	100.0	19499	-107.054695	6.608153	-82.63741	-124.137245	106.76366	0.66802615	117.83454298973083
14	-142.34122	30.201647	-82.52948	-191.19025	-150.23573	24.096636	-98.68141	-191.4877	100.0	100.0	20999	-112.82658	7.2150607	-87.05563	-131.87938	112.52889	0.74432313	127.21029019355774
15	-157.902	22.874651	-118.15935	-190.60805	-157.35281	26.918037	-103.34955	-188.84236	100.0	100.0	22499	-118.27019	7.7352057	-91.0828	-139.04214	117.96479	0.78109854	136.58142161369324
16	-135.7314	32.805912	-68.80118	-183.97183	-144.56792	19.420748	-118.54529	-180.67285	100.0	100.0	23999	-123.20232	8.23795	-94.65571	-145.14305	122.8815	0.8269686	146.0649712085724
17	-152.99782	35.112038	-87.27451	-191.06369	-139.85373	38.582523	-75.36367	-191.64641	100.0	100.0	25499	-128.09085	8.808	-99.08048	-151.07602	127.75906	0.84767807	155.62593603134155
18	-132.50267	34.6844	-60.343285	-186.23193	-155.69093	20.741125	-115.72396	-195.51855	100.0	100.0	26999	-132.62946	9.422456	-103.80049	-157.30972	132.28647	0.848815	165.14957809448242
19	-153.84053	23.68686	-111.77698	-190.7018	-149.32486	22.369364	-109.198784	-181.1341	100.0	100.0	28499	-136.82129	9.993098	-106.13536	-163.19582	136.46497	0.8999572	174.61048436164856
20	-137.88206	25.210686	-83.306656	-173.52318	-117.53169	39.017437	-44.078197	-178.63013	100.0	100.0	29999	-140.69043	10.560424	-108.55498	-169.57324	140.32259	0.92254835	184.0163106918335
21	-125.857155	30.58777	-83.81706	-182.44473	-132.4868	38.32605	-63.624077	-185.67021	100.0	100.0	31499	-144.04042	11.042128	-110.1225	-175.03427	143.65195	0.959995	193.45172452926636
22	-126.61246	26.430862	-71.68317	-182.44942	-126.60034	14.990033	-99.57951	-153.05673	100.0	100.0	32999	-147.05263	11.382535	-112.114334	-179.96658	146.66122	0.9819966	202.99382615089417
23	-135.05508	20.286186	-90.26635	-166.20639	-123.77688	32.846695	-76.52087	-178.53232	100.0	100.0	34499	-149.9248	11.774338	-114.894966	-185.26831	149.53297	1.0099381	212.47591519355774
24	-119.21579	28.672377	-81.1314	-178.20062	-129.68578	28.865154	-90.11197	-176.34267	100.0	100.0	35999	-152.5194	12.064038	-116.581924	-188.34132	152.1226	1.0563248	221.95920062065125
25	-119.90556	30.12648	-74.36325	-168.44371	-96.57531	25.205988	-64.67279	-139.04863	100.0	100.0	37499	-154.82826	12.493379	-117.48718	-192.95645	154.42471	1.1128439	231.34414672851562
26	-119.28081	35.868027	-54.511032	-179.23413	-119.49072	20.933107	-79.27094	-145.1047	100.0	100.0	38999	-156.9728	12.8407755	-118.273506	-195.84592	156.56946	1.1422977	240.79974913597107
27	-125.488365	38.568707	-54.912777	-185.63162	-95.87857	24.797848	-41.475517	-131.16626	100.0	100.0	40499	-158.94203	13.204305	-118.466095	-203.92902	158.52356	1.1977584	250.24812984466553
28	-119.18925	37.646076	-53.130028	-179.9268	-106.825455	46.163185	-28.569992	-170.43544	100.0	100.0	41999	-160.57774	13.615305	-120.320946	-207.05531	160.1526	1.2248456	259.82191157341003
29	-114.44943	30.51596	-48.858612	-179.19768	-115.43015	34.48492	-52.37743	-175.54504	100.0	100.0	43499	-161.92314	14.14159	-120.7653	-210.40047	161.48674	1.2442343	269.26549673080444
30	-120.22667	40.84071	-48.207253	-184.07387	-113.445335	15.471267	-92.88566	-138.96219	100.0	100.0	44999	-163.16206	14.634057	-121.89486	-213.88852	162.71996	1.3308525	278.8174669742584
31	-108.32065	37.921005	-38.20596	-180.52126	-113.90475	29.115429	-74.17275	-173.25409	100.0	100.0	46499	-164.07948	15.202112	-122.64439	-216.64424	163.61415	1.3391482	288.40207624435425
32	-105.404594	35.340908	-51.98596	-171.87872	-106.13011	42.810276	-36.062115	-173.49416	100.0	100.0	47999	-164.6004	15.751505	-123.45044	-218.38176	164.12799	1.3644005	298.08245944976807
33	-123.26688	26.721567	-51.080524	-158.56876	-98.00378	35.852234	-35.173763	-143.6972	100.0	100.0	49499	-165.10413	16.339865	-122.61691	-222.05771	164.62164	1.3986956	307.6199839115143
34	-106.096016	34.570675	-45.65977	-181.42567	-109.476845	22.945663	-80.94594	-146.41505	100.0	100.0	50999	-165.30057	17.026426	-122.57274	-224.59726	164.81201	1.4137679	317.18698716163635
35	-110.29152	33.475494	-39.962368	-163.00043	-103.57091	25.91437	-59.923573	-147.71739	100.0	100.0	52499	-165.38731	17.523153	-121.60038	-227.77141	164.86691	1.4587995	326.66817331314087
36	-93.977646	27.11105	-47.898945	-137.41675	-118.479126	27.398336	-80.18319	-155.00006	100.0	100.0	53999	-165.13123	18.094131	-120.8254	-230.30008	164.60333	1.4673173	336.2536334991455
37	-99.75156	23.080214	-51.57452	-148.55238	-93.77632	26.968792	-50.693867	-136.70029	100.0	100.0	55499	-164.80174	18.639505	-120.02876	-233.7664	164.26767	1.4399668	345.77773547172546
38	-115.82182	42.287064	-42.939377	-181.88098	-99.0229	33.917225	-43.08494	-149.79163	100.0	100.0	56999	-164.36961	19.241966	-118.209175	-237.3944	163.82329	1.455627	355.36274433135986
39	-85.46797	30.99014	-41.934307	-155.0914	-95.0886	13.79866	-78.207596	-117.403946	100.0	100.0	58499	-164.2473	20.03653	-117.357124	-242.3494	163.70433	1.4132406	364.9017345905304
40	-97.26498	25.57235	-35.421146	-126.27053	-95.22923	37.306942	-41.96391	-145.23552	100.0	100.0	59999	-163.30199	20.727797	-116.03041	-243.77074	162.7443	1.4497054	374.4174475669861
41	-87.361046	34.625523	-41.66744	-151.12502	-95.147316	37.392715	-37.227173	-149.46042	100.0	100.0	61499	-162.3066	21.366716	-114.13895	-244.76137	161.74312	1.4157252	383.97685194015503
42	-106.79628	34.48255	-43.942204	-174.58733	-94.84481	40.88985	-37.17389	-152.44464	100.0	100.0	62999	-161.2892	22.045326	-111.98093	-246.58649	160.72804	1.460264	393.5438241958618
43	-84.32405	27.440308	-37.29997	-132.24521	-112.57982	32.038647	-73.98781	-167.84114	100.0	100.0	64499	-160.58992	22.805151	-111.07824	-247.89632	160.0399	1.4925702	403.098778963089
44	-100.67531	33.09992	-34.46763	-146.95505	-105.543396	30.272757	-70.255356	-186.66309	100.0	100.0	65999	-159.56354	23.441795	-109.83924	-247.80357	158.99962	1.4865127	412.6795551776886
45	-94.197395	39.46985	-34.140285	-184.98112	-82.46384	21.718544	-48.33336	-114.6739	100.0	100.0	67499	-158.28267	24.162476	-108.09636	-247.29964	157.70786	1.4646401	422.30909538269043
46	-119.05136	34.6133	-53.369835	-170.29185	-112.22886	24.132475	-67.131195	-137.22997	100.0	100.0	68999	-157.53613	24.896437	-106.99662	-248.04561	156.98404	1.4722236	431.90367436408997
47	-104.72593	26.31138	-42.58008	-155.47076	-116.62007	34.317688	-49.291256	-182.01135	100.0	100.0	70499	-156.6763	25.497215	-105.72555	-249.43596	156.13884	1.5672874	441.5801775455475
48	-97.70858	28.718557	-56.197247	-175.59125	-99.46185	33.09014	-53.721443	-163.96046	100.0	100.0	71999	-155.84679	26.048374	-104.15492	-250.35811	155.29765	1.5805368	451.308571100235
49	-98.15883	18.656464	-53.27064	-127.54142	-96.32267	25.413914	-43.933613	-134.31158	100.0	100.0	73499	-154.81589	26.51842	-102.83305	-250.14041	154.27638	1.5581641	461.0838255882263
50	-100.96867	25.835028	-25.2623	-132.97778	-104.09892	28.703844	-51.026398	-142.31665	100.0	100.0	74999	-154.00217	26.975346	-102.37257	-249.13548	153.47176	1.60619	471.0390434265137
51	-105.59806	25.448397	-58.809635	-146.0652	-81.06957	25.858517	-51.043095	-127.408264	100.0	100.0	76499	-153.18845	27.446316	-101.2476	-248.47217	152.67152	1.561168	481.00275444984436
52	-97.20236	22.459694	-69.59889	-151.08401	-82.05399	19.60772	-45.806767	-113.113045	100.0	100.0	77999	-152.36111	27.703733	-99.34118	-248.07831	151.81944	1.5453898	491.0175759792328
53	-93.905685	29.45488	-53.991997	-149.07599	-109.646286	22.004889	-63.821384	-136.31906	100.0	100.0	79499	-151.45345	28.068218	-98.11559	-246.71594	150.92155	1.4758514	501.0077133178711
54	-102.03211	24.383728	-51.617992	-157.71515	-94.201675	38.54021	-32.867886	-166.75807	100.0	100.0	80999	-150.56345	28.371302	-96.58548	-247.618	150.04417	1.4939079	511.06413173675537
55	-101.93019	22.36238	-67.44839	-151.55637	-80.88487	22.321705	-37.93532	-113.478584	100.0	100.0	82499	-149.80197	28.743061	-94.508446	-246.20782	149.27356	1.4764017	520.9851174354553
56	-94.341034	24.3997	-57.877888	-138.2095	-86.21089	16.524822	-49.900295	-105.83662	100.0	100.0	83999	-149.08954	29.04302	-93.923744	-245.53462	148.57912	1.4642413	531.0048813819885
57	-101.43244	33.70298	-55.421093	-155.5432	-93.11879	23.427359	-41.04138	-124.14059	100.0	100.0	85499	-147.96265	29.211647	-91.91594	-245.49806	147.45383	1.4567298	541.0794882774353
58	-104.79952	28.761965	-44.857372	-145.10497	-99.93073	22.624489	-57.024796	-130.55437	100.0	100.0	86999	-147.02612	29.33874	-90.87356	-244.12372	146.50783	1.3927011	551.0711357593536
59	-100.93088	25.167124	-57.946648	-136.8443	-99.11433	24.921124	-50.27158	-146.9838	100.0	100.0	88499	-146.2943	29.531404	-90.11544	-244.40782	145.77074	1.4185181	561.1360862255096
60	-91.22951	32.012356	-36.81428	-153.54195	-82.38104	26.355442	-31.629179	-122.00145	100.0	100.0	89999	-145.2406	29.526749	-89.72155	-244.88176	144.7027	1.4465983	571.1555404663086
61	-80.279175	14.122749	-39.364685	-105.25562	-95.9236	25.624826	-41.763283	-129.85889	100.0	100.0	91499	-144.29527	29.586359	-89.5106	-242.1143	143.78412	1.4136686	581.1616432666779
62	-88.40131	27.525244	-41.323032	-159.8853	-105.96748	23.04473	-63.745632	-150.95966	100.0	100.0	92999	-143.58128	29.499393	-88.48805	-242.10071	143.07967	1.4398333	591.0719103813171
63	-97.40226	28.256054	-63.522434	-148.22408	-84.659	24.60468	-41.196903	-115.35851	100.0	100.0	94499	-142.75153	29.661884	-87.53907	-242.65083	142.23814	1.4069377	601.1017696857452
64	-98.00404	25.770407	-41.80806	-142.71754	-84.965256	32.63642	-33.175262	-145.2801	100.0	100.0	95999	-142.04126	29.776363	-86.88573	-242.29886	141.53412	1.4438115	611.2247629165649
65	-82.730736	36.51931	-41.138657	-185.25893	-90.517	15.399635	-67.9952	-124.322395	100.0	100.0	97499	-141.23203	29.673452	-86.79145	-240.96066	140.73317	1.3761575	621.1748929023743
66	-95.65523	26.375292	-63.0128	-149.68681	-101.609856	18.409878	-76.609314	-132.68001	100.0	100.0	98999	-140.27452	29.604578	-86.42236	-240.66405	139.78639	1.3957555	631.1659772396088
67	-100.28826	23.668829	-62.41287	-142.76472	-77.991554	21.66901	-48.38304	-105.90296	100.0	100.0	100499	-139.45454	29.422209	-85.055504	-240.7601	138.9668	1.3975967	641.159597158432
68	-100.66716	27.61744	-38.636932	-147.85033	-92.4507	22.280426	-65.9426	-135.84726	100.0	100.0	101999	-138.5698	29.236534	-84.08556	-239.2583	138.08282	1.3588879	651.1649832725525
69	-93.23678	27.595648	-45.54934	-146.77554	-110.692276	32.356102	-43.23352	-157.45679	100.0	100.0	103499	-138.1065	29.28343	-83.358734	-238.17693	137.62103	1.3626287	661.1974365711212
70	-101.51847	27.175476	-50.370155	-157.10114	-79.27322	22.259293	-56.113827	-136.70627	100.0	100.0	104999	-137.48859	29.259447	-81.35067	-238.09341	137.01227	1.3911159	671.1630537509918
71	-87.63633	28.461926	-48.194386	-148.66757	-100.98979	30.156479	-50.8237	-144.42274	100.0	100.0	106499	-136.95468	29.176092	-80.2041	-237.88776	136.46729	1.424846	681.224995136261
72	-97.773384	18.146402	-64.40604	-129.34244	-91.96229	22.818163	-42.889057	-131.06396	100.0	100.0	107999	-135.92479	29.121845	-79.468475	-238.55534	135.45007	1.4032936	691.1909437179565
73	-106.29264	24.975319	-66.69183	-157.78044	-91.94934	22.371952	-59.140556	-124.13652	100.0	100.0	109499	-135.185	29.024021	-78.49259	-237.91464	134.71191	1.3916613	701.1500315666199
74	-102.85064	32.157066	-44.933083	-169.6378	-88.974594	34.13945	-31.75413	-138.43533	100.0	100.0	110999	-134.3474	28.938343	-78.60714	-238.20096	133.87541	1.4086491	711.1510953903198
75	-95.86955	23.764997	-57.93789	-158.61398	-96.540886	32.768703	-24.543674	-137.11656	100.0	100.0	112499	-133.81287	28.619001	-77.80578	-235.82977	133.35497	1.4237452	721.1588325500488
76	-105.30964	32.271103	-54.04324	-161.55128	-102.8457	22.676971	-57.46566	-142.23991	100.0	100.0	113999	-133.50046	28.49326	-77.8075	-236.98767	133.05788	1.3964489	731.1141407489777
77	-94.75166	28.904222	-58.355915	-150.53503	-91.11243	26.180792	-59.485397	-131.59016	100.0	100.0	115499	-133.08296	28.165369	-78.00795	-234.97604	132.63864	1.440571	741.0343403816223
78	-89.718376	27.315842	-47.541992	-145.0122	-99.02035	28.812574	-54.626884	-151.76506	100.0	100.0	116999	-132.53323	27.759575	-77.71878	-233.01196	132.10187	1.3868347	751.009313583374
79	-101.20036	31.542784	-56.186707	-148.02148	-100.7666	22.955708	-73.305016	-145.88283	100.0	100.0	118499	-132.01724	27.357298	-77.45345	-229.62357	131.57596	1.3879448	761.005401134491
80	-93.73312	29.73011	-54.080715	-158.5709	-101.158714	31.175894	-33.00813	-160.78978	100.0	100.0	119999	-131.74829	26.89887	-77.13245	-228.87482	131.31133	1.4075465	771.0292119979858
81	-98.92142	33.6382	-31.197205	-162.30598	-99.10719	29.004534	-66.37289	-153.01628	100.0	100.0	121499	-131.1872	26.56835	-76.72921	-228.81708	130.73233	1.4079478	781.0968658924103
82	-92.055046	25.909399	-34.582733	-129.74886	-85.2808	26.074512	-36.09252	-131.72443	100.0	100.0	122999	-130.91725	26.196436	-75.50617	-226.487	130.47485	1.4158142	791.163271188736
83	-84.031296	16.509281	-54.871513	-108.509796	-98.462654	28.45712	-36.27295	-147.83452	100.0	100.0	124499	-130.48203	25.862906	-74.55589	-226.21577	130.03209	1.3809636	801.2319767475128
84	-90.45764	27.715418	-44.42259	-137.59142	-107.728226	32.092922	-62.487648	-159.41325	100.0	100.0	125999	-129.7506	25.590483	-74.05159	-225.05054	129.30724	1.3357667	811.2118525505066
85	-108.65152	23.441734	-50.04509	-142.94171	-79.70272	20.726141	-48.335136	-122.63919	100.0	100.0	127499	-129.43286	25.423405	-73.326996	-222.20937	128.99362	1.3220755	821.1435837745667
86	-83.018684	30.780037	-32.615803	-136.62766	-80.88942	34.05026	-30.626879	-158.07317	100.0	100.0	128999	-128.95482	25.200922	-72.945305	-223.2407	128.5206	1.3355936	831.2525427341461
87	-85.71529	30.213343	-36.628277	-138.46529	-92.18896	36.451527	-38.220222	-155.4863	100.0	100.0	130499	-128.52815	25.023232	-72.550995	-221.32938	128.09848	1.3011659	841.2300252914429
88	-88.57634	25.053015	-49.789352	-148.8451	-86.93367	21.739851	-54.83014	-118.42481	100.0	100.0	131999	-128.1761	24.640417	-72.22206	-221.5773	127.739	1.3059417	851.3146176338196
89	-83.38521	29.663858	-43.620106	-170.84943	-100.29563	29.112309	-49.332684	-142.27425	100.0	100.0	133499	-127.507545	24.515537	-71.60973	-220.1311	127.05283	1.3036338	861.3428478240967
90	-93.46531	32.85753	-41.521214	-146.03583	-91.663895	31.175594	-48.292416	-143.13531	100.0	100.0	134999	-127.01218	24.30126	-70.85738	-216.47847	126.54893	1.3174304	871.3759109973907
91	-68.19683	23.954872	-36.185074	-122.07887	-85.75122	28.787834	-37.34844	-135.10124	100.0	100.0	136499	-126.291336	24.141571	-70.53323	-215.41396	125.84379	1.2801435	881.3138835430145
92	-79.18727	21.457497	-41.679348	-117.33948	-85.89293	30.119816	-48.10157	-144.60735	100.0	100.0	137999	-125.606094	23.945044	-70.15749	-215.8159	125.1526	1.3310905	891.3389446735382
93	-82.252106	15.65231	-51.19512	-111.31322	-91.68711	25.61518	-40.9088	-136.04904	100.0	100.0	139499	-124.88252	23.679663	-69.46656	-215.26064	124.42615	1.3358127	901.2846121788025
94	-85.07777	19.419258	-58.25367	-130.6371	-87.98328	26.03353	-40.698444	-143.75937	100.0	100.0	140999	-124.18118	23.383696	-69.633156	-210.98364	123.726295	1.3733058	911.3130638599396
95	-79.42768	24.872774	-37.89668	-146.61124	-72.39873	29.506874	-34.778805	-131.42511	100.0	100.0	142499	-123.583015	23.272026	-69.221825	-210.21591	123.12522	1.3491602	921.279134273529
96	-96.85571	34.01823	-53.383915	-182.67355	-92.05029	20.236044	-54.52996	-120.76344	100.0	100.0	143999	-122.81216	23.161701	-68.70499	-209.10515	122.357864	1.3457701	931.3848266601562
97	-82.993645	21.97327	-47.13773	-129.39218	-92.57323	32.297203	-46.152714	-151.57841	100.0	100.0	145499	-122.1198	22.877962	-68.56825	-208.02444	121.66985	1.3123132	941.4383428096771
98	-85.05732	26.492617	-44.268234	-152.61243	-99.29085	38.028763	-36.892498	-155.16588	100.0	100.0	146999	-121.47407	22.696432	-68.679	-207.53336	121.02711	1.3333722	951.455689907074
99	-86.58193	25.715286	-31.508018	-131.53572	-91.10754	21.862309	-64.861374	-132.22615	100.0	100.0	148499	-120.87716	22.534325	-68.79833	-208.19305	120.42698	1.3469465	961.4553487300873
100	-101.964165	22.607845	-65.78478	-143.60751	-91.01738	11.360999	-77.79695	-115.20916	100.0	100.0	149999	-120.32685	22.335173	-68.59584	-207.76686	119.8862	1.3109012	971.4374623298645
101	-86.002686	24.023455	-49.082233	-135.51828	-85.59515	24.302906	-43.456936	-122.843575	100.0	100.0	151499	-119.71581	22.233168	-68.22235	-205.37924	119.27215	1.2900105	981.43221783638
102	-89.2071	30.614975	-44.690247	-141.25513	-70.227844	13.771777	-42.195133	-97.30409	100.0	100.0	152999	-119.251854	22.214811	-67.92177	-206.07578	118.817314	1.316383	991.4873785972595
103	-80.963295	16.053585	-48.569836	-111.6309	-86.47898	35.843227	-41.611156	-163.61674	100.0	100.0	154499	-118.57564	22.164858	-67.88032	-207.26875	118.12675	1.3033332	1001.5611653327942
104	-68.43214	24.903967	-38.596634	-113.31657	-88.28285	40.07102	-22.25481	-167.85268	100.0	100.0	155999	-117.96114	22.105011	-66.82789	-207.17682	117.501045	1.3495648	1011.4816665649414
105	-88.68672	29.5103	-52.818	-159.74911	-80.09595	35.01123	-21.703222	-133.17584	100.0	100.0	157499	-117.23941	22.147757	-67.11985	-208.1163	116.77711	1.3709466	1021.492513179779
106	-82.81831	28.151237	-47.56344	-160.08061	-106.22707	23.086376	-63.228016	-154.36937	100.0	100.0	158999	-116.64863	22.04758	-66.71253	-206.76358	116.18268	1.3568852	1031.4906752109528
107	-79.782555	23.529022	-43.86139	-138.93246	-79.30339	39.576115	-31.511703	-150.30925	100.0	100.0	160499	-115.95431	22.102772	-66.51916	-207.03886	115.484856	1.3911278	1041.4782254695892
108	-82.95596	23.739332	-34.395004	-115.26692	-87.11619	25.0561	-32.84256	-121.27294	100.0	100.0	161999	-115.19059	22.030565	-66.10073	-205.77553	114.718315	1.3714118	1051.571174621582
109	-85.40089	36.04402	-34.148556	-162.53412	-92.28513	19.308626	-61.267986	-124.16211	100.0	100.0	163499	-114.4488	21.958584	-65.83943	-204.66774	113.988	1.2852167	1061.6331598758698
110	-79.97571	22.19202	-44.297955	-134.22008	-83.599686	19.22146	-48.218094	-111.15004	100.0	100.0	164999	-113.81532	22.004282	-65.37092	-204.43903	113.34871	1.3143798	1071.669962644577
111	-83.102036	29.614769	-44.966095	-153.9706	-81.02842	28.479445	-36.927097	-124.750786	100.0	100.0	166499	-113.21777	21.909788	-64.58193	-203.48758	112.74252	1.3063222	1081.7437391281128
112	-89.85629	28.581429	-37.98761	-144.46967	-83.80851	33.8821	-43.670082	-176.09953	100.0	100.0	167999	-112.48231	22.002121	-64.46216	-203.8487	112.013794	1.3087012	1091.7257146835327
113	-86.33503	32.44812	-37.68226	-167.17235	-77.2415	26.868587	-26.246042	-116.05523	100.0	100.0	169499	-111.70792	21.96064	-63.921295	-202.51213	111.236855	1.2919598	1101.7608199119568
114	-79.6893	22.552315	-36.0828	-131.66855	-81.23334	28.937485	-32.42205	-133.20557	100.0	100.0	170999	-111.05428	21.986563	-63.492508	-202.41714	110.59455	1.3095707	1111.866750717163
115	-82.02572	24.742233	-31.167923	-113.222916	-98.18646	25.470833	-35.54147	-127.795944	100.0	100.0	172499	-110.41232	21.90592	-62.828953	-202.26564	109.94429	1.2991616	1121.9411067962646
116	-100.512054	37.262493	-44.558002	-170.5137	-85.96867	29.65501	-33.60937	-149.46559	100.0	100.0	173999	-109.93716	21.981014	-62.41611	-202.33435	109.47406	1.2907041	1131.9360990524292
117	-86.22875	28.748343	-34.291927	-142.67969	-82.99741	27.355827	-42.714474	-129.73999	100.0	100.0	175499	-109.39216	22.010103	-61.97849	-201.9429	108.93023	1.2748945	1142.0766851902008
118	-85.12601	27.930288	-42.66675	-125.33541	-74.30184	21.874052	-46.52193	-112.09509	100.0	100.0	176999	-108.826546	22.005505	-62.026283	-201.88756	108.3681	1.269066	1152.1220963001251
119	-83.389824	16.681877	-51.42685	-105.33917	-89.43413	38.112583	-50.153713	-166.44437	100.0	100.0	178499	-108.31776	21.968847	-61.5129	-198.56575	107.85318	1.3272365	1162.1631956100464
120	-73.24907	24.70185	-37.595207	-131.66786	-80.21109	24.866224	-44.237255	-121.987946	100.0	100.0	179999	-107.84214	22.094336	-61.271553	-201.14783	107.38829	1.292514	1172.26620221138
121	-70.39226	23.544237	-35.539482	-128.62663	-72.43361	19.286371	-42.4572	-107.9669	100.0	100.0	181499	-107.22905	22.092093	-61.2218	-202.44942	106.77138	1.2856405	1182.4080288410187
122	-54.950825	17.980898	-28.93206	-97.42341	-72.00899	24.600796	-26.9066	-113.60501	100.0	100.0	182999	-106.593544	22.085623	-60.84036	-201.7144	106.12398	1.3205695	1192.3381416797638
123	-71.33777	21.262423	-33.7833	-111.44879	-100.67159	23.109009	-42.424103	-134.91331	100.0	100.0	184499	-105.93888	22.166914	-60.10403	-201.63408	105.46775	1.3339123	1202.4567697048187
124	-73.61571	27.83571	-41.67743	-134.85077	-80.11143	20.773083	-39.436237	-106.72483	100.0	100.0	185999	-105.23006	22.232538	-59.940247	-201.43144	104.77187	1.294507	1212.5358436107635
125	-70.90451	28.050175	-39.890812	-137.23563	-68.819954	24.967995	-25.012894	-107.66585	100.0	100.0	187499	-104.77706	22.316319	-60.357452	-202.02354	104.322586	1.306381	1222.5416581630707
126	-75.68653	26.50663	-27.809948	-118.75016	-80.92072	23.871374	-35.666958	-131.22719	100.0	100.0	188999	-104.2822	22.498617	-59.942276	-202.66383	103.814415	1.3139993	1232.5073845386505
127	-66.641174	21.611494	-26.366758	-101.822266	-71.63405	22.064674	-28.651196	-102.95478	100.0	100.0	190499	-103.326256	22.475601	-59.459007	-203.39226	102.849205	1.2501622	1242.526983499527
128	-83.37949	28.602707	-48.493374	-152.16727	-76.08674	24.205343	-40.53614	-123.174225	100.0	100.0	191999	-102.741905	22.578608	-59.85581	-202.89706	102.28218	1.285568	1252.6444351673126
129	-64.70468	20.545237	-32.33596	-122.5545	-94.6633	27.743755	-63.760387	-147.94308	100.0	100.0	193499	-102.234695	22.83556	-59.730614	-203.76982	101.764534	1.2870092	1262.6516859531403
130	-77.20252	29.296803	-40.18078	-139.3824	-78.75828	35.645973	-44.886406	-158.33827	100.0	100.0	194999	-101.49115	22.902575	-60.049267	-207.53056	101.02931	1.2877736	1272.6690843105316
131	-78.81138	21.103228	-41.55297	-139.40848	-74.15689	30.21506	-40.01898	-132.24638	100.0	100.0	196499	-100.93716	22.954348	-60.349934	-206.3846	100.4815	1.2584548	1282.6714000701904
132	-73.01417	29.507782	-30.04191	-137.8704	-98.710464	31.542784	-58.20991	-148.59535	100.0	100.0	197999	-100.39285	23.043512	-60.579018	-209.31847	99.93947	1.2823042	1292.6117165088654
133	-74.42967	22.285322	-38.77129	-124.44291	-76.37349	20.403076	-32.28152	-109.32623	100.0	100.0	199499	-99.66904	23.07381	-59.82486	-207.4227	99.20699	1.2835597	1302.648630619049
134	-71.81559	22.779953	-42.617302	-127.40886	-65.618546	17.313566	-40.612194	-90.02291	100.0	100.0	200999	-99.22958	23.223036	-59.706787	-209.37123	98.77321	1.2498264	1312.667897939682
135	-72.74084	34.975082	-25.302559	-158.30597	-73.89408	26.806757	-24.728489	-126.95099	100.0	100.0	202499	-98.55892	23.275492	-59.12443	-209.06769	98.09729	1.2529088	1322.6964259147644
136	-65.219154	9.346759	-48.904205	-79.1007	-66.10664	26.354458	-16.279629	-114.49788	100.0	100.0	203999	-98.0415	23.24196	-59.253765	-209.28563	97.58394	1.275538	1332.6992816925049
137	-83.478165	19.286215	-53.032528	-119.309784	-78.65047	28.282595	-47.094612	-130.95872	100.0	100.0	205499	-97.321724	23.208412	-58.948498	-208.23965	96.86591	1.2825572	1342.7201039791107
138	-70.07702	30.404202	-27.925892	-126.82377	-79.14424	11.838754	-55.096844	-95.74759	100.0	100.0	206999	-96.97933	23.202265	-59.0978	-210.94221	96.51486	1.2690166	1352.7724623680115
139	-85.88572	24.069956	-44.85563	-139.23616	-77.74425	15.573836	-56.654114	-103.62472	100.0	100.0	208499	-96.30846	23.04138	-58.370033	-214.02469	95.83324	1.2473146	1362.9091658592224
140	-80.55866	19.305471	-48.614964	-113.0116	-78.893715	31.059904	-39.779053	-135.1424	100.0	100.0	209999	-95.67966	23.059238	-57.650623	-210.83295	95.216644	1.2129556	1372.933525800705
141	-77.78501	22.820587	-45.299484	-137.70619	-65.40633	10.8248	-44.511192	-81.38805	100.0	100.0	211499	-95.0485	22.854704	-57.599117	-211.03342	94.5891	1.255383	1382.9879486560822
142	-79.8369	16.262005	-44.167812	-107.73368	-72.8253	26.412535	-33.46272	-123.99347	100.0	100.0	212999	-94.57944	22.8299	-57.230133	-215.65051	94.12882	1.2403407	1392.9402649402618
143	-78.06747	18.993334	-48.354866	-112.72014	-76.88728	23.360313	-38.54096	-110.488716	100.0	100.0	214499	-94.21006	22.913942	-56.60193	-212.17114	93.75984	1.2557087	1402.9828748703003
144	-83.22876	24.877054	-57.939213	-156.15758	-70.28842	19.167894	-45.852467	-106.64458	100.0	100.0	215999	-93.70354	22.941072	-55.976772	-211.24683	93.25793	1.1956452	1413.0051305294037
145	-72.43288	16.36959	-42.93756	-100.29399	-65.10387	19.793188	-31.337013	-87.16297	100.0	100.0	217499	-93.36466	23.10165	-55.633373	-209.6819	92.917816	1.2144895	1422.9737865924835
146	-77.707504	26.330317	-33.506645	-120.71022	-85.17891	35.421745	-39.777	-165.15053	100.0	100.0	218999	-93.05085	23.050373	-55.706436	-210.71985	92.62161	1.1633556	1433.0679295063019
147	-84.70419	30.228361	-37.385483	-161.15067	-77.15237	29.651169	-41.299057	-142.35774	100.0	100.0	220499	-92.753044	23.051838	-55.137108	-213.54987	92.325066	1.1560476	1443.1351850032806
148	-67.50207	24.755667	-30.889927	-119.63591	-62.23147	22.318386	-22.95802	-96.75668	100.0	100.0	221999	-92.69725	23.277521	-54.73841	-213.10808	92.280365	1.1895963	1453.2165184020996
149	-74.79908	23.135792	-34.516617	-128.4588	-90.63146	33.412716	-40.70895	-152.44032	100.0	100.0	223499	-92.39463	23.169388	-54.496277	-212.45094	91.96835	1.1696776	1463.293072462082
150	-79.014084	34.44802	-24.438614	-154.74841	-76.64067	20.812706	-45.672745	-120.85869	100.0	100.0	224999	-92.21784	23.344894	-53.92756	-213.53595	91.80406	1.1663214	1473.2231669425964
151	-65.672714	20.526865	-25.103607	-119.16142	-71.52315	22.475672	-25.86812	-98.696754	100.0	100.0	226499	-92.11961	23.310604	-53.25542	-209.31934	91.71927	1.2070107	1483.2156825065613
152	-71.00575	17.649815	-52.99729	-112.38791	-89.0872	26.914177	-59.61212	-161.16878	100.0	100.0	227999	-91.91876	23.319973	-52.993942	-211.50618	91.51306	1.2089648	1493.2836911678314
153	-79.01887	32.094048	-31.101957	-145.73712	-97.934265	45.35222	-39.62985	-169.8743	100.0	100.0	229499	-91.674034	23.283993	-52.04199	-206.90263	91.263626	1.2132231	1503.3884675502777
154	-78.7467	28.614492	-36.968624	-135.56041	-86.23546	25.541988	-36.039875	-115.31382	100.0	100.0	230999	-91.57387	23.34857	-51.712406	-207.81012	91.17257	1.2023323	1513.4374537467957
155	-88.269684	16.758068	-67.756	-116.43737	-86.60718	21.239462	-60.706665	-134.46132	100.0	100.0	232499	-91.47858	23.414093	-51.040142	-204.62398	91.059105	1.2327604	1523.44881939888
156	-82.286934	32.234047	-34.628643	-146.86232	-76.06972	28.266693	-38.864796	-127.70049	100.0	100.0	233999	-91.07567	23.243559	-51.185005	-205.43224	90.66096	1.2107501	1533.6016104221344
157	-67.69962	19.730167	-35.247578	-102.28581	-91.70402	17.136631	-61.842606	-123.92011	100.0	100.0	235499	-90.864685	23.27785	-51.141502	-203.38077	90.441414	1.2511714	1543.6702497005463
158	-80.68944	25.081774	-40.238472	-129.03575	-73.54163	37.45664	-25.493574	-164.81714	100.0	100.0	236999	-90.54696	23.238373	-50.32866	-205.07744	90.12455	1.1933994	1553.7402369976044
159	-76.89097	23.391062	-44.155758	-126.67706	-82.20176	37.288757	-29.03061	-146.58545	100.0	100.0	238499	-90.2868	23.292704	-49.484215	-205.418	89.869064	1.2093327	1563.8332755565643
160	-71.20753	21.864655	-31.785206	-110.70634	-72.4399	26.745153	-28.300209	-125.404884	100.0	100.0	239999	-89.93908	23.12857	-48.980698	-205.58258	89.512924	1.218487	1574.056301832199
161	-75.48304	25.559639	-36.171658	-145.99138	-71.23357	19.914272	-26.057693	-97.48868	100.0	100.0	241499	-89.69468	23.070122	-49.320168	-204.46101	89.27694	1.2017196	1584.0960848331451
162	-69.930595	24.179018	-22.7737	-105.05731	-76.953125	23.615227	-42.266735	-117.55238	100.0	100.0	242999	-89.43674	22.91391	-49.339027	-203.88423	89.03313	1.1750833	1594.133760213852
163	-69.53152	23.79451	-35.622665	-109.85762	-78.44432	29.201326	-44.641006	-154.72536	100.0	100.0	244499	-89.21052	22.792194	-49.60483	-203.25043	88.81023	1.1616874	1604.294457912445
164	-66.44768	25.273733	-29.09956	-124.116455	-68.485565	24.49058	-47.24787	-123.25058	100.0	100.0	245999	-88.98217	22.61148	-49.426556	-201.69008	88.58536	1.1747364	1614.3779530525208
165	-69.31806	19.40136	-36.406822	-103.32257	-73.87312	21.658154	-26.734308	-106.249146	100.0	100.0	247499	-88.88453	22.529417	-48.397648	-201.88321	88.4844	1.1926856	1624.4017984867096
166	-71.34499	21.897894	-31.985334	-112.36947	-69.883995	17.631472	-39.080215	-96.293655	100.0	100.0	248999	-88.66292	22.47141	-47.800457	-204.29358	88.2525	1.1681904	1634.5146164894104
167	-66.61721	18.834475	-19.513376	-92.64829	-75.153015	20.508461	-38.666203	-102.82358	100.0	100.0	250499	-88.262245	22.224245	-47.010876	-198.1776	87.845856	1.1791961	1644.5729610919952
168	-77.64723	25.815529	-40.313156	-135.13568	-72.99404	30.016586	-34.85139	-151.49379	100.0	100.0	251999	-88.081	22.29139	-46.3194	-198.87958	87.664375	1.187934	1654.6809301376343
169	-73.524796	23.06104	-35.938854	-114.447334	-84.910255	15.616225	-61.422756	-108.8712	100.0	100.0	253499	-87.73708	22.210379	-44.996796	-198.72348	87.30825	1.1875511	1664.7898271083832
170	-81.779594	22.506207	-48.475986	-125.82134	-68.76192	29.12994	-27.422922	-106.41624	100.0	100.0	254999	-87.376816	22.15143	-44.216843	-200.62503	86.95133	1.1572673	1674.752082824707
171	-71.83459	25.345018	-38.21265	-114.494865	-82.09718	25.13375	-47.75029	-133.07526	100.0	100.0	256499	-86.79278	21.990952	-43.39942	-197.07243	86.36818	1.1658741	1684.8688673973083
172	-64.30527	18.951954	-22.952942	-94.10786	-76.41391	33.48511	-25.539534	-158.11688	100.0	100.0	257999	-86.55636	21.909866	-42.242847	-191.70587	86.13215	1.1464059	1694.9018638134003
173	-72.17602	24.338987	-37.911522	-128.87105	-75.99498	21.849308	-39.055847	-125.5531	100.0	100.0	259499	-86.20285	21.836363	-42.20391	-190.94128	85.77235	1.1723624	1704.9826517105103
174	-74.049416	22.427948	-39.192593	-122.15326	-77.035934	18.308405	-47.50295	-111.25657	100.0	100.0	260999	-85.78463	21.829771	-41.08467	-192.05186	85.355	1.1643169	1715.0034070014954
175	-75.931656	28.652306	-42.21955	-148.01535	-78.07045	24.767813	-41.56088	-122.794495	100.0	100.0	262499	-85.468864	21.874392	-41.034546	-190.12737	85.04345	1.1458356	1725.108565568924
176	-82.12584	29.050194	-44.899334	-138.92152	-71.95135	20.443449	-37.954727	-101.82858	100.0	100.0	263999	-84.996475	21.7902	-40.428024	-186.72203	84.545525	1.1307741	1735.0227527618408
177	-67.94067	26.47539	-28.952515	-138.62671	-77.61061	29.312092	-35.356964	-140.73589	100.0	100.0	265499	-84.48134	21.615255	-40.01431	-184.15863	84.04744	1.1229372	1745.0015285015106
178	-79.72642	26.196024	-49.569714	-151.92644	-70.269554	18.184628	-43.963352	-106.0916	100.0	100.0	266999	-84.10439	21.554062	-39.60931	-184.49078	83.679565	1.1423749	1755.0917949676514
179	-80.88484	16.551384	-51.87808	-109.29333	-72.2182	18.758419	-42.548363	-99.68683	100.0	100.0	268499	-83.82942	21.392689	-40.062073	-182.74286	83.41535	1.1297308	1765.1081891059875
180	-82.92277	27.294626	-44.636566	-152.94577	-71.41148	17.290865	-49.031185	-105.79819	100.0	100.0	269999	-83.62863	21.261074	-39.742733	-182.62817	83.21667	1.1076158	1775.2969455718994
181	-64.45327	24.023718	-27.376993	-109.0869	-66.06836	23.078135	-27.417223	-94.53186	100.0	100.0	271499	-83.25621	21.061857	-39.506107	-184.83221	82.8481	1.1379216	1785.3673119544983
182	-77.07334	22.570862	-32.49374	-115.37242	-74.611465	28.009893	-35.448452	-119.744286	100.0	100.0	272999	-83.0893	21.124943	-39.74292	-183.20848	82.660034	1.1282989	1795.4720466136932
183	-67.259125	18.80326	-34.58744	-102.18328	-72.80055	14.807428	-38.23773	-99.30559	100.0	100.0	274499	-82.5872	21.124382	-39.639153	-183.18687	82.149925	1.1467294	1805.5703947544098
184	-66.3751	27.66396	-20.488432	-141.52399	-66.97947	28.655277	-32.254017	-124.2657	100.0	100.0	275999	-82.22215	21.072674	-39.147438	-182.88277	81.78907	1.1538324	1815.7197284698486
185	-63.989704	24.236511	-30.52447	-113.3662	-68.57121	26.328089	-23.818712	-110.54582	100.0	100.0	277499	-81.843506	21.191713	-39.281013	-182.22491	81.42277	1.1333414	1825.8206074237823
186	-63.313652	20.027353	-29.639225	-100.95104	-67.22851	13.520519	-48.941154	-92.0098	100.0	100.0	278999	-81.47277	21.356405	-39.03099	-181.58636	81.0379	1.1614	1835.890596151352
187	-64.028725	18.387531	-25.143026	-95.83392	-81.96061	22.103682	-42.13744	-114.289696	100.0	100.0	280499	-81.02988	21.443197	-39.376457	-180.08406	80.59712	1.1474954	1845.9694004058838
188	-68.2744	29.437883	-29.17624	-131.44525	-70.83989	16.390274	-50.360054	-102.81935	100.0	100.0	281999	-80.73998	21.414091	-39.301895	-177.25636	80.31676	1.1371442	1856.0323255062103
189	-62.76508	20.351282	-32.991085	-103.37952	-74.22941	25.34622	-35.000416	-121.28395	100.0	100.0	283499	-80.34037	21.450094	-39.149475	-174.31734	79.91509	1.1515115	1866.1133632659912
190	-66.45315	29.71234	-22.403193	-126.91198	-74.93819	27.395208	-39.63455	-139.23021	100.0	100.0	284999	-79.91017	21.526125	-39.474052	-178.84929	79.47642	1.143039	1876.06325507164
191	-68.00129	20.74357	-38.31086	-118.25842	-78.084274	31.525581	-30.264412	-133.96387	100.0	100.0	286499	-79.690056	21.537218	-39.653427	-180.56415	79.28134	1.1340148	1886.1863598823547
192	-76.25737	29.065302	-33.128647	-133.62892	-65.45661	25.284458	-40.731304	-118.388794	100.0	100.0	287999	-79.47541	21.576618	-39.149517	-177.52805	79.06825	1.1030625	1896.3512995243073
193	-69.28388	25.458668	-32.437138	-122.337875	-80.16174	17.496115	-47.781788	-112.2275	100.0	100.0	289499	-79.32078	21.604256	-38.72854	-178.23239	78.912445	1.0899775	1906.4185600280762
194	-73.775276	23.38603	-27.459225	-103.17497	-62.136505	24.7048	-29.044792	-98.4988	100.0	100.0	290999	-78.988655	21.655537	-37.70553	-179.80351	78.55858	1.1375113	1916.5037033557892
195	-81.54141	31.592476	-33.34255	-142.9769	-67.512726	22.663855	-41.622253	-114.56346	100.0	100.0	292499	-78.8194	21.790855	-36.928833	-182.38057	78.40419	1.1137372	1926.5478234291077
196	-73.18477	22.012205	-32.051815	-114.13209	-62.47233	23.75321	-19.364584	-98.14333	100.0	100.0	293999	-78.41965	21.931932	-36.221832	-183.86115	77.995384	1.1127667	1936.5511083602905
197	-68.634224	22.442944	-26.718203	-116.444084	-73.1612	13.552764	-54.005146	-92.24906	100.0	100.0	295499	-78.07731	21.961481	-36.128998	-184.30229	77.6682	1.1162357	1946.6039180755615
198	-62.05363	27.397226	-17.968801	-144.38136	-54.786705	16.138868	-33.64067	-92.295265	100.0	100.0	296999	-77.95776	22.051102	-35.53137	-177.76733	77.542465	1.1082954	1956.6248593330383
199	-71.86926	23.274408	-32.620754	-120.43752	-74.2794	48.298492	-24.839947	-195.52095	100.0	100.0	298499	-77.71603	22.28557	-35.23015	-180.47798	77.29917	1.1114372	1966.7025527954102
200	-66.989494	22.85578	-31.355015	-126.57645	-65.198364	19.494877	-34.69927	-94.03065	100.0	100.0	299999	-77.42403	22.300995	-33.909973	-179.4996	77.00421	1.1250576	1976.6270563602448
201	-55.549076	13.105102	-42.04689	-93.71262	-60.42917	23.442955	-30.217575	-109.60889	100.0	100.0	301499	-77.19558	22.462776	-33.56988	-182.99895	76.776375	1.1282567	1986.5974943637848
202	-64.96778	20.695156	-41.226727	-114.65213	-73.83703	14.044871	-39.725143	-89.85814	100.0	100.0	302999	-76.85553	22.454784	-32.885796	-181.68127	76.45213	1.1039171	1996.6909120082855
203	-70.83948	20.517233	-38.976273	-122.693924	-62.37248	20.567888	-35.824413	-90.69592	100.0	100.0	304499	-76.73727	22.522415	-32.852005	-186.54257	76.32534	1.1319294	2006.6923015117645
204	-70.25677	29.44989	-30.401325	-124.84666	-50.893642	15.775643	-27.22365	-85.25939	100.0	100.0	305999	-76.534546	22.537195	-32.057255	-182.68536	76.12031	1.132389	2016.7579205036163
205	-64.72365	12.49359	-36.438507	-87.84447	-53.22978	12.2083645	-34.35228	-74.032295	100.0	100.0	307499	-76.19989	22.520628	-30.635004	-183.7473	75.782486	1.1668453	2026.6915571689606
206	-58.435135	18.853579	-23.874758	-90.60288	-61.033703	19.373009	-30.093084	-87.70679	100.0	100.0	308999	-75.9762	22.519703	-30.386496	-180.2599	75.574196	1.1238935	2036.6748645305634
207	-71.08804	18.180426	-42.29051	-101.87227	-56.48632	22.052969	-19.914774	-98.07938	100.0	100.0	310499	-75.73418	22.492434	-29.456083	-180.285	75.33849	1.1075346	2046.660143852234
208	-66.72262	14.48044	-45.386894	-103.990395	-61.68625	30.506319	-19.307798	-117.356544	100.0	100.0	311999	-75.655365	22.631683	-29.222084	-186.48181	75.25849	1.1353585	2056.634335041046
209	-67.53305	17.72488	-37.01817	-99.96402	-63.8303	19.370878	-37.583088	-93.40179	100.0	100.0	313499	-75.563866	22.5865	-28.998747	-184.04315	75.18179	1.122636	2066.697908639908
210	-62.319336	18.958864	-39.06392	-116.18836	-53.59716	19.815384	-26.550217	-86.80596	100.0	100.0	314999	-75.64851	22.731403	-29.059568	-185.15126	75.26915	1.1625022	2076.795548439026
211	-75.469826	24.640425	-37.43262	-129.54024	-68.396355	13.226839	-40.2592	-92.93971	100.0	100.0	316499	-75.523415	22.631578	-28.166376	-186.6064	75.136314	1.1266688	2086.8699855804443
212	-61.613407	16.446121	-37.702835	-106.05636	-61.1356	20.870174	-25.27223	-97.16956	100.0	100.0	317999	-75.5693	22.69926	-28.022532	-181.59354	75.19627	1.1327176	2096.983395576477
213	-59.537754	15.045222	-38.630066	-84.4533	-64.505424	25.63599	-31.811846	-122.08177	100.0	100.0	319499	-75.48338	22.594965	-28.013983	-183.19809	75.10602	1.1036592	2107.0701081752777
214	-66.10572	22.961273	-34.83746	-128.69017	-70.40952	28.68576	-29.760817	-105.468575	100.0	100.0	320999	-75.425896	22.67729	-27.878136	-184.61151	75.04753	1.0989357	2117.1691064834595
215	-66.80404	21.699469	-36.087536	-101.61717	-69.00256	15.644955	-47.879883	-93.235535	100.0	100.0	322499	-75.37767	22.594343	-28.224545	-184.76625	74.99775	1.0969974	2127.272162437439
216	-63.719444	24.781029	-29.974121	-102.09075	-78.766136	29.371828	-24.221045	-135.17938	100.0	100.0	323999	-75.40162	22.487173	-28.099985	-183.18646	75.022545	1.1007756	2137.422602891922
217	-67.75152	24.957136	-31.101671	-113.51033	-64.054565	18.938074	-41.69964	-91.97628	100.0	100.0	325499	-75.14358	22.395084	-28.374657	-182.74742	74.76194	1.0915116	2147.541949748993
218	-74.37179	26.076815	-31.488203	-112.37154	-70.45622	28.75784	-22.188175	-122.10395	100.0	100.0	326999	-75.018845	22.30776	-28.755264	-183.35268	74.63244	1.0727448	2157.6692786216736
219	-73.250145	17.061386	-39.558933	-99.28409	-65.77102	25.97311	-29.883814	-103.890205	100.0	100.0	328499	-75.03045	22.303347	-28.607128	-183.45615	74.64128	1.0842779	2167.845148086548
220	-72.99828	27.49999	-36.955593	-128.6206	-68.33818	17.495678	-36.065086	-98.59369	100.0	100.0	329999	-74.947464	22.200151	-28.780464	-187.03453	74.56444	1.0285754	2177.9889459609985
221	-66.233475	19.801899	-31.250553	-102.74049	-72.429	17.14257	-53.961174	-106.86076	100.0	100.0	331499	-74.73233	22.115593	-29.291737	-182.78227	74.349045	1.0359706	2188.01247215271
222	-60.54316	19.304892	-24.445528	-89.39422	-87.82736	21.348845	-44.602806	-109.65373	100.0	100.0	332999	-74.63423	22.078314	-29.279242	-185.21602	74.25419	1.0409055	2198.2464780807495
223	-69.010185	27.699099	-36.794506	-127.308426	-67.51322	16.499962	-42.20383	-87.46786	100.0	100.0	334499	-74.569664	22.064785	-29.868092	-183.99199	74.193825	1.0372328	2208.548772573471
224	-64.15023	25.747293	-34.705013	-139.24014	-68.66999	26.168287	-35.07697	-120.40379	100.0	100.0	335999	-74.49664	21.979677	-30.686075	-177.64096	74.125374	1.0428878	2218.7479481697083
225	-55.234898	20.086843	-27.33657	-99.5389	-74.2173	17.251814	-43.26302	-100.203316	100.0	100.0	337499	-74.569984	22.112482	-29.929895	-179.6977	74.20847	1.0090593	2228.9270000457764
226	-71.16921	26.77746	-21.086245	-126.23578	-67.93985	30.804409	-32.267296	-132.6987	100.0	100.0	338999	-74.49901	21.996147	-31.040741	-185.75902	74.12907	1.0253307	2239.1228704452515
227	-62.205997	24.688843	-25.344343	-125.780106	-53.931755	17.347542	-37.003487	-87.031	100.0	100.0	340499	-74.41442	22.040894	-31.087414	-186.11954	74.03336	1.0189546	2249.354104280472
228	-61.876205	14.493004	-37.251217	-84.2517	-71.216484	31.902704	-30.852488	-120.91388	100.0	100.0	341999	-74.17274	22.001204	-31.542751	-182.43925	73.787315	1.0291753	2259.5163362026215
229	-66.063354	23.204275	-22.825392	-103.83815	-64.35313	28.321804	-17.882423	-122.35017	100.0	100.0	343499	-73.875336	22.112503	-31.11224	-181.41496	73.491554	1.0330794	2269.6364636421204
230	-62.71922	29.927553	-32.85793	-134.20258	-53.1617	25.42943	-17.838919	-101.4318	100.0	100.0	344999	-73.85937	22.214037	-31.300621	-181.54832	73.48221	1.0128584	2279.682844400406
231	-58.77355	17.644821	-27.69992	-86.256355	-78.288086	21.99706	-51.183655	-116.30161	100.0	100.0	346499	-73.606834	22.294106	-31.066591	-180.90779	73.216934	1.0445197	2289.82679104805
232	-68.46556	28.97353	-33.370525	-130.18675	-76.82896	24.261251	-45.54695	-131.40436	100.0	100.0	347999	-73.301735	22.263916	-30.609116	-177.53885	72.91601	1.0379827	2299.9389946460724
233	-75.357765	30.233719	-34.436687	-135.44572	-69.422745	25.644255	-40.492558	-114.99012	100.0	100.0	349499	-73.12493	22.30339	-30.914648	-181.67181	72.75634	1.0421169	2310.0618793964386
234	-60.920593	23.802172	-39.197784	-125.85146	-73.50071	26.160992	-35.24357	-119.70474	100.0	100.0	350999	-73.09056	22.4034	-30.80588	-177.40189	72.71113	1.0407679	2320.1237001419067
235	-63.891773	25.89554	-23.542751	-121.968185	-52.618652	20.40799	-14.710139	-80.706726	100.0	100.0	352499	-72.842964	22.40752	-29.925104	-182.40688	72.46967	1.0248011	2330.200436115265
236	-65.39704	27.7495	-26.4681	-145.3241	-78.832504	24.309229	-47.19584	-118.78289	100.0	100.0	353999	-72.71052	22.498772	-29.760338	-176.48795	72.33188	1.0186586	2340.375946521759
237	-60.421852	18.946304	-27.26307	-105.29434	-65.63513	29.896801	-25.32622	-120.97089	100.0	100.0	355499	-72.4194	22.485672	-29.733784	-176.17	72.0345	1.0177172	2350.625330209732
238	-67.73386	21.661695	-33.176804	-123.57017	-60.391716	16.401081	-39.639744	-91.54634	100.0	100.0	356999	-72.20448	22.571692	-29.122215	-179.0048	71.8002	1.0796922	2360.815262556076
239	-67.73976	24.73683	-26.271955	-113.85364	-64.01601	15.691097	-50.660316	-103.317314	100.0	100.0	358499	-71.80336	22.547308	-29.123873	-178.68906	71.40027	1.0488228	2370.9623522758484
240	-64.76531	21.335209	-30.45896	-105.80524	-54.11516	18.308025	-30.873064	-90.25444	100.0	100.0	359999	-71.404854	22.516071	-28.9775	-186.6757	71.00331	1.0342827	2381.1665766239166
241	-68.28555	19.8284	-36.841663	-102.962524	-69.208405	30.786026	-30.233856	-147.12411	100.0	100.0	361499	-71.06132	22.63309	-28.790503	-180.30965	70.66259	1.0561271	2391.3251242637634
242	-63.73133	15.239494	-33.64558	-89.65336	-73.96133	28.523003	-43.645397	-149.30136	100.0	100.0	362999	-70.95689	22.680815	-27.463928	-182.2204	70.57065	1.0148427	2401.4595804214478
243	-59.62028	17.111431	-35.093204	-91.17724	-59.894043	24.181602	-28.901356	-112.61062	100.0	100.0	364499	-70.65982	22.67344	-27.273716	-176.97586	70.27877	1.0241466	2411.5873868465424
244	-70.56752	24.792728	-37.397354	-118.94754	-62.932323	30.78682	-27.79018	-128.01833	100.0	100.0	365999	-70.486984	22.691635	-27.405708	-183.4992	70.10696	1.0150527	2421.7500846385956
245	-59.339653	16.537655	-33.2132	-88.84335	-74.55635	28.99385	-26.305582	-139.49284	100.0	100.0	367499	-70.49755	22.661549	-27.412521	-183.63174	70.13164	1.002998	2431.8869202136993
246	-69.62432	18.96848	-41.217907	-119.90588	-64.78541	17.230713	-37.670124	-97.865746	100.0	100.0	368999	-70.27507	22.511343	-27.839624	-178.62007	69.90867	1.0020261	2442.0420882701874
247	-63.55198	22.638641	-19.340223	-97.42742	-68.31712	35.56457	-20.610111	-150.93213	100.0	100.0	370499	-70.30365	22.671154	-28.323034	-174.67065	69.92755	1.0012455	2452.2092809677124
248	-58.733437	15.691395	-32.793053	-84.94662	-57.143272	19.807987	-21.590513	-83.137596	100.0	100.0	371999	-70.217896	22.763123	-28.328606	-175.32124	69.82895	0.99804294	2462.244284629822
249	-66.0904	20.117521	-37.519764	-94.58003	-68.332535	22.658192	-39.175354	-99.525	100.0	100.0	373499	-69.88374	22.811413	-27.954132	-181.35829	69.49579	1.001713	2472.4071850776672
250	-59.66213	17.18988	-34.99661	-94.36348	-60.48003	22.917057	-18.182543	-113.769135	100.0	100.0	374999	-69.82402	22.973858	-26.523842	-177.47804	69.43695	1.0359493	2482.5191571712494
251	-68.7839	19.353985	-49.607273	-121.155624	-67.214584	26.891682	-24.641087	-130.96855	100.0	100.0	376499	-69.63251	22.981281	-26.639318	-182.06064	69.253494	0.99568456	2492.6778807640076
252	-61.421814	15.925273	-34.003437	-85.92007	-57.209003	15.213356	-33.34432	-82.71559	100.0	100.0	377999	-69.40014	23.121565	-26.48141	-177.75217	69.00693	1.0399389	2502.751686811447
253	-62.013573	16.164352	-33.64826	-98.941	-68.032936	19.720598	-37.935547	-98.74289	100.0	100.0	379499	-68.92662	23.044157	-26.466043	-181.40468	68.52273	1.0156825	2512.7614271640778
254	-59.87034	19.824165	-31.157604	-112.395645	-55.94895	17.446337	-32.17812	-87.914246	100.0	100.0	380999	-68.73136	23.146402	-26.047873	-179.60297	68.3383	1.0343881	2522.855832338333
255	-60.219334	22.996881	-29.656942	-99.752625	-60.6844	24.940092	-31.757555	-100.762314	100.0	100.0	382499	-68.436195	23.275524	-25.628006	-177.92854	68.04604	1.0047569	2533.047683238983
256	-59.458176	16.637457	-29.823956	-85.98039	-51.053288	18.485596	-23.01107	-83.07819	100.0	100.0	383999	-68.19043	23.234308	-26.267857	-180.39105	67.816444	0.99996394	2543.0916197299957
257	-63.34536	17.158834	-34.35413	-96.10628	-56.650806	15.768669	-36.20705	-89.02416	100.0	100.0	385499	-68.1861	23.30406	-26.50973	-179.6298	67.80669	1.0027001	2553.168676137924
258	-68.36202	12.34212	-49.371838	-90.08434	-54.902275	16.770782	-20.3291	-72.97093	100.0	100.0	386999	-67.918625	23.301826	-26.298546	-181.23524	67.53512	1.0223352	2563.2895455360413
259	-63.005238	14.627807	-41.804276	-92.62674	-48.978966	20.881529	-20.070732	-88.29587	100.0	100.0	388499	-67.85999	23.35239	-26.562944	-176.31396	67.48364	1.0124005	2573.3086400032043
260	-63.971306	18.213423	-27.441671	-108.53057	-62.178455	9.714372	-44.804504	-82.56493	100.0	100.0	389999	-67.442	23.383955	-26.09329	-172.49278	67.05619	1.019097	2583.3078949451447
261	-69.66604	19.811594	-48.1289	-110.40899	-64.20848	22.329641	-31.683596	-97.10709	100.0	100.0	391499	-67.349014	23.352854	-25.66955	-174.94469	66.97342	1.0012319	2593.391117811203
262	-50.2692	17.377432	-27.702768	-96.59215	-56.88906	16.1235	-30.106115	-82.11245	100.0	100.0	392999	-67.01452	23.371243	-25.698774	-172.39262	66.63136	1.0492022	2603.4332134723663
263	-67.87469	21.649807	-41.134342	-114.77777	-54.067688	14.551002	-32.36745	-79.39984	100.0	100.0	394499	-66.926254	23.481665	-25.326145	-176.12141	66.54928	0.99479264	2613.4376997947693
264	-51.634148	13.9951935	-26.899115	-77.2788	-65.19816	10.21844	-42.717464	-79.77589	100.0	100.0	395999	-66.701294	23.493752	-24.415073	-170.77621	66.31269	1.0048674	2623.480832338333
265	-62.96477	18.113415	-34.204273	-93.32987	-57.25114	23.559353	-32.71636	-98.51658	100.0	100.0	397499	-66.39476	23.516642	-24.369247	-169.15997	66.004814	1.014559	2633.5401561260223
266	-75.91212	19.596209	-32.552193	-108.10286	-54.275795	20.847305	-21.66261	-95.73277	100.0	100.0	398999	-66.15407	23.454273	-24.445688	-172.31854	65.75411	1.0224684	2643.6185297966003
267	-72.74699	28.053963	-31.502363	-146.35934	-83.94952	33.047413	-46.94273	-143.25519	100.0	100.0	400499	-65.781334	23.371666	-24.133772	-170.41765	65.394226	1.0395652	2653.689492225647
268	-69.06409	23.191551	-41.108685	-126.14641	-67.36553	20.651007	-47.289455	-124.123375	100.0	100.0	401999	-65.61409	23.313353	-24.05656	-168.66801	65.22431	1.01382	2663.734619617462
269	-65.76092	16.288393	-43.19661	-99.85621	-59.803894	21.39198	-20.860432	-86.11259	100.0	100.0	403499	-65.385345	23.246563	-23.96886	-163.93813	65.007	1.0418876	2673.7420151233673
270	-67.33102	18.751204	-31.493177	-96.56879	-71.12671	20.4306	-28.261694	-95.8014	100.0	100.0	404999	-65.197075	23.194975	-23.948004	-173.8	64.8041	1.0322713	2683.8936955928802
271	-61.19285	24.735453	-25.305363	-104.66547	-71.76175	16.490528	-50.53672	-109.87736	100.0	100.0	406499	-64.82011	23.076944	-24.028276	-167.36086	64.438194	1.0191478	2694.02952337265
272	-74.9603	23.446495	-34.761337	-121.089195	-67.42425	31.077272	-37.393044	-150.01173	100.0	100.0	407999	-64.76776	23.043228	-23.967342	-164.98602	64.389534	1.0238847	2704.098037958145
273	-68.24644	27.725792	-26.905264	-147.6156	-70.088104	15.047767	-41.409245	-91.91889	100.0	100.0	409499	-64.55018	23.01644	-23.819532	-163.0619	64.161835	1.0379741	2714.2005848884583
274	-59.46249	15.77416	-35.48051	-90.972595	-58.039135	19.579689	-33.459103	-104.118675	100.0	100.0	410999	-64.30901	22.87627	-24.073805	-166.47194	63.924553	1.0157226	2724.2955510616302
275	-66.61741	15.701984	-50.2537	-96.34531	-69.79964	20.579344	-47.295883	-100.21031	100.0	100.0	412499	-64.0391	22.781181	-23.94137	-162.09912	63.658108	1.0000645	2734.354650735855
276	-59.65889	24.936481	-26.378698	-111.67121	-57.82024	22.033245	-38.325092	-101.68954	100.0	100.0	413999	-63.81174	22.771381	-23.731415	-166.00311	63.436825	1.0276965	2744.4249505996704
277	-63.586586	21.685816	-36.46993	-121.67364	-52.724445	13.340908	-23.381348	-67.64367	100.0	100.0	415499	-63.76916	22.64362	-23.534822	-160.91512	63.40126	1.00099	2754.3639204502106
278	-64.85989	20.63072	-35.091873	-114.63775	-50.36889	13.275303	-36.510395	-78.701324	100.0	100.0	416999	-63.691833	22.626266	-23.683079	-165.12169	63.312424	0.9945896	2764.4352056980133
279	-58.883938	17.609543	-27.3732	-85.42126	-60.583153	13.569124	-38.02241	-90.98396	100.0	100.0	418499	-63.53952	22.595278	-23.936832	-162.62328	63.150703	0.9822474	2774.5852205753326
280	-52.292667	17.82729	-20.790218	-88.83017	-73.90163	26.88047	-35.98658	-131.0463	100.0	100.0	419999	-63.327965	22.527771	-23.9023	-159.87071	62.95563	0.9796525	2784.712786436081
281	-62.496708	22.861975	-26.280973	-109.32597	-72.33349	22.145761	-34.342052	-117.843925	100.0	100.0	421499	-63.08002	22.47217	-24.211351	-160.49797	62.71446	1.0159321	2794.8086562156677
282	-56.85193	17.533365	-32.66744	-95.69473	-60.31491	21.871864	-22.515778	-91.23421	100.0	100.0	422999	-62.92982	22.46485	-23.767176	-159.67064	62.552094	0.9601616	2804.939843416214
283	-56.25614	27.777344	-18.312742	-109.291	-55.919556	17.708218	-39.637245	-97.97072	100.0	100.0	424499	-62.73842	22.40987	-23.95026	-160.71004	62.358536	0.9941892	2815.081216096878
284	-70.203964	22.264309	-31.734173	-110.868805	-52.734383	15.876247	-33.45241	-86.69744	100.0	100.0	425999	-62.6017	22.43344	-23.705942	-162.12637	62.226673	0.99000734	2825.106145620346
285	-61.759922	15.135008	-35.507664	-94.110344	-60.08256	33.705273	-21.8535	-135.07756	100.0	100.0	427499	-62.415825	22.27701	-23.43997	-160.00435	62.050312	0.9934069	2835.222332239151
286	-63.04827	17.472664	-32.860043	-100.50707	-52.502296	22.91169	-25.11883	-98.88222	100.0	100.0	428999	-62.17554	22.267147	-23.727394	-162.38005	61.796474	0.96715903	2845.3177592754364
287	-62.945946	20.095655	-29.571514	-89.64327	-73.67583	32.28073	-33.325058	-147.96396	100.0	100.0	430499	-62.053032	22.227825	-23.7147	-162.76094	61.6807	0.9754256	2855.5214188098907
288	-56.752888	20.341782	-34.065132	-117.29468	-70.20635	27.268974	-46.34807	-137.90968	100.0	100.0	431999	-61.893734	22.15249	-24.11197	-161.02986	61.51614	0.9683895	2865.633497238159
289	-62.708168	25.979591	-33.75546	-113.35657	-74.702446	23.165098	-33.62873	-111.01303	100.0	100.0	433499	-61.65592	22.099646	-24.103868	-159.5839	61.270844	0.9416678	2875.7029690742493
290	-60.491768	19.501799	-25.761255	-92.94097	-68.9518	42.737415	-28.26607	-183.14607	100.0	100.0	434999	-61.52084	22.055597	-23.772228	-158.71751	61.137814	0.9657647	2885.845702648163
291	-60.018417	15.691029	-27.216637	-82.06186	-64.13997	35.38176	-20.015173	-142.84889	100.0	100.0	436499	-61.326492	21.937384	-23.827747	-157.92192	60.95434	0.96672696	2895.9806439876556
292	-57.3022	15.503501	-38.071667	-95.441864	-58.010094	23.58935	-20.859735	-98.862366	100.0	100.0	437999	-61.154972	21.797768	-23.571882	-158.7536	60.781	0.93577236	2905.9886627197266
293	-61.99926	20.484062	-30.303835	-108.08395	-60.548225	24.22379	-32.412907	-111.97426	100.0	100.0	439499	-61.042355	21.639933	-23.53034	-161.49632	60.672962	0.94130313	2915.9874560832977
294	-51.96511	16.087378	-27.71152	-79.5844	-61.19964	22.70724	-35.26592	-93.61849	100.0	100.0	440999	-60.79949	21.489758	-23.467455	-158.85123	60.43349	0.9418398	2926.0499069690704
295	-61.815456	20.10326	-40.991463	-111.83975	-58.08304	31.793526	-25.583183	-127.26888	100.0	100.0	442499	-60.67698	21.47038	-23.555468	-158.63373	60.309647	0.92549884	2936.0836968421936
296	-63.76839	24.0335	-25.680235	-113.73746	-57.126686	19.02696	-31.01857	-82.84696	100.0	100.0	443999	-60.667812	21.285278	-23.365276	-153.38925	60.30065	0.9301315	2946.158926486969
297	-56.9127	18.474915	-37.115814	-104.5058	-65.48433	19.216053	-44.342346	-108.62047	100.0	100.0	445499	-60.512047	21.33619	-23.0836	-156.72054	60.150387	0.92046356	2956.2947289943695
298	-63.39143	28.281515	-35.44889	-137.53221	-57.325397	14.695185	-31.812565	-81.231064	100.0	100.0	446999	-60.52742	21.242441	-22.594212	-151.90622	60.168957	0.89212126	2966.468864440918
299	-53.59719	13.656427	-25.329391	-74.03493	-59.590057	23.043854	-23.956629	-101.76006	100.0	100.0	448499	-60.473213	21.275614	-23.24687	-152.92357	60.12774	0.8687524	2976.576586484909
300	-59.665634	18.84976	-34.992073	-100.3866	-69.72755	19.305115	-44.903656	-100.27831	100.0	100.0	449999	-60.565727	21.322313	-23.09244	-158.34473	60.218365	0.9057989	2986.7258083820343
301	-58.249275	22.95271	-27.645456	-119.37592	-56.7512	22.727997	-26.43286	-106.04581	100.0	100.0	451499	-60.63785	21.287771	-23.515097	-153.62872	60.292366	0.8730177	2996.8755095005035
302	-65.00649	20.947058	-36.63184	-110.4441	-58.295288	9.269585	-47.36525	-79.01267	100.0	100.0	452999	-60.59683	21.290047	-23.845673	-153.97694	60.24631	0.8884816	3006.9703793525696
303	-59.576466	22.023287	-28.967175	-124.1795	-63.38211	28.226828	-24.95881	-126.20291	100.0	100.0	454499	-60.63298	21.45175	-23.957619	-154.2201	60.29013	0.8831965	3017.1634125709534
304	-67.76638	18.527494	-34.90314	-95.51084	-51.1787	11.56035	-37.826057	-72.37533	100.0	100.0	455999	-60.739807	21.401386	-23.586418	-152.85977	60.382637	0.8874848	3027.315703392029
305	-61.182755	14.806073	-34.50985	-90.361946	-61.318653	16.355684	-40.953312	-104.539894	100.0	100.0	457499	-60.615913	21.425121	-23.98526	-157.58446	60.265667	0.8718942	3037.4856128692627
306	-64.36095	17.59931	-37.58732	-117.60113	-59.92103	28.701208	-28.656675	-130.24802	100.0	100.0	458999	-60.61246	21.451447	-24.085754	-156.72496	60.25872	0.8960223	3047.5886821746826
307	-60.535774	11.7197895	-32.03031	-79.54659	-61.488594	25.636663	-31.802385	-114.12427	100.0	100.0	460499	-60.613087	21.524872	-23.855175	-153.84029	60.249233	0.86376107	3057.776679992676
308	-65.973946	26.32017	-32.913345	-124.23097	-73.026566	31.383553	-31.461142	-131.75237	100.0	100.0	461999	-60.497513	21.593195	-23.774742	-153.55711	60.14122	0.8909658	3067.9766657352448
309	-63.94195	34.73757	-29.694426	-161.97739	-59.920574	11.196045	-43.454647	-83.22438	100.0	100.0	463499	-60.291626	21.537737	-23.531889	-154.76564	59.923817	0.90237004	3078.1914324760437
310	-64.33388	17.679081	-35.540047	-95.629524	-55.773815	20.333424	-24.066269	-92.95112	100.0	100.0	464999	-60.285774	21.517128	-23.364557	-155.9914	59.932823	0.8792448	3088.3775596618652
311	-69.22947	22.047876	-33.25617	-128.41696	-55.78418	18.65865	-25.681038	-78.00818	100.0	100.0	466499	-60.204086	21.546162	-23.401634	-154.58142	59.85169	0.8728629	3098.5807132720947
312	-58.591347	21.812174	-38.535328	-131.34465	-62.11335	16.099771	-38.49549	-92.18689	100.0	100.0	467999	-60.062107	21.438438	-23.548836	-154.7197	59.70134	0.88525194	3108.787490129471
313	-59.50933	17.84571	-35.87848	-93.30086	-71.19961	26.20987	-28.597954	-125.80719	100.0	100.0	469499	-60.020233	21.44413	-23.269363	-153.42052	59.655437	0.8669896	3118.9847691059113
314	-58.427326	18.055178	-33.901928	-103.68008	-67.30332	17.057676	-39.10746	-100.07831	100.0	100.0	470999	-59.965088	21.526917	-23.07876	-154.45184	59.601845	0.88072366	3129.207666873932
315	-62.75669	9.633641	-41.46144	-86.14361	-53.02284	13.70857	-32.546307	-74.833176	100.0	100.0	472499	-59.656914	21.56881	-23.161648	-154.42253	59.29852	0.88728434	3139.4499719142914
316	-59.693214	21.563429	-32.88851	-105.39083	-62.97524	18.867908	-26.978674	-89.31326	100.0	100.0	473999	-59.57028	21.61132	-23.137054	-155.6105	59.202873	0.87089276	3149.7296845912933
317	-52.20117	14.961204	-26.111025	-81.06568	-69.69127	27.604513	-34.526424	-122.20051	100.0	100.0	475499	-59.56558	21.743862	-23.312214	-157.87096	59.205425	0.8819104	3159.9500024318695
318	-52.04897	13.301652	-30.139727	-85.43242	-53.64666	16.237879	-23.154346	-74.48553	100.0	100.0	476999	-59.371914	21.92784	-22.895735	-153.59282	59.013542	0.89785075	3170.222484111786
319	-64.940475	20.052835	-35.534195	-101.7721	-63.08034	27.145002	-26.707884	-117.6534	100.0	100.0	478499	-59.277733	21.900526	-23.173767	-152.25589	58.907803	0.9066525	3180.348021507263
320	-62.88524	19.550955	-21.775888	-100.97129	-54.257286	23.714544	-25.57758	-93.711845	100.0	100.0	479999	-59.062153	21.944744	-23.03314	-151.98283	58.686222	0.92847997	3190.5830461978912
321	-53.013973	16.32044	-27.768375	-93.56911	-63.345337	17.540995	-38.609325	-103.42107	100.0	100.0	481499	-58.68928	21.829685	-22.290064	-153.0018	58.321377	0.91104466	3200.871726989746
322	-58.914078	19.621284	-36.386074	-98.6295	-59.952797	19.45179	-31.8765	-104.13448	100.0	100.0	482999	-58.561367	21.916588	-22.441797	-151.74864	58.191833	0.91716146	3211.1298427581787
323	-57.59477	20.091352	-25.515991	-102.22159	-58.127968	11.832248	-40.46299	-80.091095	100.0	100.0	484499	-58.402546	21.948635	-22.086918	-150.85208	58.03451	0.931548	3221.3306579589844
324	-63.812412	29.272905	-25.422144	-142.12227	-73.35652	25.865286	-36.99411	-118.527275	100.0	100.0	485999	-58.163166	21.885496	-21.806824	-153.09705	57.80172	0.93686295	3231.613750219345
325	-60.828518	13.352597	-39.88883	-97.95472	-71.03845	36.01918	-31.63943	-143.36545	100.0	100.0	487499	-58.02352	21.922588	-21.832127	-153.20634	57.666073	0.89446694	3241.80597281456
326	-69.94197	10.754709	-50.11239	-88.048706	-77.195564	30.127453	-50.38238	-160.25082	100.0	100.0	488999	-57.80797	21.720634	-21.607347	-148.62535	57.44731	0.8929555	3251.9769542217255
327	-58.476	19.854893	-27.90745	-99.35975	-61.282387	27.668064	-32.489307	-125.36781	100.0	100.0	490499	-57.942394	21.713003	-21.51084	-153.51648	57.58947	0.8779137	3262.105966567993
328	-73.45626	29.02743	-25.095573	-119.23072	-62.018177	19.843616	-42.057663	-97.483665	100.0	100.0	491999	-57.93598	21.739178	-21.369558	-152.0455	57.58571	0.85638714	3272.176340818405
329	-54.71451	20.877008	-33.07003	-123.99301	-59.83728	12.969413	-43.881477	-78.54258	100.0	100.0	493499	-57.903214	21.695433	-21.21416	-151.2654	57.55524	0.84681	3282.3857188224792
330	-74.39269	25.53734	-31.812178	-120.40099	-50.732674	17.545532	-34.738953	-94.88652	100.0	100.0	494999	-57.77362	21.517578	-21.087168	-152.69508	57.425957	0.835063	3292.5052738189697
331	-58.66016	16.15919	-37.69802	-103.68298	-61.421562	19.94033	-35.357216	-110.377975	100.0	100.0	496499	-57.82926	21.50404	-20.852043	-151.82109	57.479404	0.8209619	3302.6668865680695
332	-59.047356	19.438862	-31.878021	-97.91069	-66.48872	25.895899	-27.036957	-115.86941	100.0	100.0	497999	-57.826935	21.394058	-21.007898	-149.08755	57.49212	0.8529011	3312.862848997116
333	-62.039047	24.13728	-24.29066	-118.07254	-66.92598	27.372784	-36.570366	-135.68402	100.0	100.0	499499	-57.876534	21.380917	-21.232567	-151.88962	57.52455	0.82974106	3322.9608056545258
334	-56.066868	20.319387	-19.284294	-101.0035	-63.528847	27.106447	-17.973175	-113.91205	100.0	100.0	500999	-57.849148	21.326603	-21.66716	-153.03459	57.49626	0.8329093	3333.1834659576416
335	-56.97146	15.772886	-23.990868	-92.012115	-56.350456	20.012186	-23.811356	-92.34439	100.0	100.0	502499	-57.80662	21.250732	-21.741905	-151.11946	57.450726	0.8515101	3343.340092897415
336	-62.69974	16.771294	-40.698666	-102.523476	-49.815094	15.935686	-14.548457	-66.71741	100.0	100.0	503999	-57.641655	21.245358	-21.648306	-150.58401	57.28996	0.79300547	3353.5608608722687
337	-62.39938	21.957432	-35.6364	-113.69589	-59.417713	18.779495	-33.811874	-104.41977	100.0	100.0	505499	-57.488068	21.092928	-21.24768	-149.83821	57.12433	0.8348425	3363.6920309066772
338	-59.93657	18.165232	-29.963928	-96.860855	-60.87318	17.00411	-32.614204	-88.54974	100.0	100.0	506999	-57.46607	21.046543	-21.140394	-152.62537	57.11572	0.85522264	3373.8818097114563
339	-68.03352	14.001154	-45.855816	-90.550415	-61.787872	24.462017	-23.641567	-100.244514	100.0	100.0	508499	-57.289886	20.927284	-21.008312	-152.89207	56.9246	0.8476668	3384.034882068634
340	-50.925365	13.795357	-24.950401	-78.71898	-51.360096	12.862105	-33.709316	-78.59682	100.0	100.0	509999	-57.025475	20.763592	-21.024288	-151.40149	56.655327	0.8627569	3394.195638179779
341	-64.07575	15.238383	-30.793203	-90.07095	-55.05015	15.918607	-32.361748	-78.42147	100.0	100.0	511499	-56.94678	20.715845	-20.810276	-155.5155	56.58642	0.8718301	3404.359876871109
342	-62.89398	16.152975	-32.248608	-96.99195	-60.311634	19.40544	-33.381397	-106.90019	100.0	100.0	512999	-56.762352	20.664307	-20.845095	-150.04317	56.397835	0.8439141	3414.5893874168396
343	-63.204872	17.833014	-34.388325	-103.52427	-63.933563	15.819902	-44.936855	-102.109604	100.0	100.0	514499	-56.64196	20.658737	-20.320158	-152.96396	56.276585	0.8652364	3424.737570285797
344	-63.15891	28.105186	-30.638964	-150.18071	-66.273605	18.663641	-37.048676	-96.55699	100.0	100.0	515999	-56.46912	20.533806	-20.056702	-149.3472	56.101593	0.82748324	3434.942085981369
345	-63.34685	15.467179	-34.154095	-93.56422	-51.55901	13.326143	-33.408245	-76.53598	100.0	100.0	517499	-56.21244	20.421377	-19.530817	-152.29001	55.842022	0.81357944	3445.065264225006
346	-62.25577	14.421805	-39.00087	-97.9451	-50.89935	11.820936	-36.094524	-68.9835	100.0	100.0	518999	-55.960373	20.312637	-19.709425	-152.37561	55.591602	0.8064917	3455.262849330902
347	-55.580933	15.620185	-31.356909	-82.93231	-58.492836	17.032013	-22.268959	-90.73362	100.0	100.0	520499	-55.83499	20.217083	-19.92649	-152.54321	55.468292	0.8107865	3465.384435415268
348	-57.15245	16.379066	-18.547802	-79.09834	-65.73559	20.338985	-34.20711	-106.14283	100.0	100.0	521999	-55.68015	20.126688	-19.939058	-151.03459	55.305035	0.8252793	3475.5808997154236
349	-57.033913	13.343353	-42.075092	-82.346146	-68.098434	21.99933	-31.224945	-107.22444	100.0	100.0	523499	-55.400787	20.027342	-19.541805	-148.31699	55.037197	0.81680477	3485.784200191498
350	-58.624996	16.48933	-32.07919	-87.016304	-66.259384	28.03526	-12.470869	-110.93391	100.0	100.0	524999	-55.221733	19.81636	-19.68588	-150.32617	54.86183	0.8146	3496.048861026764
351	-59.904213	17.149162	-37.162754	-98.27775	-56.196827	10.429094	-41.065834	-72.81221	100.0	100.0	526499	-55.21604	19.667656	-20.43475	-151.53777	54.852734	0.8007416	3506.1950838565826
352	-62.7002	16.87181	-36.24512	-97.03828	-47.821762	18.50296	-23.291658	-77.08482	100.0	100.0	527999	-55.122475	19.489637	-20.291134	-148.4005	54.76203	0.7998773	3516.3844735622406
353	-55.962696	18.88734	-28.957947	-98.48492	-69.55159	23.259409	-38.11428	-115.78332	100.0	100.0	529499	-54.976425	19.30555	-20.217436	-148.13412	54.617825	0.7810713	3526.5907080173492
354	-64.562065	16.41372	-31.117489	-94.43928	-63.505775	23.124098	-22.933723	-100.67508	100.0	100.0	530999	-54.80475	19.259377	-20.05856	-151.09222	54.438885	0.7940887	3536.787596464157
355	-60.47566	16.858122	-33.047565	-93.814354	-43.186207	14.721436	-18.433804	-70.01087	100.0	100.0	532499	-54.78353	19.136293	-18.886433	-150.20004	54.42551	0.77074075	3546.9693517684937
356	-65.49013	15.161664	-34.831413	-93.83828	-75.3091	20.650768	-46.019238	-119.8616	100.0	100.0	533999	-54.716896	19.130516	-19.003628	-147.48192	54.355198	0.7876351	3557.0944957733154
357	-64.02347	20.136929	-34.68095	-96.09467	-60.44684	23.5016	-15.764439	-94.82389	100.0	100.0	535499	-54.677277	19.111103	-18.615255	-148.70134	54.318832	0.7604219	3567.278225183487
358	-50.26719	13.27995	-33.98528	-79.23254	-65.446075	23.602627	-27.144451	-107.03106	100.0	100.0	536999	-54.46966	18.920399	-18.347223	-147.98235	54.11531	0.7501597	3577.3677971363068
359	-51.8838	12.009852	-30.978905	-84.91928	-53.001183	23.15013	-26.828115	-93.4727	100.0	100.0	538499	-54.38653	18.941572	-17.896755	-143.5488	54.027332	0.75513524	3587.453004360199
360	-56.02349	15.836332	-31.649965	-98.03236	-53.6203	13.962795	-29.46292	-77.51765	100.0	100.0	539999	-54.38872	18.886854	-18.078646	-148.87254	54.04814	0.7885561	3597.674267053604
361	-60.067955	16.651516	-35.027164	-96.03194	-64.31814	12.342355	-42.499985	-84.43449	100.0	100.0	541499	-54.359825	18.803432	-17.992315	-150.04276	54.01054	0.7725714	3607.928602695465
362	-69.53836	20.879902	-39.907536	-114.5608	-57.616264	13.621398	-35.525646	-74.95859	100.0	100.0	542999	-54.460354	18.749584	-17.858463	-149.52051	54.112198	0.7670249	3618.1277360916138
363	-55.50396	22.033737	-15.304298	-99.6412	-70.957085	14.021843	-52.107838	-93.19008	100.0	100.0	544499	-54.409924	18.778912	-17.624271	-149.42801	54.06577	0.7569741	3628.232873439789
364	-56.274956	13.701453	-30.176472	-89.111305	-64.57521	26.37116	-28.330347	-106.535995	100.0	100.0	545999	-54.40231	18.72588	-17.991201	-150.5821	54.060772	0.7910956	3638.4123299121857
365	-59.21432	9.525473	-36.115177	-81.3509	-65.81685	15.190666	-42.42304	-90.09031	100.0	100.0	547499	-54.519352	18.692953	-17.903389	-147.17082	54.18418	0.7669702	3648.51903796196
366	-65.63723	21.101534	-27.496767	-102.04668	-36.57113	11.539273	-21.034416	-57.700092	100.0	100.0	548999	-54.472706	18.642097	-18.086386	-148.24481	54.129505	0.75465024	3658.749794960022
367	-56.39563	15.951933	-31.8142	-83.50284	-54.432747	21.386911	-27.194838	-105.164696	100.0	100.0	550499	-54.576725	18.565592	-18.330282	-151.11302	54.246334	0.75477976	3668.8970017433167
368	-66.07682	20.465803	-37.33706	-120.26793	-40.281563	9.027356	-31.545301	-59.576687	100.0	100.0	551999	-54.564617	18.60887	-18.211273	-144.7598	54.224648	0.7534853	3678.9684870243073
369	-58.545994	16.456877	-26.778435	-89.901505	-67.98912	18.6983	-44.443233	-106.47903	100.0	100.0	553499	-54.547882	18.591173	-18.44181	-147.63521	54.214188	0.77218735	3689.181385278702
370	-63.00329	13.067837	-42.703735	-92.4086	-55.391773	23.833696	-18.906322	-94.116425	100.0	100.0	554999	-54.58115	18.596323	-18.831814	-147.99239	54.243156	0.7365504	3699.447897195816
371	-61.799786	20.530285	-24.646673	-96.28776	-52.63606	17.096094	-23.85008	-80.034615	100.0	100.0	556499	-54.652306	18.631527	-18.98873	-149.03918	54.30792	0.7529921	3709.6367433071136
372	-63.761345	16.179684	-41.966625	-101.19373	-78.65605	14.480547	-62.205734	-103.593834	100.0	100.0	557999	-54.65316	18.61669	-19.168417	-142.68523	54.316116	0.75001967	3719.8353543281555
373	-66.079	23.662703	-17.192137	-115.83453	-70.52414	23.02691	-41.590553	-114.81157	100.0	100.0	559499	-54.456436	18.580746	-19.375326	-149.10345	54.11585	0.7583395	3729.971260547638
374	-64.17946	36.762108	-32.061775	-191.0906	-59.027264	11.691336	-43.098846	-80.13118	100.0	100.0	560999	-54.550655	18.703821	-19.228245	-148.44524	54.209545	0.7566875	3740.1455914974213
375	-58.230026	17.651089	-31.195192	-90.42859	-54.90914	13.835565	-27.586699	-74.68395	100.0	100.0	562499	-54.574802	18.776703	-18.86813	-144.1618	54.231083	0.7406623	3750.2865607738495
376	-60.080727	17.49472	-31.689302	-108.71522	-57.140553	20.613564	-28.518963	-105.59895	100.0	100.0	563999	-54.566345	18.736006	-19.506979	-148.86853	54.22695	0.7481797	3760.493927001953
377	-60.643986	20.010647	-29.66218	-107.84342	-64.80834	18.983534	-35.23435	-99.644485	100.0	100.0	565499	-54.59594	18.7549	-19.404657	-152.02187	54.26669	0.736908	3770.719055891037
378	-53.565666	17.56787	-26.239235	-88.29237	-62.74114	19.633215	-30.528017	-99.70654	100.0	100.0	566999	-54.599693	18.736404	-19.388748	-152.6949	54.27044	0.7434292	3780.8445410728455
379	-53.59454	9.993836	-36.43206	-68.95965	-81.6934	19.759018	-52.507202	-116.12318	100.0	100.0	568499	-54.77761	18.682947	-19.047335	-153.83507	54.448288	0.758431	3791.0456788539886
380	-60.026897	18.591282	-28.319328	-103.70331	-72.033455	20.739016	-38.50175	-120.01827	100.0	100.0	569999	-54.773502	18.660679	-18.867882	-148.14331	54.451656	0.7125928	3801.250365257263
381	-60.652096	18.67829	-37.706993	-97.74228	-49.24446	17.151154	-18.595636	-79.098465	100.0	100.0	571499	-54.870125	18.632034	-19.08925	-156.6284	54.55196	0.7138071	3811.3262877464294
382	-63.601963	24.510382	-32.164467	-115.22177	-55.06838	17.901962	-35.21223	-97.515755	100.0	100.0	572999	-55.072002	18.642698	-19.072966	-154.8372	54.750355	0.7541501	3821.545887231827
383	-55.313858	14.529442	-30.413866	-71.60896	-47.711876	14.48493	-32.141087	-76.46267	100.0	100.0	574499	-55.07393	18.664806	-18.777306	-153.99574	54.741905	0.7504908	3831.768158197403
384	-51.678127	19.704115	-24.36025	-100.75628	-48.023476	12.127503	-32.561604	-71.15024	100.0	100.0	575999	-55.033005	18.675718	-19.018604	-152.69359	54.706886	0.75920624	3841.966942548752
385	-52.518883	24.86999	-10.912914	-113.65252	-65.99205	15.516901	-39.01609	-93.6939	100.0	100.0	577499	-55.209076	18.733055	-19.373905	-151.66458	54.886707	0.7273726	3852.154622554779
386	-59.06645	19.212473	-30.271545	-102.292854	-60.380707	24.57566	-38.600037	-118.50392	100.0	100.0	578999	-55.156696	18.67281	-19.730188	-153.13916	54.824215	0.71982586	3862.322851896286
387	-55.375103	15.45939	-28.845789	-89.240036	-56.782745	18.824863	-30.800737	-90.58683	100.0	100.0	580499	-55.213043	18.554852	-20.078629	-148.60255	54.891476	0.7172077	3872.4930815696716
388	-55.85248	16.162825	-26.239384	-92.31043	-58.423237	19.942614	-22.810936	-88.01633	100.0	100.0	581999	-55.257294	18.573782	-19.819698	-150.97505	54.935	0.7457853	3882.6196839809418
389	-52.167934	13.4691305	-29.580925	-77.80321	-73.687164	22.146765	-47.952263	-128.11844	100.0	100.0	583499	-55.332813	18.61356	-19.905859	-150.66324	55.009407	0.7328005	3892.8302977085114
390	-69.066734	20.524235	-37.716694	-112.59717	-67.09642	23.054598	-23.011517	-115.986755	100.0	100.0	584999	-55.319145	18.587742	-19.596622	-148.45442	54.992092	0.7436053	3902.871106147766
391	-58.603004	16.58774	-33.790085	-94.39816	-59.132286	17.264416	-26.629547	-85.40177	100.0	100.0	586499	-55.36024	18.55345	-19.332298	-147.51636	55.0363	0.7496942	3913.0063750743866
392	-58.878307	20.449823	-27.345213	-100.27204	-41.565582	21.135586	-3.6672645	-79.70352	100.0	100.0	587999	-55.25985	18.51281	-19.339306	-145.72165	54.923306	0.74610627	3923.1983897686005
393	-49.62908	12.667972	-24.013247	-77.52149	-75.86868	30.297832	-39.270187	-123.94132	100.0	100.0	589499	-55.168	18.525558	-19.387821	-147.0221	54.83828	0.7521275	3933.352732181549
394	-58.40473	20.468437	-32.72312	-112.10755	-49.898148	11.131536	-33.980644	-70.48844	100.0	100.0	590999	-55.12768	18.462727	-19.548145	-147.6713	54.80438	0.764742	3943.4917690753937
395	-59.65585	20.142677	-26.614914	-103.35644	-56.71637	22.370714	-31.846899	-109.93111	100.0	100.0	592499	-55.03884	18.305107	-19.245699	-145.05151	54.701096	0.7430465	3953.648912668228
396	-59.11663	13.113655	-35.56919	-80.61947	-53.02602	23.6275	-6.805501	-95.20823	100.0	100.0	593999	-54.84641	18.22355	-19.5204	-146.60446	54.50901	0.7533915	3963.620386123657
397	-62.711277	18.708046	-40.40713	-114.976395	-40.432007	17.440374	-9.195753	-73.5827	100.0	100.0	595499	-54.74037	18.196928	-19.531818	-144.91255	54.40368	0.74658984	3973.758330345154
398	-60.100906	19.819761	-29.778618	-103.097626	-50.69416	14.841556	-28.27821	-73.68103	100.0	100.0	596999	-54.70886	18.174974	-19.69123	-142.08632	54.380016	0.7326972	3983.9109485149384
399	-55.82908	10.866585	-40.222004	-74.694984	-59.09018	23.124908	-25.005194	-94.30368	100.0	100.0	598499	-54.497696	18.018019	-19.626598	-142.57053	54.15451	0.7394329	3994.0706601142883
400	-62.49365	21.778072	-34.34931	-107.96849	-62.073555	24.171953	-31.947561	-113.286285	100.0	100.0	599999	-54.352665	17.955814	-19.814032	-141.87308	53.999115	0.7574642	4004.238933324814
401	-61.828854	14.942022	-19.486225	-80.89919	-60.89147	19.302174	-24.320004	-88.46048	100.0	100.0	601499	-54.23744	17.876272	-19.561462	-141.98874	53.89901	0.7276538	4014.3507606983185
402	-62.135918	21.582544	-33.80136	-119.6926	-45.352547	13.345682	-21.895115	-68.85969	100.0	100.0	602999	-54.083725	17.722374	-19.887014	-141.81345	53.74624	0.7139204	4024.4133429527283
403	-73.473335	16.926306	-29.187372	-93.61749	-68.43807	18.909351	-38.278873	-103.989716	100.0	100.0	604499	-54.03303	17.655657	-19.680418	-141.85075	53.707092	0.6915145	4034.585887670517
404	-50.818035	19.075111	-28.877853	-94.62995	-62.397034	19.433723	-35.28332	-102.825096	100.0	100.0	605999	-53.904514	17.567362	-19.581654	-140.90689	53.57008	0.6780513	4044.7207136154175
405	-63.37333	16.782108	-27.577545	-89.041435	-68.12294	20.399279	-35.543392	-102.11895	100.0	100.0	607499	-53.86998	17.45291	-19.900688	-135.40686	53.54442	0.70366734	4054.882303953171
406	-52.164413	14.222244	-29.775541	-87.30949	-54.177803	14.65212	-25.477879	-74.23181	100.0	100.0	608999	-53.845886	17.387566	-19.75015	-139.61357	53.511486	0.7230768	4065.0328710079193
407	-58.607914	16.775875	-37.79004	-90.34808	-67.854614	15.291507	-49.46129	-104.29443	100.0	100.0	610499	-53.684765	17.26419	-19.702173	-136.22536	53.34617	0.6970457	4075.157475233078
408	-60.53975	21.531734	-33.866795	-116.44845	-70.58958	24.387375	-41.52961	-124.70609	100.0	100.0	611999	-53.66084	17.164387	-19.702385	-138.28128	53.32951	0.6999839	4085.3584151268005
409	-57.106934	21.597185	-25.816149	-102.34279	-56.58708	20.056833	-19.192427	-87.13591	100.0	100.0	613499	-53.4821	17.058044	-19.396439	-137.15244	53.14612	0.69366187	4095.6186418533325
410	-62.094345	15.120233	-33.420055	-90.30738	-61.86162	15.230128	-37.210163	-88.565735	100.0	100.0	614999	-53.511143	17.04404	-19.539213	-135.30734	53.173428	0.7080524	4105.840421915054
411	-54.080727	13.142792	-33.36146	-83.91086	-64.24052	21.423428	-22.295334	-98.23771	100.0	100.0	616499	-53.40028	16.976038	-19.716187	-135.3195	53.063427	0.7217766	4116.027547597885
412	-60.520035	18.582634	-28.804462	-103.62879	-74.170906	14.233917	-51.719345	-97.412346	100.0	100.0	617999	-53.266235	16.753202	-19.474928	-139.68388	52.932198	0.71238697	4126.23779630661
413	-64.90251	16.200907	-33.988544	-100.54529	-68.24803	14.239298	-45.448643	-93.807	100.0	100.0	619499	-53.071045	16.567305	-19.483934	-135.43462	52.73087	0.6987253	4136.53839468956
414	-64.53811	19.284569	-24.986378	-101.20595	-54.969154	17.598495	-21.855768	-90.920845	100.0	100.0	620999	-52.994106	16.48873	-19.2254	-131.13557	52.661938	0.67990786	4146.6874125003815
415	-60.716553	18.817778	-32.14544	-103.38971	-60.28408	11.190305	-45.73055	-88.19464	100.0	100.0	622499	-52.948875	16.271595	-18.927727	-131.88185	52.616344	0.67511916	4156.897441864014
416	-65.694855	16.382227	-40.565426	-91.193146	-57.211243	16.476484	-29.663298	-85.20149	100.0	100.0	623999	-52.9188	16.092585	-19.243599	-133.07288	52.58476	0.7008361	4167.104989767075
417	-69.41893	13.280491	-42.016846	-97.78275	-66.02411	22.163315	-37.760044	-107.31635	100.0	100.0	625499	-52.84194	15.99857	-19.383656	-132.47758	52.506905	0.69428563	4177.3620846271515
418	-56.40325	20.493464	-32.06589	-102.69786	-63.685097	23.705894	-31.974096	-110.12478	100.0	100.0	626999	-52.68884	15.765821	-19.371595	-130.74898	52.343884	0.69598323	4187.487540483475
419	-61.112263	19.498789	-26.43179	-95.355835	-48.06475	10.415111	-38.848007	-77.14435	100.0	100.0	628499	-52.63101	15.71075	-19.45882	-130.00015	52.301342	0.6847058	4197.662826061249
420	-51.72594	12.114426	-33.272163	-75.0139	-50.746815	14.634602	-27.510876	-67.820854	100.0	100.0	629999	-52.58742	15.565097	-19.469831	-129.37256	52.258278	0.66558266	4207.785377502441
421	-58.75307	20.62633	-37.859	-105.663284	-59.796745	17.043924	-40.107838	-96.283424	100.0	100.0	631499	-52.49666	15.481061	-19.435608	-132.14775	52.165848	0.6539882	4217.907532930374
422	-55.825264	17.757647	-28.213047	-90.237625	-79.31524	19.478554	-48.624382	-103.17082	100.0	100.0	632999	-52.487503	15.396663	-19.231068	-133.31639	52.160004	0.66632897	4228.034447193146
423	-62.10939	14.925416	-41.615543	-89.01824	-53.038807	17.360878	-25.53624	-82.93424	100.0	100.0	634499	-52.35961	15.339823	-18.7836	-128.80592	52.026615	0.6777311	4238.190118551254
424	-55.38334	25.14145	-22.395426	-128.96906	-63.768616	27.735882	-32.589348	-102.74619	100.0	100.0	635999	-52.3272	15.321419	-18.698793	-129.70348	51.99517	0.649509	4248.330420732498
425	-54.257996	15.5339155	-27.317738	-78.806656	-52.553688	16.800503	-33.233547	-82.2909	100.0	100.0	637499	-52.345562	15.263398	-18.555387	-134.26167	52.01597	0.6545297	4258.554846286774
426	-53.958176	12.739807	-31.748743	-75.32965	-60.67237	17.875465	-41.968204	-95.07116	100.0	100.0	638999	-52.274323	15.183485	-18.093527	-130.16144	51.937187	0.6580918	4268.792620897293
427	-66.64861	23.112747	-41.64722	-127.594604	-64.53524	20.367737	-37.793503	-91.55168	100.0	100.0	640499	-52.241207	15.151604	-18.23174	-129.31715	51.903343	0.6295291	4278.898297786713
428	-64.433136	20.388351	-39.243084	-129.39502	-49.310524	19.825237	-14.602436	-77.147705	100.0	100.0	641999	-52.07915	15.169211	-17.97772	-130.836	51.74755	0.6443406	4289.00551366806
429	-61.248604	20.377214	-33.837337	-93.14218	-63.16845	23.451168	-33.687225	-97.176735	100.0	100.0	643499	-51.92757	14.994081	-17.771996	-127.32905	51.591408	0.6421265	4299.148760318756
430	-59.704338	16.961145	-30.194805	-83.608284	-60.83086	19.594908	-18.416016	-100.710945	100.0	100.0	644999	-51.958717	15.050885	-18.157642	-126.79363	51.629536	0.67124414	4309.341653347015
431	-61.824417	22.189098	-29.865211	-104.1028	-56.584328	20.951862	-33.160046	-93.86784	100.0	100.0	646499	-51.937145	14.96785	-18.266062	-129.36002	51.6052	0.64561206	4319.574280738831
432	-67.619484	18.401241	-43.768013	-108.61419	-62.736927	20.349579	-38.739124	-105.618256	100.0	100.0	647999	-51.828827	14.870171	-17.396076	-130.46538	51.492256	0.6536397	4329.718608140945
433	-58.290466	21.56033	-23.652723	-97.10707	-56.853992	20.191673	-16.842113	-81.55433	100.0	100.0	649499	-51.744972	14.847426	-18.07231	-129.97777	51.41552	0.6531764	4340.019433736801
434	-60.295273	16.385427	-25.965988	-98.43633	-57.502514	15.583639	-31.445984	-80.22078	100.0	100.0	650999	-51.71878	14.829266	-18.276022	-126.79237	51.39172	0.63833356	4350.1809549331665
435	-56.01674	20.275654	-19.018187	-103.71722	-58.866894	18.890097	-42.750942	-99.36297	100.0	100.0	652499	-51.768215	14.758909	-18.202623	-127.780525	51.447594	0.6237584	4360.46639752388
436	-65.965126	13.613206	-43.373688	-91.181435	-63.751686	15.487242	-36.21665	-89.658714	100.0	100.0	653999	-51.632275	14.667623	-17.860735	-127.81179	51.303436	0.65080357	4370.7032968997955
437	-66.95237	16.89128	-40.852886	-99.20716	-68.630684	28.907936	-39.113102	-134.07306	100.0	100.0	655499	-51.6755	14.668796	-17.886932	-127.50038	51.348053	0.62261033	4380.9916825294495
438	-59.176674	16.561876	-26.14246	-83.17333	-65.37129	9.206578	-51.47273	-83.06998	100.0	100.0	656999	-51.651814	14.612647	-17.659536	-128.03209	51.33246	0.64944124	4391.093660593033
439	-65.57301	26.226786	-35.513954	-125.14059	-67.351944	12.606084	-47.65823	-88.803825	100.0	100.0	658499	-51.725506	14.557169	-17.684452	-128.39938	51.39875	0.6334502	4401.295492887497
440	-54.89501	19.161085	-28.598003	-91.60546	-60.22107	16.237333	-42.65804	-84.05673	100.0	100.0	659999	-51.746788	14.529561	-17.522263	-128.12907	51.42708	0.6346167	4411.486176252365
441	-64.62021	22.336203	-42.63017	-118.843346	-71.704185	17.483511	-45.284443	-113.67695	100.0	100.0	661499	-51.753986	14.477495	-17.841908	-126.12783	51.437855	0.6434978	4421.683481454849
442	-54.978745	16.398252	-31.892006	-84.68818	-50.071842	9.033534	-36.971634	-70.76349	100.0	100.0	662999	-51.86366	14.480437	-17.930769	-124.23497	51.54382	0.6533675	4431.863123655319
443	-54.698338	17.13141	-28.115961	-90.19775	-71.312	30.459341	-33.46435	-143.17969	100.0	100.0	664499	-51.875298	14.427362	-17.645899	-124.54238	51.554688	0.636678	4442.080169200897
444	-53.244102	18.136375	-29.641989	-81.32692	-67.31886	17.91218	-43.677235	-105.64923	100.0	100.0	665999	-51.819347	14.432564	-17.91059	-125.00714	51.49023	0.6523783	4452.248450994492
445	-53.681877	13.248723	-28.024923	-75.630875	-54.758465	17.404833	-25.917553	-84.827194	100.0	100.0	667499	-51.730637	14.3701725	-17.47369	-124.42606	51.39948	0.6188514	4462.409257888794
446	-65.51484	18.33685	-26.51887	-96.98652	-51.469948	12.8175335	-30.971153	-72.94641	100.0	100.0	668999	-51.673058	14.391293	-17.45646	-124.17978	51.344543	0.6604543	4472.681248188019
447	-58.56156	19.500397	-27.254955	-85.811005	-71.36666	28.597113	-48.326145	-147.01447	100.0	100.0	670499	-51.674675	14.339931	-17.230896	-126.51138	51.353207	0.64840674	4482.9518699646
448	-60.3562	12.646093	-40.324863	-85.750175	-60.82414	16.562613	-35.75856	-94.75968	100.0	100.0	671999	-51.597702	14.336018	-17.005396	-127.28712	51.271927	0.6433406	4493.150414466858
449	-53.140667	22.242455	-19.415785	-101.27608	-56.61756	17.320578	-24.737633	-81.47105	100.0	100.0	673499	-51.56886	14.296551	-17.058348	-128.41121	51.243416	0.65328133	4503.3037304878235
450	-59.739445	15.250261	-37.05016	-83.64941	-79.486694	37.423485	-32.44605	-181.94112	100.0	100.0	674999	-51.470146	14.284626	-17.054853	-127.04123	51.143467	0.646162	4513.499237298965
451	-64.11374	37.828457	-26.956673	-180.16048	-60.754333	19.156511	-30.809883	-101.17959	100.0	100.0	676499	-51.40102	14.28912	-16.918154	-129.65936	51.067047	0.62497234	4523.773894786835
452	-62.838135	15.733699	-39.833878	-86.15643	-66.337234	14.885442	-42.99313	-92.15761	100.0	100.0	677999	-51.28511	14.257667	-16.688168	-126.56437	50.94251	0.64493084	4534.050791501999
453	-57.647804	18.240053	-23.628529	-85.430275	-67.474174	22.04669	-34.550316	-100.20296	100.0	100.0	679499	-51.24225	14.295368	-16.482344	-126.73675	50.915043	0.65933096	4544.174630880356
454	-59.628994	22.621815	-25.484512	-122.99519	-54.760124	26.990646	-23.050892	-106.10903	100.0	100.0	680999	-51.110752	14.236832	-16.49756	-128.69212	50.775257	0.6715742	4554.430015802383
455	-51.82174	11.877908	-33.6566	-77.92409	-63.63981	15.767888	-44.692852	-90.70971	100.0	100.0	682499	-50.89743	14.310551	-16.477568	-126.95892	50.56029	0.68011075	4564.520257234573
456	-54.04515	28.12219	-28.478735	-147.82462	-65.06973	17.06956	-39.273743	-98.32096	100.0	100.0	683999	-50.769733	14.242071	-16.41788	-129.93051	50.43918	0.64767	4574.7470989227295
457	-49.8933	17.37752	-20.604712	-88.97949	-60.480396	15.877543	-40.325493	-90.14282	100.0	100.0	685499	-50.771072	14.221161	-16.879292	-137.78235	50.440178	0.6370964	4584.920577764511
458	-57.36773	28.865147	-27.100634	-142.65701	-52.14344	15.221086	-36.094257	-81.31715	100.0	100.0	686999	-50.53143	14.085905	-16.92689	-131.94832	50.19041	0.64952236	4595.037420749664
459	-53.78173	15.280434	-24.86788	-87.321495	-65.16382	28.478443	-22.613592	-112.32729	100.0	100.0	688499	-50.52142	14.193331	-17.328943	-133.59515	50.17969	0.65669924	4605.241042852402
460	-59.071106	14.545047	-27.744438	-79.827934	-59.135017	14.842109	-30.032446	-83.071884	100.0	100.0	689999	-50.321007	14.147972	-17.265116	-129.3976	49.980835	0.65764976	4615.495435714722
461	-58.93416	16.532578	-20.366688	-85.530396	-56.157978	19.128021	-30.308378	-94.49269	100.0	100.0	691499	-50.22302	14.172548	-16.702522	-130.3549	49.884125	0.68539274	4625.73228263855
462	-50.199837	25.241165	-23.535599	-114.080475	-57.45769	23.64254	-26.385952	-105.62737	100.0	100.0	692999	-49.97267	14.0983515	-17.15333	-129.5322	49.641438	0.66864717	4636.01867723465
463	-61.64025	18.50095	-37.762783	-90.50006	-47.36673	15.95009	-17.119349	-71.47958	100.0	100.0	694499	-49.972603	14.118333	-17.086859	-129.57156	49.63288	0.65071136	4646.231283426285
464	-55.315773	15.154033	-26.453104	-78.25454	-53.88784	17.537502	-20.240612	-79.87739	100.0	100.0	695999	-49.836548	14.0783615	-17.44919	-125.18463	49.507446	0.66613	4656.378383636475
465	-60.25924	18.005375	-33.563316	-91.09918	-66.53609	26.470602	-25.89109	-105.82407	100.0	100.0	697499	-49.74641	13.977948	-17.344652	-122.835754	49.407486	0.6512572	4666.525777339935
466	-59.69827	17.124119	-33.382042	-100.0697	-56.753853	22.148409	-25.039268	-83.471725	100.0	100.0	698999	-49.646446	14.005869	-17.36868	-132.61545	49.304146	0.6648142	4676.761618852615
467	-53.947803	12.146828	-28.66093	-77.75086	-72.88263	25.324137	-41.820118	-116.63219	100.0	100.0	700499	-49.544613	13.994623	-17.454487	-126.457664	49.205875	0.66705686	4687.03045630455
468	-64.46322	20.144142	-36.849133	-121.53471	-57.717552	16.636131	-33.167202	-93.36331	100.0	100.0	701999	-49.39523	13.967549	-17.323017	-126.57903	49.050327	0.62949973	4697.246478557587
469	-61.447495	18.314676	-31.04439	-106.46733	-68.015564	19.960684	-29.244026	-103.511375	100.0	100.0	703499	-49.217358	13.964088	-17.359503	-127.28589	48.87353	0.63632137	4707.456369161606
470	-60.680767	18.763231	-25.738585	-99.04626	-61.454304	18.623117	-36.8558	-95.39958	100.0	100.0	704999	-49.01037	13.921186	-17.326178	-125.84852	48.66912	0.6476333	4717.6498301029205
471	-52.753834	16.68271	-29.335041	-81.91391	-56.08673	18.897305	-34.300674	-104.53358	100.0	100.0	706499	-48.941586	13.976087	-17.38806	-127.67061	48.605686	0.6448501	4727.764557600021
472	-59.327007	15.680318	-34.35799	-87.46894	-51.9948	12.566461	-28.021875	-74.50745	100.0	100.0	707999	-48.797665	13.991796	-17.701138	-125.87631	48.45629	0.61362994	4737.958181142807
473	-54.324814	20.659643	-30.95639	-87.53662	-52.612926	15.614525	-27.792175	-85.68762	100.0	100.0	709499	-48.707783	13.992751	-17.76221	-115.07906	48.373844	0.64074934	4748.1312890052795
474	-50.39582	11.149663	-33.01046	-68.35728	-67.2704	30.10389	-28.734575	-128.84578	100.0	100.0	710999	-48.649426	13.996723	-17.885754	-122.55156	48.313057	0.6101526	4758.3663539886475
475	-47.343906	10.978854	-33.788162	-69.30241	-51.952538	18.244493	-26.732746	-99.42664	100.0	100.0	712499	-48.46568	14.010728	-18.043377	-118.79518	48.117863	0.61748374	4768.557590007782
476	-57.44155	20.031729	-34.186253	-102.20507	-44.534573	24.984962	-9.957188	-89.88997	100.0	100.0	713999	-48.305435	14.050991	-17.815924	-121.27785	47.96574	0.6101679	4778.767533063889
477	-50.283226	22.027407	-24.287115	-107.74614	-52.783905	22.41039	-17.129515	-91.95013	100.0	100.0	715499	-48.2517	14.0730915	-18.067558	-122.45254	47.921303	0.62516016	4789.013784170151
478	-60.48083	17.59443	-31.911327	-96.17443	-52.19306	15.676752	-24.700583	-75.29236	100.0	100.0	716999	-48.22672	14.039444	-18.154762	-125.2747	47.902905	0.6249548	4799.262352705002
479	-61.52643	18.848845	-35.43318	-105.31073	-42.138996	15.761499	-12.709906	-68.90963	100.0	100.0	718499	-48.19005	14.065124	-18.151937	-126.95327	47.85752	0.615325	4809.361115694046
480	-58.195263	30.918678	-33.479393	-163.54889	-52.53382	13.003312	-34.586224	-73.89358	100.0	100.0	719999	-48.02765	14.020444	-18.288017	-128.08722	47.6924	0.62140435	4819.5499629974365
481	-57.983624	20.424387	-35.209667	-102.03876	-47.272102	13.171653	-28.763754	-75.2922	100.0	100.0	721499	-47.944927	14.078449	-18.44402	-126.942314	47.600822	0.6382386	4829.760710477829
482	-53.79876	22.360231	-14.469867	-98.14596	-47.350315	20.067648	-26.046938	-85.223915	100.0	100.0	722999	-47.801937	14.143888	-18.214674	-126.69344	47.45821	0.6432379	4839.80757188797
483	-58.739216	17.508995	-35.499527	-90.92544	-51.566414	10.64138	-33.883427	-70.86522	100.0	100.0	724499	-47.60085	14.16241	-17.97243	-123.01394	47.256157	0.61968386	4849.994195461273
484	-55.49842	23.136654	-23.77515	-102.71972	-62.599304	21.783949	-39.05624	-109.60833	100.0	100.0	725999	-47.506775	14.16818	-18.418634	-125.178635	47.164776	0.6171431	4860.118931770325
485	-55.26656	24.74467	-20.782555	-108.42053	-52.440754	15.388599	-36.032608	-86.92463	100.0	100.0	727499	-47.268005	14.212696	-17.94462	-132.50397	46.92853	0.59718895	4870.315598249435
486	-55.948784	16.605858	-29.312473	-88.4614	-52.015564	20.290888	-31.330275	-90.48121	100.0	100.0	728999	-47.212322	14.307649	-18.209457	-132.57053	46.867577	0.61058754	4880.496121883392
487	-53.899723	20.344576	-14.936484	-95.952	-63.3059	19.2854	-42.54196	-98.718506	100.0	100.0	730499	-47.0832	14.365733	-17.994785	-133.51979	46.750523	0.6088896	4890.649108409882
488	-56.975468	22.087767	-22.282267	-99.20891	-52.587303	13.255919	-38.669987	-84.12183	100.0	100.0	731999	-47.079803	14.466164	-17.783772	-131.83025	46.746166	0.61850464	4900.889073848724
489	-64.89396	25.357796	-22.868309	-122.29793	-49.19247	19.340382	-24.709816	-94.012054	100.0	100.0	733499	-46.98775	14.484605	-17.601585	-130.09537	46.652676	0.6159116	4911.118597507477
490	-52.101906	15.34525	-33.852074	-94.709335	-51.107666	18.14306	-31.953222	-80.208626	100.0	100.0	734999	-46.92668	14.566258	-17.649393	-130.32927	46.59056	0.6139115	4921.311256885529
491	-67.49703	16.865486	-33.695927	-90.17141	-51.533623	20.415863	-19.609516	-95.21838	100.0	100.0	736499	-46.884422	14.628269	-17.494406	-128.36697	46.550594	0.63546556	4931.46927022934
492	-55.91419	13.095581	-32.828705	-77.68116	-49.720592	21.790478	-29.24582	-84.42135	100.0	100.0	737999	-46.742336	14.631161	-17.533638	-126.71975	46.408634	0.62264675	4941.671516656876
493	-49.80751	18.304403	-17.225744	-92.96935	-52.21231	13.521659	-28.24069	-67.791214	100.0	100.0	739499	-46.6158	14.684072	-16.951647	-124.51319	46.27851	0.60114866	4951.887003660202
494	-59.24767	15.05881	-24.005775	-80.43945	-49.807453	13.2370825	-33.37905	-70.6327	100.0	100.0	740999	-46.545578	14.721142	-16.826406	-128.93483	46.20047	0.6206397	4962.080508470535
495	-52.521645	16.83831	-25.422783	-88.29964	-52.45418	10.971702	-34.704376	-76.46771	100.0	100.0	742499	-46.441902	14.796626	-16.420025	-130.65265	46.101254	0.6448486	4972.243253946304
496	-57.68681	16.833946	-32.05974	-96.4552	-45.616505	13.441668	-28.677896	-75.22826	100.0	100.0	743999	-46.389908	14.925203	-16.466738	-134.12868	46.051613	0.6403309	4982.375316143036
497	-60.95368	16.195145	-39.19673	-105.24515	-71.500374	27.789824	-35.060307	-118.80882	100.0	100.0	745499	-46.159252	14.944111	-15.295848	-132.51532	45.810116	0.64980704	4992.544175863266
498	-51.90109	17.690865	-20.405117	-94.3152	-44.5765	19.025	-18.256317	-73.62834	100.0	100.0	746999	-45.935196	15.000015	-15.501709	-127.95803	45.57593	0.6352065	5002.610084056854
499	-53.73368	18.526457	-29.119402	-106.93103	-52.07789	20.988955	-21.4495	-88.12182	100.0	100.0	748499	-45.735645	14.991049	-14.805566	-126.87701	45.377563	0.6228733	5012.690143585205
500	-48.67713	18.15099	-23.967014	-94.24575	-56.74585	16.473558	-19.649565	-76.63224	100.0	100.0	749999	-45.47024	15.06259	-14.206882	-128.84587	45.120396	0.6178748	5022.957989215851
