Epoch	AverageEpRet	StdEpRet	MaxEpRet	MinEpRet	AverageTestEpRet	StdTestEpRet	MaxTestEpRet	MinTestEpRet	EpLen	TestEpLen	TotalEnvInteracts	AverageQVals	StdQVals	MaxQVals	MinQVals	LossPi	LossQ	Time
1	-3183.8296	507.86615	-2096.3452	-4054.4146	-3275.9282	685.0227	-2347.3647	-4538.504	100.0	100.0	1499	-44.57321	20.889664	0.009869121	-108.18443	43.02082	139.817	11.30979609489441
2	-3021.2017	537.36145	-2136.1248	-3907.1838	-2525.059	438.0215	-1849.651	-3479.6875	100.0	100.0	2999	-162.98528	64.78158	-23.708937	-415.8337	158.68135	101.16429	30.494177103042603
3	-2930.9536	567.9191	-2116.3433	-3755.7214	-2030.6667	969.87726	-933.538	-4361.139	100.0	100.0	4499	-322.89935	87.85439	-96.527504	-669.0835	311.9344	204.63956	49.45992708206177
4	-3098.8435	571.31793	-2165.4197	-4196.3022	-1665.4216	1163.6252	-314.534	-3872.7844	100.0	100.0	5999	-441.86035	108.8813	-139.31444	-865.602	426.4155	296.46204	68.74407696723938
5	-3241.2625	670.39655	-1877.3645	-4167.898	-1505.6504	740.8276	-264.08334	-2487.5212	100.0	100.0	7499	-538.5171	132.72977	-178.93222	-1040.7965	520.5164	416.23505	87.92742800712585
6	-3035.6016	455.3364	-2075.4941	-4004.2373	-1438.1033	446.83096	-601.6306	-2044.7223	100.0	100.0	8999	-607.11993	146.20453	-243.87564	-1112.8236	586.6726	473.2879	107.43648505210876
7	-2613.1926	962.1299	-987.0229	-3899.0752	-1515.8732	598.68976	-893.7793	-2651.6401	100.0	100.0	10499	-654.87305	156.62204	-260.62268	-1168.9717	633.86395	509.93408	127.02542209625244
8	-1072.1285	454.9548	-530.99274	-2112.4404	-1247.0997	398.01193	-788.8491	-2111.2976	100.0	100.0	11999	-669.119	173.79758	-256.37396	-1227.4767	648.45856	503.26483	147.0586211681366
9	-1173.0431	446.60675	-729.6688	-2029.1971	-1331.1499	582.78436	-564.4679	-2379.0723	100.0	100.0	13499	-669.29834	190.94308	-248.79906	-1269.1072	648.5262	480.34207	167.1624391078949
10	-1278.7358	406.47183	-520.2967	-2054.994	-1477.5936	488.34726	-886.74384	-2526.321	100.0	100.0	14999	-660.72675	202.57036	-221.64998	-1323.2023	640.71924	489.18967	187.2366383075714
11	-1129.8027	502.64478	-400.31546	-2012.0336	-1034.0706	569.70306	-360.42462	-2047.8286	100.0	100.0	16499	-654.1822	206.95197	-203.79219	-1337.909	635.15686	479.37366	207.32683515548706
12	-1497.341	713.1136	-529.6882	-2830.7356	-850.2004	358.37506	-285.18573	-1585.7097	100.0	100.0	17999	-652.7015	207.94258	-200.82288	-1338.3668	634.19275	464.6184	227.5796992778778
13	-1257.5377	495.87225	-360.92212	-2197.6711	-1175.9939	525.4339	-657.1898	-2205.152	100.0	100.0	19499	-649.1654	211.40999	-189.66803	-1336.8337	631.9954	456.4195	247.43608498573303
14	-1078.4282	484.98422	-287.68933	-2321.2087	-1079.3362	490.95926	-416.00803	-2248.127	100.0	100.0	20999	-650.02625	216.35896	-180.29126	-1373.6852	633.6134	454.0688	267.40771293640137
15	-1312.537	538.74304	-650.0278	-2382.846	-844.6793	254.63849	-517.9778	-1270.587	100.0	100.0	22499	-644.384	224.62766	-147.82695	-1413.2997	628.50616	442.2031	287.41078901290894
16	-1207.3593	223.63062	-747.2965	-1751.3673	-1189.6218	432.59875	-682.47986	-2213.642	100.0	100.0	23999	-639.0954	236.31999	-80.45256	-1439.0088	623.19244	442.1249	307.5363960266113
17	-1120.6346	439.81155	-444.11002	-2267.8367	-943.73944	270.31406	-545.62683	-1489.6532	100.0	100.0	25499	-629.76013	243.7221	-51.312286	-1453.3739	613.848	462.66083	327.3840000629425
18	-1164.347	457.69907	-596.8167	-2159.6094	-920.7739	390.83124	-467.23914	-1706.0413	100.0	100.0	26999	-617.911	250.05768	-16.551037	-1485.731	601.7008	474.1039	347.6042230129242
19	-1045.9905	275.28442	-572.4326	-1497.3254	-1192.846	482.85083	-588.20013	-1934.3092	100.0	100.0	28499	-602.6948	259.76218	42.23641	-1931.5117	586.742	476.80362	367.9761562347412
20	-1254.7252	596.4187	-404.07513	-2772.8145	-1063.6799	471.26096	-408.09384	-1951.0497	100.0	100.0	29999	-586.892	271.80734	91.41126	-1816.7378	570.7422	503.43283	388.0706522464752
21	-1159.7207	442.3331	-492.72025	-2067.3022	-919.4201	334.69156	-434.54135	-1536.8398	100.0	100.0	31499	-564.0876	282.24585	118.46042	-1906.1644	547.6726	536.637	408.0847909450531
22	-1030.1136	428.14468	-441.77655	-1914.2773	-1082.862	477.8237	-494.33908	-2084.8062	100.0	100.0	32999	-536.586	291.39572	141.38104	-1862.0369	520.2322	565.9109	428.52906799316406
23	-1010.8775	402.98468	-490.4278	-1728.3893	-1150.8108	529.575	-279.99243	-2262.386	100.0	100.0	34499	-515.15717	297.11374	162.15433	-1798.2106	499.2766	559.0631	448.7405700683594
24	-1003.4979	392.06595	-438.47778	-1580.669	-1004.5641	360.67233	-612.9179	-1813.1664	100.0	100.0	35999	-488.23306	304.31174	195.60034	-1742.5996	472.93204	566.1028	468.8694500923157
25	-1082.2017	538.0868	-327.65448	-2352.6562	-1076.9105	675.0462	-260.1957	-2775.7954	100.0	100.0	37499	-465.82288	308.81314	199.24576	-1766.075	450.66382	575.12286	489.130065202713
26	-992.47815	379.42	-383.24072	-1699.4435	-891.1447	329.5838	-394.21234	-1446.1229	100.0	100.0	38999	-447.5022	311.47873	225.75656	-1701.2424	432.78293	567.6516	509.37783908843994
27	-1118.1267	309.39963	-339.1029	-1504.5199	-903.4665	386.63525	-280.3408	-1469.1566	100.0	100.0	40499	-423.05966	317.187	323.00018	-1618.4772	407.91858	573.2166	529.278284072876
28	-1072.01	680.0382	-169.75755	-2577.5142	-1030.5619	512.1154	-458.47382	-2158.0176	100.0	100.0	41999	-399.8119	328.30615	400.46973	-1650.2551	383.92828	577.4858	549.4281630516052
29	-988.1582	446.02222	-433.21436	-2077.447	-867.79333	414.22006	-229.3004	-1635.4268	100.0	100.0	43499	-368.41705	339.44138	457.89642	-1742.1141	352.23093	591.111	569.2462821006775
30	-918.08704	329.40594	-579.4765	-1822.1755	-983.04425	217.85521	-653.2254	-1309.1299	100.0	100.0	44999	-330.48596	345.05765	543.4019	-1747.2268	313.90686	615.31586	589.5409379005432
31	-1078.6056	335.45615	-632.2475	-1938.5476	-1195.4614	577.54877	-538.75006	-2156.7986	100.0	100.0	46499	-291.32593	350.3733	634.44025	-1739.3297	274.80383	633.6009	609.5322852134705
32	-1298.4181	428.77652	-670.92267	-2221.9648	-1050.8783	353.22003	-539.78955	-1751.7485	100.0	100.0	47999	-255.73045	353.08752	700.18726	-1758.6466	239.65117	633.8569	631.4180243015289
33	-1076.383	511.41794	-314.89417	-1945.5242	-1109.8655	745.6821	-317.0903	-3011.7168	100.0	100.0	49499	-229.6045	354.78357	741.20776	-1735.4779	213.68391	622.29706	651.4657151699066
34	-1264.2388	462.12097	-572.088	-2242.2817	-882.94464	359.928	-245.85127	-1495.0784	100.0	100.0	50999	-201.23772	353.5962	759.9302	-1698.2538	185.90414	605.9536	671.5151841640472
35	-951.636	422.0892	-367.0673	-2105.93	-800.3059	227.83868	-512.07935	-1230.4467	100.0	100.0	52499	-176.91478	350.81906	742.87494	-1737.3123	161.94238	587.26666	691.9660351276398
36	-873.75104	349.85797	-398.90277	-1836.4368	-927.9424	248.45195	-616.8564	-1389.7711	100.0	100.0	53999	-153.35422	346.73483	734.4659	-1736.4437	138.8737	565.22394	712.0533940792084
37	-1048.6981	439.02814	-476.22534	-2148.9558	-1218.7177	341.06747	-623.0652	-1747.5195	100.0	100.0	55499	-132.87398	339.8567	745.5235	-1700.401	118.02425	554.6834	732.1865510940552
38	-1222.0359	601.2882	-477.75894	-2852.7898	-1131.5618	463.90027	-236.67366	-1781.6248	100.0	100.0	56999	-112.48727	333.16602	730.1021	-1720.5958	97.87956	538.04193	752.7330002784729
39	-1137.4885	506.2251	-503.95853	-2521.3975	-1069.7948	261.7991	-785.8314	-1596.5775	100.0	100.0	58499	-94.40517	329.34515	752.93274	-1688.6914	80.286934	518.40656	772.8686120510101
40	-1303.0061	457.66425	-564.70685	-2150.5066	-1197.2488	599.03815	-384.96436	-2266.9053	100.0	100.0	59999	-78.48419	325.29337	787.85986	-1699.2465	64.905914	510.61417	793.4400329589844
41	-1158.8129	318.1096	-498.59476	-1667.6592	-1506.2822	572.4348	-579.1775	-2319.5747	100.0	100.0	61499	-67.043274	320.5944	739.9947	-1680.2653	53.46699	507.7738	813.8217542171478
42	-1104.6833	546.3538	-370.3742	-2025.2866	-1273.9703	470.64145	-504.63934	-1996.1544	100.0	100.0	62999	-56.52298	319.38248	734.44635	-1632.0524	43.027653	517.5145	834.841099023819
43	-1326.8849	464.47226	-618.55774	-2102.5552	-1251.5594	515.59125	-704.3078	-2323.4736	100.0	100.0	64499	-41.275394	321.3136	728.5666	-1660.429	27.57183	539.85175	854.8657472133636
44	-1064.359	337.5474	-509.41702	-1820.7036	-1010.26935	503.44745	-467.9152	-1999.1819	100.0	100.0	65999	-26.05748	322.55634	729.33167	-1606.0597	12.621411	548.1847	874.9148631095886
45	-1230.1312	471.17966	-448.59305	-2130.3582	-951.0534	449.0501	-266.70663	-1925.5264	100.0	100.0	67499	-13.090824	322.5624	752.27844	-1595.3657	-0.3249466	553.06866	894.9934132099152
46	-1067.6599	381.26114	-510.33002	-2099.193	-1050.3219	214.9673	-731.7345	-1474.3389	100.0	100.0	68999	-1.1134017	322.5348	765.1107	-1583.895	-12.240698	541.0555	915.1210732460022
47	-1101.141	554.0208	-618.20795	-2460.1685	-798.8244	320.35028	-269.30975	-1418.767	100.0	100.0	70499	14.806985	319.23337	787.27454	-1604.0795	-28.1008	538.1465	935.5512020587921
48	-913.7392	192.7426	-556.4542	-1253.5961	-758.432	231.2861	-453.89694	-1139.2716	100.0	100.0	71999	25.646177	318.22113	782.26996	-1592.7122	-38.787186	525.89453	955.7706789970398
49	-1080.5181	419.3223	-486.10788	-2174.346	-1036.4905	380.5582	-596.2468	-1761.3992	100.0	100.0	73499	36.29933	323.02213	740.0992	-1522.2045	-49.58448	529.58386	975.8190829753876
50	-1275.0162	436.00842	-628.19464	-2203.2502	-1348.9917	631.5387	-576.9257	-2813.8716	100.0	100.0	74999	45.329002	327.41135	752.4689	-1545.4697	-58.656906	548.22644	996.0225400924683
51	-977.25275	360.90704	-415.12344	-1835.7953	-1130.4089	327.72226	-613.3812	-1627.5437	100.0	100.0	76499	61.348354	330.41284	751.4935	-1457.8923	-75.26331	555.9828	1016.0626420974731
52	-1004.914	292.62094	-471.92834	-1488.018	-1112.1207	534.67896	-639.209	-2557.329	100.0	100.0	77999	83.6082	332.34332	782.52826	-1467.6183	-97.72169	561.3933	1036.2418122291565
53	-798.2737	312.6471	-277.37784	-1425.7899	-995.19824	377.2372	-510.6785	-1688.7789	100.0	100.0	79499	102.315865	333.00912	802.96686	-1565.5975	-116.29881	562.3289	1056.3908290863037
54	-748.3561	284.81757	-237.69856	-1168.543	-1031.8796	284.9341	-620.5828	-1498.099	100.0	100.0	80999	121.20164	337.4239	821.1081	-1637.9661	-135.57828	569.7819	1076.525593996048
55	-981.35944	494.135	-431.56146	-1832.8363	-920.5923	329.11676	-366.3023	-1383.9277	100.0	100.0	82499	142.85037	344.13406	826.9011	-1597.3397	-157.31114	586.5854	1096.4351012706757
56	-927.47125	412.1401	-372.0922	-2023.8461	-1114.1538	431.9235	-531.31915	-2102.9812	100.0	100.0	83999	162.59923	350.65152	866.42535	-1747.4803	-176.6952	575.812	1116.8825709819794
57	-985.33234	564.9155	-431.63254	-2163.2847	-860.62646	454.6134	-237.7294	-1756.6152	100.0	100.0	85499	178.32483	354.19983	915.0641	-1752.3998	-192.3023	579.57635	1137.1359369754791
58	-946.2054	359.5332	-480.01517	-1671.9628	-1256.8336	525.31104	-499.75723	-2093.3386	100.0	100.0	86999	198.67583	356.73358	951.72955	-1746.6863	-213.12088	578.3654	1157.2885901927948
59	-849.3508	279.02087	-447.61697	-1400.7902	-900.4266	353.13123	-584.47516	-1607.6338	100.0	100.0	88499	220.66415	359.26373	996.68616	-1737.7583	-235.30075	574.573	1177.5399589538574
60	-1108.872	508.77032	-493.27176	-2607.835	-808.0579	479.90228	-147.47977	-1900.7612	100.0	100.0	89999	239.91222	360.5173	986.1824	-1640.4998	-254.13567	563.36926	1197.7535500526428
61	-998.9597	372.15002	-656.00995	-2062.8374	-935.31006	454.08435	-451.9914	-2048.2336	100.0	100.0	91499	258.96564	360.4482	1030.0217	-1665.7378	-272.89377	569.4259	1217.7989780902863
62	-1153.9182	266.9961	-574.603	-1653.3439	-1136.11	568.9616	-559.6149	-2633.918	100.0	100.0	92999	272.50793	360.25742	1061.9629	-1617.6311	-285.91684	579.39813	1237.9650962352753
63	-916.65027	245.97307	-488.45035	-1360.6453	-1109.5181	425.1076	-532.0282	-2039.4231	100.0	100.0	94499	286.88214	357.63858	1074.6655	-1491.3093	-300.79828	559.294	1258.1338758468628
64	-1087.9021	405.4301	-593.4193	-1950.414	-1116.1782	210.34831	-805.8136	-1495.3945	100.0	100.0	95999	303.6627	354.56836	1078.1309	-1448.104	-317.85797	595.34015	1278.3042249679565
65	-1164.1523	444.30945	-481.81107	-2289.506	-880.4752	270.14664	-530.5344	-1343.1228	100.0	100.0	97499	318.8209	353.70847	1066.7261	-1548.825	-332.9414	597.6488	1298.7757360935211
66	-972.41895	374.39246	-443.34793	-1680.48	-709.987	167.51698	-477.82156	-1019.87195	100.0	100.0	98999	335.34192	349.61707	1102.1503	-1387.7916	-349.35513	567.4449	1319.3336381912231
67	-916.17596	411.30746	-519.0004	-1855.3494	-838.3695	183.85347	-669.1206	-1302.7045	100.0	100.0	100499	349.28873	346.57687	1061.0736	-1463.3016	-363.1615	570.7195	1339.383327960968
68	-828.4114	200.53514	-539.54285	-1252.9178	-855.7048	478.27563	-273.7581	-2095.1965	100.0	100.0	101999	362.27292	343.20477	1044.6328	-1477.108	-375.85913	564.11395	1359.4100179672241
69	-991.9659	398.10052	-369.76608	-1802.4679	-973.88947	593.8701	-327.34048	-2273.7366	100.0	100.0	103499	372.59634	341.24734	1045.2428	-1457.6454	-386.14557	540.3052	1379.8111610412598
70	-716.00006	262.36548	-307.25867	-1326.0269	-790.1089	134.88734	-581.271	-1037.5957	100.0	100.0	104999	383.6677	339.6399	1089.0035	-1366.5598	-397.19766	520.32886	1400.0973761081696
71	-1008.0817	388.74796	-543.2458	-1838.0835	-644.62915	251.01816	-181.34091	-1085.34	100.0	100.0	106499	394.505	336.95642	1105.7097	-1342.5071	-407.81635	512.38104	1420.1109743118286
72	-1055.5983	391.81378	-329.46124	-1778.3525	-832.8053	373.47958	-384.78928	-1375.8844	100.0	100.0	107999	402.8443	335.88144	1129.1315	-1262.0676	-415.9494	497.9825	1440.4210622310638
73	-1012.1319	361.6734	-531.8812	-1926.7	-807.7683	283.4606	-434.26016	-1259.3342	100.0	100.0	109499	406.0502	334.06906	1155.757	-1214.1482	-418.55066	492.5382	1460.0829010009766
74	-816.9564	260.76596	-299.28998	-1363.9567	-1063.7502	447.3679	-638.15674	-1862.7794	100.0	100.0	110999	406.7898	333.3394	1146.2869	-1199.6223	-418.84964	468.47726	1480.1969220638275
75	-868.24457	197.06036	-532.99854	-1232.3351	-987.3875	422.24426	-516.94385	-2011.4841	100.0	100.0	112499	408.34412	331.71082	1143.8787	-1157.9596	-420.38266	460.94434	1500.323506116867
76	-1037.2922	401.20648	-466.07288	-1754.6926	-869.5	254.935	-460.06488	-1419.2446	100.0	100.0	113999	406.1688	330.59827	1132.5786	-1149.5929	-417.6534	458.90543	1520.6813642978668
77	-1027.1256	402.4877	-388.4781	-2054.285	-1210.8228	368.18982	-532.1089	-1645.1705	100.0	100.0	115499	399.76047	329.9546	1124.8282	-1163.8585	-410.85626	440.50995	1540.7475340366364
78	-930.3128	308.9862	-440.63278	-1514.446	-1045.248	498.0461	-224.42256	-1803.7015	100.0	100.0	116999	391.11914	331.7966	1134.3363	-1207.9784	-402.2895	426.99884	1561.149040222168
79	-929.35114	282.6026	-569.77136	-1578.3674	-925.7671	420.08337	-474.02618	-1826.9963	100.0	100.0	118499	386.88797	333.4737	1138.6407	-1204.8057	-398.53418	426.61484	1583.2497141361237
80	-885.3983	290.31888	-438.98386	-1632.2477	-838.5817	280.58774	-225.86047	-1140.0535	100.0	100.0	119999	383.07294	334.0229	1126.6398	-1188.5668	-394.5387	433.6534	1603.2923939228058
81	-838.2963	298.1464	-432.2716	-1457.3868	-1116.262	251.50206	-764.95276	-1503.6024	100.0	100.0	121499	380.44226	334.6413	1119.7498	-1206.7452	-391.91592	424.94882	1623.4971640110016
82	-832.40784	276.70148	-499.75516	-1631.1351	-811.398	312.5319	-407.8639	-1308.749	100.0	100.0	122999	377.91577	332.77243	1118.1263	-1290.6947	-388.9946	427.64316	1643.5579550266266
83	-1024.6356	390.5951	-454.5229	-1929.7074	-913.86084	198.96764	-665.49097	-1241.54	100.0	100.0	124499	373.65823	328.8605	1119.5193	-1303.3207	-384.5465	421.939	1663.7315640449524
84	-1074.9126	285.79385	-653.1841	-1578.1377	-840.42413	202.67052	-473.56213	-1128.5527	100.0	100.0	125999	366.529	324.6597	1084.4808	-1393.0333	-376.85104	400.17908	1684.043773174286
85	-876.58826	239.60947	-606.9981	-1462.315	-959.8529	336.35425	-357.32898	-1452.8871	100.0	100.0	127499	350.5801	323.36182	1063.5492	-1344.8422	-360.6492	398.01846	1704.2113971710205
86	-1009.2853	245.89224	-665.64294	-1549.6997	-1286.4587	589.7022	-722.8592	-2696.3179	100.0	100.0	128999	341.4544	320.83743	1018.741	-1351.0717	-351.74313	392.82233	1724.2259509563446
87	-1020.9006	274.4392	-595.6494	-1473.3282	-1007.2637	387.56036	-326.23337	-1551.9541	100.0	100.0	130499	333.10626	320.93097	1006.6779	-1373.9274	-343.55017	396.3651	1744.3167679309845
88	-848.3475	268.9557	-427.29517	-1575.6238	-1004.7365	212.85565	-668.2776	-1451.3085	100.0	100.0	131999	324.56552	319.0655	1006.0896	-1345.9479	-334.31708	388.14676	1764.5281682014465
89	-904.75806	249.64792	-532.6603	-1367.426	-993.40106	379.75577	-493.41574	-1916.4768	100.0	100.0	133499	311.15976	317.65115	1003.4153	-1446.3854	-321.05878	385.03116	1784.9044790267944
90	-1007.23615	265.8428	-629.63965	-1486.4541	-812.3866	383.39816	-420.16837	-1698.3254	100.0	100.0	134999	304.5668	316.1759	984.9099	-1494.5526	-314.56366	389.28247	1805.177484035492
91	-911.5911	209.28064	-511.24164	-1243.3573	-891.78625	220.10849	-686.735	-1386.1566	100.0	100.0	136499	294.44458	314.29773	966.98834	-1595.492	-304.4705	373.51422	1825.0653920173645
92	-889.6198	272.72836	-432.08777	-1409.6866	-1001.61066	240.00722	-716.9403	-1491.9761	100.0	100.0	137999	291.98978	309.8311	952.52386	-1414.9191	-302.47742	376.46866	1845.118898153305
93	-949.5245	311.1087	-281.66232	-1379.7563	-824.04724	248.34253	-387.0804	-1169.8917	100.0	100.0	139499	288.67148	308.06754	939.60297	-1515.6161	-299.20868	376.753	1865.3033299446106
94	-689.4271	283.5414	-394.82343	-1572.9839	-884.4287	372.3696	-154.9136	-1607.7424	100.0	100.0	140999	285.92407	305.50046	985.3203	-1448.721	-296.331	365.95438	1885.515715122223
95	-902.32904	273.92584	-457.8057	-1528.9847	-850.93494	288.71945	-345.56787	-1508.467	100.0	100.0	142499	284.4092	304.201	990.37286	-1470.5055	-294.89047	368.43542	1905.7928812503815
96	-941.28906	308.11276	-400.46753	-1703.8893	-700.0523	308.91104	-260.32742	-1151.2819	100.0	100.0	143999	282.50494	303.63947	967.85986	-1405.8396	-292.94568	377.2709	1926.0145020484924
97	-1056.3049	507.84973	-468.01337	-2732.3455	-782.05383	379.0276	-280.12512	-1421.6559	100.0	100.0	145499	278.98346	302.5647	953.5763	-1402.074	-289.78876	391.05676	1946.399878025055
98	-779.0457	245.03012	-449.02817	-1385.6989	-1019.98114	398.23975	-409.413	-1924.1267	100.0	100.0	146999	278.1266	298.32446	964.33905	-1317.0356	-288.68436	385.278	1966.4951231479645
99	-1090.115	575.41016	-438.44113	-2757.1804	-984.32196	427.91656	-429.87842	-1800.7386	100.0	100.0	148499	278.14676	295.37943	961.4885	-1337.1583	-288.61816	384.86362	1986.7120950222015
100	-948.21936	289.28113	-639.5441	-1755.4586	-794.6083	397.97156	-182.20232	-1405.0083	100.0	100.0	149999	275.23068	293.87997	966.6752	-1236.7572	-285.50378	379.6301	2007.0438220500946
101	-1038.95	521.70703	-382.26642	-1964.4703	-937.424	373.2154	-386.37854	-1610.9447	100.0	100.0	151499	270.55988	289.2007	949.97675	-1089.5311	-280.56958	370.9426	2027.5948169231415
102	-841.55084	351.03564	-387.73215	-1838.5459	-854.09503	275.4834	-328.03976	-1303.601	100.0	100.0	152999	265.97137	285.46558	935.43787	-1151.0178	-276.21417	376.1159	2048.0916950702667
103	-968.0495	377.45367	-391.32666	-1667.7404	-1200.2449	451.53128	-749.09015	-2089.084	100.0	100.0	154499	263.83102	282.5959	913.7098	-1107.6431	-274.2614	381.20776	2068.228870153427
104	-897.21185	330.3199	-389.84674	-1547.7633	-917.1771	560.0663	-204.24661	-2303.073	100.0	100.0	155999	260.98273	282.37906	928.2297	-1094.1992	-271.09106	374.9584	2088.4975900650024
105	-842.3571	269.29495	-270.14215	-1238.4135	-923.86035	348.0832	-325.26547	-1527.0629	100.0	100.0	157499	260.00238	282.4748	917.2464	-1085.1362	-270.21375	369.05292	2108.746331214905
106	-977.46423	403.46246	-345.45206	-1642.5621	-980.3796	333.12106	-358.1285	-1509.4309	100.0	100.0	158999	256.56647	284.9154	911.04877	-1109.7877	-266.6816	359.13205	2128.7527961730957
107	-1188.0568	492.0656	-409.83646	-2304.9626	-745.9049	329.8053	-323.85248	-1483.0266	100.0	100.0	160499	256.63333	287.69586	912.8859	-1097.0503	-266.81155	357.54782	2148.9362909793854
108	-947.0922	295.0069	-368.2474	-1285.7189	-1003.24774	300.94806	-450.72897	-1533.0327	100.0	100.0	161999	255.26355	288.82217	922.4774	-1117.3483	-265.31018	351.62375	2169.224743127823
109	-876.5784	337.47345	-500.9085	-1640.7007	-1204.0446	372.6548	-564.3724	-1888.1877	100.0	100.0	163499	252.34874	288.77838	897.6911	-1108.4421	-262.34537	360.18085	2189.010206222534
110	-817.5578	320.41943	-329.57266	-1506.7444	-946.13165	209.1486	-672.88574	-1174.6777	100.0	100.0	164999	252.43811	288.81326	872.8811	-1183.0676	-262.79712	371.40424	2209.087848186493
111	-966.7081	331.99692	-518.93036	-1738.177	-1136.2903	320.53625	-683.4096	-1669.5299	100.0	100.0	166499	254.59483	281.7176	877.65247	-1209.6033	-264.85263	370.5228	2229.5839190483093
112	-1117.9133	542.4977	-428.80566	-2139.6074	-978.23645	412.01135	-386.60602	-1733.2922	100.0	100.0	167999	251.65808	277.3837	868.6677	-1231.112	-261.5364	373.40433	2249.8869581222534
113	-832.6866	302.85873	-313.38376	-1310.9896	-938.631	390.12338	-376.30743	-1484.549	100.0	100.0	169499	248.23152	270.89853	836.14374	-1210.7152	-258.02255	357.68497	2270.337447166443
114	-941.43134	567.0961	-377.1954	-2662.1094	-826.26575	338.4967	-472.65817	-1671.4791	100.0	100.0	170999	243.54192	264.24753	837.33795	-1176.8159	-253.20284	351.74615	2290.8349549770355
115	-970.6313	419.96066	-408.71786	-1641.78	-673.8656	236.39833	-287.93454	-1046.1237	100.0	100.0	172499	240.96024	257.42673	801.64453	-1155.7963	-250.56935	344.1195	2311.121924161911
116	-852.3026	249.83987	-530.2179	-1299.4532	-743.5137	303.94797	-358.63937	-1361.8148	100.0	100.0	173999	235.59726	248.9785	773.5363	-1183.2802	-244.77654	341.59125	2331.2064321041107
117	-966.94714	378.1069	-350.19437	-1731.462	-855.35126	334.06064	-488.70218	-1581.3236	100.0	100.0	175499	229.71675	242.21724	740.86945	-1140.2233	-238.89764	342.98776	2351.4176292419434
118	-866.66187	247.97888	-485.70456	-1396.0807	-849.60254	358.3789	-380.52905	-1652.6469	100.0	100.0	176999	222.8316	236.4744	740.9554	-1073.2363	-232.15216	344.39514	2371.6445491313934
119	-766.3924	334.2044	-367.23264	-1412.8163	-926.28253	371.95212	-191.13702	-1479.2124	100.0	100.0	178499	217.88943	233.1678	739.66174	-979.0856	-227.20781	347.22815	2392.000452041626
120	-921.8468	463.57468	-483.353	-1853.81	-922.3744	328.6645	-350.12204	-1379.366	100.0	100.0	179999	212.56236	230.80974	726.2919	-1021.76575	-221.87141	342.43192	2412.186098098755
121	-833.6963	247.87613	-524.3924	-1271.7601	-1028.1171	310.4997	-353.79633	-1482.2766	100.0	100.0	181499	207.04155	227.56625	711.69775	-1054.9277	-216.26517	348.52524	2432.5361280441284
122	-654.67255	174.45682	-308.74078	-1019.9139	-834.0251	338.75858	-309.0624	-1545.6517	100.0	100.0	182999	202.6403	226.73813	702.0173	-1194.881	-211.93694	351.36893	2452.8859581947327
123	-871.46515	384.2402	-316.69434	-1493.1292	-928.78406	421.534	-358.2131	-1914.1854	100.0	100.0	184499	198.78877	226.34836	685.2284	-1253.9326	-208.10487	351.41632	2473.2827050685883
124	-842.611	333.3048	-330.81146	-1533.6249	-1013.15784	360.77884	-426.32773	-1470.2692	100.0	100.0	185999	195.0372	226.2453	682.8225	-1198.3413	-204.2813	348.87347	2493.589604139328
125	-992.3808	385.7134	-403.7353	-1738.0042	-1123.3618	477.24756	-637.5815	-2365.0295	100.0	100.0	187499	192.14145	225.2402	674.24786	-1240.7772	-201.4598	356.7035	2514.139445066452
126	-895.76886	428.17697	-228.27583	-2154.1096	-1005.8607	449.28912	-592.3672	-2108.7476	100.0	100.0	188999	190.7027	222.77057	685.19196	-1167.4553	-200.28317	358.1561	2536.3187639713287
127	-863.0563	270.28424	-533.5159	-1364.0532	-797.18933	265.42657	-540.73474	-1449.3984	100.0	100.0	190499	191.74435	222.83531	717.031	-1204.3138	-201.59721	371.98938	2556.539796113968
128	-888.8594	315.99344	-316.7816	-1617.6393	-946.8421	307.1061	-604.7034	-1683.1025	100.0	100.0	191999	193.12302	222.88725	726.1717	-1171.7489	-203.08366	382.04416	2576.780505180359
129	-1038.6387	439.01523	-292.6267	-2098.816	-894.396	250.92058	-471.3001	-1328.4381	100.0	100.0	193499	194.45653	222.67574	718.86127	-1209.9369	-204.12616	374.44476	2597.109211206436
130	-835.0348	463.7557	-292.48734	-2142.7168	-858.40753	331.5225	-288.25076	-1548.0752	100.0	100.0	194999	195.97478	218.74849	723.2577	-1201.0219	-205.49246	392.52985	2618.4750950336456
131	-1065.3839	426.2148	-421.29037	-2280.583	-959.1373	443.0286	-480.85602	-1726.5829	100.0	100.0	196499	195.56276	218.7133	736.8094	-1176.9048	-205.52739	385.2191	2639.861896276474
132	-897.53906	334.27173	-325.7825	-1757.0819	-1046.7737	454.77615	-415.76944	-1995.5831	100.0	100.0	197999	197.54935	220.31581	765.0574	-1165.845	-207.69775	388.665	2660.406013250351
133	-976.4019	293.83942	-541.2225	-1644.2433	-989.79913	201.14474	-535.6958	-1307.5161	100.0	100.0	199499	200.40408	222.79941	777.96906	-1153.2559	-210.59512	394.57816	2680.783946990967
134	-778.32526	292.50598	-481.10214	-1616.6422	-992.0829	458.1625	-548.15137	-2090.2515	100.0	100.0	200999	208.22531	222.74771	797.9106	-1110.326	-218.8593	397.88257	2701.3163480758667
135	-740.3934	215.64369	-391.46982	-1150.7817	-910.86	281.0912	-482.16806	-1373.1224	100.0	100.0	202499	214.78688	221.54774	846.4383	-1106.2733	-225.42421	393.37576	2721.529657125473
136	-909.3802	244.95093	-549.9668	-1538.3158	-645.4206	237.09505	-357.40295	-1119.8754	100.0	100.0	203999	222.04523	220.07066	855.91046	-1071.8103	-232.74504	395.06424	2742.3394060134888
137	-970.98236	327.12192	-441.8441	-1640.0872	-822.45447	303.50635	-487.8869	-1508.7948	100.0	100.0	205499	228.47032	217.26846	824.8813	-1004.50793	-239.00189	388.90247	2763.5402760505676
138	-891.677	327.32175	-297.92673	-1627.9553	-755.75867	329.57925	-323.82428	-1400.2306	100.0	100.0	206999	235.63704	214.09804	850.1306	-1088.0482	-245.95042	378.8424	2783.660362958908
139	-907.16315	512.1113	-426.62814	-1852.8835	-808.9811	324.40405	-285.38498	-1566.4641	100.0	100.0	208499	238.43355	211.44823	860.77454	-1126.0548	-248.3835	368.72266	2804.4873661994934
140	-829.8858	342.17465	-479.31754	-1656.7135	-826.5206	229.98602	-549.7087	-1292.5833	100.0	100.0	209999	240.7471	209.91476	875.7116	-1079.3705	-250.64165	365.7565	2825.6490280628204
141	-859.0748	397.52643	-328.45526	-1794.5424	-939.536	327.99918	-401.4523	-1591.5579	100.0	100.0	211499	240.57437	208.58319	885.1729	-1200.2413	-250.18738	361.21176	2845.7472031116486
142	-815.2408	259.71896	-385.61304	-1154.8204	-1196.6627	513.2168	-293.8453	-1995.2544	100.0	100.0	212999	238.70851	207.52213	888.21985	-1292.1569	-248.22595	348.51663	2865.6785881519318
143	-903.9818	335.81628	-525.8455	-1668.8143	-833.29724	370.87485	-206.31866	-1415.4591	100.0	100.0	214499	237.78152	206.8605	877.2785	-1289.3949	-247.53448	356.1665	2885.9119601249695
144	-800.44073	327.8469	-288.9468	-1641.4423	-1020.0301	312.86227	-468.02313	-1588.884	100.0	100.0	215999	238.47256	204.52982	867.367	-1392.1383	-248.20483	364.28058	2906.152411222458
145	-907.79425	401.16553	-354.57224	-1993.0352	-925.48584	344.23398	-470.40805	-1552.6958	100.0	100.0	217499	240.26595	204.86421	843.8908	-1349.5078	-250.34479	363.08682	2926.3993561267853
146	-929.8965	337.41156	-478.26117	-1629.0618	-983.007	499.58136	-493.86813	-2209.5232	100.0	100.0	218999	245.61082	207.5312	816.9381	-1247.8494	-256.13483	362.69742	2946.7688281536102
147	-1016.37305	364.63022	-396.533	-1684.0099	-798.78503	273.2593	-332.34778	-1252.3252	100.0	100.0	220499	251.7156	211.18277	858.05554	-1305.7015	-262.5558	378.11017	2966.970737218857
148	-801.3388	437.08432	-155.48343	-1675.9355	-956.4095	466.53552	-189.26299	-2004.2273	100.0	100.0	221999	260.85104	212.33873	944.9061	-1213.5264	-271.63364	374.79764	2987.08634018898
149	-772.84174	278.8287	-447.92352	-1615.6528	-752.49634	284.84027	-361.59464	-1174.227	100.0	100.0	223499	268.01025	212.24614	987.87146	-1150.4099	-278.4868	366.8772	3007.3996391296387
150	-1128.02	368.2304	-570.9177	-2008.9727	-716.80554	266.29926	-331.2735	-1396.1985	100.0	100.0	224999	273.18576	213.95607	981.13824	-1199.6387	-283.7245	359.58926	3027.6205880641937
151	-1057.197	361.71735	-393.80096	-1763.1586	-898.85486	380.76907	-295.57916	-1758.6783	100.0	100.0	226499	279.85208	214.80403	954.41144	-1104.0933	-290.43356	345.62704	3048.1947922706604
152	-855.04285	245.05359	-576.5545	-1404.289	-958.4531	301.15247	-604.662	-1670.2238	100.0	100.0	227999	284.65808	214.16133	939.72955	-1154.0814	-294.90543	340.5155	3068.3988280296326
153	-766.7965	223.67213	-437.20465	-1292.4829	-819.098	214.65894	-543.8837	-1361.0543	100.0	100.0	229499	288.44202	213.31467	998.11566	-1140.7631	-298.595	328.0506	3088.689390182495
154	-909.36926	291.95303	-455.33728	-1484.812	-953.7123	219.5652	-591.70056	-1387.7422	100.0	100.0	230999	291.00415	212.30936	1011.055	-1095.1108	-301.24652	329.3257	3108.9769279956818
155	-890.79877	353.52533	-398.4635	-1680.1946	-919.9852	246.33505	-564.9879	-1312.6376	100.0	100.0	232499	291.8263	210.35522	1003.86145	-1092.0688	-301.82758	320.14267	3129.503679037094
156	-875.84296	283.3105	-403.48346	-1317.0531	-1106.085	378.1622	-527.73553	-2019.9324	100.0	100.0	233999	292.755	208.1737	980.4898	-1054.51	-302.6387	314.58505	3149.695976257324
157	-821.02277	232.02118	-344.8425	-1205.699	-779.6888	249.27472	-475.87918	-1226.549	100.0	100.0	235499	292.13617	209.61295	1004.3706	-1108.6799	-301.94962	314.75357	3169.9839091300964
158	-917.48315	332.94128	-402.8616	-1488.5114	-872.67334	394.6068	-282.2378	-1589.823	100.0	100.0	236999	291.31937	206.72418	989.7645	-1054.1504	-300.67908	318.56305	3190.0612511634827
159	-898.7809	443.85336	-386.34183	-1821.4644	-913.21454	322.0351	-558.84973	-1624.6344	100.0	100.0	238499	285.19864	204.37267	977.4032	-1137.7427	-294.25156	313.5345	3210.264020204544
160	-896.5727	243.76811	-278.9185	-1366.1602	-959.4445	327.03336	-477.66287	-1623.7688	100.0	100.0	239999	278.77032	200.16112	958.1211	-1069.2561	-287.4198	298.4682	3230.433350086212
161	-832.6336	331.95908	-442.59274	-1565.6077	-977.36456	608.09894	-424.3657	-2390.0593	100.0	100.0	241499	271.95078	197.71024	917.567	-1037.8873	-280.95288	294.95853	3250.983179092407
162	-872.786	355.03983	-377.25412	-1835.6073	-765.16095	336.333	-358.07825	-1517.6459	100.0	100.0	242999	265.8953	194.93898	914.4369	-1010.18414	-275.06155	299.14816	3271.3699040412903
163	-762.5428	201.44957	-361.2129	-1136.1234	-1002.91406	391.78555	-151.76962	-1662.1361	100.0	100.0	244499	262.8411	193.56389	911.93304	-927.2439	-271.94724	295.58353	3291.6138322353363
164	-769.0261	281.94345	-370.36618	-1250.0804	-791.17096	349.10873	-210.45953	-1232.895	100.0	100.0	245999	257.92953	191.40567	903.1535	-950.8527	-266.77472	293.7704	3311.9301102161407
165	-841.3778	277.28836	-349.41028	-1494.7954	-769.9372	157.3088	-603.96246	-1139.2363	100.0	100.0	247499	252.13689	191.69574	884.4376	-979.4829	-260.82672	290.63266	3332.408858060837
166	-879.7489	252.20241	-321.94812	-1321.3896	-738.565	288.88623	-322.2208	-1166.7736	100.0	100.0	248999	247.5176	191.78079	908.9254	-1043.0178	-256.4293	296.45712	3352.6610312461853
167	-921.96484	343.15872	-181.1504	-1524.3317	-897.99023	290.5526	-403.8047	-1377.9957	100.0	100.0	250499	243.72864	191.27246	900.2816	-982.18896	-252.62056	294.45544	3373.2969629764557
168	-840.4262	259.74002	-457.6017	-1390.3785	-858.02734	397.78354	-451.366	-1770.4755	100.0	100.0	251999	241.2031	192.05273	904.96313	-1004.97833	-250.08133	294.64877	3393.607416152954
169	-868.8986	273.8365	-443.21164	-1333.633	-642.3669	178.13821	-301.4972	-890.3644	100.0	100.0	253499	237.95891	192.69878	900.311	-1084.1808	-246.87933	304.76514	3413.8643341064453
170	-847.0214	397.78998	-367.3539	-1846.6461	-878.2131	390.8711	-281.57568	-1489.9786	100.0	100.0	254999	231.51791	193.07552	914.3217	-1078.1691	-240.1457	292.87793	3434.1658680438995
171	-789.55646	415.80075	-306.56985	-1992.8136	-854.4577	320.9393	-351.2431	-1452.0342	100.0	100.0	256499	227.8283	193.59892	902.3413	-1116.3518	-236.48592	287.4995	3454.361172914505
172	-796.61975	388.45822	-229.43251	-1575.9805	-869.4181	340.63367	-535.54584	-1773.5608	100.0	100.0	257999	222.39114	195.9588	907.2243	-1138.7689	-231.269	289.0785	3476.9060740470886
173	-657.96326	256.72922	-304.59525	-1081.7166	-906.7484	327.69708	-458.64218	-1297.1448	100.0	100.0	259499	219.78687	197.92201	912.07874	-1289.9999	-228.57948	292.31238	3497.4822161197662
174	-1076.1407	370.6072	-580.5058	-1783.2638	-776.8692	241.39806	-461.642	-1211.7406	100.0	100.0	260999	217.65959	201.13646	927.04553	-1350.4539	-226.57036	292.99313	3517.9577691555023
175	-826.0525	316.96014	-321.3213	-1638.4745	-967.6288	338.644	-330.51202	-1520.452	100.0	100.0	262499	216.60542	202.24297	948.9445	-1243.2318	-225.85144	295.86404	3537.9474642276764
176	-826.21344	335.705	-214.15308	-1332.5188	-977.0707	423.67828	-394.3816	-1596.6455	100.0	100.0	263999	215.57475	202.19733	962.4043	-1280.4015	-224.68066	294.39664	3558.2679941654205
177	-743.20874	302.03946	-272.0582	-1236.0404	-738.32556	157.60739	-478.16888	-956.2097	100.0	100.0	265499	214.88399	201.0663	974.0731	-1265.6583	-223.83444	288.0301	3578.592348098755
178	-702.492	256.06073	-268.50613	-1131.4807	-757.22327	413.59866	-285.48718	-1444.6307	100.0	100.0	266999	211.53587	200.9409	992.1452	-1337.1797	-220.35966	290.13712	3598.951182126999
179	-882.32526	237.55544	-359.07663	-1360.8617	-880.81433	363.07602	-483.40854	-1572.0144	100.0	100.0	268499	208.14796	202.41153	992.3903	-1294.0662	-216.6433	289.83078	3619.2231311798096
180	-978.47015	340.96375	-354.1573	-1469.0018	-955.2845	419.14023	-328.04684	-1633.9116	100.0	100.0	269999	202.62329	204.11723	994.086	-1213.8038	-211.21457	276.53372	3639.368057012558
181	-838.0809	304.09723	-369.08273	-1188.6406	-788.7279	372.22165	-206.70764	-1515.7836	100.0	100.0	271499	198.29794	204.53056	1001.9421	-1166.6802	-206.54791	281.49304	3659.636219024658
182	-939.2716	314.09595	-546.7787	-1631.3046	-867.04474	243.18057	-422.93454	-1185.9299	100.0	100.0	272999	192.65483	205.04161	982.57367	-1215.5669	-201.0003	274.7031	3679.736815214157
183	-872.56464	387.53568	-401.86246	-1498.699	-825.2658	335.71368	-402.1578	-1492.2812	100.0	100.0	274499	188.29408	207.09985	974.64404	-1201.8774	-196.67204	278.2419	3699.858675956726
184	-771.87946	277.69876	-368.62653	-1461.3541	-916.1542	202.36497	-608.0449	-1281.3715	100.0	100.0	275999	184.0882	211.26485	957.7471	-1060.525	-192.68431	279.12628	3720.5113892555237
185	-809.0601	283.1918	-348.3207	-1209.7996	-625.9569	244.52365	-329.17502	-1174.878	100.0	100.0	277499	184.22342	214.41228	952.11365	-1238.0516	-192.98479	286.5711	3741.0783989429474
186	-876.2453	254.90707	-277.61346	-1273.2799	-970.60077	627.09766	-330.27164	-2762.2058	100.0	100.0	278999	182.10356	216.01767	957.0561	-1314.668	-190.80602	294.2477	3761.2778112888336
187	-699.169	342.98663	-259.74478	-1370.3416	-668.4666	131.52422	-416.85794	-894.7051	100.0	100.0	280499	179.26546	216.4822	961.6522	-1244.0007	-187.92072	296.67014	3781.6003110408783
188	-760.8798	309.4091	-176.01466	-1468.1237	-880.5654	293.7391	-429.1315	-1356.4238	100.0	100.0	281999	178.99551	217.6052	1039.7865	-1232.6694	-187.70183	299.80524	3801.9600780010223
189	-867.44165	306.03925	-500.8877	-1546.0817	-1007.9326	395.25397	-488.50427	-1708.4006	100.0	100.0	283499	178.01149	217.39896	1025.1633	-1049.8113	-186.71675	302.04486	3822.458633184433
190	-833.6851	257.48273	-374.17694	-1478.2736	-816.5488	305.6989	-369.74313	-1412.9507	100.0	100.0	284999	175.23882	217.77286	1010.52563	-1158.4188	-183.81723	299.1485	3842.6439752578735
191	-769.0461	193.5168	-276.8159	-1116.4354	-735.9147	138.68266	-509.04858	-933.1373	100.0	100.0	286499	174.39284	217.5215	1007.6582	-1117.7876	-183.04617	298.56763	3862.8831441402435
192	-964.4329	382.83517	-390.09827	-1803.4161	-750.6761	250.25	-355.48953	-1085.5282	100.0	100.0	287999	174.95018	218.98271	1020.72284	-1135.816	-183.73204	299.86484	3882.7480702400208
193	-811.0497	319.85574	-285.3343	-1469.9813	-796.6863	296.02747	-416.24466	-1426.1571	100.0	100.0	289499	175.38551	220.12833	1018.15204	-1104.4215	-184.20883	297.805	3902.94793009758
194	-761.94324	217.30984	-442.73492	-1094.1842	-789.00726	243.01414	-300.48032	-1094.0378	100.0	100.0	290999	171.91689	220.50381	992.302	-1171.9069	-180.52179	293.33163	3923.147434949875
195	-715.0421	211.76746	-443.89185	-1179.1382	-745.07684	200.49983	-405.52866	-1024.4071	100.0	100.0	292499	171.34166	220.2352	972.3356	-1156.1963	-180.22264	291.46695	3943.2994151115417
196	-841.6076	350.17468	-480.50076	-1860.3937	-932.40393	263.12567	-545.1587	-1351.8252	100.0	100.0	293999	172.83803	217.35953	955.3445	-1126.1937	-181.83629	292.16342	3963.716325044632
197	-806.8041	325.38898	-306.78787	-1418.215	-782.526	340.16953	-266.0084	-1392.4976	100.0	100.0	295499	175.01672	214.3398	938.3016	-1171.5997	-183.9175	292.65375	3982.6004688739777
198	-629.1446	173.26782	-362.34583	-972.29944	-921.6678	290.28378	-508.8604	-1336.5863	100.0	100.0	296999	174.44276	211.41736	931.0221	-1180.498	-183.32092	295.01843	3999.0795612335205
199	-1039.2015	585.1958	-401.6214	-2710.451	-825.08093	171.92804	-565.16113	-1054.554	100.0	100.0	298499	176.3126	210.32231	908.8483	-1245.6792	-185.3438	292.8458	4015.3918199539185
200	-651.3467	261.17484	-229.04341	-1236.9556	-799.99695	180.99374	-595.0371	-1210.0922	100.0	100.0	299999	179.85147	209.99063	898.45044	-1280.4487	-188.92183	293.2575	4031.9843170642853
