const float w1[sz_hid_1][sz_obs] = {{-2.36075902e+00, 1.31810918e-01,-3.58236790e+00,-2.91891620e-02,
  -4.79456224e-02,-5.25350422e-02, 4.10882282e+00, 4.58270721e-02,
  -9.72569510e-02},
 { 2.57705212e+00, 2.27289081e+00, 3.19443750e+00,-7.83116594e-02,
   5.98484501e-02,-1.49003677e-02,-4.83489466e+00, 5.14922179e-02,
  -2.47981504e-01},
 { 1.82652287e-02, 1.14497254e-02,-3.07708025e-01, 3.12237573e+00,
   3.09387028e-01, 1.65804291e+00, 1.61582343e-02,-8.63235760e+00,
  -6.25402480e-02},
 {-4.93314713e-02, 4.45553288e-02, 2.15437524e-02, 9.79542851e-01,
   2.79636741e+00,-2.81478405e+00,-1.29206762e-01,-1.63093042e+00,
  -2.58689785e+00},
 {-1.17557418e+00,-1.55240464e+00,-1.29955328e+00,-1.58584058e+00,
  -4.40661013e-01, 4.57766533e-01, 2.87094092e+00,-3.11336797e-02,
   1.61820650e+00},
 {-5.34192920e-02, 4.54690941e-02, 8.16525745e+00, 1.34088099e-03,
   4.85188933e-03, 1.08466960e-01,-4.77580994e-04, 9.86343715e-03,
   1.29698254e-02},
 {-9.73897520e-03,-5.31061273e-03,-2.34205818e+00,-1.28999043e+00,
  -2.66627163e-01,-8.46684873e-01,-6.50264323e-02, 3.38277268e+00,
   1.58550715e+00},
 { 2.21440792e-02, 5.05729429e-02,-3.26463282e-01, 1.54148829e+00,
  -9.32194054e-01,-2.12340379e+00,-1.82348844e-02,-3.52767324e+00,
  -5.99042885e-02},
 { 6.36759028e-02, 7.70788565e-02,-4.52000380e+00,-1.18123913e+00,
   6.30885243e-01, 1.13397010e-01, 2.08031490e-01,-3.38850760e+00,
  -2.66936970e+00},
 { 1.16401029e+00, 2.10817844e-01,-2.01867566e-01, 3.57153177e+00,
   1.34406638e+00,-1.63456690e+00,-9.70231295e-01, 1.96536970e+00,
  -1.53309286e+00},
 {-9.27021669e-04, 4.52213213e-02, 2.95043766e-01,-1.07609427e+00,
  -2.04310179e+00,-3.98102713e+00,-4.08242717e-02, 8.30919027e-01,
  -3.86422426e-02},
 { 8.84421989e-02,-1.26586139e-01, 3.47082376e-01, 1.79686975e+00,
  -2.09491038e+00, 2.60185695e+00, 1.71292722e-01, 3.44739103e+00,
  -1.88190055e+00},
 {-2.02145334e-03,-3.31174880e-02, 3.73933405e-01, 3.13690162e+00,
   2.26662874e+00, 5.03775656e-01,-6.41891360e-02,-1.36643016e+00,
   1.40625611e-01},
 {-5.28698862e-02,-2.41893679e-02, 3.18763465e-01, 3.99623895e+00,
   1.94162583e+00, 8.81907940e-01,-7.02552497e-02,-5.73570108e+00,
   1.57597810e-01},
 { 1.33677864e+00, 1.17462516e+00, 3.45595777e-01, 4.94649321e-01,
  -1.64710093e+00,-2.45499849e-01,-2.95698357e+00,-4.20869350e-01,
   3.18060446e+00},
 { 1.15579609e-02, 9.37587917e-02, 3.33074617e+00, 3.68104905e-01,
   2.49230289e+00, 5.86700439e-01,-4.20236923e-02,-3.38192534e+00,
   4.34526777e+00},
 { 5.49487531e-01,-1.90338349e+00, 3.98078418e+00, 2.91012810e-03,
   3.00577618e-02, 1.20624430e-01,-6.41113949e+00,-8.26369822e-02,
  -8.17536842e-03},
 {-2.12522317e-03, 5.30675277e-02,-1.19283791e+01, 1.80772580e-02,
  -1.44559599e-03,-5.89533858e-02,-3.81866693e-02,-2.78982557e-02,
  -5.95948845e-03},
 { 1.65322518e+00,-9.89664793e-01, 1.17662561e+00, 3.02365422e-01,
   6.05360195e-02,-4.51646298e-01,-5.61759233e+00, 2.34539673e-01,
   3.09543759e-01},
 { 9.69389919e-03,-2.27706917e-02, 4.78547156e-01, 2.89845562e+00,
  -1.00565755e+00,-2.45213106e-01, 2.74526533e-02, 7.25962687e+00,
   5.74302347e-03},
 { 3.23848295e+00, 1.50735006e-01, 4.26407671e+00,-1.40218390e-03,
  -6.11606287e-03, 5.32508373e-01,-8.05043125e+00, 4.75404114e-02,
  -1.30656153e-01},
 {-5.96073940e-02,-9.79883410e-03, 5.72800636e-02,-1.52966547e+00,
   1.48215330e+00, 8.31010342e-01,-1.55072389e-02,-3.00594854e+00,
  -3.31779385e+00},
 { 1.16037333e+00, 1.17941153e+00,-3.40358710e+00,-5.51803648e-01,
   1.10158300e+00, 7.61581659e-01, 4.16711330e+00,-1.16537881e+00,
  -1.74168086e+00},
 { 2.49929368e-01, 8.98111522e-01,-2.81361818e+00,-5.98063953e-02,
  -4.29608263e-02, 8.96758363e-02, 4.28224659e+00, 1.01166353e-01,
   5.56202941e-02},
 {-5.13947904e-02,-5.32616600e-02, 2.03754067e+00,-8.73822421e-02,
  -1.27193463e+00, 3.76682431e-01,-6.76189316e-03,-5.93139887e+00,
  -1.29420543e+00},
 {-3.03984736e-03,-4.94918525e-02, 2.25235987e+00, 6.72813281e-02,
   9.03531492e-01,-4.27418739e-01,-2.80414522e-02, 5.83373070e+00,
   1.79859507e+00},
 {-2.30887443e-01,-4.43366349e-01, 4.79064107e-01, 3.22943985e-01,
   4.58139181e-01,-8.78914446e-02,-1.11232615e+00,-8.82609904e-01,
  -1.19738269e+00},
 {-4.69568074e-02, 3.97524908e-02, 9.84927937e-02, 1.83341905e-01,
   4.21447754e-01,-1.02717209e+00,-6.85397759e-02,-3.66245437e+00,
   1.84088373e+00},
 {-7.43273020e-01, 2.17097235e+00,-2.30290413e+00,-1.63293421e-01,
   1.06321290e-01,-9.59283486e-02, 3.33748126e+00,-1.02098025e-02,
   1.34797757e-02},
 { 6.99271262e-03, 6.33351458e-03, 1.29951671e-01, 1.52152514e+00,
   1.92822886e+00,-1.08536255e+00,-1.48121919e-03, 6.79299593e+00,
   4.47326666e-03},
 {-9.61174607e-01,-2.43928599e+00,-6.01785958e-01,-1.54205990e+00,
  -4.35042500e-01, 3.82430432e-03, 2.13759470e+00,-2.13623881e-01,
   1.71038973e+00},
 { 3.10238457e+00, 1.80896983e-01,-1.71348202e+00, 4.65713516e-02,
  -3.93561721e-02,-5.56851029e-02, 7.56434298e+00, 6.26292005e-02,
  -1.12802461e-02},
 { 5.71876168e-01,-1.94006574e+00,-1.35543704e+00, 3.70116308e-02,
  -4.36315648e-02,-5.36225021e-01,-5.18319464e+00, 1.51330233e-01,
  -8.80144611e-02},
 {-1.50620162e-01, 3.44556063e-01, 6.09038448e+00,-3.77101243e-01,
   9.09896731e-01, 3.80399203e+00, 8.78863409e-02,-2.55511189e+00,
   3.07634187e+00},
 { 7.93926269e-02, 6.42955154e-02,-2.02870512e+00, 6.43463209e-02,
  -6.44668698e-01, 5.08643508e-01,-6.86155707e-02,-5.19702101e+00,
   1.76096213e+00},
 { 2.23522472e+00,-5.66445231e-01, 1.46943009e+00, 5.94334543e-01,
   1.80734336e-01,-3.42384011e-01,-5.96568680e+00,-2.43351355e-01,
  -8.25637102e-01},
 {-3.13539922e-01, 4.76309681e+00, 2.72186708e+00, 4.31260131e-02,
  -8.20531994e-02,-1.01442873e-01,-4.51333904e+00, 9.23763514e-02,
   6.13357984e-02},
 {-2.36360282e-02, 7.24825962e-03, 2.31378898e-01,-1.68809342e+00,
  -4.20274884e-01, 7.41491258e-01, 3.57426852e-02,-2.52334380e+00,
   8.49635005e-02},
 { 9.79242623e-01,-1.78838873e+00,-1.19097698e+00,-1.45292079e+00,
  -1.22885323e+00,-1.03135979e+00, 1.81253994e+00,-1.20162177e+00,
  -1.39627528e+00},
 { 8.75482321e-01,-2.57626146e-01, 5.79924166e-01, 1.62802827e+00,
  -1.17946255e+00,-8.79058063e-01,-2.12629557e+00, 6.91521108e-01,
   3.32642651e+00},
 { 2.91980958e+00,-1.16029799e+00, 8.99528027e-01,-1.74192642e-03,
  -2.24180473e-03, 3.52158062e-02,-8.03060532e+00, 9.36650205e-03,
  -3.37460563e-02},
 {-4.09714179e-03,-1.97758880e-02,-1.58248097e-02,-1.76862776e+00,
  -5.10582447e-01,-1.36030996e+00, 2.13069487e-02, 4.39688385e-01,
  -1.40665963e-01},
 {-6.02370836e-02,-5.80210909e-02,-1.01963210e+00, 3.10690331e+00,
   1.60149503e+00,-1.26168597e+00,-2.36315820e-02, 1.55121028e+00,
   2.49892569e+00},
 {-9.25459027e-01, 2.11904311e+00, 9.95810747e-01, 1.36545038e+00,
   2.60341883e-01,-1.00666475e+00,-3.03652811e+00, 3.68381105e-02,
  -2.44916821e+00},
 { 2.25533605e-01,-4.37013447e-01,-3.72330704e+01,-3.32264975e-02,
   5.97256273e-02, 1.24093384e-01,-7.37913651e-03,-2.17841789e-01,
  -3.84863317e-02},
 {-1.93241626e-01, 1.82326257e-01,-5.17641939e-02, 3.46419239e+00,
  -4.03723389e-01, 4.79876548e-02,-8.88930932e-02, 2.53073239e+00,
  -3.03895974e+00},
 {-1.94858257e-02,-2.95051355e-02, 5.94500124e-01, 9.95247304e-01,
  -4.20555019e+00, 8.24277878e-01, 9.07473359e-03, 1.96065217e-01,
  -1.39988139e-01},
 { 2.08096385e+00, 3.84686279e+00,-2.23626103e-02, 3.33671160e-02,
   3.59266927e-03,-1.11183137e-01,-1.88722298e-01,-1.03484847e-01,
   2.41989475e-02},
 { 3.52933908e+00, 1.57869682e-01,-1.99189126e+00, 3.88756045e-03,
  -6.18091086e-03,-9.54221562e-02, 8.94492912e+00,-3.20572895e-03,
   5.90684302e-02},
 {-5.27851403e-01,-2.24708676e-01, 6.37506306e-01, 5.46798885e-01,
   1.54958999e+00, 6.49295747e-01,-5.14794812e-02, 2.80293083e+00,
  -1.32349896e+00},
 { 1.56304193e+00, 1.93751454e+00,-1.03692663e+00,-2.10018046e-02,
  -1.28508560e-04, 3.53319906e-02, 6.50313044e+00,-2.17494033e-02,
   1.61557086e-02},
 {-4.73735392e-01,-1.12291479e+00,-6.28278315e-01, 1.38109457e+00,
   2.89895654e-01,-4.93972003e-01, 1.88409424e+00, 8.68912563e-02,
  -2.20444489e+00},
 {-2.94047689e+00,-7.97997653e-01,-2.08141470e+00, 2.31627878e-02,
  -3.56398597e-02, 7.09964633e-02, 1.51192129e+00, 1.69705860e-02,
   1.03986906e-02},
 { 2.25678420e+00, 1.20485313e-01,-2.33002639e+00,-1.42157704e-01,
   3.23504880e-02, 1.12617567e-01, 5.01992989e+00,-1.81320325e-01,
   7.96889007e-01},
 { 9.82033908e-02, 1.58221610e-02,-8.64109993e-01, 4.21546847e-01,
   1.99352324e+00, 1.55137703e-01, 1.01524472e-01,-6.07756853e+00,
  -3.17378342e-01},
 { 6.17028952e-01,-4.56959581e+00,-3.44072437e+00, 1.08742617e-01,
   1.05255038e-01,-1.80497304e-01, 3.55193233e+00, 5.40288627e-01,
  -4.41314816e-01},
 { 4.06058073e+00, 2.88172215e-01,-1.08970833e+00, 6.52796123e-03,
   1.03007676e-03,-3.70251574e-02,-2.60082650e+00,-3.33032832e-02,
   1.10939816e-02},
 { 7.21325129e-02,-1.68969095e-01, 3.35587621e+00,-2.20736766e+00,
  -5.78986049e-01,-2.84245205e+00, 2.28564441e-01, 2.05271220e+00,
  -4.35520935e+00},
 { 7.02709019e-01, 1.36349487e+00,-1.32545483e+00, 1.58552313e+00,
   6.38619006e-01,-6.55193925e-01, 3.61167479e+00, 4.39538024e-02,
  -2.28245497e+00},
 { 1.64470840e+00,-1.36874723e+00, 3.26597404e+00,-5.15835643e-01,
   4.71021160e-02, 3.65218610e-01,-6.22594929e+00,-1.41333997e-01,
  -5.18874407e-01},
 { 1.72675264e+00, 2.71431065e+00, 2.87921071e+00,-1.72186226e-01,
   1.70239866e-01,-1.16728336e-01,-4.63758802e+00,-3.07046473e-01,
  -1.36564147e+00},
 { 1.33598852e+00,-3.20861489e-02, 2.42908096e+00, 1.13020110e+00,
  -3.35333228e-01, 6.61825538e-01, 3.53736973e+00,-8.67798328e-02,
   1.28317940e+00},
 { 3.28825688e+00,-3.29101658e+00,-1.35753369e+00, 1.61459409e-02,
  -2.40245648e-03,-1.77478790e-02, 8.46113014e+00, 1.69625320e-02,
   5.56401201e-02},
 {-4.08818014e-02,-1.63250286e-02, 5.73065542e-02,-4.58217084e-01,
  -1.66232252e+00, 1.61257720e+00, 4.56343852e-02,-5.86438799e+00,
  -3.85654829e-02},
 { 1.38718510e+00,-3.97199512e-01, 1.99236572e+00,-3.25178280e-02,
  -4.44018282e-03,-4.12440347e-03,-2.77591419e+00,-7.92254880e-02,
   1.25886444e-02},
 {-7.06840865e-03,-2.10825764e-02, 2.65154362e-01, 1.88811016e+00,
  -3.33794318e-02, 6.34064150e+00, 9.26343426e-02,-4.62245369e+00,
   1.73844479e-03},
 {-1.73540432e-02, 2.71642320e-02,-1.52193403e+00,-5.92558421e-02,
   7.91084528e-01, 7.53651857e-02, 5.24728093e-03, 5.47755909e+00,
  -2.23661804e+00},
 { 5.37630320e-01,-6.46921173e-02,-1.31778383e+00, 3.29618430e+00,
  -1.53622615e+00, 5.05461037e-01,-1.44929600e+00, 2.61714244e+00,
   1.58631730e+00},
 {-3.08234602e-01,-2.93940711e+00, 2.32835170e-02, 3.57949696e-02,
   1.62328575e-02,-8.05788711e-02, 2.11675119e+00,-1.40278237e-02,
  -3.34506831e-03},
 { 1.02355413e-01,-2.21618600e-02, 5.18028617e-01,-2.52847719e+00,
   2.29087996e+00, 2.03531837e+00, 5.54392263e-02,-4.38899851e+00,
  -2.73413479e-01},
 {-7.09749237e-02, 6.85249940e-02, 9.47655320e-01, 1.23824149e-01,
   8.41862440e-01,-1.62021369e-01,-2.52711121e-02, 2.48924661e+00,
   3.07029533e+00},
 { 1.59724200e+00, 1.62288976e+00,-1.25603652e+00,-6.09968463e-03,
   1.94427115e-03,-9.75838862e-03, 6.81596136e+00,-1.05188349e-02,
  -7.87511468e-03},
 {-2.22023797e+00, 1.95471418e+00, 5.48590660e+00, 7.82472827e-03,
   5.11059910e-02,-8.44008029e-02,-7.08341694e+00,-4.41129543e-02,
  -4.16418072e-03},
 { 2.60287285e+00, 1.77091146e+00, 1.31503987e+00,-2.72524320e-02,
   5.24412841e-02, 5.26792184e-02,-8.21944237e+00,-5.38853966e-02,
  -8.66303742e-02},
 {-7.67559186e-02,-9.20645073e-02, 1.92429975e-01, 1.77854502e+00,
  -7.84354985e-01, 1.26487708e+00,-2.35055089e-01, 1.14677601e-01,
  -2.15965986e+00},
 {-2.33398918e-02, 2.90377550e-02, 3.49889845e-01, 1.32951581e+00,
  -1.18320668e+00,-4.66202259e-01,-4.46666293e-02, 6.69871473e+00,
  -2.16553703e-01},
 {-2.07686564e-03,-7.88116306e-02,-2.65284419e+00, 1.33407712e+00,
  -1.94449925e+00,-2.23114580e-01,-9.19445828e-02, 3.91791868e+00,
   2.88645720e+00},
 { 1.52552772e+00,-1.29723242e-02,-7.30395913e-01,-1.15810704e+00,
  -8.74039009e-02,-1.03184092e+00, 3.46651030e+00, 6.96468294e-01,
  -1.62569833e+00},
 {-1.68941449e-03, 8.51434097e-03,-4.07863036e-02,-5.07281572e-02,
  -5.07910154e-04, 5.40189648e+00,-3.61001790e-02,-2.24957708e-02,
  -3.09774000e-02},
 { 1.37004524e-03, 6.62091300e-02, 3.79922318e+00,-8.62446547e-01,
   1.22259688e+00,-5.05432963e-01, 2.74065929e-03,-3.13299966e+00,
   2.82401443e+00},
 { 1.20002501e-01,-9.18019842e-03,-2.42898917e+00,-1.42681098e+00,
   3.34809273e-01, 1.20851314e+00,-2.36707479e-02,-3.15777302e-01,
   2.20650554e+00},
 { 1.74172327e-01, 3.38448954e+00, 1.11368895e+00, 9.16385055e-01,
   6.60650432e-01,-9.11361277e-01,-2.73566175e+00, 1.88325024e+00,
   2.45619273e+00},
 {-9.41234361e-03, 2.03500949e-02,-1.76943675e-01,-1.64501667e-01,
   4.06498671e+00, 1.89853996e-01,-4.53685187e-02,-4.25435638e+00,
  -3.99379293e-03},
 { 1.73767343e-01, 2.12959871e-01, 1.10806522e+01,-1.40358120e-01,
   3.73700112e-02, 3.51162344e-01, 7.42655918e-02, 2.01310348e-02,
   1.95165247e-01},
 { 1.40872192e+00,-5.27761984e+00,-3.03643799e+00,-2.39529945e-02,
  -1.41812693e-02, 1.58892900e-01, 3.28333211e+00,-3.51248984e-03,
   1.71124246e-02},
 { 1.42544299e-01,-2.19308585e-02,-1.38196468e+00,-1.67824972e+00,
   5.52030444e-01,-5.80030158e-02, 1.66629076e-01, 1.45206189e+00,
  -3.24793553e+00},
 { 2.32088351e+00,-8.88016105e-01, 4.46715355e+00, 4.06647399e-02,
  -1.40812574e-03,-1.15828745e-01,-4.54095984e+00, 4.00878768e-03,
  -4.18628231e-02},
 { 1.30982232e+00, 7.78837353e-02,-1.49674642e+00, 3.19576859e-01,
   7.54325807e-01,-5.94963372e-01, 3.81618524e+00, 3.21469140e+00,
   4.32994276e-01},
 {-7.39551987e-03, 1.02569181e-02,-2.38110960e-01,-1.30237865e+00,
   2.23436427e+00,-1.62720299e+00, 9.39828679e-02, 3.35107803e+00,
  -2.75118232e-01},
 {-9.98141110e-01, 5.98752439e-01, 3.07415798e-02,-1.28193153e-02,
   6.06940910e-02,-1.73819941e-02,-1.13669276e+00,-8.39202404e-02,
  -1.32357515e-02},
 { 1.44162551e-01,-1.90701522e-02,-1.24212396e+00,-7.21221343e-02,
   3.24276066e+00, 7.34707192e-02, 5.67616755e-03, 3.60502541e-01,
  -3.90906334e+00},
 { 5.90909123e-01, 5.32403421e+00, 2.51013494e+00,-3.49879563e-02,
  -2.70436406e-02, 4.54885475e-02,-2.12285709e+00, 4.94108610e-02,
   2.26003747e-03},
 {-9.96427894e-01,-5.71793504e-02,-1.22931325e+00, 1.49686873e+00,
   1.84344947e-01,-3.74536812e-01, 2.02200389e+00, 1.68060839e-01,
  -2.27586937e+00},
 { 2.54785381e-02,-1.65247247e-01, 4.60589361e+00, 2.67275643e+00,
   2.67685175e-01,-1.08206439e+00, 8.10285509e-02, 4.75063831e-01,
  -2.87295246e+00},
 { 2.91030121e+00,-2.19417632e-01, 1.12966263e+00,-1.13126012e-02,
   7.82079995e-03, 1.22152388e-01,-6.90051794e+00,-1.29665053e-02,
  -4.38263752e-02},
 { 1.04391015e+00, 2.33836365e+00,-1.98021337e-01,-5.53992111e-04,
   2.80774366e-02, 7.36682955e-03,-6.16280651e+00,-1.00398744e-02,
  -1.38528347e-02},
 { 5.35290837e-02, 2.81082213e-01, 4.65730286e+00, 2.02041507e+00,
   1.52675676e+00,-2.08055830e+00, 7.44377002e-02,-1.91724443e+00,
   8.79608512e-01},
 {-1.37392074e-01,-3.05722475e-01, 4.50619459e+00, 1.67688119e+00,
   1.79963350e-01, 2.82567322e-01,-2.89207041e-01,-1.80962431e+00,
   1.86919975e+00},
 {-1.06561361e-02,-4.09137784e-03, 8.47964287e-02, 2.94846511e+00,
  -1.23938954e+00,-1.21127391e+00,-8.07134900e-03, 8.84054756e+00,
  -4.25135307e-02},
 { 4.61098447e-04,-4.24311832e-02, 6.25549078e-01,-1.52091157e+00,
  -9.56235647e-01,-1.79691458e+00, 8.10984299e-02, 3.59054685e+00,
  -5.06934345e-01},
 {-1.02844477e+00, 3.60107452e-01, 8.46782303e+00,-1.41798690e-01,
  -7.75931701e-02,-1.52130976e-01,-1.92425668e-01, 1.11358888e-01,
   6.40156642e-02},
 { 3.45833600e-02, 1.09192014e-01, 2.23674583e+00,-4.54182386e-01,
  -1.04537010e+00, 2.56732032e-02,-6.66637495e-02,-2.76920342e+00,
  -2.67869711e+00},
 {-1.21876700e-02, 8.37822072e-03, 2.20871136e-01, 1.97726262e+00,
  -1.46362638e+00, 8.24369371e-01, 4.86968143e-04,-6.86501455e+00,
  -1.50836390e-02},
 {-1.18220858e-02, 3.25923637e-02,-4.80511561e-02,-3.01916212e-01,
  -1.47211134e+00,-1.07743704e+00, 2.19721384e-02, 2.78507805e+00,
   4.03231494e-02},
 {-8.26509763e-03,-1.76940784e-02,-8.15739706e-02,-1.74107015e-01,
   6.91027999e-01,-2.51656389e+00,-7.13971779e-02,-1.66185439e+00,
  -3.11331544e-02},
 { 2.41821315e-02,-4.98875529e-02,-1.86798275e+00,-1.50204730e+00,
  -1.64227235e+00,-2.05029821e+00,-1.35853216e-01, 2.56412482e+00,
   3.98048019e+00},
 { 2.79573417e+00, 3.14454460e+00, 3.05570102e+00, 2.84544993e-02,
  -2.06321813e-02,-2.67595202e-01,-4.03866243e+00, 4.01951782e-02,
  -2.51625013e-02},
 {-1.20395735e-01,-8.10087547e-02, 1.52269804e+00, 2.26010633e+00,
  -1.66456890e+00, 1.98018098e+00,-6.80446476e-02, 2.09097910e+00,
   2.45173478e+00},
 { 1.31603673e-01, 3.07306194e+00, 3.23310685e+00,-4.82578203e-03,
   2.40202490e-02,-6.82093352e-02,-4.07631063e+00,-3.07790632e-03,
   2.60388665e-03},
 { 8.80954787e-03,-1.16675906e-02, 1.04539786e-02, 8.24028671e-01,
  -2.76222825e+00,-4.39370066e-01, 1.83930900e-02, 6.02190447e+00,
  -3.16955149e-03},
 { 4.79247212e-01, 1.54380262e+00, 2.00535250e+00, 1.62650330e-03,
   9.73639078e-03, 7.87991807e-02,-3.14524007e+00,-3.63826640e-02,
   7.69214565e-03},
 { 4.11009183e-03,-8.37037489e-02,-1.21416140e+00, 1.76007673e-01,
   1.03158092e+00, 3.35723549e-01,-7.57899955e-02,-1.03407753e+00,
  -3.11223817e+00},
 {-9.60791204e-03,-7.70194968e-03, 3.42771769e-01, 1.70320666e+00,
   1.67657316e-01,-7.72879982e+00,-9.40408278e-03, 3.58415890e+00,
  -5.08485129e-03},
 { 1.15995324e+00,-3.16720414e+00,-1.17218304e+00,-8.13860539e-03,
   4.68179304e-03,-2.16725931e-01, 7.35590792e+00, 6.35736361e-02,
   1.61548480e-02},
 {-3.15661519e-03, 1.12365270e-02, 4.80914935e-02, 1.28867674e+00,
   1.67824757e+00, 1.15500607e-01,-2.39175763e-02,-6.19959784e+00,
  -3.34506179e-03},
 { 1.61472392e+00,-2.82057405e+00, 3.57315397e+00,-2.52082478e-03,
   6.53709173e-02, 2.87284881e-01, 5.18037939e+00,-2.60875046e-01,
  -1.81229059e-02},
 { 1.91931188e+00, 1.50804150e+00,-6.31833971e-01, 1.10139921e-02,
   3.67304720e-02, 4.97516133e-02, 7.34826088e+00,-6.73719645e-02,
  -2.25466173e-02},
 { 2.89881015e+00,-6.72246575e-01, 1.55827820e+00, 1.68895759e-02,
  -3.66226258e-03,-3.42972457e-01,-7.66362572e+00, 1.27514759e-02,
  -2.72761825e-02},
 { 2.49825597e+00, 1.26371145e+00,-3.43429089e+00, 7.22612720e-03,
  -3.04770637e-02,-8.01651403e-02, 7.42069578e+00, 5.24254106e-02,
   1.13444753e-01},
 {-1.94306695e-03,-4.33742069e-03,-2.17009291e-01,-1.69700074e+00,
   2.53178716e-01, 1.20147872e+00, 4.87133302e-02, 3.28259468e-01,
   5.38034216e-02},
 { 2.85207081e+00,-5.63136101e-01,-3.59496784e+00, 1.52902365e-01,
  -2.30029821e-02,-5.12645319e-02, 4.43651915e+00, 5.64791970e-02,
  -2.68481374e-01},
 {-1.08711071e-01, 1.23810194e-01,-2.59798908e+00, 2.63123703e+00,
   1.61922431e+00,-8.08085024e-01,-2.61756331e-02,-3.71256089e+00,
  -2.84309196e+00},
 {-1.39640560e-02,-1.59141980e-03,-3.44849497e-01, 2.98786068e+00,
   2.81267905e+00, 4.35058743e-01,-8.04219171e-02, 9.25037444e-01,
  -1.78617612e-01},
 { 1.86233473e+00,-1.48472691e+00, 2.69281459e+00,-1.00732207e+00,
  -1.61875501e-01, 7.77649879e-01,-5.56808758e+00,-1.73969105e-01,
   8.97484303e-01},
 {-2.38177422e-02,-9.18675065e-01,-9.38986206e+00, 2.00146690e-01,
  -2.53988236e-01, 6.27434313e-01,-1.71976471e+00, 3.43022853e-01,
   2.14501232e-01},
 {-2.58500557e-02,-1.01115424e-02,-2.07695842e+00, 2.94025469e+00,
   5.27189195e-01, 1.05495417e+00,-1.19809620e-01,-4.54886723e+00,
   2.52113867e+00},
 {-1.33892288e-02, 4.17928323e-02,-2.40932149e-03, 1.65006602e+00,
   1.88754189e+00,-1.08811665e+00,-4.67324536e-03, 6.65452433e+00,
   3.79201397e-02},
 {-6.59701675e-02,-8.76896381e-02, 3.55779004e+00,-1.72267392e-01,
  -1.54471982e+00, 4.35044229e-01, 7.62689337e-02, 2.67414236e+00,
  -3.43479061e+00}};

const float b1[sz_hid_1] = {-1.56911   ,-3.310537  ,-3.391092  ,-5.300007  ,-3.5961225 ,-0.28567603,
 -2.452545  ,-1.0756351 ,-3.7876453 ,-6.059568  ,-2.375701  ,-4.239204  ,
 -1.9693037 ,-4.375247  ,-6.1877832 ,-2.1407943 ,-5.091573  ,-0.308237  ,
 -4.104638  ,-3.2288353 ,-2.5651588 ,-3.449976  ,-5.4977436 ,-1.6615328 ,
 -5.7873487 ,-6.1450863 ,-1.1538316 ,-0.05506503,-3.5512714 ,-5.475833  ,
 -2.4655397 ,-4.443267  ,-4.1972632 ,-4.790577  ,-4.849961  ,-4.182409  ,
 -4.2511587 ,-0.27458924,-4.9373565 ,-4.7993956 ,-4.69561   , 0.0514329 ,
 -3.877783  ,-5.691362  , 1.7216885 ,-4.2288647 ,-3.1896996 ,-2.1590388 ,
 -4.2112026 ,-6.968339  ,-4.783539  ,-1.7598203 ,-1.4903538 ,-3.0093842 ,
 -4.831809  ,-5.4529257 ,-2.8615859 ,-5.0325327 ,-5.414826  ,-5.383976  ,
 -6.7797074 ,-3.1495817 ,-2.8902671 ,-4.5627303 , 1.6925055 ,-0.6482203 ,
 -5.9536285 ,-4.8319354 ,-0.36997825,-3.943185  ,-1.4517926 ,-5.035533  ,
 -4.6920257 ,-2.2595754 ,-1.4458653 ,-3.0400767 ,-1.7246222 ,-3.1410286 ,
 -0.6586102 ,-3.404602  ,-1.8289778 ,-6.3094907 ,-2.0292416 ,-1.8662287 ,
 -3.7533636 ,-2.547242  ,-1.0640376 ,-5.108996  ,-2.1501133 ,-0.40169558,
 -5.36347   ,-1.7282239 ,-2.8896167 ,-3.2898955 ,-4.018204  ,-3.5017633 ,
 -3.475856  ,-2.4862237 ,-2.8589375 ,-1.9903127 ,-2.9349177 ,-2.1324933 ,
 -4.6313567 , 0.39643106,-0.39174587,-4.7776203 ,-0.78538924,-3.2638977 ,
 -1.0608717 ,-0.04336672,-0.25926545,-0.7566191 ,-0.642765  ,-3.8417547 ,
 -1.2346023 ,-2.592776  ,-5.362375  ,-3.88931   ,-3.5844026 , 0.1743655 ,
 -3.6103363 ,-3.408466  ,-3.168323  ,-4.991042  ,-3.2452953 ,-3.876002  ,
 -4.7910805 ,-3.2971997 };

const float w2[sz_hid_2][sz_hid_1] = {{ 1.34775805e+00,-1.31325865e+00, 5.47402000e+00,-9.12617922e-01,
   4.60688800e-01,-1.82268190e+00, 2.96922016e+00, 2.16738749e+00,
  -7.62938201e-01, 1.47060528e+01, 1.59123087e+00,-2.17787370e-01,
  -4.04028893e+00,-2.72538161e+00,-3.51268601e+00,-3.35281461e-01,
   1.94005454e+00,-3.96613181e-01,-4.18566942e+00,-2.96817994e+00,
   1.80767894e+00,-2.35336518e+00, 8.00754261e+00,-1.94404209e+00,
  -6.59715223e+00, 4.26174164e+00, 4.28640485e-01, 6.07512474e-01,
  -6.88504204e-02, 5.81988144e+00,-3.15047324e-01, 5.17156219e+00,
   8.52626264e-01, 1.94978729e-01, 2.73645830e+00,-1.42684507e+00,
  -2.08696699e+00,-4.90729660e-01,-3.46896917e-01, 1.15608919e+00,
   2.63015127e+00, 4.67126846e-01, 6.19257867e-01,-3.02082151e-01,
   1.21433754e-02, 2.11120033e+00,-2.83071727e-01, 7.46686220e-01,
  -3.18855119e+00, 1.71570331e-02,-1.84725308e+00,-1.96599066e-01,
  -5.76866031e-01, 3.61451298e-01,-2.98763514e+00, 1.07533348e+00,
   5.24951756e-01,-1.86027563e+00, 5.04609710e-03,-2.56444907e+00,
   2.33909631e+00,-1.20799136e+00,-1.48435581e+00, 1.48189998e+00,
  -2.88162017e+00, 9.72589612e-01,-7.53592634e+00, 3.43580198e+00,
  -5.50405562e-01,-9.54906821e-01,-6.47948608e-02,-5.06095600e+00,
  -5.18485904e-01, 1.00481808e+00,-5.78571022e-01, 4.13703993e-02,
   8.58500957e-01, 1.62881124e+00, 2.58582449e+00,-1.51425135e+00,
   1.66351702e-02, 2.86349249e+00,-1.26714778e+00, 2.14509559e+00,
  -9.10157800e-01,-5.09918642e+00, 1.00393784e+00,-4.05829906e+00,
   2.49564171e+00,-5.76219916e-01, 6.72481298e+00, 6.99490905e-01,
   1.64234602e+00, 5.67261815e-01,-4.13458252e+00,-1.68761981e+00,
  -2.64961815e+00,-3.12822044e-01, 4.16849279e+00, 2.79367471e+00,
  -8.99788141e-01,-5.41733623e-01, 6.58518505e+00,-1.60757446e+00,
  -8.29577863e-01,-3.13453579e+00, 1.03734660e+00, 3.07384759e-01,
  -2.44528532e-01,-3.57626033e+00,-1.74501166e-01,-6.19348001e+00,
  -1.03585756e+00, 2.98285699e+00, 1.73216298e-01, 2.35777929e-01,
   3.09807968e+00, 2.53942323e+00,-2.04166389e+00,-1.06088924e+00,
   2.02380204e+00,-6.43724632e+00,-1.27621758e+00, 3.53193164e-01,
  -8.74070227e-01,-6.56431866e+00, 6.91770935e+00, 6.50462389e+00},
 { 9.42792654e-01, 1.27917063e+00, 1.08385944e+00, 4.14904022e+00,
  -6.07462704e-01, 2.47265339e+00,-2.84943771e+00,-4.27917063e-01,
  -3.71749616e+00, 5.91807175e+00, 6.70002818e-01,-1.32733464e+00,
  -7.75068879e-01, 7.52857208e-01, 1.95211422e+00, 6.01597786e+00,
  -6.80354548e+00, 7.65683079e+00, 9.96396184e-01,-8.98370624e-01,
  -1.91732061e+00, 1.51646340e+00,-1.45598269e+00,-1.80307031e+00,
   9.20149612e+00,-1.57325697e+00,-1.55371383e-01,-1.49674630e+00,
  -8.21805239e-01, 2.67991710e+00, 2.16000224e-03,-3.32959890e+00,
   2.83986163e+00,-1.04849851e+00,-7.23987579e+00,-8.16475511e-01,
   1.66205955e+00,-1.58657229e+00, 1.60753262e+00,-1.26411080e+00,
  -4.51794416e-01, 4.61537027e+00, 9.92268145e-01, 1.45209000e-01,
  -1.94658971e+00, 3.98255444e+00,-1.35439956e+00, 3.00124526e-01,
   3.77713966e+00,-3.42054224e+00,-9.53872740e-01, 1.39727604e+00,
   6.81923091e-01,-8.47981513e-01,-2.43186498e+00,-2.77483416e+00,
  -3.56031150e-01, 2.95214558e+00, 2.25369358e+00, 3.48469234e+00,
   5.19652426e-01,-6.87596858e-01, 5.99299133e-01,-3.91683626e+00,
   4.95157927e-01,-4.06435758e-01,-1.45662832e+01, 1.14033079e+00,
  -5.19240499e-01, 1.27454758e+00,-6.31317616e+00, 5.56265354e+00,
   1.56508827e+00, 1.02474117e+00, 1.14139009e+00,-1.87975395e+00,
  -1.12156713e+00,-1.12017441e+00,-3.60980146e-02,-8.56237888e-01,
   1.97018421e+00,-2.00734282e+00,-2.28300118e+00,-2.23323631e+00,
   2.23755956e+00, 5.13568306e+00, 9.17281151e-01,-4.45638466e+00,
  -6.85060883e+00, 9.27010417e-01,-3.22942162e+00,-1.04447700e-01,
  -2.01714063e+00,-1.51055861e+00, 4.54862785e+00,-1.97907186e+00,
   6.15069747e-01, 2.11089939e-01, 8.57609332e-01,-2.91535306e+00,
  -3.66386771e-01,-9.76616478e+00,-3.73106432e+00,-1.87440741e+00,
   6.79654837e-01,-9.26478148e-01,-5.74990213e-01, 5.05328476e-01,
  -8.72816861e-01, 1.77408469e+00,-9.08520162e-01,-2.16189551e+00,
  -1.43544734e-01,-2.13168430e+00,-7.37851933e-02,-1.49538415e-02,
  -1.89044392e+00,-2.72386098e+00, 4.79638398e-01, 2.05098820e+00,
  -1.91731536e+00,-5.77983856e-01,-2.78654546e-01, 2.00626278e+00,
  -2.35616708e+00, 4.76394475e-01,-2.96832180e+00, 6.31019258e+00},
 {-5.78272901e-03, 5.58048766e-03,-2.75855418e-02,-8.23213309e-02,
   1.26867304e-02,-1.56204239e-01, 2.79071871e-02, 2.69873682e-02,
  -7.96017870e-02, 8.90457332e-02,-2.51769107e-02,-1.49381340e-01,
  -7.10595027e-02,-1.09220613e-02,-4.62449193e-02, 9.60580446e-03,
   5.31766005e-02,-3.60653140e-02,-1.42856203e-02, 1.51186604e-02,
  -8.94867480e-02,-1.11258440e-01,-7.31612965e-02,-1.38557106e-01,
  -2.30527744e-02,-1.08407373e-02,-4.37077545e-02,-1.06298797e-01,
   5.76154515e-03,-1.84972044e-02,-7.35917166e-02,-1.04463764e-01,
  -6.11462891e-02,-1.12893237e-02,-1.16172113e-01,-6.75918311e-02,
  -3.08903190e-03,-9.16280299e-02, 2.38028355e-03,-6.82394207e-02,
  -2.57164165e-02,-8.72321203e-02, 1.26631958e-02, 5.99900610e-04,
  -7.42073879e-02,-4.11242507e-02,-7.93761685e-02, 5.22330031e-03,
  -2.00873222e-02,-7.64987469e-02,-6.61533028e-02,-1.45693833e-03,
   1.69578027e-02,-3.26240510e-02, 1.02396654e-02,-3.62733267e-02,
  -8.90991688e-02,-4.36653048e-02, 1.35567272e-02,-7.21261948e-02,
  -1.58951193e-01,-5.68773039e-02, 5.02676296e-04,-3.62549238e-02,
  -7.20247924e-02, 1.91694684e-02,-8.56145006e-03,-8.82264152e-02,
  -1.99552327e-02,-7.33266249e-02,-1.53526533e-02,-1.85432769e-02,
  -6.62003234e-02,-4.43100780e-02,-3.71031277e-02,-6.62735524e-03,
  -6.74825013e-02,-2.93626729e-02,-1.01083986e-01,-2.03020927e-02,
  -5.54963807e-03,-3.91963050e-02,-1.02479130e-01,-4.96265404e-02,
  -1.17966430e-02,-8.16196874e-02,-6.58653751e-02, 8.44189897e-02,
   1.44271180e-02, 1.08432136e-02, 2.44578179e-02,-2.09554434e-02,
   4.97439578e-02, 5.85415140e-02,-6.41218126e-02,-5.40340468e-02,
   3.50409299e-02,-1.40212607e-02,-1.54175431e-01,-8.69864821e-02,
   1.20501183e-02, 4.41786367e-03, 1.99903548e-02,-5.44067584e-02,
   1.78492686e-03,-8.92015398e-02,-9.00756046e-02,-1.20551273e-01,
   5.94348498e-02,-7.97831491e-02,-1.28281608e-01,-1.46926139e-02,
  -1.11485645e-01,-1.22416936e-01,-1.82303786e-02,-3.10309064e-02,
  -1.33083850e-01,-9.24342126e-02,-2.71290913e-02,-6.40449440e-03,
  -4.25221473e-02,-7.92318806e-02,-1.85616650e-02,-1.93702225e-02,
  -1.08442999e-01,-1.18634738e-01,-2.59270612e-02,-1.07288873e-02},
 {-4.31475973e+00, 4.45585918e+00,-2.47225881e+00,-1.02483416e+00,
   5.52467060e+00,-9.22642946e-02, 8.85511160e-01,-2.12398601e+00,
   3.10097909e+00,-6.50094128e+00,-2.15763211e+00,-3.83693004e+00,
  -5.04935598e+00, 1.37866032e+00, 1.00240207e+00, 3.23953819e+00,
  -2.69449306e+00, 7.31902301e-01, 1.03443956e+00,-3.17589712e+00,
  -7.04611838e-01, 1.04436600e+00,-2.25419450e+00, 1.72858679e+00,
  -3.64360046e+00,-5.68319607e+00,-1.12050896e+01,-6.45979309e+00,
   3.53104806e+00, 4.47845888e+00,-2.77723837e+00,-1.88398945e+00,
  -2.02779031e+00, 4.48367548e+00, 9.01896060e-01, 1.53483808e+00,
   3.37322760e+00,-2.53795385e+00,-4.16897106e+00,-2.24895388e-01,
  -2.18125880e-01,-3.68257910e-01, 1.09277582e+00, 3.02773309e+00,
  -6.87131956e-02, 1.09566057e+00, 1.21080065e+00,-1.29215908e+00,
   1.88551891e+00,-2.89642334e+00,-1.59079993e+00, 5.35950959e-01,
  -8.08641165e-02,-2.36207128e+00,-4.20163214e-01,-1.56683314e+00,
   2.10337177e-01,-3.31227303e+00,-7.24896383e+00, 2.74060082e+00,
  -7.95219541e-01, 1.44468498e+00, 4.50392514e-01,-1.71956956e+00,
  -9.73905027e-02,-7.76376575e-04,-1.74805951e+00,-3.26037183e-02,
   2.50073791e+00,-2.57833958e+00,-2.17731580e-01, 3.09091520e+00,
  -9.62246001e-01,-1.10057688e+00,-2.29481769e+00, 1.30818689e+00,
   1.75931144e+00, 4.26606566e-01, 3.50601733e-01,-1.05297880e+01,
   2.79763746e+00, 4.02739525e+00,-1.70021915e+01,-9.44850743e-02,
  -1.14970263e-02, 4.53256798e+00,-2.21241808e+00, 3.51809335e+00,
  -7.75698376e+00, 1.50336552e+00,-5.84509993e+00,-3.74060106e+00,
   2.97660613e+00, 1.45783484e+00, 2.81855392e+00,-1.71178699e+00,
   3.64718348e-01, 1.55544007e+00, 1.30587697e+00,-2.26872373e+00,
  -8.68319690e-01,-7.53555059e-01, 2.04222417e+00, 5.23904301e-02,
   3.52822399e+00,-2.61150527e+00,-1.25063682e+00, 2.68282080e+00,
   3.83753276e+00, 9.79098558e-01,-9.34011757e-01, 4.92628329e-02,
   4.87781942e-01,-1.14078593e+00,-8.91040421e+00,-8.62040699e-01,
  -2.10093522e+00,-1.12242711e+00, 2.44956470e+00, 2.50000525e+00,
  -2.03655338e+00,-4.24878836e+00,-1.00952446e+00, 2.04061341e+00,
   6.80061340e-01, 4.76778412e+00, 1.51247847e+00, 7.85005426e+00},
 {-2.18194151e+00,-1.06783247e+01, 8.39734793e-01, 2.38421178e+00,
  -3.95755619e-01, 3.17010570e+00,-4.26528066e-01, 9.31452572e-01,
  -5.48457623e-01,-2.66309261e+00,-4.68667001e-01,-8.32431257e-01,
   8.29318702e-01,-1.15952051e+00,-1.56489575e+00, 4.73159432e-01,
  -5.32590747e-01, 7.07828045e+00, 2.24503636e+00,-9.03173447e-01,
  -1.58987623e-02, 1.65169704e+00,-6.27572536e-01, 1.66612697e+00,
  -3.94679880e+00,-2.91209984e+00,-3.45137024e+00,-1.30079126e+00,
  -2.85617495e+00,-1.12681532e+00,-1.00078993e-02,-1.53724480e+01,
   9.57789838e-01,-4.62138987e+00, 1.06404567e+00,-8.07407379e-01,
  -2.84156394e+00, 1.07105660e+00, 3.15702796e+00,-6.76009369e+00,
   3.58376122e+00, 5.11728108e-01,-3.04383010e-01, 4.07714653e+00,
  -1.49576390e+00,-7.63910592e-01,-2.99293697e-01,-1.49747655e-01,
   1.35006523e+01,-2.06957130e+01, 2.41484070e+00, 1.16777249e-01,
  -7.06963003e-01,-8.32527518e-01, 1.22636497e+00,-1.53216305e+01,
   2.53544927e+00,-1.11261427e+00, 7.21805811e-01,-1.07902184e+01,
  -6.58500051e+00,-2.14050722e+00,-6.48113346e+00,-7.72065222e-01,
   1.25495827e+00, 1.08929954e-01,-5.28291166e-01, 1.30634534e+00,
  -4.75313187e+00, 4.23295379e-01,-3.78290027e-01, 7.53387642e+00,
  -3.85408854e+00,-8.51255512e+00,-8.63758400e-02,-6.74499094e-01,
   9.78706956e-01,-1.20202303e+00,-1.29947541e-02,-3.05822790e-01,
  -4.62501377e-01,-6.46577775e-01,-4.58461255e-01,-3.65711045e+00,
  -3.50973415e+00, 6.20078921e-01, 4.63466704e-01,-3.14459157e+00,
  -6.09665643e-03,-1.06119213e+01,-1.56203836e-01,-4.84426212e+00,
  -4.12218690e-01,-8.50300193e-01, 3.42441487e+00, 8.20867825e+00,
  -2.94269443e+00,-7.92245817e+00, 4.19085741e-01, 2.89710704e-02,
  -9.42325687e+00,-4.49497253e-01,-8.20618868e-01,-1.67975217e-01,
   1.31056666e-01, 8.94918919e-01,-1.07397020e+00, 2.20981884e+00,
  -3.41578746e+00, 2.99802888e-02,-2.44094297e-01, 6.04957461e-01,
   3.67549844e-02, 5.42034674e+00,-8.69503021e-01, 1.95167392e-01,
  -1.88248425e+01, 1.18149471e+00, 5.30824661e+00, 1.02719581e+00,
  -1.94905221e+00, 1.42736268e+00, 5.63929863e-02, 2.45731801e-01,
  -2.20351601e+00,-7.18809128e-01, 1.39510110e-01, 5.83673827e-02},
 {-4.42157221e+00, 4.73249674e+00,-8.34845722e-01, 1.73433244e+00,
  -2.08344460e+00, 3.64713860e+00, 2.73169017e+00, 1.07305717e+00,
   5.83419442e-01,-6.26382017e+00,-4.57326859e-01,-4.71746892e-01,
  -1.24914244e-01, 1.70036840e+00,-8.64134026e+00,-2.27676940e+00,
  -6.85278845e+00,-1.82124123e-01, 6.54655552e+00, 8.22991610e-01,
  -1.85397446e+00, 3.75907511e-01, 4.15372938e-01, 1.23553264e+00,
  -7.32363796e+00,-5.60104942e+00, 1.10688722e+00,-1.47750878e+00,
   6.29208231e+00,-1.44051123e+00,-3.79751325e-01, 2.19650030e+00,
  -6.11363840e+00, 8.79249275e-02,-2.90739746e+01, 2.02332163e+00,
   1.66772723e+00, 7.19908059e-01,-2.87745237e+00, 3.56979513e+00,
  -8.00282896e-01,-5.82186162e-01,-3.49367738e+00,-2.66114902e+00,
  -1.13752387e-01,-8.43365002e+00, 3.31522107e+00, 2.76995867e-01,
  -1.63660431e+00, 9.87793541e+00,-2.28105712e+00,-3.43478411e-01,
   2.45620942e+00, 7.68476799e-02,-4.34281492e+00,-5.71430349e+00,
  -1.41464353e+00, 8.09838057e-01, 4.18310976e+00,-2.94245672e+00,
   5.22187650e-01,-5.25610030e-01, 1.41290140e+00, 2.99844533e-01,
   8.67409289e-01,-7.74630010e-01,-1.96766150e+00,-1.10663545e+00,
   1.54926419e+00,-4.45061058e-01,-2.97710443e+00,-1.74093187e-01,
  -3.17630482e+00, 1.13363123e+00,-1.24505246e+00, 1.58050776e+00,
  -1.41021883e+00,-1.20137942e+00, 1.24878466e-01,-6.71672285e-01,
  -3.70007777e+00,-2.87531352e+00, 1.96385300e+00,-2.35992265e+00,
  -1.41548827e-01,-4.09993219e+00,-3.16692901e+00,-4.73058298e-02,
  -1.56993181e-01, 5.14658165e+00,-4.14111996e+00,-1.26931512e+00,
  -2.13538408e+00,-1.02715862e+00, 2.16652846e+00,-2.68699861e+00,
   2.46112633e+00, 1.27714604e-01, 7.52369761e-02, 1.35384309e+00,
   7.58903444e-01,-1.65889215e+00, 1.05591357e+00,-6.44337952e-01,
  -4.90251660e-01,-1.83292389e+00,-1.54709780e+00,-4.47101176e-01,
   3.12672400e+00,-8.20458531e-01, 1.37135208e+00,-1.73029745e+00,
   1.31863847e-01,-9.71826375e-01, 9.57177877e-01, 7.04731584e-01,
   1.94999290e+00,-7.71194279e-01, 2.29369357e-01, 3.12028110e-01,
  -1.01432991e+00, 2.97153211e+00, 6.72994852e-01, 5.63944435e+00,
  -6.29782534e+00,-3.07815385e+00, 2.91308498e+00,-4.42144012e+00},
 {-3.24083176e+01, 5.81267953e-01, 2.77285337e-01, 2.77621627e+00,
  -8.87914896e-02, 2.40346813e+00, 5.43188274e-01, 6.83983624e-01,
  -1.00065005e+00,-1.28437683e-01, 1.89522594e-01,-1.30446100e+00,
   3.77744108e-01, 9.31492209e-01, 8.04367733e+00, 1.80079758e-01,
  -5.94757080e+00, 7.86193037e+00,-1.12801838e+00,-1.64871648e-01,
  -3.75853729e+00, 1.98554587e+00, 2.08987617e+00,-3.58165264e+00,
  -4.36818266e+00,-4.73451185e+00, 9.85374227e-02,-1.10308075e+00,
  -2.83501759e+01, 4.67509180e-01, 5.58713973e-02,-2.14961743e+00,
  -1.87153506e+00,-1.27638853e+00, 9.89229143e-01,-9.58009899e-01,
   6.15209866e+00, 4.18603718e-01,-3.99775147e+00,-3.02692533e+00,
  -1.09561415e+01, 1.93603337e-01, 1.02404863e-01, 4.75113809e-01,
  -1.00838065e+00,-2.35758448e+00,-9.91709307e-02,-1.23819685e+01,
  -4.95318699e+00, 4.19270945e+00, 3.38328338e+00, 2.92359382e-01,
   9.29088414e-01, 6.63442552e-01, 3.01028311e-01,-1.10337276e+01,
  -1.80240655e+00,-2.22670889e+00,-6.21001005e+00, 1.95477748e+00,
  -3.25874996e+00,-8.20775688e-01, 7.67890978e+00, 2.96213597e-01,
   1.27238297e+00,-5.80558144e-02, 4.81681490e+00, 6.32318306e+00,
   2.14684224e+00, 7.85595849e-02,-5.42160213e-01,-4.91795015e+00,
   8.97333205e-01,-3.92594218e+00,-3.40932131e-01,-3.51259261e-01,
   3.57199937e-01,-3.16060781e-01, 6.03984237e-01,-1.83375925e-01,
  -1.08965003e+00, 1.33580911e+00,-2.24943504e-01,-3.62036848e+00,
   3.51759076e+00, 8.58991779e-03,-1.20517707e+00, 3.60936403e+00,
   3.55451018e-01, 1.19050050e+00,-1.05096829e+00,-1.02317846e+00,
   1.47443533e+00,-6.92275822e-01, 1.00166683e+01, 4.02473211e+00,
  -1.16116905e+00,-1.11669922e+00,-3.04072201e-01, 1.29355714e-01,
   1.45461786e+00,-4.25792694e-01,-3.98755729e-01, 7.57836550e-02,
  -1.80456996e-01, 2.02788448e+00,-4.27729177e+00, 2.20515680e+00,
   1.83540809e+00,-1.77392393e-01, 1.33120298e+00, 5.00741541e-01,
  -8.05705041e-02,-6.82923508e+00, 3.09176087e-01,-1.86130273e+00,
   1.32413006e+01,-4.19539499e+00,-5.05710697e+00,-2.69226909e-01,
   1.05136466e+00, 3.45664454e+00, 2.57844403e-02,-6.98854983e-01,
  -1.98582852e+00,-2.52403021e+00, 6.54686034e-01,-1.53125212e-01},
 { 4.39054891e-02, 3.28875095e-01,-4.87309408e+00, 6.37469435e+00,
  -8.34730387e-01,-2.18503773e-01,-7.08714724e+00,-1.25624180e+00,
   3.11164618e-01,-2.04761338e+00, 6.31888199e+00,-1.12788737e+00,
  -3.53470659e+00, 5.41288280e+00, 2.43438840e+00, 2.98406482e-01,
  -2.89745629e-01,-5.79239950e-02, 1.86016142e+00,-6.65708113e+00,
  -1.50388569e-01, 9.80261803e-01, 5.62159866e-02,-5.41381352e-02,
  -3.27388525e+00,-1.23370085e+01, 3.70287418e-01,-2.72328049e-01,
  -1.62597552e-01, 1.32221575e+01, 6.37242079e-01,-3.12195778e-01,
  -4.64620471e-01,-1.69371873e-01,-1.16313863e+00,-2.24295402e+00,
   4.47021127e-02, 2.95352411e+00,-1.25666964e+00,-1.09527504e+00,
   5.08547366e-01, 3.36171436e+00, 8.98536026e-01, 4.39641446e-01,
   9.83489454e-02,-2.06291258e-01, 4.03295338e-01, 3.23254019e-02,
   6.34129226e-01, 4.14688349e+00, 6.50331199e-01, 5.31938553e-01,
  -3.10333986e-02, 6.68625012e-02,-9.70745534e-02, 5.21290302e-01,
  -1.81553498e-01,-3.44771075e+00, 2.41441220e-01, 3.38780135e-01,
   6.82573080e-01,-8.82056534e-01, 7.19361380e-02,-5.16152096e+00,
   6.49097115e-02, 4.83071804e-01,-1.69276199e+01, 6.89899206e-01,
  -8.68157297e-02, 1.04919028e+00,-7.11261153e-01,-4.81116742e-01,
  -2.26379573e-01, 2.63860464e-01,-1.04007304e-01,-1.17166739e+01,
   2.43201196e-01,-2.93441594e-01,-1.65157270e+00, 1.08288670e+00,
  -7.21218765e-01,-3.47104168e+00, 1.52368259e+00,-1.76545531e-01,
  -4.10325676e-01, 1.26555121e+00, 5.11609726e-02,-2.91783857e+00,
  -4.06631136e+00, 2.55016863e-01, 2.27222577e-01,-6.20941259e-02,
  -6.97434664e-01, 8.78791571e-01, 7.83253908e-01,-5.62895119e-01,
   3.40351202e-02,-6.68437064e-01, 1.38641577e+01,-4.57804794e+01,
   1.35078147e-01, 2.95434128e-02,-4.65938616e+00, 3.50486231e+00,
   5.31962633e-01,-7.87757397e+00,-6.26725554e-02,-1.01768327e+00,
   1.03484102e-01, 2.86429715e+00, 1.23349421e-01,-1.73190176e-01,
   5.09391613e-02,-2.19357491e-01,-1.38971460e+00, 1.85929447e-01,
  -1.39663741e-01,-3.83731462e-02,-4.79873359e-01, 1.39391446e+00,
   1.00987390e-01,-8.80950212e-01,-1.83014894e+00,-1.22931337e+00,
  -8.49353492e-01, 1.16170132e+00,-6.92183542e+00, 9.79368508e-01},
 {-3.52107096e+00, 3.03117037e+00,-3.03691339e+00,-5.44362354e+00,
  -9.81923580e-01,-1.15018463e+00,-2.57725263e+00,-4.32082444e-01,
   5.25205421e+00, 3.12665081e+00, 9.06287849e-01,-6.11329317e+00,
  -2.36306262e+00, 2.92705131e+00, 3.24257112e+00, 1.38605905e+00,
  -2.48551130e+00, 9.01232421e-01,-2.42753077e+00, 2.02863216e+00,
  -1.87144339e+00, 1.25552092e+01,-1.15907943e+00, 2.85732079e+00,
  -6.20677710e-01,-9.65946293e+00,-3.26053828e-01,-5.42407393e-01,
   1.62221754e+00, 1.19523468e+01, 1.05956101e+00,-4.38688374e+00,
  -1.66406465e+00, 1.25716758e+00,-2.69065990e+01, 6.12706661e+00,
   3.61493278e+00,-4.01853085e+00,-1.61561823e+00,-7.52905786e-01,
  -2.75936794e+00, 5.18913150e-01, 4.00328541e+00,-2.85800052e+00,
  -4.47158307e-01,-4.22315836e+00, 1.40594983e+00,-1.95415795e+00,
   2.82131076e+00, 1.26486425e+01, 1.57431316e+00,-6.82416022e-01,
   1.80595660e+00,-7.48231471e-01, 1.55784440e+00,-3.19970036e+00,
  -1.45238376e+00,-1.06904769e+00,-3.09918022e+00, 1.34710276e+00,
   2.70716250e-01,-5.51386595e-01, 2.38289133e-01,-8.68144798e+00,
   4.80197763e+00,-4.40168113e-01,-3.97245932e+00, 2.17679191e+00,
   3.51763278e-01,-6.92052460e+00,-4.74040079e+00, 3.40138054e+00,
   1.07724655e+00,-1.71349549e+00,-4.84928370e+00,-2.85219145e+00,
   1.83311033e+00, 2.36600205e-01, 1.70468783e+00,-1.44419622e+00,
  -2.53503889e-01, 1.88596904e+00,-5.64890289e+00, 2.27049303e+00,
   8.65458488e-01, 1.89376163e+00,-3.00156903e+00,-9.34212685e-01,
  -1.33288860e+00, 2.24684787e+00, 1.00487709e+00,-1.37779200e+00,
   6.17987216e-01,-2.39955235e+00, 4.50442123e+00, 2.43880534e+00,
   1.10027659e+00,-2.39316806e-01, 2.41671443e+00, 7.83264339e-01,
  -5.89998364e-01,-8.50029659e+00,-7.58931971e+00, 9.76373613e-01,
  -1.28996539e+00,-1.11177406e+01,-1.63650465e+00, 3.04845381e+00,
   1.05264235e+00,-1.01945472e+00,-3.09877825e+00, 4.45564419e-01,
  -4.18741584e-01,-1.27929127e+00, 8.93667030e+00,-2.88757026e-01,
  -5.33030224e+00,-4.38491821e+00, 4.45773411e+00, 1.93554318e+00,
  -4.52582932e+00,-3.18176985e+00,-2.44903660e+00, 2.18055749e+00,
   7.12332904e-01,-3.90374041e+00,-7.26125956e+00, 1.24602592e+00},
 {-4.42482138e+00, 3.72490907e+00,-1.99782026e+00,-2.18366504e+00,
  -1.30333394e-01, 4.22118902e-01,-2.15009093e+00,-4.63113213e+00,
  -1.39968516e-02, 1.56248343e+00, 6.09452057e+00, 4.98359776e+00,
  -7.11137414e-01, 2.75825310e+00,-4.71048784e+00,-9.52004790e-01,
  -1.63329625e+00, 3.46081400e+00, 3.94326854e+00, 8.59648645e-01,
  -1.38884723e+00, 1.74949074e+00, 2.34247231e+00, 2.18874860e+00,
  -7.08180189e+00, 1.42230594e+00, 2.39124799e+00,-1.96799493e+00,
   2.01098299e+00, 8.08525276e+00,-1.26944494e+00,-4.20681095e+00,
  -2.62914324e+00, 1.84742165e+00,-7.25720072e+00, 5.19572437e-01,
   3.55823517e+00, 3.02290529e-01, 7.92833984e-01, 2.39650869e+00,
   3.04400623e-01, 3.80988765e+00,-3.97315454e+00,-2.71819830e+00,
  -5.84337175e-01,-1.15666735e+00,-2.41260862e+00,-1.66894615e+00,
   3.16596365e+00,-4.65154696e+00, 1.75360548e+00, 9.89228964e-01,
   1.35033548e+00,-5.27518702e+00, 2.62143278e+00, 1.75080585e+00,
   2.06401840e-01, 1.77641773e+00,-2.77537227e+00,-3.39061308e+00,
   4.07964563e+00,-9.68420982e-01, 5.72069943e-01, 1.47240192e-01,
   3.12468529e+00,-1.77607584e+00, 7.03482962e+00, 3.49798751e+00,
   1.82284129e+00,-9.28095043e-01,-2.13667355e+01, 3.92528391e+00,
   4.58017141e-01,-1.79646313e+00,-2.95103550e+00,-4.98266888e+00,
   5.85412621e-01,-1.24566054e+00, 3.28116369e+00, 2.08702111e+00,
  -4.70094919e+00,-4.15435982e+00, 1.65310645e+00, 3.56110454e-01,
  -7.98854828e-01,-1.22959681e-01,-3.35869956e+00, 2.23909044e+00,
  -1.90685964e+00, 1.73097718e+00, 1.99640536e+00,-1.70891333e+00,
   6.61326349e-01,-1.43796968e+00, 4.32590008e+00, 1.55558944e+00,
   9.09843743e-02,-6.30209255e+00, 4.64461654e-01, 7.68904209e+00,
  -2.12782836e+00, 4.24305964e+00, 1.24601030e+01,-3.96696925e+00,
  -4.59340239e+00,-7.38970613e+00,-1.31309545e+00,-2.35810280e+00,
   1.52771187e+00,-2.20894203e-01,-1.51120234e+00, 4.63338941e-01,
  -3.56334424e+00,-1.38471508e+00, 1.76682317e+00,-7.17573941e-01,
  -2.61243057e+00,-4.33619213e+00, 2.84316278e+00,-1.68411136e+00,
  -1.23154700e+00,-4.51538610e+00, 1.61875463e+00, 9.11093652e-01,
   9.77084517e-01,-5.81660891e+00, 2.57862782e+00,-1.21335936e+00},
 {-3.80433035e+00, 5.09151649e+00,-3.20069104e-01, 1.08855164e+00,
  -1.01140308e+00, 4.76763916e+00,-8.89629543e-01,-6.51694089e-02,
  -1.79244554e+00, 2.11590195e+00,-1.25568128e+00, 5.16265556e-02,
  -1.47159994e-01, 1.51153219e+00, 1.96052706e+00,-2.31712770e+00,
  -1.54178929e+00, 1.15713418e+00, 2.48641729e+00, 5.37185788e-01,
  -1.13077235e+00, 3.62295079e+00, 4.80244756e-01,-6.93400192e+00,
   1.71123481e+00, 3.16269541e+00, 2.65154815e+00, 3.68102461e-01,
  -2.01052189e+00, 5.20165730e+00, 1.07699513e+00, 8.48854542e-01,
  -5.08114696e-01, 8.96560907e-01, 1.54425550e+00, 5.39955437e-01,
   1.15414095e+00,-3.46121900e-02,-2.57335401e+00, 8.82548571e-01,
   4.61900800e-01,-2.26899773e-01,-3.45559120e+00, 1.48903579e-01,
   1.72323376e-01,-1.78669441e+00, 1.65655255e+00,-8.08031082e+00,
   3.06027031e+00, 8.77980518e+00, 1.35094440e+00, 9.14777100e-01,
   2.24777699e+00, 7.55325735e-01, 5.16129673e-01,-4.95589018e+00,
   1.45587397e+00, 1.53703260e+00,-1.56197762e+00, 1.83847380e+00,
  -3.88705969e+00,-1.79141477e-01, 1.61302185e+00,-5.94749153e-02,
  -1.57316494e+01, 3.16194952e-01,-5.12594652e+00,-3.04527968e-01,
   2.26509881e+00,-2.98959279e+00,-7.12368298e+00,-1.52428424e+00,
  -1.57608271e+01, 1.63718331e+00,-3.59404421e+00, 1.60753548e+00,
   9.52093244e-01,-3.43867540e-01, 5.52679241e-01, 3.12146783e+00,
   4.40281361e-01,-2.23994207e+00, 1.56890440e+00,-2.68610024e+00,
   3.85477686e+00, 5.02116047e-02,-2.62153769e+00,-6.05219781e-01,
  -9.22675610e-01, 1.76473606e+00, 1.98560703e+00,-1.40511596e+00,
  -8.44932914e-01,-1.08440675e-01, 4.05243587e+00,-2.57370257e+00,
  -1.69334173e+00, 1.46938300e+00,-7.00286210e-01,-2.46108484e+00,
  -2.29932475e+00,-4.08075619e+00, 2.74998546e+00, 2.64421630e+00,
   6.29648626e-01, 4.39272976e+00, 3.58073735e+00, 1.52530527e+00,
   1.10602655e+01,-1.42920470e+00, 2.09758568e+00,-2.67267495e-01,
  -3.11173741e-02,-1.44416118e+00,-6.77966118e-01,-4.20744467e+00,
   3.78956771e+00, 3.74906152e-01,-2.55442095e+00, 1.14801235e-01,
   2.00639081e+00,-6.23353720e-01, 2.34957147e+00, 2.78753281e+00,
  -3.58906651e+00,-4.16179597e-01, 4.29859191e-01,-2.16236174e-01},
 {-2.05675155e-01, 3.37904334e-01, 9.15820599e+00,-2.77084494e+00,
   1.72340608e+00, 5.34790516e-01,-8.00561428e-01,-4.19428587e-01,
  -2.73644388e-01, 5.14909446e-01, 2.80551791e-01, 6.16494656e-01,
   3.60258293e+00,-1.28349476e+01, 1.33627411e-02, 3.61775607e-02,
  -9.27436709e-01, 2.28942201e-01,-1.72332621e+00,-2.82985777e-01,
  -4.95059565e-02,-1.36144388e+00,-1.02751112e+00, 3.10443282e-01,
   2.96578336e+00,-2.21438942e+01, 6.94416523e-01, 4.07355458e-01,
  -3.71756285e-01,-1.28976333e+00,-1.56264937e+00,-2.32447243e+00,
   8.02636966e-02, 8.47142935e-01,-2.32642627e+00, 3.63389587e+00,
   1.08373606e+00,-2.18158793e+00, 2.79349208e-01,-4.93750989e-01,
  -1.59711969e+00,-1.66847849e+00,-7.93529570e-01,-1.45858622e+00,
  -6.48823604e-02,-1.93155730e+00,-2.72353840e+00,-4.01027262e-01,
   9.87233758e-01, 1.19081879e+01, 4.96587567e-02,-1.03564250e+00,
  -2.79210061e-01, 3.28848660e-01,-2.35448074e+00,-1.11215138e+00,
  -5.21058701e-02, 2.10051918e+00,-1.06403089e+00,-1.78480792e+00,
  -2.50437474e+00, 9.58423734e-01, 4.29343998e-01, 7.83472836e-01,
   8.81188571e-01,-4.04900491e-01,-3.53759360e+00, 2.71622986e-01,
   3.78094345e-01,-1.09662068e+00, 9.56716537e-02, 2.57049322e-01,
   4.65130359e-01,-9.22972739e-01,-5.87892115e-01, 1.73137131e+01,
  -4.48621064e-01, 3.46634120e-01, 4.83367491e+00,-3.13162184e+00,
   2.28925490e+00, 2.96119809e+00,-1.57356644e+00,-3.93824279e-01,
   9.68826532e-01,-1.26279044e+00,-9.14817989e-01, 1.93620801e+00,
   2.97531843e+00, 2.62064815e-01, 1.60103345e+00,-4.73803699e-01,
   1.20731091e+00,-3.10811019e+00, 3.54937863e+00, 6.86870992e-01,
   2.29211760e+00, 1.44673324e+00,-1.07484140e+01, 1.91026735e+00,
  -1.51355281e-01, 8.51967633e-01, 6.91927958e+00,-2.69278717e+00,
   1.66134298e-01, 7.75205016e-01,-4.29900557e-01, 3.77118945e-01,
   4.72175092e-01,-2.95676041e+00,-7.04589307e-01,-2.33751744e-01,
   8.14374313e-02,-9.53984797e-01,-6.22632086e-01,-2.72775441e-01,
  -4.29935068e-01,-1.19984436e+00, 1.13295650e+00, 3.12204957e-01,
  -1.10503149e+00, 2.23086762e+00, 1.23257542e+00, 2.36941695e+00,
  -4.70943041e-02,-1.39236081e+00,-1.83299279e+00, 9.89728272e-01},
 { 1.18862951e+00,-3.07207322e+00, 6.91398048e+00, 2.52935410e+00,
   1.11293280e+00,-4.60583866e-01, 7.44071782e-01,-6.01266801e-01,
  -2.56939864e+00,-3.01333576e-01, 1.35929799e+00,-2.37717539e-01,
   2.87266803e+00,-1.00007772e+01, 3.25231099e+00,-2.67301910e-02,
   2.32680798e+00,-8.38856637e-01,-3.83393431e+00, 4.38150024e+00,
   1.25916708e+00, 8.37873459e+00,-3.56029367e+00,-1.47155631e+00,
  -1.96977746e+00,-2.56318069e+00,-1.51401186e+00,-1.57003260e+00,
   8.71288896e-01,-1.12057877e+01,-9.28909063e-01, 3.88438964e+00,
   8.77669692e-01, 4.78022051e+00,-2.78539562e+00, 4.19333279e-01,
  -1.40390909e+00,-1.41960869e+01,-5.37681532e+00,-2.56992269e+00,
   3.59676075e+00, 9.26948905e-01,-9.32594681e+00, 6.74516615e-03,
   1.99538901e-01,-1.04361248e+00,-1.94724369e+00, 8.33904386e-01,
  -3.00448418e+00,-1.30272093e+01,-1.02312338e+00, 2.30101794e-01,
  -5.72225094e-01,-2.41399691e-01,-2.80836525e+01, 1.98546863e+00,
   9.37744617e-01,-9.19549942e+00,-3.50152075e-01,-4.95568514e+00,
   2.28250432e+00,-2.68460274e+00,-1.72671413e+00,-5.52560568e+00,
  -2.10617995e+00,-6.80851238e-03,-3.13023376e+01,-5.09453487e+00,
  -8.38456810e-01,-1.55286236e+01, 3.24813545e-01,-6.74027872e+00,
  -2.80748188e-01, 1.42844999e+00, 1.42087460e+00, 5.13206148e+00,
   5.06132483e-01, 1.22181344e+00, 3.93386912e+00,-4.36668587e+00,
  -3.25632542e-01, 1.35984230e+00, 2.71872830e+00, 7.50762463e-01,
  -1.29030681e+00,-1.21097445e+00, 7.34073222e-01,-1.86987674e+00,
   1.92433679e+00,-5.48727691e-01,-3.80898714e-01, 8.12065959e-01,
   4.81034890e-02,-9.39434707e-01,-6.62378263e+00,-1.62694442e+00,
  -3.74329853e+00, 3.81968880e+00,-6.94848967e+00, 2.72674131e+00,
  -7.44399369e-01,-1.25852787e+00,-1.85020695e+01,-7.19437152e-02,
   1.24866486e+00, 1.41104889e+00, 1.11815715e+00,-5.81558800e+00,
  -6.06067240e-01,-5.39333010e+00,-5.55176079e-01, 1.47831738e-02,
  -4.47298884e-02, 3.34877920e+00, 5.16700685e-01, 8.78051460e-01,
   4.74749517e+00, 2.63730431e+00,-1.24901140e+00, 5.50819492e+00,
   3.36087656e+00, 1.58404863e+00,-8.02358538e-02, 1.72961807e+00,
  -1.19512725e+00,-4.91714764e+00,-1.41296034e+01, 1.92264295e+00},
 { 7.60363519e-01, 1.91178247e-02,-1.11633463e+01,-1.34207761e+00,
  -2.68973708e+00,-6.10137079e-03, 3.48417103e-01, 5.32262802e+00,
  -6.96442890e+00,-1.36728687e+01, 5.34703434e-01, 4.59995127e+00,
  -2.27692509e+00, 1.60271797e+01,-2.71463656e+00,-1.28810942e-01,
  -5.13000011e-01, 1.87241629e-01, 1.97702396e+00,-4.64774132e+00,
  -8.18226099e-01, 5.91381407e+00,-1.28021526e+01,-1.33277071e+00,
  -1.55816746e+01, 1.20661869e+01, 6.93651199e-01,-2.36620203e-01,
  -1.11082125e+00,-6.56285191e+00, 1.59151649e+00, 1.75079072e+00,
  -1.20294189e+00,-1.22763586e+01, 1.31628704e+00,-3.72743416e+00,
   3.66745353e-01, 2.11607862e+00, 1.86019278e+00,-2.22268581e+00,
   6.84205890e-01,-1.64872146e+00, 1.09468460e+00, 1.67924428e+00,
   1.85168646e-02, 3.48630697e-01, 4.56022434e-02, 2.83616424e-01,
   1.57074481e-01, 4.95304632e+00,-2.79985428e-01, 1.26814020e+00,
  -5.66506743e-01, 1.26808628e-01, 5.23423529e+00, 3.03112995e-02,
  -7.78033316e-01,-2.25370646e+00, 1.18442237e+00, 2.19148493e+00,
  -3.42859209e-01,-1.07714212e+00, 5.89155793e-01,-3.08406391e+01,
  -9.41110969e-01, 1.48100686e+00, 1.02844906e+01, 2.55228066e+00,
   7.27025941e-02, 6.99019670e+00, 1.00122534e-01,-7.80049324e-01,
  -4.56158906e-01, 1.40138984e+00,-4.00611609e-01,-3.87087464e+00,
  -4.87585872e-01,-6.40634596e-01,-2.22617364e+00,-4.16116285e+00,
  -1.46319282e+00,-9.44302857e-01,-1.84495430e+01,-1.25715062e-01,
  -5.79701900e-01, 2.07660586e-01, 9.39315557e-01, 4.63260460e+00,
   1.48693010e-01,-6.58224165e-01,-4.17484611e-01,-7.18979761e-02,
  -1.57522702e+00, 1.10205960e+00, 3.02037096e+00,-8.25208604e-01,
  -1.73095691e+00,-1.77352166e+00, 1.67289734e+00, 2.16420221e+00,
   5.47650337e-01, 6.43481255e-01,-1.37899423e+00,-4.71524894e-01,
   6.68056107e+00,-4.42391348e+00,-2.80108958e-01,-1.64810002e+00,
   4.54968866e-03, 3.62549448e+00, 5.81403077e-01,-5.68401396e-01,
   1.47958294e-01,-7.39266813e-01,-2.21053410e+01,-2.97842294e-01,
   1.44251060e+00,-7.73750484e-01,-1.23058283e+00,-4.48793554e+00,
  -1.34742689e+00,-1.49710929e+00, 5.15031815e+00,-4.13405991e+00,
  -9.26108122e-01, 3.27322221e+00, 1.13721638e+01,-3.29764295e+00},
 { 3.18418336e+00,-6.81923866e-01, 1.54852462e+00, 3.90916753e+00,
   2.58819580e-01,-1.91651928e+00, 4.79045630e+00,-2.67847776e+00,
   2.37985992e+00,-2.88224006e+00, 2.15085816e+00, 3.18051636e-01,
   5.69264472e-01,-2.23984122e-01,-8.88754845e+00,-4.53061581e+00,
   3.05241013e+00,-8.27930033e-01, 5.85878193e-01,-2.82056868e-01,
  -2.95429301e+00, 2.44040871e+00, 6.74623370e-01,-3.75960135e+00,
  -7.45909023e+00,-6.57343435e+00,-5.69773376e-01,-3.42736959e+00,
   1.08597064e+00,-6.53465629e-01,-2.67162681e-01, 1.05556810e+00,
  -2.00903341e-01, 1.84948432e+00,-2.04599047e+00,-6.95045888e-01,
   2.19510865e+00,-2.37572312e+00, 2.03795242e+00, 1.72899938e+00,
   3.15002775e+00, 4.83070898e+00, 4.89373541e+00, 1.00200975e+00,
   5.96931636e-01,-5.16087008e+00,-6.04488993e+00, 2.87331432e-01,
  -3.24684215e+00,-5.97100067e+00,-1.31205165e+00,-4.41721827e-01,
  -1.49944794e+00,-1.94613546e-01,-5.59781742e+00, 2.05287600e+00,
  -1.10887635e+00,-2.83735418e+00,-5.35428143e+00,-3.06918931e+00,
   1.99062276e+00, 3.84962469e-01,-1.05639088e+00,-8.83155727e+00,
  -2.69043255e+00,-7.66876996e-01,-7.34604263e+00,-8.07957411e-01,
   6.00025713e-01, 3.20625514e-01, 1.11131942e+00,-1.40961266e+00,
  -7.92330384e-01, 3.29005814e+00, 2.79077220e+00,-1.16438687e+00,
   5.28731585e+00,-2.36388862e-01, 6.69368088e-01, 4.22437382e+00,
   1.48893619e+00,-1.45226026e+00, 3.49704549e-02,-2.93089318e+00,
   6.71846196e-02,-8.32175159e+00, 1.61988866e+00, 1.16104233e+00,
  -7.33191824e+00,-1.19209039e+00,-1.97463017e+01, 1.25562441e+00,
   6.87926123e-03,-2.16395235e+00, 1.82262969e+00,-2.76194787e+00,
  -2.13467264e+00,-3.52303576e+00, 1.74791858e-01,-2.69422245e+00,
  -2.50922680e+00,-1.35898876e+00,-2.95428514e+00,-1.38423288e+00,
   1.65001392e+00,-2.49844289e+00, 1.19977117e-01, 1.95773530e+00,
  -8.04278910e-01,-1.36304414e+00, 2.83309722e+00, 7.35991478e+00,
  -1.83331102e-01, 9.22908902e-01, 1.22532749e+00, 1.72677910e+00,
   5.54655170e+00,-6.06067181e-01,-2.30781889e+00, 2.58511209e+00,
   5.53964329e+00, 1.36104465e+00,-5.29851055e+00,-3.04058045e-01,
  -4.84222698e+00, 2.96042013e+00,-3.07934427e+00,-5.57803059e+00},
 {-8.30316842e-02,-5.18534370e-02,-6.30220696e-02,-1.44593909e-01,
  -1.06454581e-01,-6.36672154e-02,-2.52224840e-02,-4.17057462e-02,
  -4.75489255e-03, 1.96685474e-02, 3.64025123e-02, 3.36680785e-02,
  -1.11112922e-01,-3.85841765e-02,-6.61671162e-02,-5.81056066e-02,
  -1.49202561e-02,-3.53467129e-02, 4.20990065e-02, 7.02280784e-03,
  -5.31124547e-02, 4.37052697e-02, 2.44075861e-02,-1.99582800e-02,
  -1.10970020e-01,-6.75118640e-02,-1.55291595e-02,-1.17408307e-02,
   5.26757054e-02, 3.90067622e-02, 3.23279644e-03,-4.02621515e-02,
   2.96896584e-02,-1.03277124e-01,-4.38276716e-02,-9.88303870e-02,
  -5.69051728e-02, 3.82979512e-02,-4.69440827e-03,-4.58160937e-02,
  -1.58869289e-02,-1.11382991e-01, 3.43902782e-02,-3.62621099e-02,
  -5.07106222e-02,-6.46858215e-02,-7.17441291e-02, 1.45591162e-02,
  -3.18249352e-02, 2.12653987e-02,-4.83935094e-03,-3.22531126e-02,
  -7.16261193e-02,-1.26790345e-01,-2.33750902e-02, 1.11442329e-02,
  -5.39788604e-02,-5.67075945e-02,-6.84059560e-02, 3.88270803e-03,
  -2.79824547e-02,-4.73327525e-02,-1.04401954e-01,-1.14699483e-01,
   1.57151185e-02,-1.39795104e-02,-7.92814866e-02,-1.20224297e-01,
  -1.70595989e-01,-1.45885034e-03,-6.88292608e-02,-3.72290537e-02,
  -5.04865088e-02,-1.00310341e-01,-1.11407898e-01,-1.16619930e-01,
  -5.61691113e-02,-5.70207499e-02,-5.52303940e-02,-3.56216170e-02,
  -5.78144565e-02, 6.00816719e-02,-1.03293732e-01, 4.23500203e-02,
  -1.22850597e-01,-9.77703631e-02, 7.48919044e-03,-4.68746983e-02,
  -1.58709299e-03,-1.12929069e-01,-8.59705545e-03,-1.93290785e-02,
  -5.49194887e-02,-2.09073443e-02, 7.69810826e-02, 1.47401886e-02,
  -1.56325936e-01,-4.43139151e-02,-1.33899584e-01, 3.68843153e-02,
  -1.29501402e-01,-1.46276853e-03,-7.60829523e-02,-1.21580921e-01,
  -1.60041600e-02, 3.89464274e-02,-8.87009576e-02,-3.23064663e-02,
   5.36035001e-02, 8.53218604e-03,-4.33653146e-02, 4.49021161e-02,
  -3.27598043e-02, 5.10637350e-02,-2.56460086e-02,-1.31632090e-01,
  -5.70357703e-02,-1.33303702e-02, 8.77201371e-03,-1.79517657e-01,
  -4.31828573e-03,-1.15724698e-01, 1.30894259e-02, 5.22794165e-02,
  -2.01054104e-02,-3.60038355e-02,-1.39498310e-02,-5.15633076e-02},
 { 3.22266364e+00,-1.07115984e+01, 1.07377671e-01,-1.38000345e+00,
  -9.10657108e-01, 4.05443573e+00,-5.92571557e-01,-5.11098087e-01,
  -4.44913357e-02,-7.94255555e-01, 5.85345268e-01, 2.39782333e+00,
  -4.40587141e-02, 1.23424196e+00, 8.21441829e-01,-2.35984296e-01,
   3.14224219e+00,-2.48117805e+00,-7.89189786e-02, 2.93808013e-01,
   2.93398094e+00,-5.51352084e-01,-9.02729511e+00, 7.25372493e-01,
   2.11524749e+00, 4.03106242e-01,-3.49561989e-01, 7.27339327e-01,
   5.02461624e+00,-1.68372467e-01,-6.17760539e-01, 1.47547655e+01,
   9.34073627e-01, 1.65320027e+00,-1.29888165e+00,-1.55644134e-01,
  -4.63580942e+00,-3.75784904e-01,-3.08905810e-01, 4.29870337e-01,
   7.61718130e+00,-2.70424426e-01,-4.48487103e-02,-2.60038942e-01,
   7.04636395e-01, 1.38458610e+00, 7.48716816e-02, 8.84623647e-01,
  -8.38418674e+00,-8.84973240e+00,-9.33650780e+00,-7.91485310e-02,
  -3.18484688e+00,-8.70888770e-01,-8.00209761e-01,-1.03789549e+01,
   6.89345181e-01, 1.03546882e+00,-1.52588618e+00,-8.97480679e+00,
  -2.75351572e+00, 4.80755419e-01,-5.50392818e+00, 7.13544637e-02,
  -7.80243158e-01,-1.75548688e-01,-2.75349140e+00,-7.11838126e-01,
  -6.85110569e-01,-1.97228029e-01, 3.23144674e-01, 2.80667782e+00,
  -1.02241099e+00, 2.61501241e+00, 2.78674692e-01, 3.28299612e-01,
  -2.26684704e-01, 1.74830213e-01, 1.90988436e-01,-3.37591261e-01,
   7.11232364e-01,-1.42541850e+00, 1.39698878e-01,-3.00335288e+00,
  -2.45149136e+00,-4.99068469e-01, 1.34148049e+00,-5.25860608e-01,
  -3.34424466e-01,-7.30361879e-01, 1.17687464e+00, 2.17235994e+00,
   2.28298619e-01,-1.69141039e-01,-8.69248772e+00,-3.55511904e-01,
   1.26714396e+00, 8.76899287e-02,-1.65919915e-01, 3.34859222e-01,
   9.81196880e-01, 2.94209510e-01, 8.69261980e-01, 2.23953113e-01,
   4.16027665e-01,-1.26287210e+00, 3.18822932e+00,-1.06338084e+00,
  -3.31706643e+00, 6.94025075e-03, 1.74437141e+00,-4.47873801e-01,
   1.91088505e-02, 3.08197308e+00,-3.52734864e-01,-7.06595123e-01,
   5.38631320e-01, 7.61552811e-01,-2.96070194e+00, 2.42024288e-01,
  -5.24704504e+00,-1.63848746e+00,-1.15656964e-01, 9.42224026e-01,
  -2.13068414e+00, 8.01790118e-01, 2.88875699e-01,-1.15287018e+00},
 { 3.25426316e+00,-3.69578147e+00,-3.10331178e+00, 5.98447919e-01,
  -1.52283955e+00, 1.44027576e-01, 5.48848152e+00,-2.22151041e+00,
  -2.55819798e-01,-1.34726095e+00,-4.38850313e-01,-2.90388316e-01,
  -2.22064352e+00, 2.87809730e+00, 1.42931354e+00,-7.03599274e-01,
   1.34250045e+00, 7.90759087e-01,-2.73349142e+00, 1.15347493e+00,
   2.05727911e+00,-1.07904695e-01, 3.26587534e+00,-4.04310703e+00,
  -8.96566200e+00,-5.61454582e+00, 9.51748073e-01,-2.50384092e+00,
  -2.18658471e+00, 7.64872646e+00, 4.66787606e-01, 2.10685563e+00,
   5.87302566e-01, 6.05734110e+00,-4.47910738e+00,-1.80840480e+00,
  -1.78797686e+00,-2.29883289e+00, 1.84321606e+00, 1.34286010e+00,
   3.95719504e+00,-1.04602361e+00,-2.33609200e+00,-1.56850791e+00,
   3.25073451e-02,-1.70731544e+00, 2.08831692e+00, 7.17229009e-01,
  -2.01077771e+00,-7.03519058e+00,-2.10578942e+00,-2.60442829e+00,
  -1.51478648e+00,-1.10034868e-01, 1.78227678e-01, 1.60060838e-01,
   1.16754842e+00,-1.13133698e+01,-3.14629507e+00,-2.86389613e+00,
   7.99598157e-01,-3.91653061e-01,-8.63281608e-01,-2.98347902e+00,
  -4.91869688e+00,-2.82081455e-01,-3.15132642e+00, 6.37447834e-01,
  -1.02037609e+00,-2.33640060e+01, 1.12022865e+00,-5.03794289e+00,
  -1.23232925e+00, 1.26624537e+00, 6.02459621e+00,-3.82622623e+00,
  -7.40840971e-01, 5.77845387e-02,-7.31086135e-01,-4.30582428e+00,
  -3.17445129e-01, 2.44891196e-01,-2.73686242e+00, 1.14468646e+00,
   6.29601598e-01,-7.25070143e+00, 2.47902632e+00, 2.57502341e+00,
  -6.37230206e+00,-1.51074696e+00,-2.85954714e+00, 1.23488414e+00,
   2.03447199e+00,-2.19261825e-01,-5.93074751e+00,-1.20495009e+00,
  -1.93081343e+00, 3.62878740e-01, 1.93823755e+00,-2.01712775e+00,
  -4.05081287e-02,-1.99213517e+00, 7.20245409e+00, 4.25730288e-01,
   2.32517433e+00,-1.69963390e-01, 1.61544740e+00,-5.10311604e+00,
   4.05054778e-01, 1.18518209e+00,-2.04479128e-01, 1.95273983e+00,
   1.02455628e+00, 3.19010496e+00, 7.62937880e+00,-1.35837391e-01,
   2.94370556e+00, 2.54841685e+00,-2.15825200e+00, 5.77810383e+00,
   1.22595251e+00,-7.67564952e-01, 8.84381652e-01, 5.21985471e-01,
  -1.08429909e+00,-9.43797112e+00,-5.04679298e+00, 4.84459966e-01},
 {-1.13743210e+00, 2.38712430e-02,-3.28137207e+00,-5.35602379e+00,
   1.42917573e+00, 1.96248603e+00,-1.74282305e-02,-2.12406516e+00,
   5.46582508e+00,-3.28257942e+00, 1.63041520e+00,-7.04452562e+00,
  -9.56285095e+00,-8.15609872e-01,-4.88805246e+00,-5.80878913e-01,
   8.13241124e-01,-5.69266975e-01, 4.60897636e+00,-1.65841556e+00,
  -5.13278842e-01, 4.74288416e+00,-7.68212438e-01,-1.03866398e+00,
  -2.11728287e+00,-2.85660095e+01,-7.50474274e-01, 1.31567311e+00,
   1.43534899e+00, 1.99311829e+01,-1.42598498e+00, 6.51517808e-01,
  -1.86602604e+00, 3.89447165e+00,-9.60326958e+00,-3.62105036e+00,
   1.63473034e+00,-1.11024103e+01,-1.89251769e+00,-1.98952460e+00,
   8.85821134e-03, 6.92412186e+00,-2.29954624e+00, 2.48980093e+00,
  -1.53776571e-01, 4.66406918e+00,-4.05406046e+00, 2.70676345e-01,
   5.60869336e-01,-1.00689602e+01,-7.89696515e-01,-1.95056820e+00,
   9.23568308e-01,-2.33633375e+00,-9.39757442e+00,-9.80541885e-01,
   3.59586149e-01,-2.24951172e+00,-2.92749906e+00,-5.32748365e+00,
   3.82309294e+00, 6.94528103e-01, 1.18812680e+00,-1.06974144e+01,
  -1.46527362e+00,-2.07879806e+00,-1.20075645e+01,-2.46162534e+00,
   1.32884431e+00, 1.08553743e+00,-4.60344267e+00,-4.49684978e-01,
  -1.67770386e+00, 4.86437142e-01,-8.74267292e+00,-3.43491340e+00,
   2.59182239e+00, 3.50781381e-01,-3.46463442e-01, 1.69002342e+00,
   1.80998909e+00,-6.65654659e-01,-1.70357466e+00,-7.36553490e-01,
   3.29758823e-01,-1.76216292e+00, 1.46429837e-01,-7.42429793e-01,
  -4.66984463e+00, 1.06890929e+00,-2.55865741e+00,-6.61603510e-01,
  -1.14040864e+00,-9.86570358e-01, 2.43900442e+00, 3.47370058e-02,
  -3.37213898e+00, 1.39621496e+00, 2.54172015e+00,-1.06538427e+00,
  -1.42033160e-01,-1.00309820e+01,-1.29800053e+01,-9.38993394e-01,
   1.84974003e+00,-3.02070355e+00,-2.64944851e-01, 3.00135303e+00,
   9.96342450e-02,-4.67868835e-01, 1.54287791e+00, 3.19851613e+00,
   1.09265518e+00,-1.78137350e+00,-4.00902700e+00,-5.28887570e-01,
   1.14344096e+00, 4.62437086e-02, 3.14435422e-01, 6.28842735e+00,
   2.16891909e+00,-8.15361500e+00,-1.60035686e+01, 2.34973621e+00,
  -1.82035065e+00,-1.80575907e-01,-1.09940205e+01, 9.53070462e-01},
 { 1.01100132e-01,-8.05818662e-02,-4.73485500e-01, 1.81421924e+00,
  -7.36469254e-02,-2.97170520e-01,-6.22152649e-02, 5.05934954e-01,
   1.78264165e+00,-1.06099382e-01, 5.71632743e-01,-1.78154707e+00,
  -1.38501003e-01, 4.44927543e-01,-2.75303674e+00,-6.46914355e-03,
   1.31571829e-01, 6.08810559e-02, 1.11466803e-01,-3.99402946e-01,
   5.06870262e-02, 1.85145497e+00, 2.33003065e-01,-6.08374886e-02,
  -3.21916652e+00, 2.51305640e-01, 8.01035296e-03, 3.83033082e-02,
   4.77682916e-04, 1.43169909e+01, 5.67685701e-02, 3.11474055e-01,
  -4.23534550e-02, 1.16890895e+00, 3.18194628e+00,-2.87467986e-02,
  -1.20980166e-01,-1.10125427e+01,-1.69956160e+00,-2.77127735e-02,
   2.49625355e-01, 3.78350198e-01,-1.01559646e-02, 3.70795391e-02,
   9.06906091e-03, 4.13218588e-02,-2.71058977e-01, 3.84542719e-02,
  -7.16431886e-02, 4.10105181e+00,-9.22798663e-02, 4.17907760e-02,
  -6.00650944e-02,-1.06122745e-02,-1.12399588e+01, 6.39252186e-01,
  -7.31257908e-03, 3.95620689e-02, 4.45713196e-03, 1.04507685e-01,
   3.33043426e-01, 2.23877728e-02,-8.66479948e-02, 1.30571861e+01,
  -1.78275764e-01, 1.27104774e-01, 1.12049446e-01, 2.98190061e-02,
  -8.69696662e-02,-3.41238642e+00, 1.65234189e-02,-3.62073451e-01,
  -4.28646691e-02, 1.80908993e-01, 9.61820967e-03,-2.81054527e-01,
  -1.14214811e-02,-2.90796328e-02, 4.32487369e-01, 1.35812616e+00,
   7.25308582e-02, 2.28140616e+00,-2.03781947e-01, 1.22925490e-01,
  -1.40974417e-01,-2.17324239e-03, 9.39169824e-02, 2.65783101e-01,
  -7.72032142e-02,-6.14344291e-02, 1.67839963e-03, 6.61333874e-02,
  -2.53684875e-02,-1.98791306e-02,-3.68033916e-01,-1.19893439e-01,
   3.34041089e-01, 3.39171104e-02,-4.88695413e-01,-8.52690116e-02,
   2.19381258e-01, 5.37806116e-02, 1.35654650e+01,-3.26457620e-01,
   4.29059029e+00,-1.42329901e-01, 8.97594318e-02, 3.59324180e-02,
  -6.93779811e-02, 6.42278612e-01,-5.52115664e-02, 6.49174489e-03,
   2.37419486e+00, 1.81984127e-01,-3.77862751e-01, 3.31724025e-02,
   6.04055166e-01, 2.19031498e-01,-2.43155435e-01, 1.67479128e-01,
  -2.97758598e-02,-7.72145167e-02,-3.86805013e-02,-1.18937135e-01,
  -1.28603637e-01,-2.78257858e-02, 7.77422607e-01,-1.34156317e-01},
 {-1.57883441e+00, 2.52450752e+00, 2.99118614e+00, 2.33866978e+00,
  -1.48564172e+00, 1.29754102e+00, 6.19862080e+00,-3.55186373e-01,
   4.24204302e+00, 2.20916048e-01, 7.28141427e-01,-6.98027706e+00,
  -1.23929167e+00,-1.24688518e+00, 9.06319499e-01, 2.83894873e+00,
  -4.38575363e+00, 9.09920454e-01,-1.89255223e-01, 4.51846075e+00,
  -1.88529074e+00,-8.60153317e-01,-7.07721889e-01, 1.08684623e+00,
  -3.98894310e+00,-6.14443421e-01,-1.67640984e+00,-4.52329206e+00,
   1.83363125e-01, 1.28260660e+01, 1.25427294e+00,-2.95046329e+00,
  -5.62526047e-01, 7.40894318e-01,-9.89910698e+00, 2.92466462e-01,
   1.99626315e+00, 2.39118242e+00,-5.74946962e-02, 2.22199917e+00,
  -1.26097023e-01, 4.41691494e+00, 2.24528384e+00, 3.47365558e-01,
  -3.47670197e-01, 3.18950653e-01,-7.06188154e+00, 1.20937623e-01,
   2.74095941e+00,-8.57452583e+00,-1.20173836e+00, 3.85248160e+00,
   9.84639764e-01, 2.44525743e+00,-2.06234768e-01,-1.06889343e+00,
  -9.48122561e-01, 6.40757754e-02, 1.22182572e+00, 6.50569534e+00,
  -2.16500449e+00,-9.04431120e-02, 7.99141765e-01,-6.85479689e+00,
   9.23300624e-01,-1.47369981e+00,-2.67357979e+01,-1.17177200e+00,
   2.13166341e-01,-2.48475742e+00,-8.65550327e+00, 3.29637074e+00,
   3.50513846e-01, 9.45347667e-01,-1.33611000e+00,-2.97175288e+00,
   7.38035679e+00,-1.85202050e+00, 2.02402782e+00, 2.21542168e+00,
   2.36899233e+00,-8.10246181e+00,-4.47556525e-01,-3.53206813e-01,
   3.44944261e-02,-1.52155983e+00,-6.89339697e-01,-4.11836672e+00,
  -7.22878361e+00, 1.76884317e+00,-4.61594105e+00,-5.37149608e-01,
  -3.42003107e+00,-1.73209167e+00, 3.57213426e+00,-1.09955740e+00,
  -1.05041504e+00, 5.04954517e-01,-1.73915052e+00,-5.86199474e+00,
  -1.14413202e+00,-3.25660920e+00, 2.30790687e+00,-1.44877255e+00,
  -8.12726319e-01, 6.38921642e+00,-1.39442956e+00,-7.05604649e+00,
  -6.56553447e-01,-3.01786327e+00, 3.11274797e-01, 1.94617784e+00,
  -6.94995165e-01,-1.84501088e+00, 4.06342220e+00,-4.30080563e-01,
  -1.61257696e+00,-4.60861623e-01,-9.38526630e-01, 1.34036577e+00,
  -2.21576071e+00, 1.09645271e+00, 1.59762049e+00,-2.53696704e+00,
  -6.36204958e-01,-2.61210799e-01,-1.63423557e+01, 3.55043650e+00},
 {-8.65627587e-01,-2.28311825e+01, 1.13976160e-02, 1.36284518e+00,
   2.16506004e-01, 2.29459381e+00,-1.64312553e-02, 1.85067922e-01,
  -5.83782077e-01, 8.10133934e-01,-8.80091339e-02,-1.63866985e+00,
  -2.61618523e-03,-6.21346593e-01, 6.53312922e+00,-7.92861357e-02,
  -6.48363733e+00, 5.13319492e+00,-1.28816402e+00, 1.60431474e-01,
  -5.26596355e+00, 1.33114469e+00,-1.79510694e-02,-3.96148890e-01,
  -2.89737701e+00,-2.91304803e+00, 3.84136987e+00,-8.02503288e-01,
   1.45137265e-01, 1.92647465e-02,-2.82643735e-01,-4.69759798e+00,
   4.68114281e+00,-8.00433278e-01, 8.31352770e-01,-1.87973356e+00,
  -3.44916940e-01, 4.62814867e-01,-5.57657182e-01,-1.89948654e+00,
   4.99033213e+00,-2.21553966e-01, 3.86022836e-01, 5.21943331e+00,
  -8.46093059e-01,-1.19258535e+00,-3.15054618e-02,-1.78249156e+00,
   9.84953308e+00, 4.61706877e+00, 7.90562201e+00,-1.78788245e-01,
   1.03417432e+00,-1.25103921e-01, 6.37534201e-01,-2.92204738e+00,
   6.51315689e+00,-1.32686090e+00, 3.20892811e-01,-6.51033497e+00,
   3.49402523e+00,-2.86837906e-01, 8.55157852e-01, 2.74338365e-01,
   3.31819439e+00, 8.54702443e-02, 1.95860529e+00, 2.99936795e+00,
  -1.98476565e+00, 5.68068512e-02,-3.06988001e-01, 7.81704569e+00,
  -3.08598089e+00,-1.30001163e+01,-5.96002862e-02,-1.66947857e-01,
   3.27141464e-01,-6.18225157e-01, 1.33880407e-01,-2.65884791e-02,
  -1.09373353e-01, 2.84063673e+00,-4.26635563e-01,-1.79043722e+00,
   1.01937854e+00, 2.68345237e-01, 1.97709724e-01, 3.69627587e-02,
   5.84630191e-01,-5.42847013e+00,-5.28105676e-01,-9.84195471e-01,
   1.56447724e-01, 1.21036164e-01, 7.76249552e+00, 7.25676250e+00,
  -1.50554013e+00,-6.47034287e-01, 2.25556772e-02, 6.19666502e-02,
  -3.25888246e-01,-5.57052158e-02,-2.51755834e-01,-1.64577022e-01,
   4.49101478e-01, 9.51031923e-01,-1.51556396e+00, 1.40220261e+00,
  -4.14982080e-01, 1.10147677e-01,-5.47166061e+00, 1.61987752e-01,
  -1.69891596e-01,-2.41823268e+00, 2.27762848e-01,-3.20447636e+00,
  -1.66191711e+01,-6.60827780e+00, 4.70428228e+00,-4.35332716e-01,
  -5.99659920e+00, 1.02585268e+00, 2.60961652e-01, 5.36016226e-01,
   3.34053904e-01,-9.70485985e-01,-2.47070014e-01, 2.35611320e-01},
 { 3.00568175e+00,-2.21409154e+00,-5.32465696e+00,-7.99246192e-01,
   4.16553831e+00, 1.14196897e+00, 3.73235607e+00,-8.40239620e+00,
   2.41468382e+00,-7.71883392e+00, 3.36022186e+00, 1.55589139e+00,
  -3.67859077e+00, 4.69133806e+00,-3.23482704e+00, 4.67351389e+00,
   2.15912795e+00, 4.60105747e-01,-5.80797815e+00,-6.19180441e+00,
   2.36569691e+00,-6.59859121e-01, 6.91692829e+00,-1.26958442e+00,
  -2.01070070e+00,-2.31378059e+01,-5.93750715e-01,-1.75146008e+00,
  -3.54664946e+00, 4.82733190e-01,-3.44603539e+00, 1.98730624e+00,
   2.38482976e+00,-1.34869540e+00, 2.03095484e+00,-3.36552691e+00,
  -4.59539604e+00,-4.41784859e-01,-6.13908482e+00,-3.05556202e+00,
   1.75782156e+00, 6.06972647e+00,-7.28463459e+00,-8.66368830e-01,
  -7.84235448e-02,-1.70454865e+01,-3.46854329e+00,-4.30862933e-01,
  -7.64774919e-01,-4.88692141e+00,-5.04365730e+00,-3.69397449e+00,
  -2.52719069e+00,-5.51426315e+00, 2.03007793e+00, 1.06766522e+00,
   1.01487339e+00,-1.40557585e+01,-6.89376831e+00,-5.65516090e+00,
  -4.44082546e+00,-6.78433359e-01,-1.04570603e+00,-3.99548650e+00,
  -2.51091766e+00, 1.18289161e+00, 2.36594343e+00, 2.39811969e+00,
  -3.40693688e+00,-3.50797385e-01, 6.22542858e+00, 2.18756735e-01,
   1.15450516e-01, 1.04304421e+00, 3.70691919e+00, 3.62587500e+00,
  -3.85489297e+00, 5.68905449e+00,-5.01464486e-01, 1.63676214e+00,
   1.80691397e+00, 3.76598287e+00, 9.00882125e-01, 1.42396522e+00,
  -1.58520892e-01, 2.05673814e+00, 6.08827114e-01,-1.00413761e+01,
  -5.62783146e+00,-6.42074585e+00, 1.06964245e-01, 1.34165490e+00,
  -6.70762062e-01,-9.01041412e+00,-3.73220396e+00, 1.30216181e+00,
  -2.89961934e+00,-1.68388081e+00,-2.31291447e+01, 5.81677532e+00,
  -7.21019447e-01,-1.03117504e+01, 3.01960802e+00,-2.73409009e+00,
  -5.92199135e+00,-1.43391955e+00, 1.71516821e-01, 2.28465056e+00,
   9.46838677e-01,-1.78788856e-01,-2.39763618e+00,-1.89689839e+00,
  -3.06581783e+01, 4.25697374e+00, 6.26374125e-01,-4.98527944e-01,
   2.54421782e+00, 8.25429082e-01,-3.47783148e-01, 2.08591151e+00,
  -2.44159198e+00, 4.39161062e+00,-2.03935814e+00, 6.70857096e+00,
  -1.40510559e+00, 4.86135215e-01,-2.09842758e+01,-1.76681881e+01},
 { 1.92038405e+00, 1.77325547e+00,-1.85867667e-01,-2.42532138e-02,
   1.26145864e+00, 4.06059885e+00,-3.08256984e-01,-1.14912800e-01,
  -4.73397970e-01,-2.63326907e+00, 5.16072929e-01,-8.14172983e-01,
  -1.63408462e-02, 1.20997918e+00, 6.23200226e+00,-5.28427474e-02,
  -2.30184460e+01,-4.45962477e+00,-8.63934422e+00, 1.69747427e-01,
   3.28119963e-01,-5.32525599e-01,-9.12173176e+00,-6.87425435e-02,
   3.15256810e+00, 3.19326210e+00, 9.90063858e+00, 9.36556458e-01,
   1.04694948e-01, 3.17256331e-01,-1.04377592e+00, 4.68791246e+00,
  -1.28981476e+01, 9.46721554e-01,-1.75201368e+00,-6.27414703e+00,
  -5.74398184e+00,-6.18683279e-01,-1.77426255e+00,-1.53284359e+00,
  -9.85692692e+00, 9.37488601e-02,-2.09677935e-01, 1.50239825e+00,
   1.22452521e+00, 1.49596083e+00, 2.34998405e-01, 2.04918170e+00,
  -1.68282986e+01,-1.58731880e+01,-7.73227453e+00, 6.62644207e-02,
  -2.03465298e-01, 1.29856169e+00,-5.82381666e-01, 3.61631489e+00,
  -4.61337423e+00, 1.16919303e+00, 4.80540767e-02, 6.47503662e+00,
  -3.28851414e+00, 2.99803942e-01, 2.11515355e+00,-2.00284153e-01,
  -1.85230577e+00,-2.08497137e-01,-2.83150721e+00,-2.47941685e+00,
   2.35387373e+00,-3.97293538e-01, 4.33986187e-01,-2.24640770e+01,
   7.18071401e-01,-9.73894119e+00,-3.46395560e-02, 1.33218154e-01,
  -6.23446047e-01, 1.02922499e+00, 5.41416049e-01, 2.61728734e-01,
   1.03197590e-01, 5.26999903e+00, 4.93307859e-01,-1.93024731e+00,
  -1.18083358e+00,-6.95988178e-01,-9.67660522e+00, 1.30605936e+00,
  -5.17951369e-01, 6.90321803e-01, 6.73898101e-01, 2.79195762e+00,
  -1.12297080e-01, 4.03826922e-01,-3.32675123e+00, 6.42765808e+00,
   1.34060669e+00,-1.32755411e+00,-1.57216087e-01, 1.70911551e-02,
  -3.36667705e+00, 2.95293629e-02, 5.78128874e-01, 1.37553826e-01,
  -4.06715512e-01,-1.95506966e+00, 2.55330890e-01,-6.02411509e-01,
   1.71385062e+00, 1.56842947e-01, 5.07291365e+00,-3.81679565e-01,
   2.64752656e-01, 1.27482688e+00, 3.76063772e-02, 1.49459851e+00,
   1.79564991e+01,-1.43169641e+01,-4.90059471e+00, 2.15000823e-01,
   1.55932474e+00,-2.62353420e+00,-4.96714979e-01, 9.19195366e+00,
   3.73212367e-01, 1.10322809e+00,-2.73653746e-01,-3.03904861e-01},
 { 7.96311572e-02, 1.63932204e+00, 5.50536513e-01, 2.52138972e+00,
   1.02952302e+00, 2.58229423e+00, 4.68032271e-01, 1.32543337e+00,
  -1.99873006e+00,-6.56955123e-01, 7.59097338e-01,-1.60754001e+00,
   2.97743529e-01,-8.12551305e-02,-5.92633820e+00,-2.80925035e-01,
  -4.18699205e-01,-3.38270044e+00, 1.25362361e-02, 1.09059608e+00,
  -1.72606504e+00, 3.64845371e+00,-1.75070667e+00,-5.68103909e-01,
  -3.40400124e+00,-1.77339458e+00,-5.08019805e-01,-1.59381962e+00,
  -4.79077816e-01,-1.35079193e+00,-1.90558508e-01, 9.62395859e+00,
  -1.34768188e+00,-2.07306817e-01, 4.24649191e+00, 3.10279429e-02,
  -3.36234748e-01, 5.71675599e-01, 2.13770598e-01,-2.79307604e+00,
   2.45148349e+00, 3.59790063e+00, 1.33885801e+00, 1.47433519e+00,
   1.48450708e+00, 6.29975975e-01,-2.31965691e-01,-2.10313663e-01,
  -9.76559734e+00, 2.18948841e+00,-6.73332453e+00, 1.29173887e+00,
   1.06417441e+00,-9.00897741e-01, 1.56406805e-01, 3.09240913e+00,
   3.87145691e-02,-1.06257677e-01, 2.97054410e-01, 1.39441967e+00,
  -5.97275019e+00,-1.69892907e+00, 9.45842937e-02,-2.23465300e+00,
   1.06312692e-01, 2.66548425e-01, 8.13893604e+00,-1.13537967e+00,
  -5.39213121e-01, 4.92179617e-02, 1.41534507e-01,-1.01226997e+01,
   2.51259863e-01,-5.13858080e-01,-1.47088742e+00,-1.81848645e+00,
   1.21866786e+00,-6.09440684e-01, 2.21083999e-01, 6.92808270e-01,
  -9.01314557e-01,-3.94261742e+00,-1.47869866e-02,-2.25619721e+00,
  -9.62762654e-01,-1.64854169e+00,-4.16245967e-01, 1.60902345e+00,
  -1.80318207e-02, 3.75010669e-01,-3.89463663e+00, 1.22500265e+00,
  -7.23025262e-01,-1.25075996e+00,-3.42494583e+00, 6.95449710e-01,
  -3.88752103e+00,-8.12750459e-01,-5.90459347e-01,-2.45917106e+00,
   1.17344841e-01,-1.75541437e+00, 1.34671256e-01,-2.05206513e+00,
   5.57377934e-01, 1.20410633e+00,-3.95954102e-01, 3.10061550e+00,
  -9.58261549e-01, 1.10554206e+00, 9.55510199e-01, 2.37768650e+00,
   9.75327492e-02, 3.10420275e-01,-1.48159122e+00, 4.73991632e-01,
   1.76521626e+01, 1.10256600e+00, 2.63136077e+00, 2.59539455e-01,
  -1.74060750e+00, 5.99161349e-02,-1.29513931e+00, 7.95735493e-02,
   6.66774988e-01,-1.05333216e-01,-9.46914077e-01,-3.93289596e-01},
 { 3.19951010e+00, 3.34759521e+00,-6.05537176e-01, 1.23934853e+00,
  -8.75576973e-01, 1.96090972e+00,-5.00976682e-01,-5.28596044e-01,
   2.20966190e-01, 1.19949710e+00, 1.04427576e+00, 9.48560417e-01,
  -2.69030571e-01, 1.33863044e+00, 1.28627801e+00,-7.92091072e-01,
  -1.06313324e+01, 2.43985486e+00, 5.55468130e+00,-3.79731834e-01,
  -1.89375973e+00, 1.92471886e+00, 7.79570460e-01,-6.74383211e+00,
   1.63011229e+00, 6.82125282e+00,-2.55884975e-02, 1.13945469e-01,
  -5.82833862e+00,-3.24342251e-01, 1.89472854e+00,-3.07907224e-01,
  -2.91387463e+00,-8.97060931e-02, 1.88616419e+00, 1.62046850e-01,
   2.22559953e+00, 1.75132418e+00, 1.91526449e+00,-8.72133553e-01,
  -5.34614801e+00,-6.18573427e-01,-1.70707810e+00,-4.66749907e+00,
  -3.00564021e-01, 4.70229596e-01, 1.16852593e+00,-1.31499350e+00,
   1.49087894e+00, 2.53677511e+00, 3.61518312e+00,-5.50168097e-01,
  -1.61013138e+00,-9.39097166e-01, 2.19964051e+00,-3.57708782e-01,
  -1.40832686e+00,-2.19886065e+00,-2.87252569e+00, 6.10945940e+00,
  -7.58867311e+00, 4.61990349e-02,-2.71945447e-01,-5.17143071e-01,
  -3.59133577e+00,-2.49652386e-01, 2.88530278e+00,-1.89306808e+00,
   5.92141926e-01,-1.28496993e+00,-3.31427246e-01, 5.34567738e+00,
  -3.85105247e+01, 2.23859715e+00, 1.92850649e-01,-2.21534514e+00,
  -1.79011309e+00, 1.30277634e+00, 7.45967627e-01, 1.13993835e+00,
  -1.01215601e+00, 2.00485751e-01, 2.29334414e-01,-2.69079375e+00,
   7.06068993e-01,-3.55485606e+00, 2.41635036e+00, 5.10876083e+00,
   1.12593794e+00, 3.90691566e+00, 7.02401495e+00, 1.92240596e-01,
   2.08146715e+00, 3.26394176e+00, 4.36133766e+00,-2.80082297e+00,
  -1.86705220e+00,-4.44307715e-01, 1.64947495e-01,-5.85223079e-01,
  -3.54257345e-01, 3.29281867e-01, 9.42393839e-01, 1.10722981e-01,
   4.77480441e-01, 1.11768270e+00, 7.28433132e-01,-1.22846425e+00,
   4.29673052e+00, 1.73144639e+00, 2.22252774e+00,-3.27608585e+00,
  -6.89810395e-01,-1.32862401e+00,-9.31185722e-01, 1.40948451e+00,
  -2.39774132e+00,-1.35020539e-01,-3.05708671e+00,-2.16039002e-01,
   3.80961704e+00, 8.73052299e-01, 1.88780797e+00, 4.32583600e-01,
  -2.85425210e+00,-1.60400105e+00, 5.50642133e-01,-1.43663788e+00},
 { 4.68470044e-02, 3.15287858e-02,-4.23311628e-02, 3.45433094e-02,
   9.46079660e-03,-1.06158875e-01,-7.16056302e-02,-5.32727912e-02,
  -9.34120417e-02,-6.65126294e-02, 4.07322347e-02, 1.62192006e-02,
   4.58843522e-02,-2.29450129e-02,-9.27051157e-02, 3.38504883e-03,
  -2.61957720e-02,-8.04917514e-03,-6.01563640e-02, 1.67884976e-02,
  -9.79187042e-02, 3.92348692e-02, 4.81135696e-02,-4.93489904e-03,
   3.24936658e-02, 1.23694278e-02,-5.82367703e-02,-1.23722874e-01,
  -5.55413263e-03, 3.53173427e-02,-4.24905792e-02,-3.54068205e-02,
   1.91636365e-02,-5.01574669e-03, 4.13285233e-02,-2.37953328e-02,
  -1.56969186e-02,-7.67529160e-02,-7.53203034e-02,-8.26155692e-02,
   4.95797954e-02, 4.70157601e-02,-1.15133170e-03,-3.36813852e-02,
  -6.64102882e-02,-1.22411132e-01, 8.41500703e-03,-7.79644847e-02,
  -1.04982637e-01,-4.29165699e-02,-6.18034415e-02,-2.76437495e-02,
  -9.17481035e-02, 3.16348374e-02,-1.11114584e-01,-7.79657140e-02,
  -6.48872480e-02,-3.61645073e-02, 1.42105538e-02,-4.36137021e-02,
  -3.38459611e-02,-7.66888633e-02,-4.41150069e-02,-5.09716906e-02,
  -1.85051970e-02,-1.21316142e-01,-1.11861460e-01, 4.64176834e-02,
  -4.31271596e-03,-3.77038121e-02,-1.86022986e-02,-2.92561129e-02,
  -1.69726070e-02,-9.79032218e-02,-6.71689212e-02,-1.39760822e-01,
  -1.04289614e-01,-4.28308137e-02,-4.49311659e-02, 1.85118038e-02,
  -1.46212410e-02,-4.37757410e-02,-3.97298224e-02, 9.00328625e-03,
  -6.82576671e-02,-5.95880412e-02,-4.87795807e-02,-8.73123184e-02,
  -3.61063965e-02,-1.23107567e-01,-8.22868496e-02,-8.05412754e-02,
   3.92454863e-02,-1.31607816e-01, 7.17295483e-02,-9.44444211e-04,
  -7.60845616e-02, 4.45903204e-02,-4.22165543e-02,-1.07228570e-01,
  -3.57851051e-02, 7.18692783e-03,-1.28165260e-01,-3.08171641e-02,
   1.51437975e-03,-6.56741187e-02,-1.59549192e-02,-7.98438862e-02,
  -1.08601071e-01, 4.04652990e-02,-9.16979760e-02,-2.85560209e-02,
  -1.30025940e-02,-6.97568059e-02,-6.42631529e-03,-1.10171653e-01,
   4.01594192e-02,-8.04710388e-03,-4.77721170e-02,-9.29492936e-02,
  -5.21225557e-02, 2.22670787e-04,-7.32440576e-02,-4.39258479e-02,
  -1.24727421e-01,-1.20950498e-01,-4.40689810e-02, 2.99420469e-02},
 {-1.52676458e+01, 7.35822773e+00, 5.10828160e-02,-3.86690736e+00,
  -7.72684216e-01, 2.35281301e+00,-2.63696432e+00, 3.70553613e-01,
   5.95384419e-01,-1.80954444e+00,-3.67491722e-01, 1.66562557e+00,
  -5.35292447e-01, 8.73582542e-01,-4.90992248e-01, 2.56194115e-01,
  -7.97981453e+00,-3.44794393e+00, 4.83294773e+00, 3.08597231e+00,
  -1.15961313e+00,-1.55119109e+00,-1.33804828e-01, 1.93047810e+00,
   2.24044180e+00,-9.18514490e-01,-2.03761530e+00,-2.16515923e+00,
  -1.16443119e+01, 9.85933185e-01, 1.05523598e+00, 8.88552547e-01,
  -2.39599824e-01, 2.22299173e-01, 1.14492261e+00, 2.66641116e+00,
   5.27428091e-01,-5.55499554e-01, 1.03167415e+00, 8.38970840e-02,
  -1.31064928e+00, 4.57575053e-01, 7.07245350e-01,-7.19844401e-01,
   1.55730927e+00,-4.21113110e+00,-1.73032451e-02,-5.06252623e+00,
  -2.31509256e+00,-6.17395020e+00, 9.73048627e-01, 2.43797755e+00,
   1.05461836e+01, 1.09582019e+00, 1.55108118e+00,-1.74713933e+00,
  -3.39506555e+00, 1.38635004e+00, 2.89722443e+00, 3.74544477e+00,
  -4.07044935e+00,-1.56188476e+00, 2.39654279e+00, 1.29134154e+00,
  -4.28302145e+00, 2.53090888e-01, 3.43817544e+00,-2.27421060e-01,
   4.46618509e+00,-2.25383472e+00, 1.12385523e+00, 1.45405293e+00,
  -6.58010244e+00, 2.62363344e-01, 6.03292584e-01, 6.94330260e-02,
  -2.25024986e+00,-9.60952163e-01,-2.76668340e-01, 6.76386878e-02,
   1.34053037e-01,-1.05644202e+00, 1.69780731e+00, 3.11590075e-01,
  -4.88305807e-01,-3.79105067e+00,-5.67302036e+00, 2.88426489e-01,
   5.06638130e-03, 3.41130137e+00, 7.35455573e-01,-3.52507830e+00,
  -1.62870359e+00,-6.12767339e-01, 4.77133179e+00,-2.35408902e+00,
   3.00952107e-01, 4.03881699e-01,-3.56162727e-01,-2.22839856e+00,
  -3.53425932e+00, 8.00016344e-01, 1.49668980e+00, 1.54382265e+00,
   1.56644136e-01,-1.22056341e+00, 9.52535391e-01,-2.76243091e+00,
   9.71475887e+00,-5.05397618e-01, 8.89164388e-01,-3.22181153e+00,
   2.09590942e-01,-3.57808661e+00, 9.93653059e-01,-2.46950626e-01,
  -3.84218432e-02, 6.41051084e-02,-1.01644851e-01, 7.79761136e-01,
   1.58466244e+00,-9.69073355e-01, 1.08545148e+00, 2.77938843e+00,
  -5.89986992e+00,-7.43948519e-01,-2.90581763e-01, 1.59175766e+00},
 {-9.07612622e-01, 2.11122441e+00, 3.87094212e+00, 9.50056762e-02,
   3.47905517e+00, 9.04721022e-01,-7.92431021e+00,-2.18705744e-01,
  -2.47046280e+00, 8.24371278e-01,-7.76296759e+00,-2.73683715e+00,
   1.23778713e+00,-1.68099070e+00, 7.08130121e+00, 3.49446863e-01,
  -1.92271686e+00, 3.15283030e-01,-5.90709114e+00, 2.73349686e+01,
  -1.63104415e+00, 3.68184972e+00,-5.20109081e+00,-6.39998436e-01,
   1.33905661e+00,-2.26378937e+01,-5.41017580e+00,-5.70096850e-01,
   2.22604632e+00,-6.23895931e+00,-6.27192354e+00,-2.55972242e+00,
   2.15229797e+00,-7.73450279e+00, 3.72799635e+00, 1.07738771e+01,
   1.83027506e+00,-1.44599514e+01, 6.21072054e+00,-3.61818385e+00,
  -1.16791058e+00, 4.67844105e+00,-2.33854103e+00,-5.93149042e+00,
  -2.50747383e-01, 6.87380838e+00, 2.86971760e+00, 6.47877991e-01,
  -3.69742364e-01,-1.28101339e+01, 3.22429037e+00,-3.75969648e+00,
   3.11520904e-01, 6.12798882e+00,-5.52020741e+00, 2.32211185e+00,
  -7.72747159e-01, 8.19107056e-01,-7.40593624e+00, 5.22418833e+00,
  -6.64828062e+00, 2.55919552e+00, 1.10962367e+00, 8.13563943e-01,
  -6.79609478e-02, 7.61102438e-01,-2.31372604e+01,-2.59465432e+00,
   2.68301988e+00,-2.44366264e+01,-1.31373405e-01,-2.41629243e+00,
   1.23897934e+00, 1.17564905e+00,-4.52190924e+00,-4.76886225e+00,
  -3.02894711e+00,-5.13779283e-01,-1.69713175e+00,-1.73469019e+00,
  -4.83436251e+00, 1.58793962e+00, 9.44686472e-01,-1.67847478e+00,
  -1.17348444e+00, 2.59226382e-01, 1.40090272e-01,-9.29073143e+00,
   9.45747077e-01, 1.17502618e+00, 3.27050984e-01, 9.63554233e-02,
   5.34461784e+00,-2.00062418e+00, 1.41242886e+00,-9.03084695e-01,
   3.04144353e-01, 2.53325319e+00,-2.48388386e+01,-8.06355953e+00,
  -9.62764084e-01,-7.17235923e-01, 2.99753237e+00,-1.09327669e+01,
   2.77319169e+00,-2.02582216e+00, 5.14652468e-02, 5.41785192e+00,
  -1.37126327e+00,-6.79728746e+00,-3.37235659e-01,-2.60303545e+00,
  -1.67389363e-01,-1.12066412e+00,-7.42183208e-01,-9.90954936e-01,
   3.78979623e-01,-2.31163311e+00,-8.46223116e-01, 8.71802998e+00,
   8.27432394e-01, 1.91131449e+00, 3.21314311e+00,-3.91820645e+00,
   1.74102738e-01,-1.38100386e+00,-3.90787468e+01,-4.20548773e+00},
 { 1.06494927e+00,-3.73640823e+00,-6.76170364e-02, 1.37205660e+00,
   3.03251259e-02, 7.46542072e+00,-4.81789112e-02, 3.09774037e-02,
   2.45154053e-01,-2.66204774e-01,-7.95130253e-01, 2.84815878e-01,
  -2.53153518e-02,-3.54063898e-01,-1.21023558e-01,-2.44550817e-02,
   1.10356081e+00,-1.39152551e+00, 4.04506832e-01,-1.44251108e-01,
   1.26380122e+00,-4.53598857e-01,-5.11383265e-02,-4.51317608e-01,
   8.81774127e-01, 7.26197362e-01,-7.80859496e-03, 1.75997362e-01,
  -2.18143091e-01, 1.83866847e+00,-2.51666345e-02, 6.62956572e+00,
   1.08819008e-01, 2.05363795e-01, 5.95294172e-03, 2.73922412e-03,
  -1.58728707e+00, 7.07089007e-02,-6.14215061e-02, 1.32194802e-01,
   2.10299277e+00,-2.76358742e-02,-8.33021328e-02,-1.74350571e-02,
  -2.72757316e+00, 3.28207105e-01, 1.53817236e-02, 4.72081989e-01,
  -4.24485874e+00, 3.26990008e+00,-3.00120652e-01,-2.55004130e-02,
   1.14129663e-01,-3.28493230e-02,-1.11368284e-01, 1.19620800e+01,
   1.47185445e-01, 2.92878151e-01,-3.20794433e-02,-5.58981955e-01,
   1.86111414e+00, 8.48751329e-03,-1.27450609e+00,-7.19165150e-03,
  -1.58418551e-01, 1.16871856e-02,-7.03020751e-01,-3.65159869e-01,
   1.25923708e-01, 5.49677983e-02, 1.22187980e-01,-7.21405315e+00,
  -3.36473286e-01, 1.17407179e+00,-1.77811575e-03,-5.34819849e-02,
  -1.45903705e-02, 7.56324977e-02, 4.67159092e-01,-3.73590700e-02,
  -6.23019645e-03,-4.76243436e-01, 1.04881875e-01,-4.45754957e+00,
  -8.25361729e-01,-6.65224344e-02, 3.46950680e-01, 1.54108912e-01,
  -4.05534692e-02,-4.89483923e-01, 1.03351302e-01, 1.02807319e+00,
   1.10239340e-02,-4.30769101e-02,-2.35785055e+00,-9.61447597e-01,
   2.54882669e+00, 1.26571387e-01, 1.68322191e-01,-1.14656789e-02,
   7.56679964e+00, 1.01365130e-02,-3.15369844e-01,-4.48200442e-02,
   3.78213823e-02,-3.39810073e-01, 1.03686464e+00,-2.53384322e-01,
  -8.88653696e-01,-5.30303605e-02,-1.54199138e-01,-8.78443867e-02,
   7.38361776e-02, 2.30777907e+00,-6.93189651e-02, 1.22217417e+00,
   5.86881065e+00, 5.80795348e-01,-3.88612300e-01, 5.03791608e-02,
   2.82987809e+00,-3.59007657e-01,-6.99962974e-02, 1.39384851e-01,
   3.09371734e+00, 1.39845625e-01,-3.05127129e-02, 5.94162345e-02},
 { 1.13608614e-01,-3.07944175e-02, 4.33848411e-01,-5.89181137e+00,
   8.86117923e-04,-2.49135797e-03,-1.94247901e+00, 6.56425774e-01,
   5.35114035e-02, 1.11425364e+00, 4.70390648e-01,-4.86419916e+00,
   1.48879901e-01, 6.21560216e-01,-2.04829071e-02, 1.84476618e-02,
   1.11827582e-01,-4.81299870e-02, 3.77334237e-01,-1.58974993e+00,
   6.88778237e-02,-5.36023192e-02, 2.60532890e-02, 7.71577563e-03,
   3.98483239e-02,-1.47767496e+01, 8.23602453e-03, 2.61464342e-02,
   1.36255855e-02, 6.28135061e+00, 2.34778207e-02, 9.72728059e-02,
   4.94409464e-02, 1.08160608e-01,-6.26830989e-03,-2.19844326e-01,
  -1.86272547e-01, 8.67482200e-02, 2.70268079e-02,-3.15413577e-04,
   9.37175006e-02, 2.31975481e-01,-4.55227979e-02,-7.58441770e-03,
  -5.46870716e-02, 7.44945556e-02, 4.12050672e-02, 5.56504056e-02,
  -1.51957557e-01, 1.59641695e+00, 6.30814955e-02, 6.70117363e-02,
  -6.62341248e-03,-2.50239987e-02, 1.36947706e-01, 7.28656769e-01,
  -3.95415351e-03, 8.27043819e+00, 5.86883444e-03, 1.25643402e-01,
  -6.93425417e-01,-7.58622400e-03,-6.94246069e-02,-5.82581162e-01,
  -9.47249904e-02,-2.56928015e+00,-2.00895863e+01, 1.06006619e-02,
  -2.09850110e-02, 1.60186380e-01,-1.54924216e-02,-5.01787126e-01,
  -5.03486209e-03, 1.14462003e-02,-7.85322161e-04, 3.16235393e-01,
   3.53766931e-03, 3.94705357e-03, 2.85551786e+00, 3.78518105e-02,
  -8.83827060e-02, 2.89452434e-01, 1.43580899e-01, 1.94728106e-01,
  -6.87891617e-02, 5.32391220e-02, 1.04292504e-01,-7.16816711e+00,
  -1.01319962e+01, 4.51393388e-02,-1.39430561e+01, 3.51370983e-02,
  -8.34121779e-02,-3.10795121e-02,-4.21518236e-01,-5.88869043e-02,
  -4.53350216e-01,-1.16152940e-02,-3.31221908e-01,-3.06428719e+00,
   4.11720812e-01,-9.03540477e-03,-5.89712501e-01, 2.98971802e-01,
   6.32330552e-02, 1.08179718e-01, 1.01360731e-01,-1.73290268e-01,
  -4.10941653e-02, 3.87373924e-01,-1.02539308e-01,-1.57341994e-02,
  -2.31988907e+00, 1.56584516e-01,-5.94222778e-03, 1.88074466e-02,
   4.47569191e-01, 1.32861882e-01,-8.83049071e-02, 2.93611228e-01,
   6.32559210e-02,-6.18618615e-02,-8.64057827e+00, 1.05782999e-02,
   9.95074511e-02, 1.41674697e-01,-1.52763834e+01,-1.36171594e-01},
 { 1.48060131e+00, 1.71800590e+00,-8.48229766e-01, 1.16149783e+00,
  -7.51203537e-01, 7.73432493e-01, 2.23823786e-01, 6.34324431e-01,
   1.04514444e+00,-1.66137981e+00,-4.01953012e-01,-7.20731139e-01,
   1.64284371e-02, 5.59076488e-01, 2.73689270e+00, 9.50054765e-01,
   1.04869640e+00,-1.17747426e+00, 9.87638831e-02, 2.32814145e+00,
  -3.52411127e+00, 1.17191143e-01,-3.09011698e+00,-2.24423170e+00,
  -3.85884881e+00,-1.54109764e+00, 6.49357498e-01, 1.08102238e+00,
  -2.38488436e-01, 9.84179199e-01,-4.60132986e-01,-1.83329642e+00,
  -6.91364348e-01,-7.13444829e-01,-2.77968240e+00, 2.49337029e+00,
   3.18310261e-01,-5.71118116e-01,-4.99486446e+00,-1.78573215e+00,
  -2.66856408e+00,-1.04335392e+00, 6.89934790e-02,-9.64849186e+00,
   2.33206883e-01,-5.50514174e+00,-5.43325543e-01,-3.87092185e+00,
  -1.06779265e+00, 4.60882187e+00,-9.13193417e+00,-3.76188010e-02,
  -5.19472897e-01, 3.18421173e+00, 7.67416656e-01, 4.63113689e+00,
  -2.17128658e+00,-1.25342906e-01,-1.25423336e+01, 2.55169296e+00,
  -1.98199596e+01,-9.74652708e-01, 1.72144699e+00, 1.51632893e+00,
  -4.74766350e+00,-4.11361456e-02,-4.89752054e+00, 1.52314532e+00,
  -1.70550096e+00,-2.37359419e-01,-1.27795303e+00,-2.83533649e+01,
  -4.99598999e+01, 9.58940685e-01, 3.15146238e-01, 1.19389057e+00,
  -1.03703415e+00, 3.26329656e-02, 5.09520829e-01,-1.29988301e+00,
  -2.24049687e+00,-6.62934113e+00, 5.68407029e-03,-1.01313818e+00,
  -2.90784597e+00,-1.13455474e+00, 6.44196129e+00, 9.09556091e-01,
   1.34074771e+00, 4.51019287e-01, 7.81985164e-01, 2.74500906e-01,
  -1.68876782e-01,-9.64946926e-01, 4.63580179e+00, 2.13661456e+00,
   2.12995946e-01, 1.39584124e-01,-1.35958779e+00, 3.84147257e-01,
  -1.45192075e+00,-1.13853388e-01, 3.03583086e-01,-3.81082326e-01,
  -1.05764937e+00, 1.88984883e+00,-8.89081657e-01, 1.02294910e+00,
   7.01674604e+00,-7.78799430e-02, 1.75332665e+00,-9.20088768e-01,
   1.80751830e-01,-6.45881593e-02, 6.03295974e-02, 9.31638241e-01,
  -5.63267279e+00,-5.26899695e-01,-1.75450420e+00, 4.45809752e-01,
   9.32892382e-01,-8.13514709e-01, 8.24922800e-01, 8.92810345e-01,
   5.39090276e-01,-3.28884929e-01,-1.02671456e+00, 6.66524097e-02}};

const float b2[sz_hid_2] = { -6.8842015 , -5.2482405 , -0.07537614,-14.040771  , -2.651293  ,
  -0.93331903, 10.343767  , -1.7267014 , -5.422962  ,-11.70743   ,
   0.30691168, -1.1535736 ,  0.7441866 , -2.5757937 , -8.052624  ,
  -0.11994512, -9.255906  , -5.991185  , -1.2125063 , -0.8629541 ,
  -2.4492598 , -7.083804  ,-10.586254  ,  3.6616755 , -6.268407  ,
   2.9203966 , -0.08070239, -2.2917914 ,  0.8811847 ,  5.6197286 ,
   4.8679433 ,  4.0431347 };

const float w3[sz_act][sz_hid_2] = {{ 9.78985243e-03,-3.89309287e-01, 1.71991765e-01, 5.32019697e-02,
   1.46029666e-01, 2.01402575e-01, 1.58083811e-01,-7.28418771e-03,
  -2.08386723e-02, 5.61042838e-02,-7.92906165e-01, 4.96679777e-03,
   1.49877863e-02,-3.52354138e-03, 4.12101567e-01, 9.32251438e-02,
  -2.10377038e-01, 9.70101636e-03, 2.24982505e-03, 4.18247422e-03,
  -1.67738032e-02, 1.95327923e-01, 7.93086439e-02,-1.45176202e-01,
   2.26299882e-01,-2.10995972e-01, 6.01825975e-02, 4.69515681e-01,
  -1.46164447e-02,-9.74128172e-02,-1.34997955e-03,-2.85852462e-01},
 {-1.05690777e-01,-6.60447346e-04, 1.11179702e-01,-3.29498261e-01,
   2.80339480e-03, 1.00279776e-02, 6.61228318e-03, 1.31588757e-01,
  -2.08756089e-01,-1.44851148e-01, 9.10232961e-03,-1.05997294e-01,
  -1.22925900e-01, 1.13916606e-01, 2.30343491e-02,-2.81521380e-02,
   8.06580763e-03,-2.31715903e-01,-2.06030354e-01, 1.28019765e-01,
   1.78454325e-01, 7.41480617e-03,-3.31782371e-01, 1.19517776e-04,
   4.08745045e-03,-1.72000453e-02,-7.55318105e-02,-2.36355327e-02,
  -2.97548532e-01,-1.98104745e-03, 1.30329669e-01,-7.89531227e-03}};

const float b3[sz_act] = { 0.33249968,-0.2754502 };

