const float w1[sz_hid_1][sz_obs] = {{ 1.39930785e+00, 1.27907372e+00,-1.05673945e+00,-9.12054442e-03,
  -2.78788246e-03,-7.17156678e-02, 5.31802034e+00,-6.65388722e-03,
   3.29948170e-03},
 {-1.09006930e-02,-2.12948751e-02,-4.58578527e-01, 1.08981144e+00,
  -2.77262473e+00, 3.01468670e-01, 2.79413234e-03, 4.02295828e+00,
   1.58904707e+00},
 {-1.32048666e+00, 2.23530337e-01, 1.55957341e+00, 5.36727086e-02,
  -8.74928571e-03,-1.85405295e-02,-2.22983837e+00,-5.66224307e-02,
   5.14461435e-02},
 { 1.43100429e+00,-8.25650752e-01, 2.07195401e+00, 4.41888813e-03,
   1.30371615e-01, 1.45382181e-01,-4.56100464e+00,-2.85674557e-02,
   5.57567835e-01},
 { 1.74408805e+00, 3.19450110e-01,-1.55109239e+00,-9.32391286e-01,
  -1.91986322e-01, 2.01733280e-02, 3.66799307e+00, 1.04397126e-01,
   1.11531830e+00},
 {-1.93896747e+00,-2.91396332e+00, 5.78576088e-01, 2.61371247e-02,
  -9.78453550e-04,-5.88866584e-02, 2.33940077e+00,-1.16292695e-02,
  -7.18130218e-03},
 { 1.62411407e-02, 3.27082761e-02, 5.41108429e-01, 1.55986655e+00,
  -3.61256623e+00, 4.45480436e-01,-3.16337645e-02, 4.29287815e+00,
   2.47812159e-02},
 {-8.44905615e-01, 7.10532904e-01,-1.84840202e+00, 2.54791160e-03,
   2.44299928e-03, 8.95228796e-03, 2.38148880e+00,-4.20984179e-02,
   1.49410618e-02},
 {-8.11309181e-03,-4.20764312e-02,-6.46262705e-01, 4.56518412e-01,
   3.08446455e+00, 4.25246745e-01, 6.04441278e-02,-1.90813994e+00,
  -2.83765078e-01},
 { 1.97146703e-02, 3.55079733e-02, 4.27164698e+00, 7.04145551e-01,
  -1.22129774e+00,-2.09128737e-01,-1.33299068e-01, 3.17989945e+00,
  -2.59717178e+00},
 { 4.25101519e-02, 2.35463642e-02, 3.39530087e+00, 2.34932995e+00,
  -2.40062967e-01,-8.34050298e-01,-8.32717493e-03, 4.02686167e+00,
  -1.11075747e+00},
 {-2.05471888e-01, 1.47369176e-01, 3.03205109e+01,-1.36950508e-01,
   2.35206783e-02, 5.34733012e-02,-2.99769163e-01,-3.36332880e-02,
   1.42404763e-02},
 {-1.26619898e-02, 2.02470310e-02, 3.76376450e-01, 1.45172334e+00,
   2.94496131e+00, 2.57954776e-01,-1.71051081e-02,-7.66779184e+00,
   9.76759940e-03},
 {-4.98527149e-03, 5.83196012e-03, 2.51991892e+00, 2.76994562e+00,
  -1.14661559e-01, 4.12245661e-01, 1.82193369e-02,-1.82421231e+00,
   2.33200860e+00},
 { 2.44297050e-02,-1.75427236e-02,-5.49742639e-01, 5.21701761e-02,
  -1.19856179e+00,-4.51541275e-01, 2.31732521e-03,-4.43758583e+00,
   1.54516876e+00},
 { 6.02506809e-02, 4.90993038e-02,-2.86584586e-01, 1.48194718e+00,
   1.43194771e+00,-1.48934042e-02,-1.77935839e-01, 5.41524744e+00,
   1.94001719e-01},
 { 2.12515607e-01,-3.25930500e+00,-2.18152261e+00,-2.43312865e-02,
  -2.65880823e-02, 6.83634635e-03, 4.24215555e+00,-2.28274483e-02,
   4.35667709e-02},
 { 5.27082644e-02, 1.15990057e-04,-3.14446068e+00, 2.27406001e+00,
   1.43466783e+00, 5.34456447e-02, 4.42914926e-02,-3.64044523e+00,
  -2.01507783e+00},
 { 1.96754920e+00,-1.05337894e+00, 5.86735153e+00,-3.06976475e-02,
   3.03515084e-02,-5.80740720e-03,-4.57975197e+00,-8.51459131e-02,
   9.22739226e-03},
 {-9.49937105e-02,-1.86928973e-01,-2.50432163e-01, 1.32596052e+00,
   1.11847258e+00,-2.40208650e+00, 7.27219284e-02,-1.73917854e+00,
  -2.60663152e+00},
 { 7.65214786e-02, 7.43617713e-02,-7.92201340e-01, 2.80040121e+00,
  -5.56019902e-01, 2.89622515e-01, 5.46524068e-03, 3.59612012e+00,
  -1.87495089e+00},
 {-1.48885809e-02, 2.04627328e-02, 2.06161666e+00,-4.02060688e-01,
  -1.37652349e+00,-2.89399952e-01,-1.99870616e-02,-3.98249269e+00,
  -1.57690334e+00},
 {-2.61962530e-04, 8.62697512e-03, 1.45815969e-01, 2.48956513e+00,
   7.03930140e-01,-1.60351574e+00,-4.25710995e-03, 6.04965258e+00,
   2.65124962e-02},
 { 1.67013252e+00, 2.54092312e+00, 1.07160664e+00, 3.00284065e-02,
  -7.63251632e-02,-1.85170352e-01,-2.54272652e+00, 8.34243670e-02,
  -8.77442956e-02},
 { 3.01811546e-01,-9.67220783e-01, 1.58132136e+00, 1.30351409e-02,
  -1.76765434e-02, 9.02444720e-02, 4.04691553e+00, 1.88548062e-02,
  -6.23943284e-02},
 { 1.50762188e+00,-2.10220385e+00, 4.35956299e-01, 1.50681898e-01,
  -1.61987141e-01, 2.98657175e-02, 3.00856209e+00, 2.85615414e-01,
  -5.20245790e-01},
 {-5.96266799e-02, 1.24844718e+00,-7.07567692e-01, 9.50806960e-02,
   1.58949018e-01, 2.33783461e-02, 3.23221445e+00,-9.56230536e-02,
  -1.14863098e+00},
 { 9.85311065e-03,-7.78159220e-03, 1.79181647e+00, 8.40405896e-02,
   2.77912524e-02,-1.10275812e+01, 3.51185799e-02,-1.55123934e-01,
   1.62670463e-02},
 {-2.58933961e-01,-1.27041388e+00, 1.22448075e+00, 2.55717695e-01,
  -5.91386408e-02,-4.42254767e-02,-3.82478714e+00, 4.09271777e-01,
  -3.95779252e-01},
 { 6.36780739e-01, 2.43576026e+00, 1.16946983e+00,-2.23536161e-04,
  -6.19754707e-03, 4.01319824e-02,-5.08131933e+00,-3.25485207e-02,
  -4.90098335e-02},
 { 1.80942965e+00, 1.06895232e+00, 5.77486575e-01, 1.13122737e+00,
   3.83318484e-01,-4.26133335e-01,-2.19812083e+00,-3.36538374e-01,
   1.66676390e+00},
 { 8.56511772e-01, 7.93883264e-01, 8.27897489e-01, 9.16816235e-01,
  -9.88011062e-01, 3.34118962e-01, 3.25089836e+00, 1.84187806e+00,
  -1.11340976e+00},
 {-2.04492435e-02, 3.77095491e-02,-3.54458666e+00,-1.81316286e-01,
  -4.39531505e-01, 1.54891595e-01,-1.52248144e-02, 3.41298246e+00,
   2.67412829e+00},
 { 1.59583604e+00, 1.01110840e+00, 7.94729471e-01,-7.89967656e-01,
  -8.37640837e-02, 3.18997741e-01,-3.79612064e+00, 3.54937166e-02,
   1.42558503e+00},
 {-1.32590067e-03, 1.50826052e-02,-1.23353422e-01,-5.88079989e-01,
  -4.13298845e+00,-7.46137798e-01,-1.34205155e-04,-9.62444723e-01,
  -1.52918911e-02},
 {-5.68136526e-03,-3.87773030e-02,-1.13260913e+00, 7.11777985e-01,
   4.14506376e-01,-1.36765862e+00,-5.82701750e-02, 2.10046840e+00,
   1.12840652e+00},
 {-5.22849895e-02,-1.86341151e-03,-6.87203854e-02, 9.44102168e-01,
   7.37358570e-01,-4.99440372e-01, 4.85166274e-02,-3.13314438e+00,
   2.17705441e+00},
 { 3.30042052e+00,-2.24700975e+00,-3.04259729e+00, 1.61393117e-02,
   1.43230632e-02,-7.74729997e-02, 6.36937284e+00,-3.76423374e-02,
   1.05370386e-02},
 { 1.88126396e-02,-3.42036933e-02,-4.32168022e-02, 2.22362995e+00,
   2.66206098e+00, 1.51006258e+00, 1.59243830e-02,-6.26299763e+00,
   7.00489730e-02},
 { 4.00803462e-02,-2.26374008e-02,-3.20288949e-02, 8.49574804e-01,
   2.50505400e+00, 7.96904385e-01, 4.33036126e-02,-4.61738300e+00,
   3.11286170e-02},
 {-2.43005008e-02, 3.84724978e-03, 9.39057097e-02, 2.60422182e+00,
   1.76838887e+00, 3.90513361e-01, 7.75466906e-03,-6.83911037e+00,
  -6.65785298e-02},
 {-6.17430329e-01,-8.48626852e-01, 3.56579185e+00, 3.04869805e-02,
   1.20192029e-01, 6.83390955e-03,-4.22804213e+00,-1.52613595e-01,
  -2.53121927e-03},
 { 5.30891456e-02,-2.44863741e-02, 3.51860499e+00,-2.58609772e+00,
  -6.35655880e-01,-1.00677133e+00,-2.77705528e-02,-1.83826778e-02,
   3.03859091e+00},
 { 1.57975039e-04,-1.09506533e-01,-5.20575605e-03,-1.54944646e+00,
   5.23083031e-01, 1.04572058e+00, 1.20619163e-01,-4.29785776e+00,
  -3.19164693e-02},
 { 2.52496958e+00,-3.62587631e-01,-1.12689638e+00, 3.00410157e-03,
  -1.24939624e-02, 5.84600717e-02, 6.77670193e+00, 3.74964997e-02,
  -1.13613047e-02},
 {-2.33252477e-02, 1.36366803e-02, 2.36507818e-01,-8.19640815e-01,
   1.04425693e+00,-1.49126244e+00, 6.94691716e-03, 2.45552683e+00,
   5.35857072e-03},
 {-3.68458509e-01, 1.53392005e+00, 6.15673423e-01,-1.40903997e+00,
  -1.29189104e-01, 3.09707280e-02,-2.13225532e+00,-4.88295853e-01,
   1.49780762e+00},
 { 2.16401362e+00, 2.01074392e-01,-5.92173290e+00,-1.98900662e-02,
   2.82298140e-02, 7.95523450e-02, 5.13201332e+00, 1.08242314e-03,
   2.86278296e-02},
 { 6.59544095e-02, 5.57588749e-02,-1.96621537e+00, 9.75979626e-01,
   4.54788774e-01, 6.43506110e-01,-4.59156968e-02,-2.71429849e+00,
  -3.31153059e+00},
 {-6.56959508e-03,-2.67887209e-03,-3.00373733e-01,-2.02260208e+00,
   3.26420712e+00, 8.87423515e-01,-1.20546604e-02,-1.97518528e+00,
   6.96245357e-02},
 { 8.06855410e-03, 3.51944305e-02,-5.52217588e-02, 1.61392033e+00,
  -2.26504755e+00,-3.61263789e-02, 9.11612716e-03, 5.33971691e+00,
  -5.04057407e-02},
 {-1.35923594e-01, 1.25380456e-01,-1.97314382e+00,-1.28400218e+00,
  -5.92551947e-01, 1.76654172e+00, 2.67628543e-02,-7.58729696e-01,
   2.69223189e+00},
 { 3.93454917e-03,-3.57199647e-02, 3.24584723e-01, 2.77974939e+00,
  -1.55450225e-01, 1.45500648e+00, 5.78524470e-02,-6.36673212e+00,
   1.80098042e-02},
 { 2.39297152e+00,-7.85561919e-01,-1.03804469e+00,-2.59489100e-02,
   4.87659052e-02,-7.80564174e-02, 5.28562164e+00,-7.52361193e-02,
   5.12632467e-02},
 { 1.20116365e+00, 1.64336288e+00,-1.77499652e+00, 2.02338956e-02,
   3.29264998e-02,-1.95794813e-02, 5.80687094e+00,-4.44451794e-02,
   1.90350343e-03},
 { 1.68143666e+00, 1.11888182e+00,-1.58132470e+00, 1.12625025e-01,
   1.29774079e-01,-1.89089835e-01, 5.38304901e+00,-2.13872775e-01,
   3.36979598e-01},
 { 1.52299654e+00,-9.34372187e-01,-1.49061108e+00, 8.81904304e-01,
   1.07026799e-02,-1.46972835e-01, 3.38936520e+00, 4.87640887e-01,
   1.21243429e+00},
 { 2.74073146e-03,-6.47974107e-03, 7.47783959e-01, 3.39478087e+00,
  -2.32923675e+00,-1.29387879e+00,-1.71089619e-02, 7.34248781e+00,
  -5.80173284e-02},
 { 1.59413349e-02, 2.97297761e-02, 2.04492211e+00, 5.78543723e-01,
   1.09768498e+00,-1.77003488e-01,-9.26661585e-03, 5.20076609e+00,
   9.04152751e-01},
 { 2.65219069e+00,-2.57293701e+00, 4.67469156e-01, 9.20605659e-03,
  -7.70748500e-03,-2.78775068e-03, 5.00122190e-01,-6.41859230e-03,
  -6.99078757e-03},
 { 3.73681992e-01,-2.46016240e+00, 3.03508770e-02, 9.69735026e-01,
  -1.21000543e-01,-2.93294579e-01, 1.12972033e+00, 4.62739199e-01,
  -1.43511820e+00},
 { 1.84664447e-02,-1.71585027e-02, 6.33796901e-02, 1.59884644e+00,
  -1.58173203e+00, 1.39696562e+00, 1.72474254e-02,-5.62972832e+00,
   6.58893064e-02},
 {-8.93104225e-02, 3.67037095e-02,-4.34886694e+00,-1.91467118e+00,
  -2.51104385e-01,-1.74333680e+00, 2.49685533e-02, 3.56533885e-01,
  -1.46384478e+00},
 { 2.50391650e+00, 1.03964448e+00, 8.97383451e-01, 3.75833586e-02,
  -1.51751433e-02, 3.01640779e-02,-6.51863480e+00, 1.49557097e-02,
  -5.99872544e-02},
 {-7.96411633e-01, 1.64633167e+00, 6.93043709e-01, 3.96180712e-02,
   1.15458511e-01, 1.29530966e-01,-2.21488714e+00, 5.37652895e-02,
   1.06069994e+00},
 {-3.65803624e-03, 1.30186630e-02,-1.32584393e-01,-1.19184184e+00,
   1.26304257e+00,-4.28187400e-01,-2.41676699e-02,-2.55552721e+00,
  -2.67534554e-02},
 { 1.20917940e+00,-5.66208243e-01, 1.31227207e+00, 5.61273277e-01,
  -2.77047813e-01,-1.20712921e-01,-3.82680416e+00, 8.36402893e-01,
  -1.03543127e+00},
 { 1.74514437e+00,-6.63883537e-02,-5.31293154e+00,-1.09041752e-02,
   3.86470929e-02, 1.94870204e-01,-3.12088513e+00,-2.39447914e-02,
  -1.56622529e-02},
 { 2.78338313e-01,-1.30940333e-01, 8.50600910e+00,-5.24653494e-02,
   2.66079418e-02, 1.15606055e-01, 8.39598596e-01,-7.13805854e-02,
   1.22790568e-01},
 { 8.33123773e-02, 9.72291902e-02, 3.35947323e+00, 4.85600561e-01,
  -3.09013915e+00,-8.57574284e-01,-5.45620592e-03, 2.37261033e+00,
  -2.21490598e+00},
 { 1.97174120e+00,-1.23001921e+00, 5.03684759e+00, 5.50343469e-03,
   4.89437357e-02,-2.13874802e-02,-3.84510803e+00,-4.88247365e-01,
   4.88155544e-01},
 { 1.24764681e+00,-3.18181872e+00,-2.75392318e+00,-3.44497822e-02,
  -1.26249239e-01,-3.68346162e-02, 3.99282217e+00, 1.08348034e-01,
  -5.76384459e-03},
 {-4.39758688e-01, 6.62707925e-01,-9.62857664e-01, 5.07014155e-01,
  -8.44734684e-02,-3.87851566e-01, 1.41966891e+00, 5.18624604e-01,
  -9.93667901e-01},
 { 1.11542046e+00,-4.11049396e-01, 8.46687317e-01,-9.61096942e-01,
  -9.31096077e-01, 1.06484354e-01,-3.42861795e+00,-3.61289680e-01,
   1.11160862e+00},
 { 2.60088705e-02,-1.53906103e-02, 3.85034800e+00, 1.43349445e+00,
   1.48837173e+00,-6.40763342e-01,-1.06231049e-02,-3.00825977e+00,
   2.53966594e+00},
 { 1.52197957e+00,-1.01855779e+00, 1.80822659e+00,-1.79769620e-02,
   1.57942791e-02, 5.45530841e-02,-5.17134619e+00,-3.07499990e-02,
  -1.57660618e-01},
 { 9.60796257e-04, 1.11191403e-02,-2.97715843e-01,-7.68156489e-03,
  -5.39016724e-02, 6.41986799e+00,-7.19649543e-04, 9.46487263e-02,
  -2.40013078e-02},
 { 4.12543155e-02,-3.98685262e-02,-8.92389044e-02, 1.95640409e+00,
   4.10463840e-01,-8.88740003e-01, 2.54521929e-02, 1.30949035e-01,
  -1.00814357e-01},
 { 5.93771674e-02,-4.57235157e-01,-7.22346306e+00, 8.98473412e-02,
  -1.05166592e-01, 2.78182447e-01, 2.78885633e-01, 3.54548931e-01,
   3.74814451e-01},
 { 1.23964343e-02,-2.18630526e-02,-3.15727115e+00, 1.66465342e+00,
  -1.63461936e+00,-1.39727229e-02,-1.91854546e-03, 3.31839514e+00,
   2.54511237e+00},
 { 7.82528222e-02, 7.82169327e-02, 2.72110176e+00, 4.50568259e-01,
  -1.68347549e+00, 7.68032894e-02,-4.79609706e-02, 1.53594911e+00,
  -2.57919669e+00},
 {-3.35893482e-02, 9.67327356e-02,-8.83804977e-01, 8.81097317e-01,
   2.92542458e+00, 1.70932555e+00,-1.39799733e-02, 4.19629663e-01,
  -1.05638707e+00},
 { 5.76402366e-01,-2.84208703e+00,-5.02802372e-01,-1.75918192e-02,
  -5.61695248e-02, 6.82658479e-02,-1.08634889e+00, 2.67526396e-02,
  -2.38238797e-02},
 {-1.53505327e-02, 2.23863851e-02,-1.01032212e-01,-1.72381878e+00,
  -2.53858042e+00,-2.06973743e+00,-1.63947776e-01,-3.38361263e-02,
   2.18653989e+00},
 { 3.23528576e+00, 5.57181060e-01, 3.43947917e-01,-3.58400727e-03,
  -7.79494876e-03,-4.89840321e-02,-6.06221437e+00,-2.60065496e-02,
   7.81325996e-03},
 { 1.11482460e-02,-1.06411800e-01, 1.29844725e+00,-1.72770545e-01,
   2.30241477e-01,-6.76051304e-02, 2.74563190e-02, 1.59141123e+00,
   1.96575058e+00},
 {-1.26189518e+00,-1.95314825e+00, 1.72629797e+00, 2.55548730e-02,
  -6.58513964e-05,-1.19019851e-01,-9.82974827e-01, 2.09377576e-02,
  -7.78506044e-03},
 { 1.62892370e-03,-2.13931538e-02, 6.73103482e-02, 7.02143967e-01,
  -1.96390724e+00, 6.02439046e-02, 1.91672724e-02,-5.58910656e+00,
  -2.04367470e-02},
 { 2.29030561e+00,-8.12705398e-01, 2.46916747e+00,-2.58817710e-03,
  -2.72391550e-02,-2.82915495e-02,-6.29332161e+00, 2.96666827e-02,
  -8.35929252e-03},
 { 1.95143688e-02,-6.18703775e-02,-4.00960064e+00,-1.71253693e+00,
  -9.07457829e-01,-3.27210337e-01, 9.79192853e-02,-2.41004705e+00,
   2.79274416e+00},
 { 6.04251549e-02, 5.17785139e-02, 2.87183928e+00, 2.45862275e-01,
   1.70410836e+00, 7.14588821e-01,-8.01291540e-02,-2.21465349e+00,
   2.64707708e+00},
 { 4.06739451e-02,-1.89713204e+00,-1.99273631e-01, 5.32170773e-01,
   2.06925333e-01,-4.53253925e-01, 3.30521655e+00, 6.93164945e-01,
  -1.50368404e+00},
 { 4.72249649e-02, 6.68762857e-03, 1.48560441e+00, 2.78477859e+00,
   1.26999766e-01, 3.45178217e-01,-1.81362610e-02, 4.49364710e+00,
  -9.34033375e-03},
 {-5.94132423e-01,-2.63653016e+00,-2.87340045e+00, 1.47353902e-01,
  -3.42141926e-01, 2.14013100e-01, 1.74483252e+00,-6.05976343e-01,
  -1.83072019e+00},
 { 1.85463798e+00, 2.97870517e+00, 4.07472849e+00, 4.55789953e-01,
   9.54564959e-02,-9.78561863e-02,-4.03008080e+00,-3.87669742e-01,
   5.03283918e-01},
 { 5.21770269e-02,-4.46633771e-02,-4.12105513e+00, 2.10795164e+00,
  -2.05460846e-01,-7.99628139e-01, 1.00688241e-01, 1.66275036e+00,
   3.04227257e+00},
 { 3.87145370e-01,-1.33731544e-01, 6.11165714e+00,-4.34272066e-02,
  -1.61259230e-02,-2.86660586e-02, 1.52396965e+00,-1.76163800e-02,
  -4.78883125e-02},
 { 6.89935461e-02,-1.39575362e-01,-1.40064192e+00, 1.84945500e+00,
   2.85945177e+00,-5.56160882e-02,-3.39211345e-01,-4.44174957e+00,
  -2.91330624e+00},
 {-3.78953665e-01, 3.35701799e+00, 1.92702079e+00,-4.73059751e-02,
  -2.52999038e-01,-1.05144188e-01,-2.92927146e+00,-1.52324632e-01,
  -1.52995849e+00},
 {-3.97415385e-02, 2.72918623e-02, 1.33683503e-01,-1.09808087e+00,
  -7.64022648e-01,-1.94560647e+00,-2.76530236e-02, 2.57804728e+00,
   8.48762989e-02},
 { 1.34473443e+00, 3.06436896e+00, 2.22065067e+00,-2.15837546e-02,
  -3.28074358e-02, 7.86060765e-02,-7.91683674e+00, 4.98045012e-02,
  -3.53329373e-03},
 { 1.39980659e-01, 7.31670976e-01,-7.83732772e-01,-8.80034447e-01,
  -6.09064102e-02, 1.87976182e-01, 1.88521242e+00,-1.55478837e-02,
   1.18894112e+00},
 { 1.43859041e+00,-1.30696118e+00,-1.05163538e+00,-8.96240771e-01,
  -6.86726987e-01, 3.60893190e-01, 2.64447665e+00, 1.28538752e+00,
  -1.37829578e+00},
 {-1.29511114e-03, 1.98115371e-02,-2.05983773e-01, 2.84002709e+00,
  -1.47812688e+00,-1.32961583e+00,-1.42199229e-02, 6.69757509e+00,
  -6.54856116e-02},
 {-1.08601423e-02,-2.57332139e-02,-1.29026020e+00,-1.44476819e+00,
  -2.51929253e-01, 2.48213053e-01, 3.12922932e-02, 7.64248312e-01,
   7.69949853e-02},
 {-1.30702883e-01,-1.53287768e-01, 2.30677629e+00, 1.30981636e+00,
   1.28893030e+00, 5.95345802e-04, 1.54251838e-02,-1.81081009e+00,
  -2.65583110e+00},
 { 1.84502399e+00, 1.77026057e+00, 2.47666001e+00,-8.45024176e-03,
  -6.99852873e-03, 4.87302914e-02,-3.30869824e-01,-2.60507297e-02,
  -5.38858492e-03},
 {-2.02698660e+00,-1.13730752e+00,-6.81486964e-01, 5.23313582e-02,
   5.36990762e-02,-4.70201261e-02, 1.50630021e+00,-1.82272196e-02,
  -5.46423867e-02},
 { 3.42544889e+00,-1.82898653e+00,-1.27826107e+00,-1.12617272e-03,
   4.06784303e-02,-1.17159761e-01, 3.97722811e-01,-2.41641365e-02,
   2.52141822e-02},
 {-3.30313504e-01, 6.65621579e-01, 1.93060255e+00, 8.42084765e-01,
  -3.89852166e-01,-4.91458923e-01,-1.85201406e+00, 1.70850134e+00,
  -1.53057039e+00},
 { 1.53204966e+00, 6.94489121e-01, 1.13862896e+00, 3.76059055e-01,
   4.08749431e-02, 1.19472831e-01,-3.52542710e+00, 4.25042123e-01,
  -8.56405139e-01},
 { 1.28945947e+00,-4.44557965e-01,-1.42764533e+00, 2.85943896e-01,
  -4.72344667e-01, 4.48322408e-02, 3.38815284e+00,-5.13182133e-02,
   1.21109307e+00},
 { 1.39124990e+00,-1.31400621e+00, 1.35522377e+00, 5.75910835e-03,
   7.75654847e-03,-1.10240458e-02,-5.40920734e+00,-1.07120099e-02,
  -8.01296439e-03},
 { 1.82833529e+00, 4.43684608e-02,-1.05904341e+00, 5.42769730e-01,
  -7.56162032e-02,-6.33418262e-01, 4.39028120e+00, 6.31826103e-01,
  -8.53795290e-01},
 { 6.54347381e-03,-1.34238638e-02,-7.09489965e+00,-1.92010812e-02,
  -4.20003897e-03,-2.11327281e-02,-1.42240608e-02, 1.45390201e-02,
   3.11880093e-02},
 {-1.33182585e-01,-3.36761206e-01, 1.18843004e-01,-9.55651999e-01,
  -2.70491028e+00,-3.60498405e+00, 7.86584839e-02, 2.07878399e+00,
  -2.18519998e+00},
 { 3.58427882e-01,-1.10536730e+00, 7.57242441e-01, 1.01221967e+00,
   5.78954279e-01,-9.09239292e-01,-3.17877364e+00,-6.87794566e-01,
   1.88393581e+00},
 { 1.58859313e+00, 1.03363752e+00,-1.19384456e+00,-2.57949471e-01,
  -4.32740189e-02,-3.36459093e-02, 5.05565166e+00,-6.07330212e-03,
  -1.60993308e-01},
 {-6.25597220e-03, 9.91982780e-03, 8.36439151e-03, 1.35440052e+00,
   1.68252087e+00,-8.73761296e-01,-5.43944165e-03, 6.06693792e+00,
  -5.37016196e-03},
 { 1.38018537e+00,-1.31622970e+00,-4.41226526e-04,-1.05835134e-02,
  -8.52646492e-03, 4.53478470e-02,-5.90400124e+00, 8.57472233e-03,
  -2.90094037e-03},
 { 9.72325355e-03,-2.03197449e-03,-2.02285719e+00,-2.48184967e+00,
  -4.01146859e-01,-1.09197772e+00,-7.52071440e-02, 1.62763703e+00,
   2.25329375e+00},
 {-1.22733802e-01,-1.76856220e-02, 3.17598462e+00, 1.46714067e+00,
   2.49439788e+00, 8.06225911e-02, 2.10054204e-01,-2.30149889e+00,
   2.95504141e+00},
 { 6.33285493e-02,-3.43919955e-02,-1.98655581e+00,-1.08059630e-01,
   1.15768480e+00,-5.18352807e-01, 8.21315274e-02, 2.90279937e+00,
  -6.05406165e-01},
 { 2.95847896e-02, 6.61309808e-02,-2.90554857e+00,-1.50050247e+00,
  -1.01128972e+00,-1.08500028e+00,-1.01643279e-01,-2.44887638e+00,
  -2.32798886e+00},
 { 6.65139481e-02, 8.66662562e-02, 2.30889845e+00, 5.61368205e-02,
   9.14289355e-01, 3.78250897e-01,-1.68041572e-01, 3.96683812e+00,
  -1.80878377e+00},
 {-6.22516312e-02,-1.90638721e+00,-1.41101372e+00, 9.37906444e-01,
   2.04879925e-01,-1.37720272e-01, 3.56461811e+00, 3.97723585e-01,
   1.66647720e+00},
 {-1.39324712e-02, 9.18941572e-02, 3.17048162e-01,-1.06226504e+00,
   3.16223472e-01,-2.22616982e+00,-3.83961387e-02, 4.14320230e+00,
   3.32110763e-01},
 { 1.20468577e-02, 6.02630638e-02,-3.02449703e+00,-2.33053565e+00,
   4.62338775e-01,-4.28921372e-01,-9.48428065e-02, 1.74567342e+00,
  -2.19108605e+00}};

const float b1[sz_hid_1] = {-3.8289042e+00,-3.4209282e+00,-1.1444824e+00,-3.0956979e+00,
 -2.6152241e+00,-1.6009759e+00,-2.4010339e+00,-4.3119276e-01,
 -1.2600430e+00,-2.7375183e+00,-2.5101254e+00, 1.2475299e+00,
 -6.2826657e-01,-2.5165756e+00,-4.6064630e+00,-4.4919424e+00,
 -2.5829763e+00,-3.2969804e+00,-2.4755330e+00,-3.4441411e+00,
 -3.1301460e+00,-4.6632915e+00,-2.9952543e+00,-1.8603818e+00,
 -2.3677075e+00,-2.2662926e+00,-3.1008880e+00, 1.1916386e+00,
 -4.2636104e+00,-1.0995373e+00,-3.0288026e+00,-4.3772087e+00,
 -3.6587999e+00,-2.3095810e+00,-3.9757690e+00,-1.3566771e+00,
 -1.3742940e+00,-7.0242172e-01,-5.2589232e-01,-1.3218527e+00,
 -1.5219933e+00,-3.1112282e+00,-2.9857304e+00,-1.9175794e+00,
 -2.9395282e+00, 4.3254793e-01,-3.6596980e+00,-1.7976818e+00,
 -1.4849399e+00,-2.4234555e+00,-1.8023973e+00,-3.3158565e+00,
 -4.0925350e+00,-2.8171196e+00,-4.0383205e+00,-3.9629302e+00,
 -2.4957132e+00,-2.6339025e+00,-4.6059299e+00,-3.0501895e+00,
 -3.1529293e+00,-3.3165913e+00,-2.6317425e+00,-2.9842892e+00,
 -2.7571089e+00, 3.6363400e-04,-3.0861180e+00,-1.9173537e+00,
 -1.5576835e+00,-4.5266638e+00,-4.5902252e+00,-5.0365610e+00,
 -7.7437192e-01,-4.9658012e+00,-3.2475042e+00,-3.8748794e+00,
 -6.3465196e-01, 3.9158773e-01,-1.7445284e+00,-1.5560141e+00,
 -1.4478720e+00,-3.5924475e+00,-2.0616477e+00,-4.0225954e+00,
 -2.7975457e+00,-9.7403842e-01,-9.2195207e-01,-4.8445888e+00,
 -3.4581096e+00,-4.3080740e+00,-1.6653694e+00,-3.7270598e+00,
 -3.3101609e+00,-4.5499649e+00,-5.2285800e+00,-3.9941413e+00,
 -7.6028246e-01,-5.5787153e+00,-4.9229813e+00,-1.1202793e+00,
 -6.1165786e-01,-1.0925303e+00,-3.9681847e+00,-1.8608162e+00,
  1.2328907e-01,-2.0434492e+00, 7.3215887e-02,-1.2459090e+00,
 -2.9881449e+00,-2.4506645e+00,-1.4964162e+00,-3.7445254e+00,
 -3.8369522e+00,-2.8977225e+00,-2.1044472e-01,-4.3083401e+00,
 -5.4789248e+00,-3.7875443e+00,-4.4945540e+00,-4.2167692e+00,
 -3.5723565e+00,-5.2685347e+00,-2.5701585e+00,-4.0527802e+00,
 -4.8286567e+00,-4.2255898e+00,-2.5971441e+00,-3.6420391e+00};

const float w2[sz_hid_2][sz_hid_1] = {{-1.66365719e+00, 2.61117101e-01, 1.11089453e-01,-1.28806517e-01,
   4.35976595e-01, 4.84462559e-01, 4.75213816e-03,-9.63370800e-01,
   4.46881726e-02,-1.99544311e-01,-1.04695879e-01,-2.88363552e+00,
   4.41625305e-02,-1.06779985e-01, 4.32534039e-01, 9.90906715e-01,
  -1.07894063e+00,-1.22524239e-01,-2.22786880e+00, 4.14166041e-02,
   1.05440706e-01,-3.23226392e-01,-2.43095368e-01, 4.77496719e+00,
   2.17754650e+00,-9.10034031e-02,-8.69214475e-01, 5.89743182e-02,
  -8.77033412e-01, 4.08200026e-01,-1.03915370e+00,-1.51646767e+01,
   1.39957264e-01, 3.01996619e-03, 1.97107971e-01, 6.80019557e-02,
   5.60014658e-02,-3.39136794e-02,-1.31480142e-01,-1.18919931e-01,
  -1.79529607e-01,-4.44183558e-01,-8.64986330e-02,-6.84558600e-03,
  -2.60480857e+00, 9.56232995e-02, 5.63922748e-02,-8.43461609e+00,
  -1.88381076e-02, 8.81850868e-02,-2.31907479e-02,-1.02881357e-01,
   2.45913863e-01, 1.10755491e+00,-1.58458881e+01,-6.38630676e+00,
   1.45127320e+00, 1.04927542e-02,-2.34052777e-01, 1.97036552e+00,
  -6.95438385e-02, 1.80204690e-01,-1.84162155e-01, 1.17497897e+00,
   1.81505322e-01, 5.05819380e-01,-1.02152340e-01, 1.02907926e-01,
   1.94124508e+00, 1.05382252e+00, 4.30007935e-01, 5.44010997e-01,
  -3.79970789e-01,-1.71948111e+00,-9.64750722e-02, 1.70407295e+00,
   7.23761916e-02, 4.68295142e-02,-1.72084796e+00, 9.17955637e-02,
  -2.65471563e-02, 1.74226910e-01, 6.14587784e-01,-1.15603253e-01,
  -1.95849991e+00,-7.68835237e-03, 2.98835665e-01,-5.99806547e-01,
  -2.08979321e+00,-3.38319987e-02,-1.83153227e-02,-1.07654524e+00,
  -2.08048058e+00,-3.48525000e+00, 5.23911238e+00, 1.97601169e-01,
   9.35201550e+00,-8.69350493e-01, 1.47972858e+00, 8.64904933e-03,
  -1.65589079e-01,-1.02220908e-01, 1.46222606e-01, 1.63332988e-02,
   6.10589311e-02, 3.93895209e-02,-6.42406702e-01,-2.54284263e+00,
  -3.52658719e-01, 1.71610728e-01,-6.56102747e-02, 7.12353039e+00,
  -2.06394768e+00,-8.58467770e+00, 2.50736308e+00, 1.43071055e-01,
  -3.94526035e-01,-4.88357449e+00, 3.44180197e-01,-2.29149437e+00,
  -1.38944730e-01, 7.41240931e+00,-4.11754586e-02, 2.11444736e-01,
   4.99215126e-01,-3.21628213e+00, 1.28621727e-01, 3.31116728e-02},
 { 5.21275759e-01, 4.64065647e+00, 3.63683677e+00,-1.13179684e+00,
  -1.45231998e+00,-7.16138601e-01,-1.48014247e+00,-6.72811079e+00,
  -3.27866971e-01,-6.75521076e-01, 6.75970972e-01, 5.24244964e-01,
  -3.91236432e-02, 2.47703481e+00, 2.45050859e+00,-2.86219764e+00,
  -2.90771985e+00,-1.36945629e+00,-2.95083851e-01,-4.41467428e+00,
  -2.92949343e+00,-6.44991100e-01, 9.78403449e-01,-5.56267309e+00,
   8.46428052e-02, 1.72960472e+00, 1.45613849e+00,-5.39724052e-01,
  -8.19410145e-01, 4.30684090e+00,-6.80597782e+00,-1.83549845e+00,
  -6.34222460e+00, 1.14901507e+00, 1.53704453e+00, 1.70585036e+00,
  -5.47888565e+00, 1.08603525e+00,-1.09035492e+00, 1.09878492e+00,
  -1.85896111e+00,-3.16940713e+00,-3.79902816e+00,-9.05266479e-02,
   2.60419488e+00,-2.30004534e-01,-5.24463058e-01, 1.20243573e+00,
   3.77379680e+00, 1.07678640e+00,-1.40485370e+00, 4.11081839e+00,
   4.48139817e-01,-3.18598294e+00, 5.50714445e+00,-2.33413815e+00,
  -1.74399912e-01, 1.12887800e+00,-2.38038516e+00,-1.90425068e-01,
   1.38284743e+00,-2.01288605e+00, 2.23705435e+00, 3.72175956e+00,
   9.29503262e-01, 1.75833976e+00,-2.29240537e+00,-4.73116308e-01,
  -1.95175910e+00, 4.31405306e+00,-2.37959862e+00,-3.05568957e+00,
   1.84296393e+00, 5.10539341e+00,-2.85465670e+00, 4.13760138e+00,
   5.78695834e-01,-2.21216130e+00,-9.08168077e-01, 5.59612799e+00,
  -2.29314685e+00, 6.24610960e-01, 2.40129781e+00,-8.75232601e+00,
  -1.07496035e+00,-3.44702792e+00, 1.71795118e+00, 6.30223608e+00,
  -8.57177258e+00,-8.73051956e-02,-1.07590461e+00,-3.20852900e+00,
  -1.63143134e+00,-1.47744286e+00, 8.93215561e+00, 5.47854614e+00,
   1.35311687e+00, 5.18743610e+00, 2.78622603e+00,-7.15951741e-01,
  -3.30806255e+00, 2.83137846e+00,-2.05337316e-01,-9.80590403e-01,
  -5.20443805e-02,-1.03901076e+00,-1.24438393e+00, 1.04318011e+00,
  -4.71947938e-02, 3.93700570e-01,-1.46254635e+00,-1.50652468e+00,
  -1.22307358e+01,-1.28864872e+00,-5.57030022e-01, 7.45305181e-01,
  -5.03963327e+00,-2.19096327e+00, 6.04544306e+00, 2.17473030e+00,
  -5.45930719e+00, 7.36853027e+00, 7.04537570e-01,-2.28844213e+00,
   6.23136902e+00, 8.69744003e-01, 1.06501773e-01, 2.81489015e+00},
 {-5.56902476e-02,-1.69512106e-03, 3.16680111e-02,-1.83528159e-02,
   8.01119134e-02,-1.15744904e-01,-3.90309654e-02,-7.28580821e-03,
  -3.66257206e-02,-3.61166149e-03,-3.90804708e-02,-1.55001402e-01,
  -9.39306244e-02,-2.53182091e-02,-6.95905611e-02,-7.14848489e-02,
   5.46740182e-02, 3.01369410e-02,-4.31925841e-02,-3.70342359e-02,
  -1.26308441e-01,-8.02652314e-02,-2.86195986e-02,-1.39921233e-01,
  -3.10366582e-02,-2.84853652e-02,-3.41268256e-02,-9.20824409e-02,
   4.08213921e-02,-5.20185083e-02,-1.28957421e-01,-1.60224482e-01,
  -1.41143724e-01,-5.30357333e-03,-8.36088955e-02,-6.69330806e-02,
   2.04823203e-02,-9.54871848e-02,-7.79637992e-02,-1.02225237e-01,
   1.07211024e-02,-1.44108996e-01,-6.96088895e-02, 3.01089399e-02,
  -7.78755248e-02, 2.66784225e-02,-1.05777375e-01,-7.03516379e-02,
  -4.28563580e-02,-6.68774247e-02,-1.12699248e-01,-7.24075455e-03,
   1.43928984e-02,-5.36767617e-02, 2.43893173e-02,-7.17746392e-02,
  -7.34692141e-02,-6.05868958e-02, 5.36763258e-02,-6.86250404e-02,
  -1.05356798e-01,-5.45466170e-02,-8.63065757e-03,-6.96660578e-02,
  -5.12116291e-02, 4.50996943e-02,-1.42930113e-02,-9.45161283e-02,
  -6.34865910e-02,-5.31404540e-02,-2.44535785e-02,-2.14695968e-02,
  -9.26867276e-02,-5.25758229e-02,-5.91143034e-03,-8.70972499e-02,
  -1.41567886e-01, 4.06112149e-03,-1.21771447e-01,-1.27087301e-02,
   3.39116864e-02,-7.08107352e-02,-1.58305109e-01,-5.27786091e-02,
  -1.51899075e-02,-9.91390646e-02,-1.00831360e-01, 9.16823372e-02,
   6.02353401e-02,-6.39717747e-03, 1.61504410e-02,-3.01167276e-02,
   4.82172742e-02, 5.36210015e-02,-2.80427076e-02,-4.39965911e-02,
   8.52270145e-03,-9.04650763e-02,-7.76933283e-02,-9.81156603e-02,
   3.28769535e-02, 5.56891225e-03, 2.08042059e-02, 4.54318933e-02,
  -2.43373830e-02,-7.26815090e-02,-1.25180185e-01,-1.23319320e-01,
  -2.02706754e-02,-6.46320730e-02,-1.18370727e-01,-1.39889587e-02,
  -1.21814702e-02,-1.14734314e-01,-7.11378157e-02,-5.22715040e-02,
  -1.01800822e-01,-1.48049533e-01, 5.01748770e-02, 2.33019050e-02,
  -1.54323755e-02,-9.30816755e-02,-3.52240838e-02,-4.08810899e-02,
  -1.29949406e-01,-1.25576660e-01,-2.07421626e-03, 4.28560562e-02},
 { 1.10028076e+00, 3.20680928e+00,-8.36759135e-02,-3.06576538e+00,
  -1.16105586e-01, 8.55356529e-02, 1.85462728e-01,-2.15002918e+00,
   5.52178621e-01, 1.24775064e+00,-5.85744441e-01, 1.01006128e-01,
   1.40445828e+00, 9.63749766e-01,-9.60079288e+00,-1.87304449e+00,
   2.02426359e-01, 5.60455918e-01,-3.94963324e-01, 8.79189909e-01,
   6.51869595e-01,-3.72429204e+00, 3.55018663e+00, 7.58003175e-01,
  -2.86901712e-01,-2.68645376e-01,-2.49456906e+00,-1.56423271e-01,
   2.00453591e+00,-5.16969860e-01,-2.27860141e+00, 1.90211511e+00,
   4.48308134e+00,-8.58069003e-01,-7.19467640e+00,-2.49967538e-02,
   3.26910943e-01, 1.04998536e-01, 1.35683703e+00,-4.86689806e+00,
   2.55971622e+00,-1.43620348e+00, 4.15500760e-01,-3.44742584e+01,
   7.15261996e-02,-3.26069407e-02, 4.68221694e-01,-3.58658284e-01,
   6.42884135e-01, 9.13255692e+00, 2.72472668e+00, 1.31682360e+00,
  -4.39893961e-01, 7.01712728e-01,-1.32705617e+00, 4.05404186e+00,
   2.30331826e+00,-5.04651308e-01,-2.17697573e+00, 5.78629784e-02,
  -4.43860352e-01, 1.44303167e+00,-8.70775819e-01,-8.38998497e-01,
   2.32394695e+00, 6.78573513e+00, 2.01082325e+00,-2.90974956e-02,
  -2.81580091e-01,-2.82867312e+00,-2.10881963e-01, 1.82383478e+00,
   4.63308430e+00, 4.97237873e+00, 1.27948177e+00, 2.04008651e+00,
   1.52141154e-01,-1.09922969e+00,-1.55751124e-01,-1.13844168e+00,
  -9.99493837e-01,-1.90042675e-01,-5.18863022e-01,-7.40997970e-01,
   5.87691069e-01,-6.71015203e-01, 5.07626951e-01,-4.98257875e-01,
  -4.12550628e-01,-4.91542053e+00, 1.25315094e+00, 2.39391756e+00,
   1.23718262e+00,-4.46693867e-01, 1.82077122e+00, 1.09787774e-03,
  -5.95262229e-01,-7.07581663e+00,-6.03281164e+00, 1.48859978e+00,
   4.26201224e-01, 4.07171279e-01,-4.77720410e-01,-1.54274499e+00,
  -6.79962337e-01,-2.05189753e+00,-7.63966382e-01, 1.69771791e-01,
  -1.19826806e+00,-1.22815216e+00, 2.41540599e+00,-2.70014858e+00,
   1.06265974e+00,-3.69463444e+00, 5.70394993e-01,-9.76430237e-01,
  -9.57286930e+00,-8.11705351e-01,-4.25202322e+00,-7.73769736e-01,
  -4.55334234e+00,-4.51031685e+00,-5.33888578e+00,-2.41934729e+00,
   4.90523767e+00,-3.96137381e+00,-3.83623838e+00,-2.11113381e+00},
 { 6.97440910e+00, 9.39274609e-01, 2.66450477e+00,-1.47876394e+00,
   1.60756573e-01,-2.14060187e+00,-5.94790578e-01,-1.31889820e+00,
   1.42388269e-01,-1.61225092e+00,-8.56053114e-01, 8.43841851e-01,
   1.92477837e-01,-2.25369081e-01, 2.68868923e+00,-7.31261313e-01,
  -3.34749842e+00, 5.32183409e-01,-4.10646230e-01, 9.30641115e-01,
  -8.66390526e-01,-1.50596499e+00, 3.59454364e-01, 7.47355580e-01,
  -1.41058004e+00, 4.79639113e-01, 8.17071423e-02,-4.82941382e-02,
  -3.72736096e+00, 4.09563637e+00,-6.55961037e-01,-5.44353008e+00,
  -3.35791439e-01,-7.79014707e-01,-2.62537181e-01,-1.98817387e-01,
  -5.21051705e-01, 3.93036437e+00,-9.27943513e-02, 4.94979806e-02,
  -7.27569312e-02,-2.10495758e+00,-4.64746594e-01, 1.75746568e-02,
   5.28781176e+00,-3.19198638e-01,-9.65918303e-01, 1.10169590e+00,
   3.54931056e-01, 2.36985296e-01, 1.48530334e-01,-7.86746979e-01,
   5.69037199e-01,-7.30539751e+00, 6.34292507e+00,-7.69697189e+00,
   3.03827345e-01, 2.14824826e-01,-1.61667776e+00,-1.55149186e+00,
  -2.06672847e-02, 1.40500396e-01, 8.63423467e-01,-7.50401318e-02,
   9.55697179e-01,-4.03327316e-01,-5.82038999e-01,-3.78098369e-01,
  -3.45542765e+00, 2.25895858e+00, 7.53891110e-01,-1.86054134e+01,
   2.60469634e-02,-4.63860303e-01,-2.05284357e+00,-6.29664660e+00,
   7.50533268e-02,-3.81072871e-02, 1.21388710e+00, 4.03988540e-01,
  -6.06115580e-01,-5.68975210e-01, 2.78195238e+00, 4.65990566e-02,
  -4.77390003e+00, 1.37043044e-01, 2.81094909e+00,-2.25093395e-01,
  -5.00419903e+00, 3.17443497e-02,-2.40961090e-01,-4.19031978e-02,
   1.32336175e+00,-3.76912665e+00, 1.27956533e+00,-4.76302169e-02,
   2.74823606e-01,-4.23992217e-01, 5.45699501e+00,-1.27520368e-01,
  -5.78181934e+00, 1.01030953e-02,-4.39837170e+00,-1.78386971e-01,
   1.61708683e-01, 5.37493646e-01,-1.42512691e+00,-1.25520909e+00,
   1.65118182e+00, 2.14781094e+00, 6.87794909e-02,-7.66870213e+00,
  -7.32837629e+00, 3.77480350e-02, 1.17529392e+00,-7.30181932e-01,
  -2.11698866e+00,-4.67161608e+00, 2.19888687e-01, 4.88596058e+00,
   2.22794544e-02, 1.77360034e+00, 9.10275429e-02,-3.16977471e-01,
   1.68345463e+00,-2.44990498e-01, 2.07312271e-01, 4.36465889e-02},
 { 3.20481682e+00, 2.66952872e+00,-1.83707917e+00, 1.81055355e+00,
   4.08509284e-01, 1.30577877e-01,-1.92070103e+00, 1.58326590e+00,
  -4.53798151e+00, 1.39704883e-01,-6.76347136e-01, 2.06951365e-01,
   3.18048811e+00,-3.90637457e-01,-6.43075752e+00, 2.71037269e+00,
   1.39876080e+00,-9.15414989e-01,-3.33459169e-01,-3.49472094e+00,
   5.74758574e-02,-4.34976721e+00,-6.17068768e-01, 5.22432268e-01,
  -1.91148746e+00,-1.89525053e-01,-1.56299078e+00, 4.30820793e-01,
   6.33020782e+00,-1.13537121e+00,-7.45600879e-01,-9.90327477e-01,
  -4.96513796e+00,-2.18364811e+00,-3.55743575e+00,-1.06559491e+00,
   1.03852677e+00,-5.87956667e-01,-2.58520651e+00,-5.39776742e-01,
  -1.41084433e+00, 8.70444536e-01, 4.72554111e+00, 8.09528351e-01,
   3.97521406e-02,-3.29319745e-01, 7.64098108e-01,-4.34314400e-01,
  -6.64783669e+00, 9.90995228e-01, 6.19659603e-01, 2.37913370e+00,
  -3.09924483e+00, 1.55333769e+00,-4.67655134e+00, 2.80962014e+00,
   2.27812195e+00,-7.86062539e-01,-2.31303406e+00, 5.91762841e-01,
  -8.23728561e-01, 5.09552526e+00,-1.18810344e+00,-3.51445854e-01,
   2.20456696e+00,-2.81889701e+00, 1.87888324e+00, 2.04794765e-01,
   3.91836017e-01, 4.84230578e-01,-1.68350232e+00,-1.00989044e-02,
  -3.54256034e-01,-4.59089422e+00,-1.00727427e+00, 4.34595776e+00,
   3.07077259e-01, 2.04432869e+00,-1.00648201e+00, 1.67377603e+00,
  -1.81059134e+00,-1.42314732e-01,-3.01607192e-01,-5.25819838e-01,
   1.60463643e+00, 2.98439693e+00,-7.14337528e-01, 1.82227135e-01,
  -2.65304446e+00,-4.28217697e+00,-4.36168528e+00, 8.51049960e-01,
   3.15706921e+00, 2.11425662e-01, 1.43036234e+00,-1.00802517e+00,
   1.62751421e-01, 8.89557457e+00, 1.30700970e+00,-1.74922121e+00,
   8.36372077e-01,-1.83176899e+00, 4.13758665e-01, 1.21831095e+00,
  -1.86622000e+00, 7.29314327e+00,-4.38832611e-01,-5.57405233e-01,
  -1.91585064e+00,-1.33785379e+00,-5.15225887e-01,-1.19007397e+00,
  -6.09431219e+00,-1.92971170e+00, 2.60826349e+00, 1.04737711e+00,
   2.29992318e+00, 1.71205413e+00, 1.44406593e+00, 2.97077274e+00,
  -1.44810247e+00,-1.70425129e+01, 4.47922134e+00, 9.19210339e+00,
  -3.11461139e+00,-2.73321700e+00, 3.27324796e+00, 3.22194338e+00},
 {-1.28923580e-01,-7.77392983e-02,-3.93342897e-02,-1.17590996e-02,
  -5.45851402e-02,-1.67129979e-01,-2.81409733e-02,-4.98536415e-03,
  -7.84534123e-03,-6.98658498e-03,-1.48349956e-01,-8.72998759e-02,
  -6.65104017e-02,-5.36793396e-02,-9.96045098e-02, 1.49674639e-02,
  -1.61275100e-02, 2.90467981e-02,-1.24876678e-01, 9.39440564e-04,
  -1.22298703e-01,-4.46728580e-02,-1.48665346e-02, 3.09745927e-04,
   7.84679782e-03,-1.75609048e-02, 2.72541009e-02,-1.17157087e-01,
  -1.63714569e-02,-3.69588286e-02,-4.61623110e-02,-9.73300561e-02,
  -2.35758685e-02,-1.13609418e-01,-8.50758925e-02, 2.28567682e-02,
  -2.75934804e-02,-3.42684500e-02,-1.24916606e-01, 2.21014731e-02,
  -1.52127132e-01,-8.16908404e-02,-1.06071308e-01,-5.06419539e-02,
   4.14926857e-02,-1.44413039e-01,-3.46912555e-02,-1.24534614e-01,
  -1.32793486e-02,-5.55455461e-02,-8.41232464e-02, 6.56923559e-03,
  -1.32062882e-01,-3.15837525e-02,-2.20352691e-02,-3.44199240e-02,
   2.82274690e-02, 4.25955839e-02,-7.00955372e-03,-9.34560522e-02,
   4.66242321e-02,-3.33602205e-02, 2.07217336e-02,-5.83624206e-02,
  -8.30774605e-02, 7.59562361e-04, 2.11946107e-02,-7.49700814e-02,
  -1.00124821e-01,-1.35261759e-01, 2.45728381e-02,-1.58975441e-02,
  -3.37153897e-02,-1.73234526e-04,-7.21590295e-02,-8.16764235e-02,
  -1.25283957e-01,-2.90011130e-02, 1.73098426e-02,-4.08188626e-02,
  -6.20795786e-02,-5.02107069e-02,-1.61617875e-01, 2.79547926e-02,
  -1.06690720e-01,-1.45643642e-02,-1.98436871e-01,-2.56379396e-02,
   3.24685946e-02,-1.33030280e-01, 4.63957377e-02, 6.24064691e-02,
  -4.28115316e-02, 5.84235303e-02,-1.16917379e-01,-8.37411582e-02,
  -1.30738597e-02,-6.18701391e-02, 6.86819083e-04,-1.40035287e-01,
  -1.55811056e-01, 3.75584029e-02, 7.46036768e-02, 5.04455902e-02,
  -1.96743407e-03,-9.51234717e-03,-5.01346365e-02,-3.25724222e-02,
   2.15914864e-02,-1.00328602e-01,-2.30018813e-02,-4.06912751e-02,
  -1.85090192e-02,-3.35475467e-02,-5.85199855e-02,-6.03132881e-02,
  -5.94104975e-02,-7.94740245e-02, 8.21507536e-03,-9.56835151e-02,
  -1.39376195e-02, 1.21631613e-02,-9.07304510e-02,-3.44960131e-02,
   4.79675382e-02,-2.86655850e-03,-7.65834004e-02, 3.65327746e-02},
 { 1.75553787e+00, 1.32958269e+00, 2.81402111e+00,-1.35325336e+00,
   2.35602903e+00, 2.73210078e-01,-9.80221868e-01, 4.95888770e-01,
  -1.28212845e+00,-2.39984703e+00, 8.37499619e-01, 4.29287076e-01,
  -3.36371303e-01,-2.32735896e+00,-6.63438177e+00, 2.86008167e+00,
  -2.55703712e+00,-5.39262009e+00,-2.57490349e+00,-1.03011084e+01,
   8.61641884e-01,-5.39739490e-01, 1.00456595e+00, 2.27505255e+00,
  -7.90754020e-01, 8.79026111e-03,-2.66731926e-03, 8.79846931e-01,
   7.49339223e-01, 2.10434556e+00, 3.10347620e-02, 4.11372721e-01,
  -6.08758569e-01,-2.07857418e+00,-5.31484604e+00,-1.28061485e+00,
  -2.35502267e+00, 1.69369054e+00, 2.54316330e+00, 7.75124654e-02,
  -7.34678030e-01,-6.61727905e+00,-4.87138748e-01,-2.32532382e+00,
  -3.67767900e-01,-2.05308414e+00,-3.72512609e-01, 2.03831100e+00,
  -2.04186368e+00, 1.77386910e-01,-8.79537225e-01,-4.13256311e+00,
   3.99469686e+00,-4.64878291e-01, 2.37004519e+00,-2.88774848e-01,
   1.75264657e+00, 1.79169405e+00,-5.90463924e+00,-1.01381719e+00,
   5.80120945e+00,-3.70694518e+00,-1.98732007e+00,-1.44325688e-01,
  -2.81097531e-01, 8.76810700e-02, 2.59381115e-01,-3.16614485e+00,
  -1.14289534e+00, 1.91406393e+00, 5.72697544e+00,-1.19187117e+01,
   4.85453844e-01,-4.62807417e+00,-3.52692771e+00, 5.26050663e+00,
   1.21699244e-01,-2.89965510e+00,-4.70733166e-01,-6.57174945e-01,
   2.98813272e+00,-3.37241387e+00, 1.99522471e+00, 7.35149443e-01,
   1.17421198e+00, 4.12244749e+00, 1.35123289e+00, 3.63186121e+00,
  -3.47058289e-02,-1.84945927e+01,-1.19486004e-02, 1.06012337e-01,
   3.41775306e-02,-2.54498243e+00, 1.19327343e+00, 3.78254485e+00,
  -4.24050897e-01,-1.99264896e+00,-5.08817339e+00, 1.29228818e+00,
  -3.07407463e-03,-1.99301505e+00, 2.18762040e+00,-2.00658560e+00,
   3.61794639e+00,-1.24429822e+00,-1.84258473e+00,-1.36767280e+00,
   1.63033164e+00,-2.74683285e+00, 2.10650539e+00,-6.59514904e+00,
  -1.76280761e+00,-1.79606247e+00, 4.00292367e-01,-1.72807968e+00,
   2.62567616e+00,-3.40614152e+00, 2.50979662e+00, 6.06714904e-01,
   2.03859210e+00, 2.94222498e+00,-3.62028527e+00, 1.01576018e+00,
  -3.96165282e-01,-1.27047138e+01,-2.02797151e+00,-1.29758997e+01},
 {-1.34378214e+01,-1.50453997e+00,-2.44545765e+01, 8.15868139e-01,
  -1.75230011e-01, 9.00929093e-01, 4.91722852e-01, 3.19780493e+00,
   3.26916366e-03, 5.75505197e-01,-5.46387471e-02,-9.65752900e-01,
   4.72719073e-01,-1.30679369e-01,-4.61114597e+00,-1.32555175e+00,
   3.69955659e+00,-2.02491999e+00, 1.83243704e+00,-1.01380289e+00,
   5.74439645e-01, 6.29762948e-01,-1.91259578e-01,-4.86504018e-01,
   3.13376784e+00, 1.63419855e+00,-4.18783098e-01, 4.24654558e-02,
  -2.88016319e+00,-7.94702148e+00, 4.06211793e-01, 1.06854796e+00,
  -5.67360409e-02, 7.28298649e-02,-2.30174407e-01, 3.90626937e-01,
   2.21213117e-01,-3.72629428e+00,-2.31283098e-01, 1.83062956e-01,
  -5.03646918e-02, 1.82669199e+00,-1.03008583e-01,-2.09947184e-01,
  -4.96968985e+00, 1.73847929e-01,-1.51960287e+01,-1.17469454e+00,
   1.13638259e-01,-3.00077170e-01, 7.92077109e-02, 9.83149469e-01,
   4.10833746e-01, 1.21211135e+00,-1.02361412e+01, 1.12468588e+00,
  -5.95691681e-01,-2.06115186e-01, 2.41905928e+00, 1.52094710e+00,
   2.40836501e-01,-5.52340686e-01, 9.88891721e-01,-5.87198591e+00,
  -5.24165154e+00,-1.39721572e-01, 2.26814181e-01, 1.04970407e+00,
   1.85419309e+00,-8.62708330e-01,-3.11674476e+00, 6.50058079e+00,
  -4.84516695e-02,-7.22967982e-01, 2.89415908e+00, 3.58411908e+00,
   3.06031078e-01,-1.75074399e-01,-3.24527192e+00,-3.42947006e-01,
   8.02254304e-02,-3.43024552e-01,-9.57699180e-01, 1.18808794e+00,
   2.70915341e+00,-4.98129278e-01,-3.31960368e+00, 1.58013821e+00,
   1.97337401e+00, 6.94624782e-01, 2.95756042e-01, 2.98190564e-01,
   5.08989513e-01,-3.68205285e+00,-7.08981752e+00,-2.36092114e+00,
   6.56675875e-01,-6.16654205e+00, 2.50232965e-01, 2.32904762e-01,
   6.82792425e+00, 1.21926382e-01,-7.25468218e-01, 2.20472932e-01,
  -5.62656581e-01,-1.18901342e-01, 1.71554017e+00, 5.84132791e-01,
   1.80828482e-01,-2.47139955e+00,-6.43086374e-01, 1.11555707e+00,
  -2.53535724e+00,-2.89793909e-01, 1.86935854e+00, 8.92050743e-01,
  -6.71374619e-01, 1.38950419e+00, 2.67757684e-01,-4.70866203e+00,
  -5.09712636e-01,-2.59781033e-01, 2.48861030e-01,-9.02055502e-01,
  -2.03853607e+01, 4.76852924e-01,-9.66771096e-02,-8.78535151e-01},
 {-3.33175588e+00, 1.53110433e+00, 8.58893454e-01, 5.67699146e+00,
  -3.99222875e+00, 5.09554207e-01, 1.20116723e+00,-1.55464804e+00,
   1.35298693e+00, 6.26268029e-01,-5.88744581e-01, 1.24102533e-01,
  -1.78876376e+00, 5.94164193e-01,-3.95628190e+00, 3.49871111e+00,
  -1.30855054e-01,-6.75553083e-01, 3.90716076e-01,-4.84278631e+00,
   1.11567414e+00,-3.01818681e+00, 1.45605135e+00,-1.12682629e+00,
  -1.20277965e+00, 2.12144375e+00, 5.54591227e+00,-1.56997398e-01,
  -4.05979204e+00, 7.57325739e-02,-4.51299876e-01, 1.53031206e+00,
   5.82670510e-01, 3.53171921e+00,-6.71909761e+00,-1.68135977e+00,
   1.70750034e+00, 2.06142396e-01, 1.07736492e+00, 9.73821819e-01,
  -1.62422335e+00,-2.12405339e-01, 1.03759825e+00,-4.39383239e-01,
   5.00768602e-01, 3.89778638e+00,-1.58862650e+00, 4.91338298e-02,
   2.86284852e+00,-3.86811137e-01, 1.26476049e-01, 7.36993700e-02,
   2.96807814e+00,-9.24513102e-01,-5.30812442e-01,-4.22723293e+00,
  -1.00198734e+00, 2.49958664e-01,-1.49202168e+00,-4.39608485e-01,
  -2.56222987e+00,-1.27780271e+00, 1.55275375e-01, 5.23192883e-01,
  -5.16533566e+00, 1.29491079e+00,-2.07623863e+00,-8.92757475e-01,
  -4.33948524e-02,-6.75668895e-01,-6.99408352e-01, 1.42861493e-02,
  -3.84845829e+00,-1.85871887e+00,-1.68854624e-01,-2.23792028e+00,
  -9.74871740e-02,-1.15651655e+01,-2.63878614e-01,-1.66994536e+00,
  -1.79153013e+00, 7.31197476e-01, 7.43798852e-01, 1.18024692e-01,
   1.29634047e+00,-3.94279742e+00,-3.86281937e-01,-1.71054783e+01,
  -2.33812380e+00,-2.08191657e+00, 1.79930067e+00,-5.56634569e+00,
   2.55430603e+00,-2.83382201e+00,-2.16470528e+00, 3.24990368e+00,
  -3.56045157e-01,-3.10128421e-01, 4.96282196e+00, 4.02852392e+00,
  -1.03176516e-02, 5.12519026e+00, 2.36572075e+00,-7.48745203e-01,
   1.47336304e+00, 1.37670946e+00, 2.73033064e-02, 4.70068485e-01,
  -8.53825152e-01, 1.76845825e+00,-4.46273470e+00, 1.29534900e+00,
  -1.67451966e+00, 3.45163155e+00, 5.57192445e-01, 7.38721013e-01,
   5.43330789e-01, 6.43159533e+00,-2.34074688e+01, 1.39621806e+00,
   2.22952342e+00, 3.70595241e+00,-1.30675340e+00, 7.07285762e-01,
   6.90008068e+00, 5.46839857e+00,-6.39265680e+00,-2.16681266e+00},
 {-4.25774240e+00,-3.68436313e+00,-2.74070263e+00,-4.35379028e-01,
  -2.84902919e-02, 7.20750213e-01,-4.75742728e-01, 1.75847936e+00,
  -4.94012266e-01, 7.39641413e-02, 7.07621157e-01,-5.50924182e-01,
  -1.87824175e-01, 4.53738421e-01,-1.86559212e+00,-7.40787029e-01,
   2.78914142e+00,-3.48576140e+00, 8.91415358e-01,-7.21853137e-01,
   4.32560891e-01,-1.58334887e+00,-1.62374899e-01, 5.69617510e-01,
   2.64780807e+00,-2.95875072e+00, 1.67797636e-02,-3.36614554e-03,
  -1.77982545e+00,-7.68404865e+00, 8.58697951e-01, 5.16964769e+00,
  -3.45221472e+00, 3.64614348e-03, 6.44749343e-01, 1.59755901e-01,
  -2.16398105e-01,-3.01159334e+00, 1.66569203e-01,-2.24818766e-01,
  -2.74436064e-02,-5.50048351e+00, 7.28929520e-01, 2.54863173e-01,
  -5.03199911e+00, 4.18128192e-01, 1.44958448e+00,-8.86352286e-02,
  -4.26806480e-01,-1.15954190e-01, 2.90070385e-01,-7.67564774e-01,
   1.34953773e+00, 3.70958257e+00,-7.33680296e+00,-8.31847608e-01,
  -1.59016979e+00,-2.70351648e-01, 1.24853328e-02, 1.03957057e+00,
  -4.45304334e-01, 3.80397975e-01, 1.14642358e+00,-7.80325651e+00,
   2.94910526e+00, 3.16617399e-01, 4.84972268e-01, 4.00788099e-01,
   9.13330689e-02,-1.26595020e+00, 1.35940209e-01,-1.49128163e+00,
   6.19974127e-03, 9.08432722e-01, 1.87838867e-01, 7.36345577e+00,
   9.84088704e-02, 4.73873168e-01,-3.80309165e-01,-2.70542383e-01,
   2.19778880e-01, 7.29134023e-01,-6.87346101e-01, 3.09391618e-01,
   4.29488754e+00, 2.13687554e-01,-2.23537064e+00,-2.40099907e+00,
   6.95483685e-01, 4.45881248e-01,-3.14919651e-01, 1.55186605e+00,
   8.31859469e-01, 3.89054060e+00, 1.12863433e+00,-6.27970743e+00,
   4.12860966e+00,-1.05911150e+01, 2.31640935e+00, 2.77821034e-01,
   4.87565374e+00, 8.53786618e-03,-3.11357051e-01,-1.92122787e-01,
  -2.41141111e-01,-6.51964426e-01, 1.05390275e+00,-2.24018216e-01,
  -1.06205153e+00, 5.89003849e+00, 2.06470251e-01, 4.76906538e+00,
  -5.29651356e+00, 1.78563133e-01,-2.32976937e+00, 7.24779725e-01,
  -3.05977869e+00,-1.17118604e-01,-7.97933340e-01,-7.05978203e+00,
  -2.55483776e-01, 5.65524548e-02, 2.89286733e-01,-1.97084343e+00,
  -2.11166596e+00, 2.07898617e+00,-3.05368751e-01,-1.79704815e-01},
 {-6.61749184e-01, 7.29773235e+00,-2.49529168e-01, 2.38378003e-01,
  -1.17708731e+00, 1.23209782e-01,-4.40106964e+00,-5.21763980e-01,
  -6.62921131e-01,-9.98808563e-01,-1.03419566e+00,-1.25122562e-01,
   6.42722964e-01, 2.29659033e+00, 2.44467631e-01, 7.23870850e+00,
   2.71490514e-01, 7.82256722e-01,-2.22409610e-02,-5.71365058e-01,
   1.04382777e+00, 3.85842943e+00,-8.22159290e+00,-9.29979756e-02,
   4.11254555e-01,-4.37577486e-01, 2.19113916e-01,-1.73071161e-01,
   3.53130770e+00,-3.27190101e-01,-1.14219534e+00,-2.39855599e+00,
   5.11213684e+00, 4.91595447e-01, 1.72703934e+00,-1.92549109e+00,
  -4.72318411e-01,-2.62422383e-01, 2.64177895e+00,-2.44672608e+00,
   1.66973579e+00, 3.17680538e-01,-2.27380776e+00,-2.82947659e-01,
  -6.37048244e-01, 5.49775124e+00,-5.74718714e-01, 3.70977893e-02,
   1.34838909e-01,-1.45912611e+00, 4.27884817e+00, 4.00569379e-01,
  -6.10756969e+00, 1.22380614e+00,-1.06960297e+00, 1.05232096e+00,
   1.69265747e+00,-5.98012304e+00,-7.94094038e+00,-5.02700098e-02,
  -6.43041253e-01, 5.55679512e+00, 2.78867960e-01,-2.52333939e-01,
  -5.83466649e-01,-7.77369738e-01, 1.01866388e+00, 3.08824498e-02,
   1.14803255e+00, 3.21882892e+00, 1.07493436e+00, 6.47537410e-01,
   9.73379433e-01, 2.80688453e+00,-1.53344119e+00,-2.33562493e+00,
   2.22161579e+00, 2.06147957e+00,-1.33913439e-02,-2.06954360e+00,
  -1.48328960e-01, 3.21697205e-01, 3.54921557e-02,-1.78257838e-01,
  -1.42090067e-01, 1.61026716e+00,-4.21982944e-01, 4.66136742e+00,
  -6.45919517e-02, 2.27770066e+00,-1.21727191e-01, 3.79954934e-01,
   9.49074686e-01,-2.77888864e-01,-8.29748139e-02,-4.73153257e+00,
  -4.24078077e-01,-3.04474235e+00, 8.88724267e-01,-4.42023754e+00,
   3.31656188e-01, 1.08143032e+00,-2.33280134e+00,-6.06077671e-01,
  -1.27758467e+00,-5.50057292e-01, 2.93482263e-02, 1.37862906e-01,
   9.94965211e-02,-1.27942932e+00, 3.69058967e-01,-1.18764937e+00,
   8.08397412e-01,-1.21016669e+00,-1.87704220e-01,-4.49754030e-01,
  -2.40505905e+01, 2.32059550e+00,-1.70112095e+01,-1.41107902e-01,
   1.79004765e+00,-1.55051880e+01, 3.64575326e-01,-2.64599586e+00,
   4.70148993e+00,-1.98665845e+00,-2.22090149e+00,-2.25389028e+00},
 {-3.36235595e+00, 2.48344707e+00, 2.09027082e-01,-1.08416510e+00,
  -2.60540098e-01, 3.65125227e+00,-7.20872283e-01,-1.78463471e+00,
  -3.20814643e-03,-1.14905226e+00,-1.01170802e+00, 8.74063134e-01,
  -2.87476927e-01,-3.46337795e-01, 3.67939115e+00,-1.36571968e+00,
  -6.80821228e+00,-4.71366733e-01,-1.49309862e+00, 1.60156190e+00,
  -7.43605554e-01,-9.38118398e-01, 3.19557667e-01,-3.62161994e-01,
  -5.49646258e-01, 1.10329616e+00, 6.66280091e-01,-2.88489275e-02,
  -2.53595495e+00, 1.92495406e+00, 2.79733717e-01, 3.60557580e+00,
  -1.53905964e+00,-2.78243899e-01,-4.25522834e-01,-4.80826825e-01,
  -1.06967390e-01, 3.38350199e-02,-9.26120132e-02, 8.05648416e-02,
  -8.98671225e-02,-1.11046886e+00, 1.16908729e-01, 3.09112191e-01,
   2.72140288e+00,-3.30640972e-01, 2.40335643e-01,-1.29229105e+00,
   6.22579694e-01,-4.15923707e-02, 2.46066704e-01,-5.58715820e+00,
  -5.62413275e-01,-9.21945095e-01, 6.63737714e-01, 3.94590330e+00,
   1.16156864e+00, 5.98604560e-01,-4.35145013e-02, 5.01982355e+00,
  -1.03041005e+00, 1.35817677e-01,-2.86001229e+00, 2.91011143e+00,
  -8.88787135e-02, 1.02548294e-01,-2.53443313e+00, 1.45248631e-02,
  -4.33381701e+00,-9.67635438e-02, 2.28903079e+00,-6.22485209e+00,
  -9.31733489e-01,-1.26758900e+01,-3.02143097e+00,-1.21512928e+01,
  -2.62638867e-01, 3.93891521e-02,-1.48023777e+01, 3.16040605e-01,
  -7.79226422e-01,-3.28806311e-01, 1.15031719e+00, 6.35997295e-01,
  -4.10410213e+00, 6.88108683e-01, 1.68375671e+00,-7.27820158e-01,
  -1.05180225e+01,-1.62005997e+00,-1.07436597e-01, 3.06183004e+00,
   9.16184425e-01, 1.00849009e+00,-2.47274423e+00,-2.47793913e+00,
   7.03853011e-01, 1.09369624e+00,-4.24765396e+00,-2.46314898e-01,
  -8.11273813e-01,-2.80174404e-01,-3.90999222e+00,-3.37170869e-01,
  -1.48185879e-01, 8.86943936e-01,-1.81801212e+00,-1.51145334e+01,
  -2.16655493e+00, 8.38622749e-01,-6.96804971e-02, 4.19765997e+00,
  -9.26153660e+00, 7.04682648e-01, 1.47083473e+00,-4.74422753e-01,
  -1.27507553e+01, 2.30174446e+00, 3.79531421e-02,-1.65109463e+01,
  -2.85829723e-01, 3.57480216e+00, 7.56904900e-01,-1.07061505e+00,
   2.96717405e+00,-1.32237082e+01, 3.67829174e-01, 3.63838464e-01},
 { 6.95478630e+00,-1.44472671e+00, 2.61570960e-02, 4.87319410e-01,
   1.36053577e-01,-3.80272126e+00, 5.80114663e-01,-5.10621011e-01,
  -2.34643221e-02, 2.75430083e-01, 5.98694801e-01,-6.47007048e-01,
   4.48584110e-01, 4.85863149e-01,-3.45334148e+00, 7.23219216e-01,
  -3.83555561e-01,-2.48819304e+00, 1.01775813e+00,-1.09789765e+00,
   1.00454724e+00, 1.63855040e+00,-4.51618731e-01,-1.32344520e+00,
  -3.44373435e-01, 2.48307392e-01,-1.05798876e+00, 5.35535291e-02,
   1.00418162e+00,-9.41140831e-01,-1.12833607e+00,-1.71996999e+00,
  -7.85932317e-02, 4.04178724e-02, 2.71802604e-01, 3.67041230e-01,
  -9.15293321e-02, 1.55701041e+00,-8.00360888e-02,-7.46070892e-02,
   3.62911597e-02, 5.62348306e-01, 9.97975618e-02,-1.29752353e-01,
   3.99632287e+00, 3.88274252e-01,-5.08150220e-01,-7.96317980e-02,
  -3.66017550e-01,-1.06861569e-01, 2.38568410e-01, 1.14953732e+00,
  -7.91773558e-01,-6.60709381e+00, 2.73025012e+00,-5.77894926e+00,
   1.69585788e+00,-4.02373940e-01, 2.24202180e+00,-1.44563973e+00,
  -1.96944326e-01,-5.70838824e-02, 1.38122916e-01,-3.76583767e+00,
  -2.09417999e-01,-2.36203939e-01, 1.52348888e+00,-2.73827648e+00,
  -1.86405873e+00,-7.18395114e-01, 7.65814543e-01, 8.54089737e+00,
   1.41621187e-01,-3.54909682e+00, 2.36555290e+00,-1.07590485e+01,
   4.01063710e-01, 1.70574952e-02,-1.42895210e+00,-4.67263967e-01,
   4.14271623e-01, 1.38896495e-01,-5.18082559e-01, 4.02547151e-01,
  -2.47879934e+00,-5.02118051e-01, 6.69087112e-01, 4.31572199e-01,
   7.46603012e+00, 5.96940994e-01, 1.99678108e-01, 1.95514989e+00,
  -1.85935393e-01,-7.30996609e+00,-1.66790180e+01,-2.91168213e+00,
   5.43498182e+00,-1.13354623e+00, 3.30490828e+00, 2.89075911e-01,
   4.41659689e-01,-1.57828122e-01,-1.22948682e+00, 7.84506574e-02,
  -1.88449487e-01,-8.95392001e-01,-3.95911843e-01, 1.32473433e+00,
  -2.16290593e-01,-2.95213014e-01,-1.66513368e-01, 2.30693817e+00,
   4.41098499e+00,-4.09391701e-01, 1.09091818e+00, 3.45536202e-01,
   1.96662855e+00,-3.50193596e+00,-5.21025598e-01, 7.16654539e+00,
  -5.11983693e-01,-3.62397861e+00,-2.83536017e-01,-5.85371375e-01,
  -2.68995190e+00,-6.22641039e+00,-3.23712200e-01,-4.55671728e-01},
 { 3.86531502e-02, 1.48769403e-02,-9.31266621e-02,-7.57680982e-02,
   2.53474899e-03,-9.55820158e-02,-3.18421647e-02,-9.61083397e-02,
  -2.42048390e-02,-8.58830288e-04, 1.94386356e-02, 1.46542359e-02,
  -8.15784931e-02,-2.47566290e-02,-3.54808383e-02,-3.37958559e-02,
  -7.69088641e-02, 3.23883630e-02,-5.99546246e-02,-1.11060534e-02,
   4.98505533e-02,-1.17525356e-02,-1.02490909e-01,-6.42585531e-02,
  -4.11998294e-02, 2.73325145e-02,-1.57720018e-02,-1.68597954e-03,
  -9.89376456e-02,-3.62094641e-02,-2.39241589e-03,-2.71602497e-02,
   4.14703563e-02,-4.37222831e-02,-1.38970628e-01, 1.19417002e-02,
   9.15717985e-03, 2.38175057e-02,-1.35094196e-01,-9.08199847e-02,
  -8.39223787e-02, 9.70225490e-04,-3.57749946e-02,-6.27611428e-02,
  -4.15611193e-02,-9.95836481e-02, 3.76719385e-02,-1.09645285e-01,
   9.26473178e-03,-1.25680566e-01,-5.35289384e-02,-5.67552857e-02,
   2.78682820e-02,-9.40879211e-02,-6.07552798e-03,-8.35200548e-02,
   2.20424607e-02,-4.40359395e-03,-1.02148831e-01,-1.60180088e-02,
  -6.68649897e-02,-9.89369601e-02,-6.23684637e-02, 1.48888556e-02,
   1.98066998e-02,-3.38733718e-02,-8.58182460e-02,-4.95218672e-02,
  -4.54771295e-02, 2.36829575e-02, 4.10582907e-02, 6.88628387e-03,
  -4.18497361e-02,-1.08073466e-01,-9.61328074e-02, 2.98323650e-02,
  -1.62963599e-01,-9.65573192e-02,-5.42033985e-02,-6.76873177e-02,
  -1.09772280e-01,-1.13999620e-01,-1.30336406e-02,-7.20547289e-02,
  -6.05899990e-02, 1.24640726e-02,-9.10755917e-02,-5.84591515e-02,
   2.14482006e-02,-1.22952193e-01,-8.53531212e-02,-1.30813876e-02,
  -2.59370189e-02, 4.22715023e-02,-3.41521129e-02,-4.66354713e-02,
  -1.09331764e-01, 1.07965758e-02,-1.14584900e-01,-5.06074540e-02,
  -3.97840291e-02,-5.91433533e-02, 6.51394203e-03,-7.83316121e-02,
  -1.87041610e-02,-7.61674996e-03,-2.15018950e-02,-8.21855590e-02,
  -6.06843680e-02, 6.80455705e-03,-1.36972904e-01,-2.16024835e-02,
  -5.77392802e-03, 7.05305412e-02,-6.30618930e-02,-4.63714786e-02,
  -5.94537668e-02,-9.79438201e-02, 1.19253725e-03,-1.31586730e-01,
   4.92261499e-02, 4.96422797e-02,-2.98069846e-02, 5.26685826e-02,
  -4.29487899e-02, 6.32648822e-03,-6.80809766e-02,-9.31342468e-02},
 {-3.39805149e-02,-6.79629296e-02,-8.42912868e-02,-1.14216238e-01,
  -1.06611386e-01,-8.51532742e-02,-4.54747025e-03,-1.23316616e-01,
  -2.00098921e-02,-1.84994452e-02, 5.63800484e-02,-9.32417996e-03,
  -1.31618470e-01,-4.43872102e-02,-7.68995956e-02,-4.07950021e-02,
  -3.02925874e-02,-1.34355742e-02,-1.05824498e-02,-1.41394651e-02,
  -8.84897187e-02, 3.08195725e-02,-1.66166399e-04,-5.31591289e-02,
  -1.40717044e-01,-1.18522532e-01,-1.53000029e-02,-1.72995105e-02,
   5.58455996e-02, 2.71188468e-02,-1.08830538e-03, 1.96193252e-02,
   5.03177457e-02,-3.34201120e-02, 3.17846937e-03,-9.67334658e-02,
  -6.83217198e-02,-2.40886435e-02,-4.08561453e-02,-6.12274893e-02,
  -6.05442710e-02,-9.07231197e-02, 1.23822466e-02,-3.48823778e-02,
  -3.50169465e-02,-1.31435215e-01,-9.19976681e-02,-1.31734898e-02,
  -9.59683284e-02,-1.60944853e-02,-3.22280079e-03,-5.44909164e-02,
  -9.75333676e-02,-1.29565179e-01, 2.64449827e-02,-9.09038819e-03,
  -5.57242371e-02,-1.12184726e-01,-6.31712601e-02,-5.25623076e-02,
   2.48268060e-02,-8.07343721e-02,-1.01426668e-01,-9.77194980e-02,
   3.22775133e-02,-3.78254279e-02,-1.39443681e-01,-9.25756991e-02,
  -1.78432316e-01,-1.03773931e-02,-4.85435277e-02,-1.99482664e-02,
  -4.00474966e-02,-1.15114555e-01,-1.13624938e-01,-1.00348152e-01,
  -1.11126855e-01,-6.89448277e-03,-8.41186643e-02,-3.18403170e-02,
  -2.77291555e-02, 6.26821117e-03,-4.97202612e-02, 8.30438361e-02,
  -1.46428660e-01,-9.56563875e-02,-8.69820192e-02,-1.44941404e-01,
   3.24262381e-02,-7.54702687e-02, 1.67773012e-02, 8.01622719e-02,
  -3.19214649e-02,-1.15724709e-02, 4.89845797e-02, 2.66018808e-02,
  -1.35191903e-01,-4.76535894e-02,-1.06228895e-01, 2.64717266e-02,
  -4.94748130e-02,-3.13988328e-02,-6.97629675e-02,-9.39984620e-02,
  -4.65853028e-02, 5.81473205e-03,-1.27590552e-01,-5.93335032e-02,
   5.76213328e-03, 2.14661900e-02,-8.76018777e-02, 4.83579002e-02,
  -2.81485878e-02, 4.90131695e-03,-2.18693018e-02,-1.16520971e-01,
  -5.75716645e-02,-5.98875098e-02,-1.14476238e-03,-1.23132206e-01,
   4.02787216e-02,-1.13370478e-01, 1.70839522e-02, 2.67160852e-02,
  -9.99120716e-03,-3.69740687e-02, 1.12569453e-02,-5.25272563e-02},
 {-3.04124624e-01,-2.85350196e-02,-1.00088760e-01,-3.61445695e-01,
   8.51812884e-02, 2.83503737e-02,-2.66383380e-01,-1.47573685e-03,
   1.44372821e-01, 5.46227992e-02,-1.95102346e+00,-1.10665306e-01,
   3.62668872e-01,-7.65718877e-01,-9.70351601e+00,-1.10836945e+01,
  -8.77349004e-02,-1.97220457e+00, 1.19478531e-01, 4.28713751e+00,
   1.45669535e-01, 3.97485542e+00, 1.62785947e+00, 4.32739630e-02,
  -1.36851156e-02,-9.17773366e-01,-1.53819397e-01, 1.28924239e+00,
   8.53075147e-01,-3.77842411e-02, 5.30763447e-01,-3.97687256e-01,
   3.42672676e-01,-1.14187077e-01,-1.28514128e+01,-3.68095398e-01,
   1.02902412e+00,-6.26333877e-02, 7.56198502e+00,-3.17836499e+00,
   3.66945505e+00, 1.05296321e-01, 8.94891918e-02,-9.92290974e+00,
   4.88823690e-02, 8.93335760e-01, 1.57605335e-02, 4.42910902e-02,
   1.15820646e+00, 3.92218798e-01,-6.07872708e-03,-1.97035456e+00,
  -1.73981590e+01, 5.14556706e-01, 1.65604278e-01, 4.12292182e-01,
  -1.35255325e+00,-2.92297274e-01, 5.76349534e-02,-1.98062975e-02,
   1.60659716e-01, 2.33944964e+00, 4.41231817e-01,-2.43409164e-02,
   1.30524307e-01,-2.62585425e+00,-2.06603810e-01,-1.55352503e-01,
   3.21389854e-01, 4.64073658e+00, 1.52587011e-01, 4.09503937e-01,
   8.56800452e-02,-7.57174444e+00, 1.46062982e+00,-1.01466544e-01,
  -4.70031691e+00,-6.36248541e+00, 1.50419384e-01,-2.94962794e-01,
  -5.15006483e-01,-2.74489462e-01, 1.22689931e-02, 9.02943802e+00,
  -5.03521971e-02, 1.60504922e-01,-2.14459728e-02, 1.51133461e+01,
  -6.18014224e-02, 1.90861440e+00,-6.48135766e-02, 4.54585344e-01,
   4.79026169e-01,-6.60057068e-01,-3.04175067e+00,-4.77946937e-01,
  -7.15246573e-02,-1.72481384e+01,-1.85460532e+00, 3.58684003e-01,
   4.42784876e-02,-2.19266593e-01,-2.50241123e-02,-2.49487400e-01,
  -2.20484793e-01,-2.33914815e-02,-1.04036946e-02, 3.89149063e-03,
   7.31287971e-02,-3.73487264e-01, 2.83399701e-01, 7.52888799e-01,
   2.12001845e-01,-4.78893310e-01,-7.68240616e-02, 1.66197360e-01,
   4.16455008e-02,-1.18094480e+00, 4.13520193e+00,-1.94389969e-01,
  -1.33380041e-01, 1.58963561e+00, 2.99786497e-02, 2.72287631e+00,
   3.77268940e-01, 6.08028829e-01, 2.47489527e-01, 1.25930980e-01},
 {-2.62305570e+00, 9.55882251e-01, 1.17412722e+00,-1.59788632e+00,
  -2.96847820e+00, 3.67204368e-01,-3.77475098e-02,-3.22427025e+01,
   3.01420301e-01,-2.07502437e+00,-9.52817142e-01, 1.07418907e+00,
   2.70201843e-02,-1.67461753e-01, 2.16982460e+00,-3.55702072e-01,
  -6.13846660e-01, 2.38894987e+00,-4.96814871e+00, 2.06499910e+00,
  -1.41610086e+00,-1.96481967e+00, 5.13532579e-01,-8.87888074e-01,
   2.61756182e+00, 3.16638708e-01,-1.80395663e+00, 2.03068200e-02,
  -3.92134953e+00,-1.94910038e+00, 9.09305692e-01,-3.05475116e-01,
  -9.32555616e-01, 1.05351068e-01,-1.21494842e+00,-4.00640130e-01,
  -2.09264696e-01,-2.96452940e-01, 1.26784742e-01, 1.16387880e+00,
  -7.83757806e-01,-2.26894832e+00,-4.58880752e-01, 1.45256847e-01,
  -5.77983904e+00,-4.77983415e-01,-4.81897919e-03,-6.00568247e+00,
   4.99097675e-01,-4.49551595e-03,-1.96546435e-01,-2.31369674e-01,
   1.61668420e-01, 4.35186005e+00, 9.26330209e-01,-1.09888542e+00,
  -1.47319365e+00, 1.04087520e+00,-2.35608006e+00, 1.21309197e+00,
   7.01147318e-01, 2.93939322e-01, 2.53896475e+00, 3.75612199e-01,
  -8.20091665e-02,-2.43586197e-01,-1.32486594e+00,-8.59844017e+00,
  -1.52609795e-01, 3.11985552e-01,-1.15782464e+00, 1.36362636e+00,
  -1.23561459e+01,-2.50082827e+00,-3.03015089e+00,-3.73848152e+00,
  -1.72042459e-01,-8.09401721e-02,-7.07550144e+00,-1.20748254e-02,
  -4.74123061e-01,-1.40021908e+00, 1.84260547e+00,-1.85938597e-01,
   1.96101010e+00, 1.22841763e+00,-1.19297516e+00, 1.65632915e+00,
  -1.14367974e+00,-7.93839525e-03,-5.33088505e-01,-2.66803432e+00,
   1.05000329e+00,-3.91213083e+00, 4.29486418e+00, 3.09324598e+00,
  -5.54566026e-01,-1.28674865e+00, 1.49460053e+00, 4.09352109e-02,
   1.99201512e+00,-2.86369953e+01,-1.88455045e+00,-2.72310406e-01,
  -2.17488796e-01, 7.55136251e-01,-6.15639210e+00, 1.49615645e+00,
  -1.65943921e+00,-6.01858437e-01, 9.36275065e-01,-6.14632416e+00,
  -7.53767920e+00,-5.05910397e-01, 6.92782879e+00,-7.27644205e-01,
  -4.24935818e+00,-1.67037392e+00,-3.54959816e-02,-9.73884106e+00,
   4.95702982e-01, 4.45155430e+00, 1.96906769e+00,-2.17917657e+00,
   2.44599080e+00,-4.99605513e+00,-2.11675689e-02,-9.22848225e-01},
 {-7.09072113e-01,-3.60576487e+00,-7.74511814e+00, 3.12221259e-01,
  -1.30895662e+00,-5.15832782e-01, 1.32283056e+00, 9.35503066e-01,
  -5.75084150e-01,-1.47386420e+00, 6.83690071e-01,-2.90161759e-01,
   5.67295194e-01,-1.81583881e+01,-7.60949421e+00,-8.98006201e-01,
   3.15689278e+00,-6.00971413e+00, 1.04185247e+00, 1.01167405e+00,
   8.69938612e-01,-3.22895336e+00,-1.55843496e+00,-6.29071593e-01,
   2.08878160e+00,-7.67088354e-01, 2.14093521e-01,-4.57188576e-01,
   1.34996414e+00,-3.69834590e+00,-2.07467973e-01, 2.93105316e+00,
   1.04543340e+00, 7.07357526e-01,-4.09117317e+00, 1.10114622e+00,
  -2.36200762e+00,-2.15422988e+00,-1.71326208e+00, 1.02798777e+01,
  -3.63626719e+00, 8.08333111e+00,-2.34051371e+00,-1.39785986e+01,
  -2.98038769e+00,-2.21145391e+00,-2.12825227e+00,-1.34709287e+00,
  -6.94287658e-01, 1.35169661e+00,-1.27347660e+00,-3.11930084e+00,
   6.94589472e+00, 2.76304722e+00,-7.60701990e+00, 9.98845160e-01,
  -1.12173891e+00, 1.78469384e+00, 3.13396883e+00,-1.79210767e-01,
  -1.26964891e+00,-5.85592794e+00, 1.52076945e-01,-1.76881742e+00,
   6.28259122e-01,-1.56482196e+00, 1.31133521e+00, 4.29989785e-01,
   1.40509701e+00,-1.10350680e+00,-4.99986649e+00, 3.90270686e+00,
   9.36847746e-01,-4.07101774e+00, 1.16229773e+00,-5.21639252e+00,
   6.14166260e-01, 2.60236597e+00,-5.63230217e-01,-1.86778140e+00,
   4.25568104e+00,-3.63513269e-02,-1.52198040e+00, 9.91167831e+00,
  -5.04322052e-01, 4.77304697e+00,-2.75203180e+00, 4.84786558e+00,
   4.88876075e-01,-3.81860685e+00,-9.54697013e-01, 1.47299421e+00,
  -3.61767197e+00,-3.09266537e-01,-4.14252234e+00,-1.72522092e+00,
   3.31654608e-01, 8.35819530e+00,-1.16567409e+00, 1.78276563e+00,
   2.50547051e+00, 5.17648995e-01,-2.51131207e-01, 8.65039825e-01,
   1.20308727e-01, 7.79002845e-01, 9.80848432e-01, 8.09785962e-01,
  -7.83658206e-01,-1.45873040e-01, 2.08391380e+00,-1.60782948e-01,
   3.96063566e+00,-1.12731624e+00, 1.41024137e+00,-9.82246685e+00,
   2.33763433e+00, 3.37840056e+00, 3.44376874e+00,-1.32483459e+00,
   3.20712119e-01, 1.32469267e-01, 2.56279373e+00, 3.83376169e+00,
  -3.12699008e+00, 3.22071254e-01, 8.53137791e-01,-1.39811230e+00},
 { 2.15387508e-01, 2.19061041e+00, 3.07679307e-02, 1.15837604e-02,
   3.82046700e-02, 2.82764551e-03, 1.33331227e+00,-4.50122096e-02,
   3.48747373e-02, 1.50928780e-01, 8.19166824e-02,-3.60535868e-02,
  -4.35549587e-01,-1.21438228e-01,-1.95872948e-01,-2.86552358e+00,
  -6.25173002e-02,-1.59266382e-01,-2.99310293e-02,-6.01464398e-02,
  -2.69521195e-02,-7.53542304e-01, 8.94497097e-01,-5.12236431e-02,
  -1.13678545e-01,-7.68454745e-02,-4.73597012e-02, 1.80772686e+00,
  -4.44596142e-01, 1.11024484e-01, 6.84058145e-02, 1.98953480e-01,
  -2.23075315e-01,-4.07940969e-02,-6.14999473e-01, 1.83756366e-01,
   2.38026809e-02, 6.06462620e-02,-7.61691809e-01, 8.15158844e-01,
  -7.50343204e-01, 3.98924425e-02, 3.99605066e-01, 1.76852956e-01,
   2.99854334e-02,-1.12440324e+00, 3.03721637e-03, 8.66981223e-02,
  -1.84064079e-02, 5.51121414e-01,-7.94716167e+00, 6.06067590e-02,
   1.01104631e+01, 1.98169589e-01, 8.07981268e-02, 5.17535806e-02,
  -7.78083950e-02, 5.80314755e-01, 2.37913057e-01,-8.19446072e-02,
   8.41556415e-02,-1.92179561e+00, 6.47891104e-01, 4.07505669e-02,
   7.52185509e-02, 6.50585532e-01,-1.04432687e-01, 1.02819793e-03,
   1.36122614e-01, 5.26369619e+00, 1.92965138e+00,-9.13219750e-01,
  -5.33078332e-04,-1.34538963e-01, 1.94164813e-02,-1.68249309e-01,
  -1.73422253e+00,-7.70609140e-01, 3.88602823e-01, 9.89325494e-02,
   4.40650433e-02,-7.46840090e-02, 3.25493291e-02,-4.61606011e-02,
   1.67290680e-02,-2.13310555e-01, 8.21582377e-02,-1.96599579e+00,
  -6.25995472e-02,-3.79341602e-01, 7.73707312e-03, 4.18895520e-02,
  -1.90199077e+00, 7.31908083e-01, 9.67951119e-02, 5.11502698e-02,
  -3.23926434e-02, 6.12487602e+00,-7.73994982e-01,-6.80758572e+00,
  -9.07136202e-02,-3.36032808e-02, 8.80251586e-01, 1.10471070e+00,
  -1.07991442e-01, 3.23681459e-02,-6.80477768e-02, 1.62934493e-02,
  -8.72019585e-03, 1.95816964e-01,-1.76497009e-02, 5.36514103e-01,
  -1.96073279e-01, 3.04863174e-02, 1.37628838e-01, 2.88678765e+00,
  -1.54084507e-02,-5.60180545e-01, 2.73966169e+00, 7.31907412e-02,
  -1.73576117e+00, 3.89873534e-01, 1.26995862e-01, 4.39828128e-01,
  -5.84212601e-01, 8.08032006e-02, 5.08194417e-02, 1.69502780e-01},
 { 1.70432508e-01,-6.34962320e+00,-3.71236593e-01, 3.54048699e-01,
   3.99916112e-01,-1.42497659e-01, 7.27691472e-01, 6.12780988e-01,
  -2.56290030e+00,-2.74725151e+00, 1.05064917e+00,-3.37114669e-02,
  -6.74572277e+00,-1.33177710e+00,-1.21053278e+00,-1.14758139e+01,
   4.41721052e-01,-2.05902243e+00, 1.97340176e-02, 7.35902011e-01,
   8.54543924e-01,-6.52268007e-02, 3.31036258e+00, 2.97864884e-01,
   4.92419600e-01, 4.15987343e-01,-7.55438805e-02, 7.66439969e-03,
  -1.58922398e+00,-1.51182815e-01, 8.18424523e-01, 2.51668167e+00,
  -4.16087246e+00,-5.47741294e-01, 2.63880038e+00, 5.67627132e-01,
  -1.91872030e-01,-1.97247073e-01,-3.09318113e+00, 5.77533579e+00,
  -2.87638521e+00, 3.90718877e-01, 8.82796288e-01,-3.78873229e+00,
  -7.00194776e-01,-4.52898788e+00, 9.29551601e-01,-2.13752687e-01,
  -1.69867015e+00,-5.03369188e+00,-4.47775745e+00, 6.04292005e-02,
   1.20696831e+01, 6.51805222e-01,-6.28346920e-01,-2.92293519e-01,
  -1.04730487e+00,-1.50796637e-01, 4.67392588e+00, 1.78957209e-01,
   3.79401475e-01,-4.55911303e+00, 1.58470154e+00,-3.61755013e-01,
   2.02834919e-01,-7.07083893e+00,-2.19202191e-01,-1.10100349e-02,
   1.11843068e-02, 4.37035847e+00,-2.19230890e+00, 6.73581958e-01,
  -3.99363250e-01, 7.14230680e+00,-6.63360953e-02, 3.59241925e-02,
  -2.20761847e+00, 1.84854341e+00,-1.45381761e+00, 1.76964033e+00,
   1.72536361e+00,-4.45972204e-01,-6.38991892e-02,-4.91166443e-01,
   1.34506822e-01, 3.41919325e-02,-6.45121336e-02,-3.72668304e+01,
   5.97736597e-01, 1.77131784e+00,-1.61414468e+00,-4.48315412e-01,
  -8.22097397e+00, 4.83972020e-02, 1.66410841e-02, 1.05093324e+00,
   3.71398171e-03, 9.15268362e-01, 2.09432602e-01,-4.03645366e-01,
   2.28938401e-01,-2.70735770e-01,-2.90816993e-01, 4.73861361e+00,
   2.98879313e+00, 6.01791322e-01, 1.88384235e-01, 2.17256606e-01,
   1.41223088e-01, 3.02764207e-01,-2.33694807e-01, 1.74094006e-01,
   4.34336722e-01, 6.30112350e-01,-4.31246936e-01,-1.94921374e+00,
  -3.22254270e-01, 2.99375117e-01, 1.73761158e+01, 6.60913587e-02,
  -2.02154204e-01,-6.28911400e+00, 1.39791381e+00,-2.79822993e+00,
   3.69446218e-01, 7.01107919e-01,-5.38427711e-01,-3.53674173e-01},
 { 1.34362066e+00, 1.05463348e-01, 8.08593464e+00,-1.93188393e+00,
   6.55172318e-02,-1.18077040e+00, 9.28087085e-02, 2.41665304e-01,
  -4.48818132e-02,-2.41345733e-01,-1.40924439e-01,-2.44658113e+00,
  -6.24623708e-02,-1.32337317e-01, 7.57100940e-01, 1.63791108e+00,
  -1.40162325e+00, 1.55128716e-02,-5.00766706e+00, 1.23344094e-01,
  -1.45173538e-03, 6.96470961e-02,-1.06438994e-01, 6.32901847e-01,
   2.29448512e-01, 2.52297044e+00, 1.03582982e-02, 2.48939376e-02,
   3.01219430e-02,-7.00633001e+00, 3.52255180e-02,-6.26734793e-01,
   1.04661040e-01,-1.13685755e-02, 1.72719538e-01, 4.45637740e-02,
  -5.35865873e-02, 2.13876343e+00,-1.40901282e-01,-7.99326152e-02,
  -2.07010895e-01, 8.65703464e-01,-2.55779922e-02, 3.94049026e-02,
  -1.70409620e-01,-2.49713808e-02, 8.55249465e-01, 2.59637094e+00,
   1.28278472e-02, 1.83456227e-01,-4.21225876e-02,-2.30860002e-02,
   1.49160314e+00,-2.56201196e+00, 3.74186587e+00,-5.48616290e-01,
  -1.70686767e-02, 7.52383024e-02,-7.15555191e-01,-1.03674326e+01,
  -6.28575385e-02, 5.90257570e-02,-4.96886596e-02,-3.72082639e+00,
  -6.40942287e+00, 3.81077439e-01,-3.65652514e+00,-4.67842758e-01,
  -2.95251179e+00, 2.55113816e+00,-1.20143986e+00,-1.62907753e+01,
   5.05640991e-02, 2.94497132e-01,-4.29234117e-01, 3.28664088e+00,
   1.13427833e-01, 1.10168299e-02,-4.52088976e+00, 1.62519664e-01,
  -1.92296263e-02, 4.27990258e-02, 7.75968218e+00,-2.91165173e-01,
  -8.93513262e-02,-6.70977682e-02, 5.90000093e-01,-7.94847608e-01,
  -8.30237484e+00,-1.81048021e-01,-1.13303855e-01,-6.15851395e-02,
  -1.29724753e+00,-3.49967861e+00, 4.03621346e-01, 3.86441112e-01,
  -1.32706016e-01, 3.56324959e+00,-3.57866430e+00, 1.67098165e-01,
  -2.58189225e+00,-1.51427770e-02,-3.97588052e-02,-1.01917153e-02,
   9.70255509e-02, 7.89941996e-02,-3.13634694e-01,-5.77413857e-01,
   1.22601712e+00, 1.30476761e+00, 3.13136377e-03,-4.22398359e-01,
  -2.19324570e+01,-1.41102955e-01, 3.18765664e+00, 3.62688638e-02,
  -9.30368614e+00,-1.43832302e+00, 4.19242203e-01,-7.35095549e+00,
   1.03390785e-02, 3.49037617e-01,-1.28008574e-02, 4.42076847e-02,
   2.36878648e-01,-2.30370052e-02, 7.25670159e-02, 8.99450481e-02},
 {-3.96780252e+00, 5.69869161e-01, 3.55645537e+00,-1.27980554e+00,
   4.76136655e-01, 3.30515951e-01, 1.61585703e-01,-1.99933815e+01,
   7.93073833e-01,-1.19132662e+00,-8.86531353e-01,-8.46891105e-02,
  -7.99723744e-01,-2.26269221e+00,-1.84874380e+00, 1.31140792e+00,
   2.06311750e+00, 2.95340925e-01,-8.74988365e+00,-7.52000809e-01,
  -1.80390024e+00,-1.63928628e-01, 1.78991783e+00,-2.07377577e+00,
  -2.64821219e+00, 9.31855679e-01, 2.66946363e+00, 2.61820793e-01,
   1.92657983e+00, 7.86152005e-01,-4.37135315e+00, 8.95366013e-01,
  -3.62981892e+00,-1.66255331e+00,-1.63096655e-02,-1.39568782e+00,
  -1.56837308e+00,-1.73184788e+00, 1.30977488e+00,-8.16269457e-01,
   6.65162623e-01,-8.88965797e+00,-1.67210984e+00,-8.47107649e-01,
  -3.73448431e-02,-9.00000811e-01,-3.75492954e+00, 9.55776513e-01,
  -5.57278812e-01,-2.66576737e-01, 1.07227445e+00, 3.58215630e-01,
   2.18563628e+00, 2.38069439e+00, 2.34551954e+00, 1.21555126e+00,
   4.70599890e-01,-1.05484247e+00,-2.02684593e+00, 1.47491789e+00,
   1.25113773e+00,-1.21197924e-01, 1.06361401e+00,-1.81198049e+00,
   1.54752398e+00, 5.22346616e-01,-3.99400640e+00,-1.43096566e+00,
   1.98710665e-01, 2.23870683e+00, 2.32375979e+00,-6.62059832e+00,
  -2.32377720e+00, 1.52574825e+01,-2.21068931e+00,-2.65790462e+00,
  -2.92001277e-01,-3.82406682e-01,-4.44203997e+00,-2.73327082e-01,
   1.16422522e+00,-1.32781875e+00, 9.45721090e-01,-2.89353108e+00,
  -5.62697363e+00, 2.14441395e+00,-1.07684577e+00, 6.85293376e-01,
  -1.56814156e+01, 1.25290847e+00,-1.23106904e-01,-2.58936787e+00,
   2.36165810e+00,-3.38006687e+00, 1.64221439e+01, 2.71051621e+00,
   1.92434883e+00, 3.56158882e-01, 4.89333677e+00,-1.61236036e+00,
  -1.23092449e+00,-1.10108376e+00,-5.22646368e-01,-4.94490355e-01,
   1.19785655e+00,-2.26004863e+00,-4.62251997e+00, 1.31048965e+00,
   3.18190145e+00, 1.69491231e+00, 8.35928500e-01,-2.05577421e+00,
  -1.35820742e+01, 6.80205882e-01, 2.43904686e+00, 2.40930483e-01,
  -3.91045666e+00, 1.89814568e+00, 1.69358671e-01, 2.20632529e+00,
  -7.48087585e-01, 5.61589003e+00, 2.28594482e-01,-1.26173425e+00,
   5.93799353e-01,-2.35433984e+00, 4.87511069e-01,-8.64777470e+00},
 {-1.95478582e+00, 1.28765583e-01,-1.50306149e+01,-8.04076791e-02,
  -5.18144965e-02, 1.13833976e+00, 2.67042797e-02, 2.12266594e-01,
  -2.38692071e-02, 2.99206406e-01, 2.11461723e-01, 2.98489642e+00,
  -8.07836279e-02, 7.23736063e-02,-9.35437918e-01,-1.42752194e+00,
   1.27945340e+00, 4.63934392e-02, 3.53392452e-01,-2.28198245e-01,
  -8.17481056e-02, 9.46403667e-02, 4.00574245e-02,-1.62233755e-01,
  -2.26463154e-01, 2.58207470e-01, 1.45380693e-02,-3.36702215e-03,
   1.31050134e+00,-4.32558966e+00,-7.64509141e-02, 4.53983294e-03,
  -2.05504835e-01,-4.79957648e-02,-1.26387358e-01,-6.08179858e-03,
  -2.02944484e-02,-1.43333983e+00, 1.91471711e-01, 2.91373897e-02,
   2.06385598e-01,-9.74458599e+00, 6.50566816e-03,-2.76993774e-02,
  -1.54887044e+00, 3.16050351e-02,-1.06817186e+00,-6.09785080e-01,
   4.03528437e-02,-1.16704948e-01, 7.51940906e-02, 1.30771368e-05,
  -6.59227431e-01, 5.77257931e-01,-3.13432479e+00, 5.73286600e-02,
   4.75441180e-02,-6.13392517e-02, 7.09108889e-01, 3.43960337e-02,
  -9.27422792e-02,-3.03512271e-02, 2.14551762e-02,-9.87007976e-01,
   3.80337644e+00,-2.99115121e-01, 2.39218786e-01, 1.75974309e-01,
  -6.04863453e+00, 2.07723117e+00, 3.56077242e+00, 9.70041084e+00,
  -7.28707761e-03, 2.65015864e+00, 3.18144411e-01,-8.17559052e+00,
  -4.99093980e-02, 2.38645468e-02,-5.02211787e-02,-8.62742588e-02,
  -1.95084233e-02,-9.76261348e-02,-9.76724446e-01, 2.53799558e-01,
   9.14098680e-01,-4.23056111e-02,-1.80787926e+01, 6.55977309e-01,
   4.99624908e-01, 2.83762246e-01, 9.72571895e-02, 4.62478586e-02,
   1.20256877e+00,-7.55306125e-01,-1.48257685e+01,-3.00774813e-01,
  -1.42006832e-03,-8.99978042e-01,-3.40806198e+00,-1.17179155e-01,
   2.23267078e+00, 3.87142152e-02,-1.50649473e-01, 1.04545383e-02,
  -1.41184568e-01,-1.05268486e-01, 2.24261299e-01, 4.55307633e-01,
  -2.58570492e-01, 1.66049823e-01,-6.60900120e-03,-5.96290752e-02,
  -6.64706850e+00, 7.81202968e-03,-2.22959447e+00,-1.70132548e-01,
   9.28977680e+00, 7.96003461e-01,-4.34966058e-01,-1.54235315e+01,
  -1.78559171e-03, 5.14832973e-01, 4.28968715e-03,-1.38269350e-01,
  -2.25387812e-01,-3.55030852e-03,-8.21642131e-02,-1.32865593e-01},
 { 2.44317150e+00, 3.86528325e+00, 6.53222978e-01,-1.62993801e+00,
  -5.53161442e-01,-6.27512574e-01, 1.06895685e+00, 6.58195615e-01,
  -9.48045790e-01, 6.41658187e-01,-4.39157724e+00,-2.09216309e+00,
   6.40094995e-01, 1.48989809e+00, 3.78200245e+00,-1.86799109e-01,
   1.46196163e+00, 2.02381635e+00, 1.45919538e+00, 2.27261949e+00,
  -4.43748093e+00,-1.86412334e+01,-1.89783919e+00, 2.60640717e+00,
   8.40977550e-01,-8.67457390e+00,-1.72239757e+00,-6.79987520e-02,
   9.16552782e-01,-2.41696000e+00,-7.47444451e-01,-8.69049835e+00,
  -1.33968163e+00,-5.99059165e-01, 1.80039197e-01, 1.14464915e+00,
  -2.27912831e+00,-1.57447493e+00,-5.69711685e-01, 9.64280963e-01,
  -6.76863968e-01,-2.09190941e+00, 2.16654086e+00, 1.33441627e-01,
  -1.55592598e-02, 1.02150965e+00,-6.86569870e-01, 7.35421658e-01,
   4.39611197e-01, 4.09540176e-01,-1.47677982e+00,-2.61737943e+00,
  -9.66180682e-01, 5.31895018e+00,-1.22187805e+00, 1.01209521e+00,
   2.51814485e-01,-1.23832381e+00,-4.81755924e+00,-2.07288456e+00,
  -3.42505407e+00,-1.06180519e-01, 3.05288821e-01,-5.39741516e+00,
   6.76153708e+00,-1.94045901e-01, 1.29911393e-01, 1.22903371e+00,
   1.23562944e+00, 2.61361742e+00,-6.72401488e-01, 3.40716958e+00,
   7.92200804e-01, 6.09206796e-01,-2.09869766e+00,-6.23751163e-01,
   8.68002176e-01,-3.64779383e-02,-1.14380586e+00, 7.46031523e-01,
  -9.55692768e-01, 2.23686233e-01,-9.88249183e-01,-7.43340373e-01,
   3.03450775e+00,-4.19982046e-01, 9.33893919e-01, 5.64475417e-01,
   4.08878803e-01, 2.26540136e+00,-3.95443767e-01, 2.43739629e+00,
   3.57247615e+00,-1.63095808e+00, 7.30793619e+00,-1.22651815e+00,
  -2.38757253e+00, 1.80571830e+00, 4.77427387e+00,-6.22326583e-02,
   1.53868437e+00, 4.44667518e-01, 4.54582977e+00, 1.65213299e+00,
  -1.16058302e+00, 1.18715250e+00, 4.81980890e-01, 5.24870694e-01,
   7.93119490e-01, 7.78741717e-01,-7.88897872e-01, 1.15685129e+00,
   1.62751210e+00,-1.90213954e+00, 3.20616627e+00,-1.57657123e+00,
  -1.01316051e+01,-4.71269655e+00,-1.98018178e-01,-5.01802266e-01,
   1.63386416e+00,-1.64900839e+00, 2.31462747e-01,-4.22960579e-01,
   5.30585909e+00,-6.52662516e-01,-8.04119647e-01, 2.67074406e-01},
 { 2.62392950e+00,-2.59542370e+00,-1.70609221e-01,-7.15746880e-01,
  -1.19620252e+00, 8.86454344e-01, 7.19325364e-01, 3.57499450e-01,
  -9.80107248e-01, 3.25364470e+00, 1.05523346e-02, 4.75861877e-01,
   1.85562279e-02, 2.43780565e+00,-5.33375740e+00,-5.71565819e+00,
  -1.92422128e+00,-5.70377207e+00,-2.90270519e+00, 4.58393753e-01,
   6.52543211e+00,-3.58514285e+00, 1.94221830e+00, 1.68871057e+00,
  -2.56891870e+00, 9.13941041e-02, 1.76977313e+00,-8.69248137e-02,
   4.29781246e+00, 8.90430689e-01, 1.58415759e+00,-1.79202235e+00,
  -7.18794441e+00,-2.05411768e+00,-5.43981016e-01, 5.64339578e-01,
   3.03927034e-01, 1.56891322e+00,-1.02755988e+00,-6.79307640e-01,
  -6.66406527e-02,-3.03661728e+00, 1.95207584e+00,-2.32902336e+00,
   6.77404702e-01, 7.53890812e-01, 6.27563417e-01, 2.83142086e-02,
  -3.30759263e+00, 1.22172460e-01,-3.01801491e+00,-1.87311757e+00,
   2.49115276e+00, 1.04532754e+00,-5.85682571e-01, 1.94611803e-01,
  -1.05549765e+00, 5.91802299e-01,-1.74399328e+00, 1.25583172e+00,
  -3.23909491e-01,-2.40287161e+00,-8.45549941e-01, 8.86586607e-01,
   2.26117939e-01, 1.59889925e+00,-7.00386763e-01,-3.86168313e+00,
  -1.39347124e+00,-6.42685127e+00,-5.06358957e+00,-6.46311522e-01,
  -5.85004032e-01, 8.75829220e-01, 1.45608270e+00, 2.02466416e+00,
   4.22045201e-01,-7.88405463e-02,-2.38325208e-01,-2.42501664e+00,
   2.01099062e+00,-3.17546546e-01,-6.34742439e-01, 1.91336906e+00,
   8.28246653e-01,-8.61933804e+00, 1.49552786e+00, 2.06199169e+00,
   2.07186604e+00,-2.72078085e+00, 6.92259169e+00,-8.46706152e-01,
  -1.89544368e+00,-4.61483669e+00,-1.39800668e+00,-1.34069920e+00,
  -1.74770510e+00,-1.11223662e+00, 1.39802694e-01, 1.84142876e+00,
   2.32998803e-01, 9.33499336e-01,-1.16543519e+00,-1.75529730e+00,
   3.07861471e+00, 1.54880500e+00,-2.02600265e+00,-1.99203134e+00,
   9.44345355e-01, 7.06989825e-01,-2.42885709e+00,-2.00544357e+00,
   7.27192926e+00, 3.11204374e-01,-1.23423195e+00, 6.05369031e-01,
   1.36681032e+00, 5.34469843e-01,-4.23383665e+00,-5.68617284e-01,
  -2.35382104e+00,-8.57217407e+00,-6.24821091e+00,-1.11470032e+01,
  -1.09824097e+00, 9.13033068e-01,-3.67064786e+00,-2.21878409e-01},
 { 1.40686436e-02, 2.83426829e-02,-7.06763566e-02, 4.31818962e-02,
   1.55548127e-02,-1.09715514e-01,-8.10613036e-02,-3.62613201e-02,
  -3.43175605e-02,-4.70413864e-02, 4.08693068e-02, 7.62264570e-03,
   3.55253220e-02,-2.49557570e-03,-1.05692774e-01, 3.67469676e-02,
  -2.26563159e-02,-8.20244849e-03,-8.77773091e-02, 7.56367110e-03,
  -8.62166807e-02, 3.28421332e-02, 4.71889935e-02,-1.47207007e-02,
   2.58894004e-02, 3.79891209e-02,-1.54572120e-02,-1.31522104e-01,
  -2.91139260e-02, 1.92495733e-02,-4.64325324e-02,-2.91167870e-02,
   1.15716096e-03, 4.01664153e-02, 3.19298804e-02,-1.82765629e-02,
   5.35720494e-03,-3.02011203e-02,-3.70301232e-02,-4.10907492e-02,
   1.70581676e-02, 1.67496111e-02, 5.49016055e-03,-4.91824150e-02,
  -7.37239048e-02,-1.19752109e-01,-6.92901239e-02,-1.12467743e-01,
  -1.10472150e-01,-8.30614865e-02,-5.45789078e-02,-3.44094783e-02,
  -8.93004313e-02, 2.32779421e-02,-1.15794033e-01,-1.94085091e-02,
  -8.51933062e-02,-3.21573764e-02,-8.73492938e-03,-4.62093949e-02,
  -2.45999545e-02,-6.06816672e-02,-4.31764908e-02,-8.10063109e-02,
  -3.68669815e-02,-1.34533465e-01,-6.91353828e-02, 4.49715108e-02,
   1.41961072e-02,-3.21354605e-02,-6.61901385e-03,-4.43006214e-03,
   5.13368705e-03,-8.39200467e-02,-5.32047451e-02,-1.19297415e-01,
  -1.09470695e-01,-4.32315245e-02,-9.41133872e-02, 2.26298217e-02,
   1.86512396e-02,-6.82003498e-02,-3.57760973e-02, 8.65863264e-03,
  -7.83398598e-02,-7.68783763e-02,-7.01511949e-02,-1.17742456e-01,
  -3.94061431e-02,-1.20085478e-01,-1.07148595e-01,-5.25649190e-02,
   2.14131158e-02,-1.39134794e-01, 6.31471127e-02,-1.39101418e-02,
  -1.19786777e-01, 7.61393681e-02,-3.24872509e-02,-1.11462854e-01,
  -4.11871448e-02, 8.61790311e-03,-1.46216199e-01,-4.24511470e-02,
  -2.75040288e-02,-9.38810781e-02,-3.33392508e-02,-7.96443447e-02,
  -7.45960623e-02,-1.49221057e-02,-1.03383884e-01,-4.01780270e-02,
   1.24922674e-02,-8.05958435e-02,-2.81445291e-02,-9.52762887e-02,
   4.50364500e-02,-2.18588905e-03,-5.41716814e-02,-1.01889856e-01,
  -2.00284030e-02, 2.32298560e-02,-8.71881768e-02,-5.68850823e-02,
  -1.25086710e-01,-1.23748250e-01, 2.72859208e-04,-3.23795062e-03},
 { 6.17993511e-02,-1.25992763e+00,-8.43144536e-01, 2.54770845e-01,
  -8.49095881e-01, 4.92345423e-01, 1.03813958e+00, 7.60862947e-01,
   2.53641963e-01,-2.20146313e-01,-1.23335505e+00,-9.35327053e-01,
  -2.87195057e-01, 1.37115157e+00,-5.23643064e+00, 1.21276963e+00,
   1.24040902e+00, 2.49452806e+00, 5.30985475e-01, 1.17428148e+00,
  -1.17771900e+00,-5.81126690e-01, 6.80362359e-02, 3.06707561e-01,
  -2.72311950e+00, 1.11594945e-01,-7.68609121e-02,-1.82282969e-01,
   2.87543416e+00,-9.26988482e-01,-5.68056047e-01, 4.12472785e-01,
  -6.93681896e-01,-2.84512520e-01, 2.83014089e-01, 1.54535246e+00,
  -3.95539522e+00,-6.71598494e-01, 5.36506593e-01,-9.76917744e-01,
  -8.88187528e-01, 1.71016824e+00,-4.69152153e-01,-3.20912218e+00,
   7.92975664e-01, 3.17881465e-01,-3.63415170e+00,-2.20879078e+00,
   4.82263994e+00, 1.04309082e+00,-1.25746369e+00, 2.84327507e-01,
   1.50956273e+00, 3.32730889e+00, 1.37978840e+00, 4.75581363e-02,
   2.54697144e-01, 7.91243374e-01,-1.09411943e+00,-8.57217789e-01,
   5.28916478e-01,-3.03347301e+00, 2.67818069e+00,-1.82711422e+00,
  -1.78373182e+00, 3.21240115e+00,-8.09444115e-02, 8.45504552e-03,
   2.04118562e+00,-4.99848509e+00,-1.72621441e+00, 7.52783358e-01,
  -1.10328281e+00,-1.73364365e+00, 4.48791981e-01, 1.15918159e+00,
   3.27196240e-01, 1.46771622e+00,-5.49927413e-01, 2.76534247e+00,
  -2.51214314e+00,-6.97673416e+00,-1.50117442e-01, 4.59652996e+00,
   1.51652920e+00,-1.59614193e+00,-1.67448318e+00,-1.07442737e+00,
   6.53880477e-01,-8.13145924e+00,-2.01117253e+00,-1.16301239e+00,
   1.44620514e+00,-1.05686091e-01,-2.02517819e+00, 3.04173446e+00,
  -2.93409497e-01,-2.53887105e+00,-3.96195538e-02, 1.37836170e+00,
   1.24551737e+00,-5.52884340e-01,-1.09209371e+00,-7.88201571e-01,
   4.21471167e+00,-2.49793673e+00, 4.33325380e-01, 1.05061054e+00,
  -8.75640154e-01,-1.46730512e-01,-1.55956745e+00, 1.67410207e+00,
   1.87326920e+00, 7.90578797e-02,-4.93271679e-01, 6.50889874e-01,
   2.81398344e+00, 1.81903899e-01,-4.99125051e+00,-2.64500046e+00,
   4.70945787e+00, 1.32335126e+00,-9.35546517e-01,-2.05844116e+00,
  -4.93542576e+00,-1.00559890e+00,-5.42887354e+00,-6.58973122e+00},
 { 1.05714703e+00, 2.22672060e-01, 6.21890724e-01, 2.02540711e-01,
  -7.47035518e-02, 2.15935007e-01,-1.64328530e-01,-3.98615062e-01,
   4.08049631e+00, 3.71857381e+00,-1.66624939e+00, 3.67976785e-01,
   3.23144293e+00, 8.67790759e-01,-4.00788635e-01, 1.34635859e+01,
  -7.24652469e-01,-1.97382843e+00,-5.23136318e-01,-6.65635729e+00,
  -1.78197896e+00,-2.73020382e+01,-5.41764879e+00,-2.27725342e-01,
  -7.90459514e-01, 2.87462205e-01,-7.87472427e-02, 5.32685161e-01,
  -2.29534268e+00, 7.80649245e-01,-6.71785533e-01,-5.66476166e-01,
   2.01873279e+00, 1.54626280e-01,-4.21281767e+00, 8.61466587e-01,
  -7.69590616e-01, 4.08586621e-01, 4.42084122e+00,-6.66509008e+00,
  -5.16641021e-01,-8.34459186e-01,-8.23670089e-01,-6.32023621e+00,
   1.16420996e+00, 2.13493156e+00,-1.10723570e-01, 1.37773797e-01,
   2.53293777e+00, 2.14023995e+00, 3.56763339e+00, 3.36982489e-01,
  -8.45356274e+00,-6.61487281e-01, 6.95565879e-01,-9.13688093e-02,
   1.06601000e+00, 1.50112998e+00,-4.74346352e+00, 3.25636476e-01,
  -7.28699565e-01, 1.52251983e+00,-6.35467410e-01, 1.28935266e+00,
  -1.11338034e-01,-7.53237057e+00,-5.53586364e-01,-3.37447405e-01,
  -1.44030169e-01, 1.64440668e+00, 6.58677995e-01,-1.42939651e+00,
   1.23603335e-02,-8.18133295e-01, 5.49852252e-01, 5.38905573e+00,
   1.82618058e+00,-3.03582335e+00, 1.51213932e+00,-5.52796364e-01,
  -3.76550508e+00,-8.23822021e-01, 1.60155490e-01, 2.26802492e+00,
  -2.52548547e-04,-1.17335987e+00, 5.82149923e-01,-1.76473656e+01,
  -1.69342494e+00,-9.57667255e+00, 1.32074535e+00, 9.80690569e-02,
   6.64862251e+00, 8.10196757e-01, 2.98535609e+00,-1.31345940e+00,
  -1.78190768e-01,-1.87851505e+01,-2.85711861e+00, 1.44431412e-01,
  -6.71186447e-01,-6.38092542e-03, 4.91411209e-01,-4.68053436e+00,
   4.43103045e-01,-5.71076155e-01,-4.07800674e-01,-4.74672526e-01,
  -7.24509597e-01, 6.47650778e-01,-1.66362002e-01,-4.69260275e-01,
  -2.12121964e+00,-3.78020436e-01, 3.01743895e-01,-2.00738811e+00,
  -3.87359500e-01,-4.89072084e-01,-1.62962875e+01, 5.03022820e-02,
   1.17865515e+00, 1.74335325e+00,-1.33016658e+00, 3.47294211e+00,
   1.54960883e+00,-5.44263482e-01,-5.08638978e-01,-4.33662802e-01},
 {-4.74159241e+00,-1.46676525e-01, 1.75887868e-01, 2.17443869e-01,
   6.75577819e-01,-6.85612082e-01, 1.04227796e-01,-9.12660599e-01,
  -8.28747228e-02, 1.96290195e-01, 9.00680795e-02, 2.45577121e+00,
  -3.52638736e-02, 1.09621570e-01,-1.03486705e+00,-1.30759287e+00,
   2.20383334e+00, 9.83580574e-03, 9.89281595e-01,-3.51970457e-02,
  -6.03188574e-02, 3.38534892e-01, 1.35656074e-01,-1.50991130e+00,
  -4.37479347e-01, 2.25677460e-01,-9.50963879e+00,-3.56820896e-02,
   5.30078411e-01,-2.14005455e-01, 6.86003566e-02, 7.98040247e+00,
  -2.77476400e-01,-2.99555883e-02,-8.82066637e-02,-7.82082155e-02,
  -1.13690384e-01,-5.47533393e-01, 1.62254125e-01, 5.14289849e-02,
   1.41871199e-01, 4.30180222e-01, 1.00271516e-01,-4.13833745e-02,
  -1.24697313e-01, 3.80776860e-02,-3.48438770e-02,-2.49403381e+00,
  -3.03654745e-02,-6.30021542e-02, 5.55912927e-02, 6.21295795e-02,
   8.04212928e-01, 1.16051590e+00,-6.09518862e+00, 6.85864544e+00,
   3.41941595e-01,-3.06563992e-02, 6.13264501e-01, 3.09074610e-01,
   7.60578662e-02, 6.78235712e-03, 3.60494144e-02,-9.94316936e-01,
  -1.30726993e-01,-3.13821107e-01, 2.88806975e-01, 5.48094392e-01,
  -2.84084630e+00, 1.17215049e+00, 1.62175739e+00, 3.74811053e+00,
   8.30620527e-01, 5.05734347e-02, 4.59972948e-01,-7.84594870e+00,
   1.08188972e-01, 1.44374771e-02,-5.31216972e-02,-6.26868829e-02,
   1.40004074e-02,-1.34334981e-01,-3.13602507e-01, 1.65766656e-01,
   1.41517520e+00,-7.68271238e-02,-1.00687221e-01, 5.12414336e-01,
   2.78812647e+00, 3.08253944e-01, 9.35863554e-02, 9.71168160e-01,
   1.16781259e+00,-1.66714692e+00, 9.20589447e+00,-3.50440949e-01,
  -2.17110920e+00, 7.44402828e-03,-7.56084621e-02,-5.43438876e-03,
  -1.53739229e-01,-9.31311622e-02,-1.72742116e+00, 3.97021091e-03,
  -6.51783720e-02,-7.93113038e-02,-1.52837515e+01, 3.05168223e+00,
   8.55412424e-01,-7.50927627e-02,-1.89409982e-02, 3.15119004e+00,
   1.74124873e+00, 1.47195351e+00,-1.19377887e+00,-1.64000109e-01,
  -1.18130058e-01,-8.19575489e-01,-2.66819507e-01, 1.99620342e+00,
   4.34956066e-02,-1.72244266e-01,-1.87110379e-01,-1.93000212e-01,
  -3.17991525e-01,-1.47575355e+00,-1.36337236e-01,-6.11592345e-02},
 { 1.88413155e+00, 7.01492846e-01,-1.92376718e-01,-1.43725765e+00,
   1.44190311e+00, 2.65433490e-01, 1.85390794e+00, 1.03992128e+00,
   3.57094669e+00, 1.61245799e+00, 2.82713461e+00, 1.82052955e-01,
  -3.39867361e-02,-2.50970078e+00, 7.92958140e-01, 4.46011686e+00,
  -1.98644683e-01,-7.51596332e-01,-1.13739230e-01, 4.24011834e-02,
  -1.92830443e+00,-4.62755394e+00,-4.93588358e-01, 4.46810387e-02,
  -7.72514820e-01, 8.92658472e-01,-3.71431440e-01, 3.04236829e-01,
  -8.43572319e-01,-3.28475945e-02, 5.50928652e-01, 1.12862420e+00,
  -1.83739293e+00,-1.04555023e+00,-1.11313021e+00, 5.74110746e+00,
  -6.93520531e-02,-3.25062759e-02,-1.83683145e+00, 2.78199458e+00,
  -2.41019988e+00,-6.62934244e-01, 2.57585239e+00,-1.48207724e+00,
   4.25887942e-01,-3.69647980e+00, 1.16322136e+00,-1.98821753e-01,
  -7.13240206e-02, 6.63518608e-01,-2.07520556e+00,-8.68101180e-01,
   4.57191133e+00,-9.59959477e-02,-8.73100638e-01,-9.17227328e-01,
  -1.60893106e+00, 4.07383871e+00,-5.05235958e+00, 6.37988932e-03,
   5.37803292e-01,-6.29507780e+00, 2.08125114e+00, 5.81961036e-01,
  -3.06294769e-01, 6.39239013e-01,-1.69204617e+00, 1.69293568e-01,
  -2.96713293e-01,-5.69354534e+00,-6.84909821e-01, 2.67860413e-01,
  -1.46226585e+00,-2.65482855e+00,-2.46983524e-02, 3.56887388e+00,
  -2.00416833e-01,-2.08225894e+00,-8.87505770e-01, 2.16579461e+00,
   3.79972965e-01,-3.14770985e+00,-3.94205898e-01, 2.77727485e-01,
   4.11782533e-01,-6.44720316e+00, 1.08119428e-01,-5.20691872e+00,
  -5.77021204e-02,-3.48362851e+00, 1.57388318e+00,-2.23566937e+00,
   5.22692561e-01,-5.29382043e-02, 3.98192286e-01, 1.39740491e+00,
  -1.83716968e-01, 2.59274697e+00,-3.17547709e-01,-1.01335716e+01,
   8.36139172e-02,-1.57842147e+00,-1.11509275e+00,-9.95616019e-01,
   4.28658772e+00, 6.34523511e-01,-2.01502383e-01,-2.49204755e-01,
  -4.94940728e-01, 1.18948436e+00,-7.87697792e-01,-1.80345881e+00,
   2.84613967e-01, 1.18202507e+00,-6.07271977e-02,-4.46552849e+00,
   2.53926373e+00,-2.96009839e-01,-8.73273087e+00,-5.00581801e-01,
   9.88529778e+00, 7.53392553e+00,-6.35479450e+00, 2.53560758e+00,
  -6.72157145e+00, 1.70182765e+00, 6.42033398e-01,-1.32222862e+01},
 {-4.66440773e+00, 1.93383604e-01,-1.66645947e+01, 1.42000392e-01,
  -1.05543566e+00,-7.26564348e-01, 1.74417210e+00,-2.36510611e+00,
   1.44925499e+00,-2.31778908e+00,-8.78842548e-02, 8.40032160e-01,
  -6.77697539e-01, 6.63017780e-02,-1.65365994e+00,-1.28376746e+00,
   7.50931787e+00,-1.00894380e+00,-6.84204876e-01, 5.84234536e-01,
  -2.09536767e+00,-1.07832551e+00, 2.08357382e+00, 1.80451393e+00,
  -3.47307384e-01,-3.74948144e-01,-3.22671270e+00, 3.94251555e-01,
   2.42720079e+00, 9.54945445e-01, 9.95947719e-01, 3.87733126e+00,
  -1.76259923e+00,-1.80870704e-02, 1.59295070e+00,-2.63272524e+00,
  -1.00998485e+00,-2.96783257e+00, 9.80016828e-01,-1.10964274e+00,
   2.73599535e-01,-1.21578133e+00, 2.33706355e+00,-6.48753166e-01,
  -4.66094732e+00,-9.58515525e-01, 1.47196531e+00,-4.81761456e+00,
  -9.36783671e-01, 7.79775143e-01, 3.28823119e-01,-2.13089496e-01,
   1.23730254e+00, 5.99124050e+00,-1.60638695e+01,-1.03072662e+01,
   1.10884011e+00, 5.66791296e-01, 3.89093965e-01,-7.01630592e+00,
   2.69969368e+00, 1.41768670e+00, 9.84087408e-01, 8.00869644e-01,
  -6.20003605e+00,-4.58320260e-01,-1.04690835e-01,-2.06977010e+00,
  -3.67317772e+00, 1.66672421e+00, 5.04842512e-02, 6.46314383e+00,
  -1.11462700e+00, 1.26553679e+00,-1.40504897e+00, 3.26700234e+00,
  -3.05786207e-02,-7.24011481e-01,-1.19889891e+00,-1.05848551e+00,
  -1.00811720e+00, 1.07430792e+00,-2.95613217e+00, 1.83126464e-01,
  -1.40864104e-01,-1.68661416e+00,-7.49250507e+00, 9.42231178e-01,
  -1.35150790e+00,-1.36567473e+00,-8.00208971e-02,-1.10085273e+00,
   1.00954354e+00,-3.30326819e+00,-5.22882843e+00,-2.61422420e+00,
  -2.79230550e-02, 1.26234734e+00,-5.34684134e+00, 1.00913778e-01,
   2.57396139e-02,-1.88363993e+00, 4.06006545e-01, 3.02739948e-01,
   1.79551566e+00, 1.44525683e+00,-2.20301890e+00, 1.04508269e+00,
  -1.87872672e+00, 1.07277729e-01,-4.89770994e-02,-3.10127050e-01,
   5.73322810e-02,-2.54272318e+00, 2.41160131e+00,-2.39612937e+00,
  -7.87173986e-01, 5.72981930e+00, 2.00669503e+00,-3.45496297e-01,
  -2.19613403e-01, 8.31091940e-01,-9.59912896e-01,-2.20555758e+00,
   1.13833022e+00,-2.92236829e+00, 2.56829802e-02,-2.06581378e+00}};

const float b2[sz_hid_2] = { 4.818904  ,-6.8512516 ,-0.09588767,-2.7179475 ,-3.842488  ,-7.502818  ,
 -0.18797   ,-7.6737356 , 1.8135849 ,-7.101148  , 0.3287104 ,-7.2349634 ,
  3.2035553 ,-5.52542   ,-0.16234988,-0.162994  ,-4.42047   , 0.59737265,
 -5.697866  , 2.6710465 , 4.492967  ,-2.4073405 , 4.180313  ,-1.0024824 ,
 -6.327864  ,-6.5338535 ,-0.11949639,-7.2359595 ,-0.9093373 ,-4.4678755 ,
  7.11914   , 5.3588686 };

const float w3[sz_act][sz_hid_2] = {{ 9.79376510e-02, 2.39451230e-02, 7.84318820e-02,-7.95638189e-03,
   2.59196609e-01, 6.37044311e-02, 4.59299013e-02, 4.66608852e-01,
  -2.31720164e-01,-4.24194671e-02,-3.14194202e-01, 5.99535694e-03,
   1.41953006e-01,-2.37476587e-01,-2.39671767e-02,-1.28703406e-02,
  -8.60284141e-04, 2.55153567e-01,-3.78747284e-02,-6.77612203e-04,
   5.42386016e-03, 1.09705977e-01, 1.21258950e+00,-1.06218703e-01,
   2.09602132e-01,-5.68608284e-01, 7.13564306e-02, 4.88595247e-01,
   8.29088560e-04,-1.20505624e-01,-1.04966052e-02,-5.25230765e-01},
 { 2.06854893e-03,-2.94087201e-01, 1.29268885e-01,-2.43014142e-01,
   6.74355170e-03, 7.88814500e-02,-2.52887723e-03, 7.75588453e-02,
   4.07895911e-03,-4.30722147e-01, 7.63804046e-03,-1.82692230e-01,
   4.56897868e-03, 6.60050055e-03, 7.78514743e-02,-7.58418813e-02,
   1.36979714e-01, 8.52178084e-04,-2.67236739e-01, 1.18432112e-01,
   1.24131225e-01, 3.13498615e-03, 8.40286445e-03,-2.96505564e-03,
  -1.31293843e-02, 3.15748639e-02,-4.83431891e-02, 3.07795890e-02,
  -1.11291617e-01,-1.12102402e-03, 1.96274310e-01,-1.96340419e-02}};

const float b3[sz_act] = { 0.06823459,-0.2720103 };

