const float w1[sz_hid_1][sz_obs] = {{ 4.97395024e-02, 6.90243021e-02, 2.14517921e-01,-3.53701758e+00,
  -2.37874508e+00,-8.07005227e-01,-5.52587323e-02, 1.63502336e+00,
  -5.98834604e-02},
 { 4.51939320e-03,-2.75920401e-03, 7.36005843e-01, 1.08900607e+00,
  -7.69674921e+00,-8.35175872e-01,-6.72828732e-03, 9.33751965e+00,
   1.90695729e-02},
 {-6.04246795e-01, 4.47991228e+00, 4.92125702e+00, 3.95154208e-01,
  -1.17457807e+00, 3.22849959e-01,-4.48298454e+00, 1.36950350e+00,
   8.95476878e-01},
 {-3.06015089e-02, 1.06902998e-02, 3.60406280e-01, 5.92831039e+00,
   3.22438335e+00, 1.02899206e+00,-2.23333612e-02,-1.17062292e+01,
   1.34237744e-02},
 { 2.71769837e-02,-2.54846569e-02, 1.58706689e+00,-2.42710695e-01,
   7.31454372e-01, 6.01829886e-01, 2.70743314e-02, 5.72577238e+00,
  -2.36408162e+00},
 { 2.13905498e-01, 6.54758327e-03, 1.25938225e+01, 6.80987863e-03,
  -1.11915328e-01, 2.04274073e-01,-4.24928486e-01, 1.60567537e-01,
  -9.73946378e-02},
 {-6.50453568e-03, 1.49714230e-02, 2.18065262e-01, 2.31613731e+00,
   2.81940198e+00,-2.43616804e-01, 1.51011795e-02, 9.81746387e+00,
  -1.09836370e-01},
 {-1.48062617e-01, 3.30539569e-02, 2.67507291e+00,-3.50707626e+00,
  -1.69439340e+00,-1.67224050e+00, 1.89636201e-01,-3.39991546e+00,
  -2.40051389e+00},
 { 7.32244626e-02, 7.44345188e-02, 2.54714549e-01, 2.55278587e+00,
   3.11172724e+00,-1.56340790e+00,-1.53661057e-01,-1.47821712e+00,
   1.70500648e+00},
 { 2.81550002e+00, 8.45781207e-01, 7.52974701e+00,-2.36117318e-02,
   3.84741686e-02, 4.62585688e-02,-4.18012094e+00,-6.16046879e-03,
   4.06838208e-02},
 { 5.04133701e+00, 9.21078324e-01, 2.28464305e-02, 1.46849509e-02,
  -6.72491093e-04, 1.24640744e-02, 1.07668447e+01, 2.93825995e-02,
   1.37997768e-03},
 {-1.05757222e-01, 3.45586091e-02,-3.62121701e+00,-4.03916788e+00,
  -1.80206025e+00,-2.67109013e+00, 1.47869781e-01, 2.22953725e+00,
   2.97779655e+00},
 { 9.32089705e-03, 9.95764062e-02, 4.13567352e+00,-3.11045027e+00,
  -1.62741554e+00, 1.34962046e+00,-5.08941673e-02,-2.05654812e+00,
  -3.40609050e+00},
 {-1.57863766e-01, 1.05563514e-01, 1.45710897e+00, 2.05602264e+00,
   3.44285035e+00,-1.05153036e+00, 3.73128057e-01,-5.20717096e+00,
  -4.30974436e+00},
 {-4.70412999e-01, 4.33832073e+00, 2.06953812e+00,-2.59493291e-01,
   5.29606342e-01,-3.11682850e-01,-5.16769981e+00,-6.42571628e-01,
  -2.42758885e-01},
 { 9.48057950e-01, 1.57755172e+00,-3.32249522e+00,-1.85988510e+00,
   1.01305044e+00, 1.83910477e+00, 3.99468637e+00, 4.07819659e-01,
  -2.16867709e+00},
 {-1.00179636e+00,-3.88121337e-01,-5.49075890e+00,-1.19982203e-02,
   4.37972695e-02,-1.77703485e-01,-5.12268209e+00,-1.70631949e-02,
   1.84742436e-02},
 {-9.16582998e-03, 4.83975448e-02,-2.05595434e-01, 2.34305716e+00,
   6.61727965e-01,-2.70377970e+00, 2.02541077e-03,-7.92544305e-01,
  -2.50494218e+00},
 {-4.86194342e-02, 1.74546182e-01,-7.06218958e+00,-3.31112519e-02,
   2.52731252e+00,-9.40922424e-02, 6.07686937e-02,-5.06911218e-01,
  -4.73012018e+00},
 { 1.87666174e-02, 5.46096684e-03, 1.19029903e+01,-1.62675325e-02,
  -3.77714192e-03,-7.28671700e-02, 8.70252624e-02, 1.77075714e-02,
  -1.12798880e-03},
 {-5.49815549e-03, 6.18488062e-03,-4.65192556e-01, 2.70732212e+00,
  -2.07126546e+00, 4.68909174e-01, 9.99997929e-03,-1.00651283e+01,
  -1.24172773e-02},
 { 3.69148493e+00, 4.79948580e-01,-3.97443891e+00,-7.78908283e-02,
  -4.54634167e-02,-2.57572569e-02, 7.93535709e+00, 6.67254776e-02,
   4.68378281e-03},
 { 2.56135136e-01, 2.69028902e+00, 6.78543329e-01, 1.52193112e-02,
  -3.51351773e-04,-6.06488772e-02,-1.49728429e+00, 7.92009383e-03,
   1.70849003e-02},
 { 1.83869183e-01,-3.14093605e-02,-2.67724495e+01,-6.71700528e-03,
  -4.49040532e-03,-7.91541487e-02, 5.98733127e-01,-5.98883554e-02,
  -1.58276409e-02},
 {-1.90915203e+00,-1.66509449e-01,-2.76182270e+00,-2.85573560e-03,
   2.91198567e-02, 3.27370614e-02, 4.12929010e+00,-4.77903299e-02,
   6.49127236e-04},
 {-1.29084531e-02, 3.15784335e-01,-5.70024776e+00,-7.94485807e-01,
  -2.26544261e+00, 1.47640090e-02, 4.28147554e-01, 4.26479280e-01,
   4.95860195e+00},
 {-1.59334683e+00,-4.58624315e+00,-1.35025179e+00, 1.35177653e-02,
   1.98459197e-02, 1.39195025e-01, 2.57515502e+00, 2.74380684e-01,
   6.10859133e-02},
 { 3.33785152e+00,-1.42316759e+00, 9.58278239e-01, 5.55390753e-02,
   3.47209275e-02, 2.12387498e-02,-9.42300224e+00,-8.66322592e-02,
  -1.22091705e-02},
 {-7.75538199e-03, 1.07722878e-02,-1.28418624e+00, 1.00147486e+00,
  -1.58040273e+00,-2.59280652e-01, 1.36265494e-02, 1.41323018e+00,
   3.41072226e+00},
 {-6.84824819e-03,-2.75650788e-02,-1.58865929e+00, 2.64144087e+00,
  -5.06407738e+00, 1.52902174e+00, 1.45580042e-02, 2.61975980e+00,
  -3.24488699e-01},
 { 1.48807997e-02, 2.83763800e-02, 2.33091518e-01,-2.12436914e+00,
   6.66876435e-01, 2.63438284e-01,-1.53116193e-02,-4.70263720e-01,
  -2.80703474e-02},
 { 1.79647064e+00,-1.98113251e+00,-2.43129060e-02, 2.89017335e-02,
  -2.23475583e-02,-1.32167816e-01, 5.84399986e+00, 2.10487396e-02,
   4.50461097e-02},
 { 2.06001960e-02,-2.40958706e-02, 5.10350037e+00, 2.94487762e+00,
   2.12875390e+00, 4.34410065e-01, 3.92591394e-03,-4.75716209e+00,
   3.11727333e+00},
 {-6.49692025e-03,-6.36489913e-02,-2.27178288e+00,-2.01204348e+00,
   1.30576396e+00, 3.60308856e-01, 3.11052389e-02, 3.50822401e+00,
   3.25491190e+00},
 { 6.71052234e-03,-2.15418618e-02,-5.51359495e-03,-2.66079950e+00,
  -5.07816505e+00,-1.06703401e+00, 6.72989860e-02,-3.77018571e+00,
  -5.39670251e-02},
 { 1.06023690e-02,-1.16694067e-02,-2.37836385e+00, 1.05426002e+00,
   1.19486880e+00, 1.64421690e+00, 6.37541292e-03,-3.81028891e+00,
  -2.31818748e+00},
 {-1.09349847e-01, 1.00604586e-01,-5.28393030e+00,-2.44410586e+00,
  -1.25728834e+00, 4.02866691e-01,-2.85730157e-02,-2.93549705e+00,
   3.68058348e+00},
 { 5.22281229e-03, 4.94122989e-02, 4.38118076e+00,-1.67162025e+00,
   2.84258366e+00,-1.64575011e-01,-4.24051583e-02,-2.11632824e+00,
   1.16461329e-01},
 {-1.19935438e-01,-4.53958325e-02,-3.65849525e-01,-4.84763622e+00,
   1.15938342e+00, 1.04143703e+00, 2.07321104e-02, 9.35641974e-02,
   3.30575609e+00},
 { 3.43919826e+00,-2.64974642e+00,-2.68818283e+00, 1.93800405e-02,
   1.44525606e-03,-2.90150046e-02, 1.07582512e+01, 1.41161457e-02,
   3.38201993e-04},
 {-3.25914845e-02, 7.46398345e-02,-5.21055520e-01, 2.48474598e+00,
   5.79410672e-01,-2.39870501e+00, 2.91093811e-02,-1.09348345e+00,
   2.83916116e+00},
 {-1.54497605e-02, 8.48548952e-03,-4.26900625e-01, 5.03258593e-02,
   1.16875605e-03,-7.53518152e+00,-2.27656178e-02, 1.14170901e-01,
   3.31280604e-02},
 { 8.35472405e-01,-3.18005347e+00,-4.25038338e+00,-2.33595744e-02,
  -4.31065969e-02,-6.42181486e-02, 5.81968069e+00, 5.29008452e-03,
  -3.28587182e-02},
 { 8.27340037e-03,-1.30900964e-01, 9.07225609e+00,-1.04899049e+00,
   7.37678230e-01, 1.11823785e+00, 1.94568411e-01,-6.71597719e-01,
   2.79261923e+00},
 { 7.15050995e-01, 2.93652760e-03,-8.46969128e+00, 8.21352005e-02,
   1.53205186e-01, 1.65184677e-01,-4.71195012e-01,-1.41784072e-01,
  -1.00012042e-01},
 { 4.97745723e-02,-3.04649826e-02,-6.52210638e-02,-1.26136124e+00,
   5.80079377e-01,-1.20906210e+00, 3.81873827e-03, 3.54929233e+00,
  -5.40412627e-02},
 {-1.68596916e-02, 6.07028939e-02,-1.49570074e+01,-1.89300347e-03,
  -9.53652989e-03,-8.16047564e-02,-6.35988563e-02,-5.66739449e-03,
   2.48479284e-03},
 { 3.89753580e+00, 2.50450444e+00, 4.01749563e+00,-2.04872098e-02,
  -8.67098104e-03,-9.04475525e-02,-5.73624229e+00, 4.47681583e-02,
  -2.19712202e-02},
 { 3.10445333e+00, 1.95101953e+00,-2.26543236e+00, 2.75702942e-02,
   1.17795812e-02, 2.24506613e-02,-2.51553893e+00, 3.74224819e-02,
  -2.37136912e-02},
 {-4.38529968e+00,-1.42408895e+00,-9.65317309e-01,-2.12898832e-02,
   1.21461786e-01,-7.71964565e-02, 1.40857947e+00,-6.80860877e-02,
   3.49529199e-02},
 { 4.32299185e+00, 2.35107827e+00, 3.82458687e+00, 2.15208158e-03,
   3.57289016e-02, 1.10401213e-02,-1.23918924e+01,-8.15645680e-02,
   2.56032906e-02},
 {-1.11989208e-01,-4.02764454e-02,-9.39487219e-01, 4.25617075e+00,
  -6.22632325e-01, 4.67531718e-02, 9.17613357e-02,-2.92833149e-01,
  -3.60806966e+00},
 {-1.34481460e-01, 1.35975569e-01, 9.99227285e-01,-2.69979048e+00,
  -3.62374842e-01,-2.83100533e+00, 6.45806864e-02, 3.01807404e+00,
  -4.73116112e+00},
 {-7.69872442e-02, 1.56178623e-01,-4.44436073e+00, 2.56571913e+00,
   9.21880186e-01, 1.00783229e+00,-8.30415171e-03,-2.19701385e+00,
  -3.48200464e+00},
 { 1.69774201e-02,-3.18613090e-02, 3.93358290e-01,-1.16674602e+00,
   1.02676499e+00, 1.80068839e+00, 2.62558013e-01,-5.92636442e+00,
  -2.85914242e-02},
 {-3.92934084e-02, 4.65300456e-02,-1.11648059e+00, 2.64146179e-01,
   3.97491717e+00, 1.18799007e+00,-5.57170510e-02,-4.78233807e-02,
   1.63062549e+00},
 { 3.14477277e+00,-1.70127094e+00, 1.75525916e+00, 2.37491298e-02,
  -1.71081703e-02, 3.60306241e-02,-9.78773022e+00, 1.98679212e-02,
  -2.08927933e-02},
 { 2.24200368e+00, 2.64689851e+00, 3.25388432e+00,-8.90073776e-02,
  -3.08099370e-02, 1.71314299e-01,-5.97281742e+00, 1.55772585e-02,
  -4.25891299e-03},
 { 1.95120238e-02, 1.08752832e-01,-1.45330298e+00, 1.87288925e-01,
  -6.46285534e-01, 1.45366590e-03,-9.44168791e-02, 2.90616226e+00,
   1.24803925e+00},
 { 3.52325082e+00,-2.17204762e+00,-3.61642456e+00, 1.16124369e-01,
  -7.02496320e-02, 1.50598168e-01, 6.02094555e+00, 1.79162443e-01,
  -1.90397590e-01},
 {-3.42586753e-03,-6.22315565e-03,-2.50595659e-01, 2.94877839e+00,
   3.29438114e+00, 2.18206143e+00,-5.75585403e-02, 2.23526669e+00,
  -7.08289683e-01},
 {-4.93485034e-02,-3.98318209e-02, 2.79088831e+00,-1.75259089e+00,
   7.04857647e-01,-2.63531637e+00, 1.21209510e-01, 3.93574715e+00,
   3.42460442e+00},
 {-1.43183708e-01, 5.24374656e-02,-1.29987574e+00,-2.36044049e+00,
  -1.03824151e+00,-2.52989483e+00,-1.05682854e-02,-1.27229869e+00,
   3.14638638e+00},
 {-2.41689277e+00,-1.02966523e+00, 4.46882915e+00, 3.32139842e-02,
   9.52021480e-02, 9.53245834e-02,-4.60040045e+00,-2.67854054e-02,
  -9.76245403e-02},
 { 8.84435177e-02,-6.20620698e-02,-6.23736084e-01, 3.71114351e-02,
  -3.93788028e+00,-1.37250042e+00, 4.17437963e-02, 5.31276274e+00,
   6.40583456e-01},
 {-8.98915455e-02, 5.46360984e-02, 2.80457449e+00, 2.40181589e+00,
   3.49928528e-01, 1.12379730e+00,-2.68432591e-02,-5.56875646e-01,
   2.41230202e+00},
 {-5.59935439e-03, 9.25105647e-04,-1.03993468e-01, 3.42383218e+00,
  -2.68608737e+00, 5.39818287e+00, 1.39950346e-02,-1.00076075e+01,
   4.69357446e-02},
 {-1.02756300e-03, 9.61082131e-02, 1.27296543e+00,-5.76788895e-02,
  -1.29849994e+00, 2.73261458e-01,-1.39401108e-01,-1.64275575e+00,
  -2.47106051e+00},
 { 1.21930969e+00,-6.24059200e-01, 1.92776985e+01,-8.08929000e-03,
  -6.09118771e-03, 3.60616259e-02,-3.10927153e+00, 3.42771076e-02,
  -1.03640007e-02},
 { 1.27736136e-01, 6.84098974e-02, 1.15475439e-01, 5.81607103e+00,
   4.38598931e-01, 8.37984562e-01, 8.53188918e-04,-9.83519936e+00,
  -1.10580297e-02},
 { 2.61793470e+00, 2.00668001e+00,-1.85878503e+00,-6.07968494e-02,
   9.68099572e-03, 2.32672356e-02, 9.06435490e+00,-4.34245169e-02,
   2.47958526e-02},
 { 7.06473216e-02, 1.73761733e-02,-4.21416759e+00, 2.87142086e+00,
   2.78530240e+00, 2.03003502e+00, 4.27932441e-02,-4.78882980e+00,
   2.53995562e+00},
 { 1.67110711e-01,-2.22849697e-02, 6.26756716e+00, 1.36152692e-02,
   2.12600374e+00, 1.08671412e-01, 1.89608634e-02,-5.26434788e-03,
   5.17737770e+00},
 {-1.39188068e-02, 6.91806898e-03, 2.35886908e+00, 9.88120019e-01,
   4.78455305e-01, 4.56465393e-01, 1.97629631e-02,-2.73248816e+00,
   4.10838270e+00},
 { 1.56366503e+00, 9.45932388e-01,-1.84786367e+00, 1.19305789e+00,
  -8.68291259e-01, 2.61113018e-01,-3.92439175e+00, 1.04782484e-01,
   2.92840815e+00},
 {-1.31387746e+00, 2.07124782e+00, 1.19403315e+00, 5.03148772e-02,
   2.15223301e-02,-8.76937732e-02,-5.50054312e+00,-4.56096753e-02,
   3.46945673e-02},
 { 2.72643697e-02,-2.35758591e-02, 7.82064259e-01, 2.66567922e+00,
   5.98782301e+00, 1.58620536e+00, 4.55721468e-02,-1.46916161e+01,
   3.19233490e-03},
 {-6.46264153e-03, 1.54053909e-03,-1.80031344e-01,-4.51862738e-02,
  -3.10410578e-02, 5.23908567e+00,-1.16762631e-02,-6.81851245e-03,
  -4.15834859e-02},
 {-7.05439866e-01,-1.12449431e+00, 1.47269893e+00,-5.12728095e-03,
   6.63943291e-02,-6.75242543e-02,-2.44645572e+00,-4.16049212e-02,
   4.67718299e-03},
 { 5.86118996e-02, 7.55063584e-03,-1.83908209e-01,-4.41580266e-01,
  -4.91862202e+00, 6.88323021e-01,-1.04915639e-02,-1.51178300e+00,
   1.75261095e-01},
 { 1.25440216e+00,-2.31500626e+00,-3.21119094e+00,-2.46134773e-02,
  -1.10256232e-01,-1.30982339e-01, 5.69201374e+00, 3.95264141e-02,
  -9.88378301e-02},
 { 7.27999508e-01, 2.69784838e-01, 5.51476860e+00,-3.01236391e-01,
   3.37480754e-01,-5.57057679e-01, 2.56731606e+00,-7.32302547e-01,
  -1.08365333e+00},
 {-3.34509984e-02, 1.19840026e-01,-1.72664380e+00, 9.08651501e-02,
   6.53663695e-01,-8.31537023e-02,-1.88024323e-02,-1.09659517e+00,
  -4.09317732e+00},
 { 1.84379686e-02,-6.51550815e-02,-3.34030867e+00, 1.29596484e+00,
   2.04686618e+00,-2.54367208e+00, 1.13810278e-01,-5.52522898e+00,
   2.93799067e+00},
 {-6.15416765e-02,-1.72270704e-02, 6.11355734e+00, 1.03226328e+00,
  -2.10943294e+00, 1.68387103e+00,-5.24138585e-02,-1.67385554e+00,
  -7.51945615e-01},
 { 4.82023668e+00, 3.96726918e+00, 1.63194084e+00, 7.31378468e-03,
   6.63244689e-04,-3.72813940e-02,-9.70475674e+00,-1.50478687e-02,
   2.61776838e-02},
 { 1.82553574e-01,-1.83799899e+00, 9.53908253e+00,-1.13902809e-02,
  -1.38835637e-02,-5.04539572e-02,-4.83397913e+00, 6.30776121e-05,
   5.51607786e-03},
 {-1.30186796e-01, 2.63542295e+00,-1.02634878e+01,-5.21186478e-02,
   5.32976398e-03,-3.06315839e-01, 5.33517170e+00, 1.15703665e-01,
   1.58436462e-01},
 { 7.74620104e+00,-7.01551586e-02,-3.72698045e+00,-4.36903127e-02,
   2.88833436e-02,-4.26840596e-02, 3.55563211e+00,-7.33591914e-02,
  -6.20695166e-02},
 { 1.22586739e+00, 3.97740626e+00,-1.98022830e+00,-2.70819757e-02,
   4.26727198e-02,-2.39842474e-01,-2.57596660e+00,-4.06992584e-02,
  -4.14532870e-02},
 {-2.26218905e-02, 2.77033914e-02, 2.14945734e-01, 3.49178720e+00,
  -1.88925958e+00,-1.60079852e-01, 4.24637049e-02, 7.81113720e+00,
  -1.04612999e-01},
 { 1.03616584e-02, 2.29864195e-02, 3.77840114e+00, 1.40704870e+00,
   1.99812457e-01,-1.52268559e-01,-4.70923968e-02,-1.89905477e+00,
  -2.73005915e+00},
 { 3.28620315e+00,-1.81946361e+00, 3.67653418e+00,-4.66672219e-02,
   4.10294384e-02,-1.22745201e-01,-9.51791000e+00,-2.68384274e-02,
   3.22051048e-02},
 { 3.92099703e-03, 2.59586200e-02,-1.49107128e-01, 4.33332014e+00,
   7.59318113e-01,-1.33278930e+00,-1.77464578e-02, 1.15752916e+01,
  -1.02906339e-01},
 { 8.72269645e-03, 2.31675468e-02, 8.03468451e-02,-1.59694874e+00,
  -3.26341569e-01, 1.01430476e+00,-9.84860118e-03,-2.25066781e+00,
   3.70769426e-02},
 {-3.31180835e+00,-3.08845472e+00,-6.13581562e+00, 5.67594320e-02,
   5.51167177e-03,-5.11941314e-02, 3.85990071e+00,-6.65540472e-02,
   4.57462780e-02},
 { 1.23978816e-01, 1.80320695e-01,-2.76104689e+00, 2.81652927e+00,
  -4.74496222e+00,-1.38574910e+00, 3.26314688e-01, 6.06757212e+00,
   2.37534547e+00},
 {-5.38028292e-02, 1.10316396e-01, 2.98441911e+00, 2.89932466e+00,
  -1.25183189e+00, 6.30950391e-01,-5.95777817e-02, 4.20643950e+00,
  -3.35575485e+00},
 {-1.14153102e-02, 1.19397184e-02,-8.17127168e-01, 2.41342299e-02,
   5.00977993e+00,-2.09072256e+00,-6.40897751e-02, 7.41958761e+00,
   1.10840216e-01},
 {-4.41003311e-03,-6.83757439e-02, 1.60211003e+00,-2.68126905e-01,
   1.71437776e+00, 1.99665323e-01, 6.26833364e-02, 7.44962835e+00,
   2.48161697e+00},
 { 8.07842519e-03,-7.27584679e-03, 1.09361254e-01, 1.26691067e+00,
  -1.12676859e+00, 1.48538089e+00,-8.50230083e-03, 3.96154666e+00,
  -2.11129260e+00},
 { 2.25240160e-02, 1.72207709e-02,-2.27529436e-01, 4.08870316e+00,
  -9.11836699e-02, 7.46765614e-01,-1.78649947e-02,-1.18975019e+01,
   3.58051918e-02},
 { 1.92974992e-02, 7.94465989e-02,-4.26033258e+00,-2.86840725e+00,
   3.72973561e+00,-7.24271834e-02,-7.13676959e-02,-1.60699356e+00,
   3.33944596e-02},
 {-3.23581286e-02,-1.01965386e-02, 7.42345810e-01, 4.56182098e+00,
  -1.64316773e+00, 2.24530172e+00, 2.46532820e-02,-9.71330357e+00,
   5.94731718e-02},
 { 1.59823354e-02,-2.63743773e-02,-1.21857274e+00,-4.62115169e-01,
   4.01122284e+00, 9.45540845e-01,-1.53849060e-02,-3.79420757e+00,
   6.67636916e-02},
 { 3.43996477e+00,-3.31948102e-01, 3.91594440e-01, 3.51162143e-02,
   1.50920585e-01, 3.57605934e-01,-8.05076122e+00,-1.31790847e-01,
   6.09265864e-02},
 {-1.00267455e-01,-2.06683092e-02,-1.03560138e+00, 2.35054684e+00,
  -1.27188599e+00, 3.40500689e+00, 6.44987077e-02, 2.62527514e+00,
   3.44474435e+00},
 { 5.35748750e-02,-1.26071330e-02,-8.64135563e-01,-3.05112362e+00,
   9.40152824e-01, 2.22792912e+00, 4.92698327e-02,-1.30080178e-01,
  -3.80088496e+00},
 {-1.85814910e-02, 9.69543308e-02, 7.15120697e+00,-1.21336138e+00,
   2.32184887e+00,-2.26215982e+00,-7.97195062e-02, 2.12650847e+00,
   2.97824574e+00},
 { 3.89866090e+00,-7.86150753e-01, 3.34476423e+00,-4.17161435e-02,
  -9.29309130e-02, 5.20054586e-02,-9.07677078e+00, 1.43833414e-01,
   8.68116692e-02},
 {-2.80461218e-02,-7.13081984e-03, 4.04727906e-01, 1.29905200e+00,
   3.30635953e+00, 5.78852057e-01,-3.73407081e-03,-6.80129147e+00,
  -1.23051226e-01},
 { 1.78579856e-02,-3.11928578e-02,-3.97375727e+00, 3.71099162e+00,
  -2.14671206e+00, 1.31148970e+00, 1.93121567e-01,-2.01489568e+00,
   1.98141897e+00},
 { 4.93993387e-02,-2.21677404e-03, 1.00836384e+00, 2.85180211e+00,
  -1.26998651e+00,-1.17057667e+01,-2.14102622e-02, 6.89909220e+00,
   7.59889558e-02},
 { 6.85883593e-03, 3.65190804e-02, 1.68849364e-01, 4.09915400e+00,
  -2.54426003e+00,-7.13070869e-01,-3.24927010e-02, 4.89068222e+00,
   6.89749047e-02},
 {-1.77730393e+00, 3.90756655e+00, 1.20110917e+00,-2.91958041e-02,
  -9.24989674e-03, 4.67484593e-02,-2.94288778e+00, 1.55452322e-02,
  -2.29103472e-02},
 { 1.50143802e-01,-2.66047478e-01,-1.74305077e+01, 1.29451945e-01,
   3.65914404e-02, 1.52671993e-01,-1.68889046e-01, 8.04673657e-02,
  -4.32340056e-02},
 { 2.37434618e-02, 5.62192127e-02, 6.40855455e+00,-3.44976473e+00,
   1.45016921e+00, 3.65967810e-01,-5.50371371e-02, 4.00862038e-01,
   4.99248075e+00},
 { 2.39632782e-02, 3.78603563e-02,-4.70548820e+00,-3.02890015e+00,
   1.97320724e+00,-7.62429357e-01,-6.30910397e-02, 3.39125633e+00,
  -3.97909904e+00},
 {-1.99115016e-02,-1.22943204e-02, 9.56420958e-01, 5.46646118e+00,
  -2.55399156e+00,-1.20697629e+00,-1.80494580e-02, 1.23530188e+01,
  -6.41922187e-03},
 { 3.28247063e-02, 8.65222514e-02, 2.08431745e+00, 4.86627519e-01,
   2.05846786e-01, 1.61552772e-01,-8.11625738e-03,-8.93449485e-02,
  -4.59274721e+00},
 { 2.09735060e+00,-3.13776731e+00,-4.21222878e+00, 6.06226828e-03,
  -3.73270847e-02,-1.49085119e-01, 4.09559202e+00, 7.69087002e-02,
  -1.94686593e-03},
 {-1.59796691e+00, 1.49349022e+00, 3.58059502e+00,-3.44723724e-02,
  -7.22020939e-02, 6.99018240e-02,-4.12101460e+00, 1.08413741e-01,
  -4.81501706e-02},
 { 2.48439860e+00, 2.29251051e+00,-2.08299518e+00, 4.91951453e-03,
   8.03539064e-04,-2.69961022e-02, 1.00057020e+01,-1.71451410e-03,
   3.56998132e-03},
 {-2.58765793e+00, 1.29101896e+00,-7.44402838e+00,-6.53282478e-02,
  -4.98904921e-02,-3.74161065e-01,-9.32808518e-02, 6.02087639e-02,
   1.67153269e-01},
 { 4.42460254e-02, 1.98418694e-03,-9.73005676e+00,-2.69735980e+00,
  -2.97662139e-01,-1.97327006e+00, 1.43711656e-01,-1.80179834e-01,
  -3.45634174e+00},
 { 3.91003513e+00, 1.97583759e+00,-5.55822372e+00,-1.15120057e-02,
  -3.20474096e-02,-4.96569164e-02, 1.02546062e+01, 7.93745145e-02,
  -2.94810981e-02},
 { 2.20327526e-02, 1.80983469e-01, 3.44934130e+00, 4.28336143e+00,
  -4.38933820e-01,-7.55962908e-01, 1.40146405e-01, 8.02839470e+00,
  -3.11942935e+00},
 { 4.45126534e+00,-1.31849492e+00,-5.30756235e+00, 1.65279359e-02,
   3.26245204e-02, 6.28187973e-03,-2.62171507e+00, 9.42799896e-02,
  -1.07200138e-01}};

const float b1[sz_hid_1] = {-2.0149162 ,-3.5685728 ,-6.5904393 ,-5.24965   ,-5.312574  ,-1.7386761 ,
 -7.468065  ,-7.9335685 ,-3.146851  ,-2.3347049 ,-6.8924184 ,-5.9438367 ,
 -5.46531   ,-6.248052  ,-6.3699384 ,-7.298972  ,-4.636424  ,-2.1350303 ,
 -7.1488533 ,-0.09188104,-7.0652275 ,-5.4195004 , 0.610402  , 0.7880729 ,
 -1.7379802 ,-7.269447  ,-3.8127139 ,-6.3936863 ,-0.93759984,-3.6764543 ,
 -0.71876544,-1.8666413 ,-4.7072015 ,-5.281504  ,-6.6781344 ,-0.93464077,
 -6.1110325 ,-2.0109828 ,-5.8041677 ,-2.7104774 ,-2.828574  ,-0.9539399 ,
 -2.7804115 ,-5.3098702 ,-2.066507  ,-1.014419  ,-0.01543496,-3.648026  ,
 -2.2220445 ,-2.7713654 ,-3.668847  ,-6.393567  ,-5.968936  ,-4.0451074 ,
 -3.8541646 ,-3.9704218 ,-6.056474  ,-3.3107681 ,-0.75899833,-3.8990972 ,
 -5.0004387 ,-5.156053  ,-4.5657444 ,-4.4785786 ,-5.5758033 ,-2.1844175 ,
 -5.601536  ,-1.7149613 ,-1.8138186 ,-6.663318  ,-6.8147483 ,-4.1022234 ,
 -6.855562  ,-1.5129464 ,-5.9557953 ,-4.1909924 ,-0.7557309 ,-0.67505187,
 -0.05872972,-2.2007773 ,-5.3736973 ,-3.5263205 ,-0.81127733,-4.5215077 ,
 -3.9521902 ,-4.920209  ,-4.7890353 ,-5.9816093 ,-7.9935603 ,-1.4021753 ,
 -3.6829858 ,-1.369655  ,-5.029801  ,-5.918012  ,-1.0049838 ,-6.548359  ,
 -6.9032254 ,-4.3530474 ,-7.8147607 ,-7.212027  ,-1.5554763 ,-5.7440257 ,
 -3.8694148 ,-6.7013216 ,-2.3471448 ,-6.233138  ,-3.6488178 ,-3.9453015 ,
 -7.208555  ,-5.8555717 ,-1.932309  ,-5.5973687 ,-0.45129767,-0.8030756 ,
 -2.9317856 ,-1.420192  ,-8.959516  ,-6.4607306 ,-3.2662919 ,-1.0525365 ,
 -0.2212582 ,-2.1762316 ,-7.2676167 ,-3.7939844 ,-5.8963685 ,-5.303334  ,
 -8.623506  ,-3.2434528 };

const float w2[sz_hid_2][sz_hid_1] = {{-1.92218587e-01, 1.16339731e+00,-2.42035007e+00,-2.06262302e+00,
   1.08496866e+01,-1.09477794e+00,-7.70097315e-01,-8.07519138e-01,
  -3.33427221e-01,-1.06620587e-01, 1.70237467e-01,-1.76880493e+01,
  -1.85211301e-01,-4.81997490e+00, 1.11412311e+00, 2.21317029e+00,
   8.94847691e-01,-1.75684738e+00, 5.70617962e+00, 1.28062928e+00,
   3.08215928e+00,-3.17247558e+00,-1.71569037e+00,-7.34064341e-01,
  -4.50569063e-01, 1.18702066e+00,-2.22968769e+00, 3.70832324e-01,
   2.89406180e+00,-4.76541102e-01, 3.70665222e-01,-1.56197488e+00,
  -4.02268791e+00,-1.11493273e+01, 1.67172027e+00, 6.64540604e-02,
  -1.98487848e-01,-3.50359946e-01, 2.04839420e+00, 7.74387538e-01,
   4.47297287e+00,-1.78731000e+00,-1.18178797e+00, 2.60536432e+00,
   1.21074474e+00,-3.96015048e+00,-1.61040485e+00, 2.62011528e+00,
   6.75320804e-01,-2.39402130e-01,-2.39312816e+00,-1.09463177e+01,
  -3.53164792e+00,-7.89018726e+00, 4.41012472e-01,-1.93150938e-01,
  -2.23607922e+00, 2.83455062e+00, 5.11771584e+00,-1.75205040e+00,
  -2.64837432e+00,-2.05462360e+01,-2.16556072e+01,-1.11926377e+00,
   7.13637590e+00, 1.77252010e-01, 2.12790537e+00, 3.56408745e-01,
   2.15724111e-01, 1.25607653e+01,-6.82923746e+00,-7.66674578e-01,
  -2.05013351e+01,-4.55893564e+00,-3.00699592e+00, 2.58551502e+00,
  -5.51325440e-01, 1.50500491e-01, 2.24357963e+00, 1.10934639e+00,
   7.34590352e-01, 1.71302795e+00, 5.59690744e-02,-8.06677699e-01,
  -1.89214265e+00,-6.03155851e-01,-1.11471735e-01, 7.25260496e-01,
  -9.02618766e-02,-3.91595483e-01,-2.73034501e+00, 6.09975815e-01,
  -2.41641569e+00, 1.02482867e+00, 1.70592272e+00,-4.30942178e-02,
  -5.18397570e+00, 1.18101731e-01, 9.23700714e+00,-7.99744701e+00,
  -7.73084927e+00, 9.01111984e+00,-6.51606917e-01,-1.48591967e+01,
  -1.75928259e+00, 3.62898970e+00, 2.31695151e+00, 6.02051675e-01,
  -1.21776896e+01, 2.67332411e+00,-1.05885911e+00, 1.72074601e-01,
  -3.25078964e-01,-2.45840907e-01, 1.31194258e+00, 1.27625549e+00,
   8.26422215e+00, 3.39216757e+00, 4.37655640e+00,-5.94777286e-01,
   1.44785702e+00, 9.38080013e-01, 3.38059187e+00, 4.49431419e-01,
  -4.18911028e+00, 3.32121420e+00, 8.88790429e-01,-9.88724679e-02},
 {-1.91921443e-02,-3.43571417e-02, 2.02941585e+00,-3.62030976e-02,
   1.43158281e+00, 9.30602178e-02, 8.91047895e-01,-3.50334430e+00,
   2.01014236e-01, 7.52234161e-02, 1.24707425e+00, 4.18122292e-01,
  -3.44504476e-01, 9.22920704e-01, 3.10073996e+00, 1.56963515e+00,
   3.82908678e+00, 1.00172982e-01, 1.29504013e+00,-7.70283341e-01,
  -4.58963603e-01,-7.57814693e+00,-2.42487597e+00,-3.25964022e+00,
  -2.93171711e+01, 9.31227565e-01,-5.87001896e+00,-6.84362221e+00,
   6.26841366e-01,-1.69431150e-01,-2.99338978e-02,-1.02328281e+01,
  -2.45720243e+00, 2.29685116e+00,-1.83833048e-01, 6.91316426e-01,
   3.59130740e-01, 7.72858858e-02,-1.65302873e+00, 4.32351351e+00,
  -2.47899294e-01, 2.89935052e-01, 4.31074476e+00, 1.00212932e+00,
   3.99763894e+00,-2.64173418e-01, 3.67239976e+00, 8.36754680e-01,
  -1.66818798e+00,-3.00166774e+00,-9.30478382e+00, 1.15411758e+00,
  -8.90421212e-01, 1.77700400e+00,-4.18098748e-01,-2.30490342e-01,
  -2.16559935e+00, 8.39387989e+00, 9.64122295e-01,-4.51681995e+00,
  -2.38222733e-01, 1.38102317e+00, 3.00630927e-01, 8.10898006e-01,
  -5.50287843e-01, 1.04968622e-01,-1.59735799e-01,-1.01310718e+00,
   2.26432741e-01, 1.19707143e+00,-4.92403507e+00,-3.87270033e-01,
  -1.04193354e+00,-8.04468632e-01, 7.23392665e-01, 8.61008453e+00,
   1.03841722e-01, 2.34677374e-01, 1.78119326e+00, 2.45816391e-02,
  -2.28023005e+00,-2.33477965e-01, 4.21787798e-01, 4.05643195e-01,
  -1.19213629e+00,-1.27457929e+00,-4.68518353e+00,-5.08194828e+00,
   5.22039032e+00,-1.24855280e+00, 8.35345745e-01, 6.05360329e-01,
  -2.49847651e+00, 1.22315854e-01, 3.09751272e-01, 5.38129616e+00,
  -2.06873941e+00,-3.14620996e+00,-2.97787011e-01,-5.03688192e+00,
  -1.62588835e+00, 3.44051570e-02, 1.60649598e-01,-6.07969500e-02,
  -4.58533466e-01, 2.06526966e+01, 1.08912301e+00, 3.67208809e-01,
  -2.62329292e+00,-4.58176470e+00,-2.67462254e-01,-8.38459134e-01,
  -1.69273809e-01,-1.45467401e-01,-1.53114164e+00, 1.70417953e+00,
   6.72560549e+00, 1.93955079e-01,-1.82280429e-02,-2.71592081e-01,
   2.23961806e+00, 1.76718092e+00, 2.13287830e+00, 2.63716412e+00,
   5.49319759e-02, 4.53912735e+00, 6.17836356e-01, 2.09030199e+00},
 {-9.29926857e-02, 1.25459237e-02,-2.40784548e-02,-2.76602618e-02,
   6.64461702e-02,-1.00491673e-01, 2.43990030e-02, 2.76212972e-02,
  -4.38737310e-02,-2.26482772e-03, 1.57537498e-02,-8.84638056e-02,
  -7.50161707e-02, 1.48939351e-02,-9.66263413e-02,-3.71470191e-02,
   7.28083625e-02, 1.07050873e-02,-6.83348998e-02,-2.83446889e-02,
  -9.35663581e-02,-7.14157969e-02,-9.69851986e-02,-1.01535425e-01,
  -3.02965119e-02,-6.48243353e-02,-5.64383194e-02,-1.81040853e-01,
  -1.40571520e-02,-5.71326651e-02,-8.43500867e-02,-7.38521591e-02,
  -9.63455588e-02,-5.71282394e-03,-8.71601924e-02,-7.35467896e-02,
   6.25519305e-02,-7.44111650e-03,-1.02944903e-01,-6.27446324e-02,
  -4.38724943e-02,-6.71978146e-02,-1.51196541e-02, 4.61558700e-02,
  -7.91608170e-02,-3.62171009e-02,-1.20432325e-01, 4.30054293e-04,
   1.41203951e-03,-1.08087339e-01,-5.55195063e-02,-9.51780565e-03,
  -2.87770610e-02,-1.06556304e-02, 1.31005817e-03,-2.38398444e-02,
  -4.55010869e-02,-4.52080853e-02, 5.45134023e-03,-3.54423076e-02,
  -1.19051740e-01,-5.35465442e-02,-5.98169398e-03,-3.43936868e-02,
  -1.05421022e-01, 2.08843984e-02,-2.58324705e-02,-1.14089958e-02,
  -3.94886583e-02,-5.96202537e-02, 2.93191336e-02,-4.50420007e-02,
  -6.26323223e-02,-8.77276715e-03, 1.07415405e-03,-3.13309729e-02,
  -1.03418440e-01,-1.77490246e-02,-1.68797269e-01,-6.68280199e-02,
  -1.51253294e-03,-4.22972441e-02,-1.64331540e-01,-3.85539606e-02,
  -3.21835540e-02,-1.11903302e-01,-5.90694994e-02, 1.58160813e-02,
   5.68170696e-02,-2.15395377e-03, 1.79594904e-02,-8.50473717e-03,
   6.02000356e-02, 1.48157952e-02,-5.90308830e-02,-5.43470792e-02,
   6.99914843e-02,-3.52830440e-02,-1.40440211e-01,-9.99659598e-02,
   1.33315381e-02, 7.31939971e-02, 5.90073317e-02,-8.62892158e-03,
   1.10722473e-02,-8.93166885e-02,-7.58357719e-02,-1.88160002e-01,
   4.60622832e-03,-3.39070000e-02,-8.68171230e-02,-1.49289258e-02,
  -9.01555866e-02,-8.00100267e-02,-2.89564449e-02,-5.63670062e-02,
  -6.83673173e-02,-1.02786653e-01,-3.41619998e-02, 3.62096839e-02,
   7.93101918e-03,-1.44249469e-01,-1.00409314e-02,-2.25194339e-02,
  -1.20773055e-01,-1.07169695e-01,-4.89187017e-02, 4.22274601e-03},
 {-5.07869542e-01, 3.02091837e+00, 1.37711847e+00,-4.57389116e+00,
   5.54122543e+00,-9.55356598e-01, 4.54472208e+00,-4.35724373e+01,
  -8.04601860e+00, 2.30201975e-01,-8.44219565e-01, 5.39277494e-01,
   6.25684309e+00,-4.28445244e+00, 4.12251115e-01,-3.55523133e+00,
  -1.36527970e-01,-3.03155243e-01,-1.04766655e+01,-5.67063570e-01,
   4.39666605e+00, 3.03820419e+00, 7.06928015e-01, 5.19676149e-01,
   6.20080471e-01,-9.44672298e+00, 5.58205068e-01,-4.19941854e+00,
  -7.42974728e-02,-4.38067818e+00, 1.00270569e+00, 1.07770145e+00,
   3.11441398e+00, 7.21282911e+00, 1.40448880e+00, 1.73028409e-01,
  -3.60029221e-01,-8.25659752e-01, 3.88722450e-01,-1.10805583e+00,
  -1.41935098e+00,-8.46276283e-01, 2.15966773e+00,-1.90358329e+00,
  -7.63712883e-01, 2.45279336e+00, 2.78875921e-02,-3.24398607e-01,
   2.33805582e-01,-3.84576656e-02, 1.46792090e+00,-9.97127628e+00,
  -1.23645716e+01, 1.89570856e+00, 1.92932367e-01,-9.59153950e-01,
   2.60160708e+00,-7.93205738e-01, 4.12726593e+00, 1.11398900e+00,
  -2.22650642e+01,-5.10794783e+00, 4.91305813e-02, 1.73815477e+00,
  -3.49971533e+00,-6.56945467e+00, 1.99267018e+00,-5.97859669e+00,
  -2.84828842e-01, 8.90002823e+00, 8.96566677e+00, 2.81288695e+00,
   8.65337467e+00, 7.39536658e-02, 7.54756093e-01,-1.66431284e+00,
  -1.51546106e-01, 1.98828411e+00,-2.26798058e+00, 8.76670182e-01,
  -1.57759428e+00, 1.47586346e+00,-9.17641544e+00,-5.21534860e-01,
   1.58111417e+00,-1.51245308e+00, 2.23215014e-01, 1.65150445e-02,
   1.11119270e+00, 1.40631944e-01, 7.95591450e+00,-3.30325723e-01,
   2.77803135e+00,-1.06531649e+01, 4.27388668e-01, 1.21053167e-01,
   6.41291857e+00, 7.39493608e+00,-6.22145224e+00,-3.87535572e+00,
  -3.02887082e+00, 6.46325636e+00, 1.31594563e+00,-1.21044474e+01,
  -1.35544598e+00, 1.90897882e+00,-1.67740688e+01,-8.92892599e-01,
   2.05407286e+00,-3.04404020e+00,-8.65221977e-01,-7.33824596e-02,
  -5.23675323e-01, 2.95846963e+00,-1.14935923e+00,-9.13851380e-01,
   6.13440990e+00,-2.63942909e+00,-3.14096379e+00, 5.71655560e+00,
  -1.37959754e+00,-9.67958331e-01,-7.66178274e+00,-7.36479104e-01,
   1.67559373e+00,-1.73218489e+00, 1.24396715e+01, 5.30924261e-01},
 { 4.32643700e+00, 4.19761956e-01, 3.98705840e+00, 1.24955714e+00,
  -2.24019361e+00, 8.40915620e-01, 4.02317953e+00, 4.89518881e-01,
   1.31642616e+00, 6.25320315e-01,-1.08340669e+00,-2.26666775e+01,
  -1.67150068e+00, 4.89417601e+00,-2.68249893e+00,-3.83185089e-01,
  -6.40294030e-02,-7.33221197e+00, 9.92407382e-01, 7.85544068e-02,
   2.90502381e+00, 6.36299086e+00, 1.45462489e+00, 9.65554833e-01,
   1.52969992e+00,-1.00276852e+01, 1.45695412e+00,-5.92244816e+00,
   5.96876097e+00, 1.45568061e+00, 7.92887354e+00, 2.47453237e+00,
  -1.42886753e+01,-1.29407558e+01, 1.09936036e-01, 2.75354934e+00,
  -2.59533238e+00, 1.16188490e+00,-3.60361695e+00,-4.41693211e+00,
   1.48870564e+00,-2.58514905e+00, 6.81997442e+00, 1.03360367e+00,
  -1.87898147e+00,-5.50284672e+00,-1.00211084e+00,-4.82945263e-01,
  -1.10903621e+00, 1.16316891e+00, 2.43516493e+00, 4.82400942e+00,
   7.57314348e+00,-4.06412220e+00,-3.55643582e+00,-7.85685730e+00,
   3.22346139e+00,-3.92262220e+00, 4.04273939e+00, 1.57454038e+00,
  -1.24207437e+00,-1.04257860e+01, 1.81980622e+00, 4.36491108e+00,
  -1.00536954e+00,-3.62330604e+00,-2.21385550e+00, 1.32031620e+00,
  -2.74066448e-01, 5.87230062e+00, 1.32452116e+01,-1.42811418e+00,
  -1.52400675e+01,-9.49180543e-01, 1.74364030e+00,-3.64432836e+00,
  -1.63038409e+00,-6.09201014e-01,-5.89904928e+00,-1.33234715e+00,
   3.09690261e+00, 1.48770285e+00, 7.52740681e-01, 3.40298319e+00,
  -9.06324196e+00,-1.64612746e+00, 6.47639394e-01,-7.16667891e-01,
   4.68465614e+00, 2.11469936e+00,-1.55696070e+00,-1.28444517e+00,
   8.87155533e+00,-5.21463931e-01, 4.32287359e+00,-4.61046368e-01,
  -6.98822689e+00,-3.91720128e+00, 3.16025114e+00, 1.75822151e+00,
  -3.62217021e+00,-4.75777245e+00,-2.02162480e+00, 6.45622492e-01,
   3.04035878e+00, 2.84820914e+00, 8.62759411e-01, 3.92402530e-01,
  -1.53772104e+00,-9.58738518e+00, 1.18406200e+00,-2.48232603e+00,
   8.53409886e-01,-3.39021415e-01,-1.32022262e+00,-1.62845150e-01,
  -2.24437313e+01,-4.23300648e+00, 1.39537501e+00, 1.32513738e+00,
  -3.82882071e+00,-3.61291313e+00,-1.42523689e+01, 1.38006461e+00,
   3.64481211e-01,-4.99741268e+00, 1.72261798e+00, 2.45897079e+00},
 { 3.72034788e-01, 2.42006913e-01, 3.53566527e+00, 3.71652722e-01,
   1.97588050e+00, 4.28519607e-01, 8.19525659e-01,-3.06119156e+00,
   3.07690144e-01, 1.52369308e+00,-3.84799528e+00, 1.50550270e+00,
   4.11430806e-01, 6.95467591e-01, 1.80737150e+00, 4.92904693e-01,
  -3.03138852e+00, 5.75838268e-01, 8.43768239e-01, 2.16713166e+00,
   8.03463936e-01,-3.88692427e+00,-1.49643064e+00,-2.71434450e+00,
   2.72189927e+00,-2.12368652e-01,-2.19572687e+00,-5.31186867e+00,
   4.06360865e-01,-3.47230583e-01, 1.01066351e+00,-1.65597105e+00,
  -3.11391860e-01,-4.33418959e-01,-8.44735563e-01, 6.48824632e-01,
   3.37169439e-01,-7.01990724e-02,-6.35094166e+00, 1.96244538e+00,
  -1.78502417e+00, 6.51220322e-01,-4.12331247e+00, 1.04509366e+00,
   4.10176992e+00,-1.63153028e+00, 4.46833801e+00, 8.03802311e-01,
   5.97093046e-01,-1.99266684e+00, 8.62560347e-02, 1.40144932e+00,
  -2.13353133e+00,-7.13474452e-02,-1.44833946e+00,-1.28796983e+00,
   5.67389393e+00,-2.18387389e+00, 1.52008569e+00,-1.84779942e+00,
  -4.38399643e-01, 3.64865273e-01, 8.36487770e-01, 2.12113714e+00,
  -2.86853218e+00, 1.99139774e-01,-2.14470536e-01,-8.66279006e-01,
  -1.23995745e+00, 1.96869314e-01,-2.54050517e+00, 1.15308717e-01,
   6.09810293e-01,-7.61537731e-01, 1.79970443e+00, 3.76113153e+00,
  -1.93343386e-01, 6.25199318e-01, 3.03660178e+00,-8.49975571e-02,
  -7.03992248e-01, 1.51155925e+00, 4.08481956e-01,-1.72311857e-01,
  -4.95634973e-01, 6.34549379e-01, 1.24188590e+00,-4.56227779e-01,
  -7.10604715e+00, 1.34765899e+00, 5.73558271e-01,-2.05113217e-01,
   7.58060634e-01,-2.70988762e-01, 5.61937809e-01, 7.93049634e-01,
   1.53601646e+00,-2.95806742e+00, 8.57749403e-01,-2.23888469e+00,
  -1.60421550e+00,-4.67490435e-01, 2.19112337e-01, 7.92921007e-01,
  -1.07492618e-01, 5.28812170e-01, 1.40387678e+00, 8.47116053e-01,
  -1.08978257e-01,-4.03668833e+00, 4.34619308e-01,-2.54817158e-01,
  -1.03058413e-01,-2.73442894e-01, 1.37582028e+00,-1.71623409e+00,
  -9.61818159e-01,-3.45155655e-04,-3.15544046e-02,-4.21982437e-01,
   2.95795059e+00,-1.85141449e+01, 1.03411806e+00, 3.19278026e+00,
   6.29959941e-01, 9.65307903e+00, 2.35281920e+00, 2.42171836e+00},
 {-8.58875811e-02,-6.56140968e-02, 7.03925014e-01,-1.78834394e-01,
   7.57659256e-01,-4.04290009e+00, 6.28993094e-01,-5.73922336e-01,
   4.85804975e-02, 6.22343779e-01, 5.97438431e+00, 9.38747078e-02,
   5.97749315e-02, 1.60920769e-02, 1.39405322e+00, 2.98783898e-01,
   2.23569655e+00, 3.21056634e-01,-3.07719398e+00,-3.59632778e+00,
  -3.99641544e-01,-1.32610865e+01,-1.53634226e+00, 3.89610863e+00,
  -1.44236326e+00,-6.49246931e-01,-9.01775718e-01, 2.35839710e-01,
   1.52910843e-01,-5.87401986e-02,-1.78911239e-01,-1.84368730e+00,
  -1.66566204e-02, 3.67290527e-02,-2.97866873e-02,-1.80678621e-01,
  -1.62596256e-01,-2.81748742e-01,-3.80182177e-01, 2.06826758e+00,
  -2.90037245e-01, 2.10060120e-01,-1.78657115e+00,-1.57178950e+00,
   5.22248220e+00,-1.57017391e-02, 2.68631339e+00,-9.67840314e-01,
  -6.61497653e-01,-6.52713835e-01,-4.65235853e+00, 1.73155487e-01,
  -1.26351118e-01, 2.11737067e-01, 2.66624633e-02,-1.79547649e-02,
  -2.63620758e+00, 2.00398111e+00, 2.59310037e-01,-2.57549143e+00,
  -5.64414300e-02, 6.47544861e-01, 4.72890973e-01,-8.63258764e-02,
   1.33690727e+00, 3.21170956e-01, 4.96933199e-02,-8.25196952e-02,
   7.04450428e-01, 1.72129288e-01,-3.60824537e+00,-3.70386779e-01,
  -9.73992527e-01,-1.46291241e-01, 1.84070885e+00, 3.51710296e+00,
   4.20345314e-04, 1.94687471e-02, 2.89464593e+00,-9.82122868e-02,
   2.01590466e+00,-3.26650810e+00, 1.10339304e-03, 1.44846722e-01,
   8.84871781e-01, 1.85897684e+00, 6.72502327e+00, 6.01152703e-02,
  -1.63531840e-01,-9.12037849e-01, 1.24877781e-01, 1.40394583e-01,
  -2.80002904e+00, 8.54471028e-02, 2.04381019e-01,-5.41180193e-01,
  -1.15574777e+00,-2.96515524e-01,-1.23696625e-01,-8.39188159e-01,
  -5.09174764e-01, 1.61873505e-01, 1.01897933e-01, 2.89650876e-02,
   9.60673243e-02, 8.31618118e+00, 2.37425432e-01, 2.40631297e-01,
   5.62742615e+00,-1.55804086e+00, 1.00814020e-02,-3.17862719e-01,
  -6.07838258e-02,-5.19937724e-02, 2.32287097e+00,-8.75283527e+00,
   6.07588775e-02,-2.92682409e-01, 4.96525504e-02,-2.13236343e-02,
   1.45090842e+00, 1.46916914e+00, 3.94916534e+00,-7.47176027e+00,
   7.06530884e-02, 2.66098046e+00,-1.51482713e+00, 5.07700384e-01},
 {-1.74612045e+00,-1.15003598e+00,-1.44307351e+00,-3.47028375e+00,
  -2.61671472e+00,-6.06767058e-01, 1.47561133e+00, 9.60528851e+00,
  -1.03351271e+00, 1.32333517e-01, 2.91059762e-01,-2.92491823e-01,
  -3.33140469e+00, 1.92588344e-01,-1.40103078e+00,-9.37874126e+00,
   5.59148550e-01, 1.05661690e+00,-2.12255073e+00, 9.18673873e-01,
   1.06341915e+01,-2.09652138e+00,-1.07906544e+00, 5.61733171e-02,
  -8.00870657e-01, 2.20099592e+00,-5.81961691e-01, 3.36873388e+00,
   1.65421262e-01, 4.29852337e-01, 1.53566420e-01,-1.57950854e+00,
  -3.39966130e+00,-2.04584742e+00,-2.58672166e+00,-2.47259545e+00,
  -2.20198154e+00,-2.82058573e+00,-2.27277353e-01, 1.03850389e+00,
   3.20627999e+00, 4.22365427e+00,-6.39890075e-01, 1.32422531e+00,
   1.11991906e+00, 9.44340676e-02,-9.11159754e-01, 6.15835905e-01,
  -2.31201321e-01,-1.03115179e-01,-1.87977517e+00,-3.54518414e-01,
   1.66666880e-01,-1.13040447e+00, 8.01529408e+00, 1.32778779e-01,
  -1.82417870e+00, 1.86805463e+00, 5.15531898e-01,-1.34627306e+00,
   1.03199193e-02, 1.37039363e+00,-4.60167837e+00,-3.60018522e-01,
  -1.16857970e+00,-4.90385103e+00,-1.87390089e+00, 8.30303907e-01,
   1.21326320e-01, 5.62144279e+00,-5.24838066e+00, 4.44005156e+00,
  -5.42088842e+00,-8.53952318e-02,-2.81206369e+00, 1.82234180e+00,
  -3.54391646e+00, 1.41523933e+00, 8.69456053e-01, 2.95751929e+00,
   3.96672964e-01, 3.82268906e-01,-1.00688565e+00, 9.28853810e-01,
   5.86437583e-01, 1.52076483e+00, 7.10468218e-02,-1.30121216e-01,
   1.15230536e+00,-3.52847219e-01,-4.85960197e+00, 1.09078860e+00,
  -9.86158848e-01, 5.20461941e+00,-6.90718317e+00,-2.34987780e-01,
  -5.39721441e+00, 1.19599652e+00, 3.35426402e+00, 8.11022043e-01,
  -2.28346691e-01,-7.08032751e+00,-4.00056934e+00,-2.96803737e+00,
  -5.05159903e+00,-1.87539768e+00,-3.09627771e+00,-1.00643635e+01,
   6.04018867e-01, 1.41245008e+00, 1.21147881e+01, 3.36022758e+00,
  -3.23161930e-01, 2.71782494e+00, 9.73919630e-01,-1.16355479e-01,
   1.86736095e+00,-8.52596462e-02, 3.69009566e+00, 8.63177478e-01,
   6.88733399e-01, 6.23155177e-01, 3.57117629e+00, 4.77262974e-01,
   5.20310640e+00, 1.52371788e+00,-6.00445175e+00,-8.22885633e-02},
 { 1.99269974e+00, 9.20884788e-01,-7.62613714e-01, 3.71535802e+00,
   2.07699299e+00,-8.06847870e-01,-6.07513380e+00, 1.22833908e+00,
   2.97580123e-01,-1.31281093e-01, 4.72752333e-01, 3.94214678e+00,
  -1.89849586e+01,-2.46676350e+01,-3.62638044e+00, 8.98027867e-02,
   3.80550057e-01,-4.91488647e+00,-4.32680702e+00, 2.05827451e+00,
  -6.65647745e+00,-2.69044757e+00,-1.07344663e+00,-1.97311342e-01,
  -8.08593512e-01, 4.86409807e+00,-5.42102873e-01, 5.83453083e+00,
  -1.48557794e+00,-1.66999614e+00,-1.78032053e+00,-1.78022635e+00,
   5.20118892e-01, 2.72705626e+00,-4.32948570e+01,-1.80206871e+00,
  -1.78587759e+00,-7.38907814e+00,-1.60465240e+01, 1.37067854e+00,
  -7.16196656e-01,-6.80782020e-01,-1.73402560e+00, 2.51033711e+00,
   1.39159441e+00, 8.63742381e-02,-1.13547397e+00, 1.01967263e+00,
  -2.19566256e-01,-8.85001495e-02,-2.72202086e+00, 2.85725212e+00,
  -8.13675702e-01, 1.61145248e+01,-2.11861820e+01,-4.35423553e-02,
  -2.95559597e+00, 1.09941614e+00,-9.98928308e-01,-2.00371909e+00,
  -3.12901646e-01,-3.17286998e-01,-1.60478840e+01,-1.08033037e+00,
   9.73007011e+00, 3.88421506e-01, 1.23471045e+00,-5.38372040e+00,
   3.39788467e-01,-1.27323484e+01,-7.91276836e+00,-2.23829255e-01,
  -1.38769686e+00, 1.28380072e+00,-5.08936763e-01, 2.50870967e+00,
   3.82529783e+00, 3.38630986e+00, 2.26671457e+00,-3.61625957e+00,
   1.22997963e+00, 5.90154469e-01, 1.75424314e+00, 4.44375658e+00,
  -2.53249437e-01, 2.92040229e+00,-4.96163607e-01,-5.52269816e-01,
   1.64967000e+00,-5.24622679e-01, 3.07478356e+00,-6.24334621e+00,
  -2.37559009e+00,-4.66087580e+00,-4.10415077e+00,-2.39059597e-01,
  -8.56842518e+00,-4.42206573e+00,-2.34219813e+00,-4.79865074e+00,
   8.21949303e-01, 7.50415564e+00, 2.86380291e+00, 3.61977053e+00,
  -3.61291909e+00,-5.02372694e+00, 3.20025921e-01, 6.29331589e-01,
  -7.83765316e-03, 3.63919640e+00,-1.57980528e+01,-3.50990623e-01,
  -1.73342064e-01,-2.19985080e+00, 1.50744462e+00,-1.13707267e-01,
   2.27619934e+00,-1.19148588e+00,-4.39994383e+00,-1.71576786e+00,
   1.34008086e+00, 1.31986713e+00, 5.01977444e+00, 1.47028506e-01,
   1.90955806e+00, 2.47174478e+00, 8.80827427e+00,-2.81573832e-02},
 { 1.84095883e+00, 1.28065038e+00, 3.85168481e+00, 3.04817796e+00,
   2.04468226e+00, 1.79395783e+00,-8.24753284e-01, 2.09826107e+01,
  -1.55332077e+00,-2.59812593e-01,-1.70289099e+00, 1.01080084e+00,
  -1.18059626e+01,-4.42692518e-01, 3.43066484e-01, 1.11173177e+00,
  -7.60367215e-01,-8.82968783e-01,-4.25867367e+00,-1.61714804e+00,
  -1.31730547e+01, 5.58371305e+00, 1.72691441e+00, 1.45809084e-01,
   1.06762636e+00, 1.11364756e+01, 4.52711731e-01,-3.73594189e+00,
  -2.27607155e+00,-1.42255259e+00,-9.77595150e-01, 1.58888757e+00,
  -3.01363319e-01, 3.25319695e+00,-2.72614727e+01, 2.79794121e+00,
  -1.19846258e+01, 2.28651762e+00, 6.43236279e-01,-1.55227458e+00,
  -1.22790461e+01,-1.05090904e+00, 1.89737952e+00, 6.08258390e+00,
  -2.86377370e-01, 2.85230041e-01, 1.00752175e+00,-1.02523446e+00,
   1.16549358e-01, 3.67387891e-01, 3.66753531e+00, 3.70128632e-01,
  -7.65742588e+00, 1.00427473e+00,-3.11332169e+01, 3.69580656e-01,
   2.28530335e+00,-2.46843719e+00,-3.26744914e-01, 2.12316060e+00,
  -2.21193373e-01,-1.30156291e+00, 2.87991595e+00, 6.55853033e-01,
   5.79769802e+00,-4.77558315e-01, 9.51630592e-01,-6.88177824e-01,
  -3.12571943e-01,-6.57362604e+00, 8.71283436e+00,-7.26581240e+00,
  -2.02690795e-01, 1.86404157e+00,-1.93367267e+00,-3.13842988e+00,
   3.95594096e+00, 2.16641021e+00,-1.87272882e+00,-3.63909197e+00,
  -2.12786841e+00,-1.16724873e+00, 3.77353787e-01, 4.56943226e+00,
  -1.61647749e+00,-2.93336010e+00, 8.68912786e-02,-1.04058288e-01,
   4.05562073e-01, 4.45580751e-01, 2.14618638e-01,-1.54187846e+00,
   2.32429266e+00,-4.50349855e+00,-4.98977423e+00, 5.06840825e-01,
   3.83578569e-01,-1.11266911e+00,-4.14632559e+00,-1.70853925e+00,
   1.26896724e-01, 9.05050564e+00, 1.55142915e+00, 2.57460499e+00,
  -8.24776268e+00, 4.75941229e+00, 5.54200411e-01,-4.62239295e-01,
  -1.03081465e+01,-4.64875221e+00,-1.08826399e+01,-2.68243456e+00,
   1.74103454e-01,-2.32208514e+00,-2.00156641e+00,-3.39772701e-01,
   8.21270180e+00,-2.75490999e+00,-4.50393677e+00,-2.56757438e-01,
  -1.37242544e+00,-1.57258821e+00,-6.95902061e+00,-2.58925650e-02,
  -4.44735378e-01,-2.78934550e+00, 2.87093192e-01,-2.60858595e-01},
 { 6.19421564e-02,-2.89942715e-02, 4.18018460e-01, 3.65951769e-02,
  -5.42658389e-01,-5.53979731e+00,-7.00571686e-02, 2.79522300e-01,
  -2.69062389e-02, 4.83858168e-01, 2.32183456e+00,-1.58307150e-01,
   9.76637453e-02, 8.40937123e-02, 1.20686913e+00, 5.99782228e+00,
   3.53518546e-01,-2.17766672e-01,-3.04998875e+00,-9.27230775e-01,
   1.85643256e-01,-1.38281708e+01,-1.56886458e+00, 1.97072697e+00,
  -8.38488770e+00,-1.47062251e-02,-4.03334379e+00,-2.13228321e+00,
   3.40516381e-02, 9.18823630e-02, 3.02456319e-02,-8.83159876e-01,
  -1.41658962e-01, 6.71947449e-02,-6.23810627e-02,-4.44386266e-02,
   1.54888317e-01,-2.18808219e-01, 2.33077452e-01, 4.46661854e+00,
   1.47383392e-01, 1.32811621e-01,-3.29952774e+01, 2.64933109e+00,
  -9.45117772e-01, 3.21733169e-02,-1.91179538e+00,-1.65134430e+00,
   2.92199087e+00,-5.54234624e-01, 5.19685566e-01,-1.09829416e-03,
   6.45879880e-02, 1.66633442e-01,-2.24545654e-02, 1.28800526e-01,
   1.15094769e+00,-1.00953400e+00,-7.28235766e-02,-1.10449572e+01,
   1.61785930e-01,-4.10816222e-01,-2.47747675e-01, 1.01071000e+00,
  -1.92992091e-01,-1.11567840e-01, 4.21530008e-02, 7.15654669e-03,
   3.76091003e+00, 3.62689406e-01,-4.40029144e+00, 7.37891793e-02,
   2.26620302e-01, 4.19501252e-02,-1.07702196e+00, 5.25307834e-01,
   3.25669125e-02, 2.11567864e-01, 1.76920128e+00, 1.60000492e-02,
   2.24485922e+00, 1.54004371e+00,-4.04711664e-02,-2.33206972e-01,
   8.15817416e-01, 2.55143809e+00, 3.45961189e+00, 3.55631781e+00,
  -1.22331715e+01,-9.57329333e-01, 4.99564379e-01, 1.10225536e-01,
   1.57759666e+00,-1.74526796e-01,-1.12574019e-01, 2.38993530e+01,
  -6.21295154e-01,-1.01980388e-01,-1.32956877e-01, 4.27843034e-01,
   2.84047127e-01,-5.31323776e-02,-2.01263025e-01,-2.84913063e-01,
   3.68595682e-02, 1.98277247e+00, 1.32170916e-02,-1.68111503e-01,
   1.04385531e+00,-4.62790155e+00, 1.00247329e-02,-8.84340554e-02,
   1.05185769e-02,-2.13315766e-02,-5.81286073e-01,-1.50684834e+00,
   4.00674486e+00, 2.83028245e-01, 1.43584404e-02,-6.05085269e-02,
  -2.81855047e-01,-2.88646311e-01, 6.14595175e+00,-6.87746239e+00,
   1.10344529e+00, 2.29727566e-01,-2.11969778e-01, 1.63483536e+00},
 { 2.79543191e-01,-3.72897434e+00, 9.65985730e-02,-1.25470847e-01,
  -1.72529531e+00, 2.46186629e-01, 1.11207333e+01, 1.73482075e-01,
  -2.82357049e+00,-2.04527341e-02,-2.48378649e-01,-4.28287601e+00,
   9.80785638e-02,-4.92048502e-01,-1.61236569e-01,-7.61662006e-01,
  -8.18367675e-02, 1.04038566e-01, 3.24112296e+00,-1.12985224e-01,
  -5.82187057e-01, 4.49911565e-01, 9.47376788e-02,-4.33336310e-02,
   8.07328299e-02,-1.05860092e-01,-3.24972123e-02,-5.79904556e-01,
  -4.56814058e-02, 4.11454797e-01,-1.65545374e-01, 1.81312650e-01,
   4.26331103e-01, 6.38694942e-01,-2.62803137e-01, 1.72123149e-01,
   1.40937522e-01,-2.94971079e-01, 1.31597385e-01,-1.18975274e-01,
   1.74258024e-01,-1.07007265e+00, 4.78949659e-02, 4.45960432e-01,
   1.26203308e-02, 9.37094092e-01, 1.53850153e-01,-5.41314781e-02,
   3.09155192e-02, 3.61928041e-03, 1.54989630e-01, 4.45640624e-01,
   5.02795172e+00, 3.42802972e-01,-6.65309206e-02, 6.40062666e+00,
   2.53726095e-01,-6.75610378e-02,-1.14865375e+00, 2.80339926e-01,
   1.63476145e+00, 5.38269937e-01,-2.01434076e-01, 9.50145796e-02,
   5.52764702e+00,-3.04179471e-02, 4.47889757e+00,-2.54841615e-02,
  -3.13324109e-02,-3.04140472e+00, 4.63081598e-01,-5.89802980e-01,
   2.12430811e+00,-7.11417012e-03, 3.30035448e-01,-1.61041290e-01,
   1.05855870e+00, 1.47881722e+00,-1.11063391e-01, 3.01199079e-01,
  -4.40634787e-01, 2.77145773e-01,-1.25036806e-01,-6.28217533e-02,
  -3.63132149e-01,-2.19606698e-01,-5.13238832e-03,-1.17087662e-01,
  -3.17054570e-01, 7.22988620e-02,-2.98526973e-01,-1.71467677e-01,
   1.47980988e-01, 3.26549888e+00,-4.26593237e-02, 6.57339916e-02,
   6.64693451e+00,-1.00426531e+00,-5.30770779e+00,-1.22916641e+01,
   7.80923590e-02,-1.29612231e+00,-2.75534481e-01, 7.64108539e-01,
  -2.89648414e-01,-5.37210882e-01, 4.49987613e-02,-3.47117931e-02,
   1.04623330e+00, 4.89640385e-01,-3.28298151e-01, 1.33789748e-01,
   2.07266479e-04, 1.88950109e+00,-1.45678893e-01,-6.78984588e-03,
  -5.93147898e+00,-8.42529488e+00,-6.36172116e-01, 1.48491293e-01,
  -7.32801259e-02,-5.50205931e-02,-2.98062176e-01, 1.91424951e-01,
  -6.89353049e-01,-1.59670874e-01,-1.58952160e+01, 4.80507500e-02},
 { 3.24531293e+00, 3.41789031e+00,-5.88815026e-02, 2.05254841e+00,
   3.67803264e+00,-2.43442267e-01,-1.43994880e+00,-6.33552790e+00,
   1.32447258e-01,-1.78428307e-01,-1.70354143e-01,-1.31774163e+00,
  -1.17597008e+01,-8.77617931e+00,-3.10591102e+00, 2.74016649e-01,
  -5.33061862e-01,-2.57193398e+00,-4.77106953e+00, 3.99386317e-01,
  -7.72652721e+00,-2.51545882e+00,-1.23743999e+00,-3.46605033e-01,
  -2.02888918e+00,-2.48947639e+01, 9.79352832e-01, 9.27777767e+00,
  -6.73907518e-01,-2.28922009e-01, 1.59605913e+01,-2.32439399e+00,
  -7.15971291e-01, 7.81682348e+00,-2.94080410e+01, 3.59785581e+00,
  -3.93171692e+01, 1.87773734e-01,-1.08666921e+00, 2.23788166e+00,
  -1.88780475e+00, 1.52982330e+00,-1.30384159e+00, 2.94988036e-01,
   2.03839850e+00,-4.82933378e+00, 2.43173480e+00, 3.06095868e-01,
   9.76418793e-01, 3.65166873e-01,-1.14602387e+00,-2.16112614e+00,
  -1.82248032e+00,-1.86932850e+00,-4.35838547e+01,-1.64103055e+00,
  -3.90700746e+00, 1.78893828e+00,-4.40974188e+00,-2.27641642e-01,
  -4.39439774e+00,-4.54862452e+00,-2.25661635e+00,-1.67563081e+00,
   3.67659807e+00, 7.44326687e+00, 2.17920184e+00,-7.21895742e+00,
   3.46265376e-01,-1.98937285e+00,-5.14075518e+00,-7.32751548e-01,
  -5.48870707e+00, 1.00073564e+00,-4.40905762e+00, 1.06419480e+00,
   5.48627824e-02,-6.39726222e-01, 2.24458838e+00,-5.24710178e+00,
  -5.70473969e-01,-3.98436189e-02,-4.70276028e-01, 3.05994265e-02,
  -2.27520370e+00, 1.98755908e+00,-6.01026595e-01, 1.17967278e-01,
  -1.67191401e-01,-1.07725179e+00, 4.32328415e+00,-3.52990699e+00,
  -3.08736444e+00,-5.01453114e+00,-4.56160393e+01,-6.08699918e-01,
   1.16194415e+00, 1.95484543e+00, 2.31374681e-01,-1.24538431e+01,
  -2.34006429e+00, 3.13332272e+00,-1.25783956e+00, 2.15014720e+00,
   3.46871519e+00,-4.88603115e+00,-8.53133619e-01, 3.58045840e+00,
  -7.62041450e-01, 2.10410547e+00,-3.66291261e+00,-4.80885649e+00,
   2.11353868e-01,-2.23624349e+00, 1.60357547e+00,-1.56135488e+00,
  -9.57646370e+00,-5.31414080e+00,-2.57687426e+00, 3.60348964e+00,
   4.64157701e-01, 9.70697224e-01, 4.67853260e+00, 7.09076151e-02,
   1.99885201e+00, 1.40924144e+00, 3.48931170e+00,-1.07943785e+00},
 { 4.63066196e+00,-1.96061742e+00,-1.97221005e+00, 1.31026518e+00,
   6.62788033e-01,-2.35289240e+00,-4.96408939e+00,-8.54156137e-01,
   6.22362673e-01,-2.47474527e+00,-1.80202079e+00, 9.64486694e+00,
  -1.13836622e+01,-1.96763659e+00,-2.96351767e+00, 1.74957681e+00,
   4.38466698e-01, 2.35266590e+00,-5.72417545e+00, 1.39198506e+00,
  -3.79902148e+00, 9.54826996e-02,-3.57783914e+00,-3.74049497e+00,
  -2.97153592e+00,-1.16332150e+01, 2.53487158e+00, 1.14435186e+01,
  -1.98669291e+00, 3.50762963e+00, 4.73144817e+00,-1.78712165e+00,
   2.02611589e+00,-4.19224834e+00,-1.74410510e+00,-8.06528628e-01,
  -3.76999068e+00, 4.42285240e-01,-1.69190860e+00, 3.59994078e+00,
  -3.09048820e+00, 2.11378068e-01,-4.70864487e+00,-2.89138854e-01,
   2.84260535e+00,-4.65440178e+00, 2.45694041e+00, 1.30174541e+00,
  -1.55900633e+00, 1.17674577e+00,-2.50242758e+00,-6.67949975e-01,
  -5.65388441e-01,-1.87506664e+00,-1.84035695e+00, 1.16300583e+00,
  -6.34801674e+00, 6.68051004e+00,-7.84173191e-01,-8.02079976e-01,
  -5.77767611e+00,-2.60555840e+01, 2.05969477e+00,-5.00198841e+00,
  -2.69993649e+01,-5.70294857e-01,-1.77211702e+00,-2.92041993e+00,
   1.05909359e+00,-1.25418985e+00,-4.93930674e+00, 1.82633185e+00,
  -1.84621105e+01, 6.21780634e+00,-1.53723931e+00, 2.01670170e+00,
  -1.30214477e+00, 8.78161907e-01, 1.69929969e+00,-1.01177204e+00,
   3.67755389e+00,-6.33048892e-01,-8.06546497e+00,-1.47000813e+00,
   3.14666009e+00, 1.80318081e+00,-6.33011162e-01, 5.37763774e-01,
  -5.76464987e+00,-2.28132987e+00,-1.89602387e+00,-3.38835692e+00,
  -4.12862730e+00, 1.04092562e+00, 1.49123538e+00, 1.12558961e-01,
  -1.31078873e+01, 2.12963104e+00,-3.95782024e-01,-4.38956738e+00,
   9.95712817e-01,-2.04212260e+00, 1.43331981e+00, 3.33887982e+00,
   2.07910132e+00,-1.61101472e+00,-6.12512887e-01, 2.50581479e+00,
   4.35701418e+00, 2.38712549e+00, 8.29299510e-01, 2.23502159e+00,
   1.71654597e-01, 1.38688278e+00, 2.51429200e+00, 2.40782142e+00,
   9.01511729e-01,-9.05128717e-01,-8.58531415e-01, 9.90561676e+00,
  -5.31629801e-01, 4.10180426e+00, 4.83898306e+00, 3.43159342e+00,
  -4.23896217e+00, 2.35461926e+00, 5.50360346e+00, 7.21680284e-01},
 { 3.95676851e+00,-9.44934309e-01,-1.61744654e-01,-1.00236249e+00,
   1.92814365e-01,-1.25066757e-01,-7.22765827e+00, 6.13879204e-01,
   7.03065217e-01,-7.62390971e-01, 4.38329935e-01, 3.06006432e-01,
   1.06485426e+00,-4.52706724e-01,-1.45121312e+00, 4.39515173e-01,
  -4.38475788e-01, 1.27740234e-01, 4.10751772e+00, 1.15257883e+00,
   6.77372742e+00,-3.47237277e+00,-2.07968831e+00,-4.37519521e-01,
  -1.10887361e+00,-3.10131335e+00, 2.33287320e-01, 1.73237419e+00,
   6.33399487e-02, 8.67458999e-01,-1.81842089e+00,-8.19415987e-01,
  -5.13653874e-01, 2.39205933e+00, 2.53056812e+00,-1.28014052e+00,
  -1.50406696e-02,-6.59056783e-01, 7.23589122e-01, 9.44822967e-01,
  -1.95070589e+00,-5.84814548e-02,-1.04895687e+00, 4.93170649e-01,
   1.93544006e+00,-2.65419888e+00, 7.76201248e-01, 4.46164638e-01,
   6.00975335e-01,-1.30253136e+00,-6.00473046e-01,-3.44541728e-01,
  -3.82823062e+00,-2.24082923e+00, 2.09337091e+00,-7.09711456e+00,
  -3.56750011e+00, 1.84206927e+00, 4.84280634e+00,-1.02543437e+00,
  -9.11485255e-01,-4.53037405e+00,-1.69718578e-01,-2.01402926e+00,
  -2.61481833e+00,-7.04897285e-01, 4.09051389e-01,-2.11806321e+00,
  -1.76475048e-01,-3.19410264e-01,-1.63865352e+00,-3.21129608e+00,
  -1.63970292e+00, 1.42146790e+00,-7.38218904e-01, 9.17810977e-01,
  -2.14942646e+00,-4.76046026e-01, 1.21427822e+00,-2.11858010e+00,
  -2.21532774e+00,-1.89257748e-02,-1.38116479e+00, 3.20798540e+00,
  -1.18848228e+00, 7.84682333e-01, 3.14125299e-01, 1.89837068e-01,
  -5.12569726e-01,-4.42935079e-01, 2.59637618e+00,-1.21572363e+00,
  -2.70805383e+00,-4.90797377e+00, 4.28904200e+00, 1.99909434e-01,
  -2.30669335e-01, 1.17768288e+00, 1.00115252e+00,-3.02369189e+00,
  -2.34475112e+00,-8.38501513e-01, 5.33510745e-01,-5.71302950e-01,
   3.58790159e+00, 9.08661127e-01,-2.64962435e+00,-3.01908374e-01,
  -3.02888608e+00, 3.29974318e+00,-2.10245299e+00, 5.82774878e-01,
   4.75077331e-01, 2.05788404e-01, 6.39084935e-01, 2.08032221e-01,
  -3.55753136e+00,-1.60065269e+01, 8.74327719e-01, 5.27571487e+00,
   8.19224596e-01, 1.88899994e+00, 1.00432718e+00, 6.39905930e-01,
  -7.24670315e+00, 2.04276752e+00, 3.08070445e+00,-1.83953738e+00},
 {-4.65852953e-02,-8.46351981e-02,-6.24702796e-02,-9.93346348e-02,
  -9.15337279e-02,-1.96006969e-02,-2.43603289e-02,-1.23166293e-01,
   8.44229385e-03, 1.56248352e-02, 6.29198626e-02, 2.00355463e-02,
  -1.04419909e-01,-5.85282631e-02,-1.21760473e-01,-8.37840233e-03,
  -5.12982300e-03,-4.00949977e-02, 3.23519297e-02,-2.28435360e-02,
  -9.99916419e-02, 2.04903223e-02,-3.99980582e-02,-2.05946919e-02,
  -8.61738771e-02,-6.35037646e-02,-1.90451778e-02, 1.57508045e-03,
   9.89204645e-03,-1.56459827e-02, 5.52879320e-03,-3.01466137e-03,
   6.28101826e-03,-8.71531144e-02, 2.19195057e-02,-9.18917507e-02,
  -5.66909611e-02, 2.74534095e-02,-1.42454216e-03,-5.84366657e-02,
  -1.22599695e-02,-9.36178863e-02,-2.93983631e-02, 1.79612674e-02,
  -5.81053225e-03,-1.22144453e-01,-1.03207834e-01,-3.19601339e-03,
  -6.71722665e-02, 3.93309677e-03, 2.50154417e-02,-3.78335565e-02,
  -6.08139820e-02,-9.67260674e-02, 2.94965599e-03, 2.35901065e-02,
  -5.41568436e-02,-1.16766520e-01,-1.20418817e-01,-1.54110556e-02,
  -4.20377031e-02,-6.73034340e-02,-9.75452885e-02,-6.99511170e-02,
   7.89205078e-03, 2.69736769e-03,-9.39196274e-02,-9.60957780e-02,
  -1.44216523e-01, 3.19403480e-03,-4.43834588e-02,-4.16723639e-02,
  -3.84874828e-02,-1.41509786e-01,-1.07280873e-01,-1.20109797e-01,
  -8.12704265e-02, 1.22507103e-03,-1.31883487e-01,-3.91510390e-02,
  -5.23362681e-02, 7.09684566e-02,-7.24957138e-02, 5.16588576e-02,
  -1.35108739e-01,-1.13527752e-01,-1.67687726e-03,-6.16656244e-02,
  -1.08691084e-03,-1.14360355e-01, 2.93152705e-02, 3.14253643e-02,
  -3.10707968e-02,-4.98202741e-02, 5.09163328e-02, 4.01557051e-02,
  -1.49624482e-01,-2.96241120e-02,-9.67408568e-02, 9.55077354e-03,
  -5.07334769e-02,-2.72689816e-02,-6.94286600e-02,-6.94935098e-02,
  -3.84690426e-02, 4.38030474e-02,-5.89978620e-02,-3.50428633e-02,
   4.90814112e-02, 2.15111244e-02,-4.05936167e-02, 1.94052607e-02,
  -1.28884306e-02, 2.66263355e-02,-2.19200160e-02,-1.02662601e-01,
  -9.66209397e-02,-1.09608797e-02,-2.08078069e-03,-1.41845971e-01,
   4.34037820e-02,-1.04146861e-01, 2.66511068e-02, 5.45700304e-02,
  -7.09206390e-04,-3.90493348e-02,-7.73413479e-03,-6.74023852e-02},
 { 1.95095278e-02,-9.76226060e-04, 5.93249512e+00, 1.09034516e-01,
  -7.18473256e-01, 1.29798889e+00,-2.19542101e-01, 3.78919154e-01,
  -9.59465802e-02,-5.76207995e-01,-3.18317223e+00,-1.56208783e-01,
   1.38312681e-02,-1.30854309e-01, 9.87825489e+00,-2.81389862e-01,
  -2.53897619e+00,-2.84820944e-01, 2.44911909e+00, 2.28532386e+00,
   3.51071119e-01, 8.57124805e+00, 1.91539896e+00,-3.23293042e+00,
   2.11918354e+00, 6.07582808e-01, 1.09830678e+00,-7.03406763e+00,
  -9.96251404e-02, 8.64361897e-02, 1.25531361e-01, 2.24182057e+00,
   6.08443245e-02,-2.62436450e-01, 1.94706414e-02, 1.16669796e-01,
   8.84725004e-02,-2.07566053e-01, 3.22117805e-01,-2.87824750e+00,
   1.81881219e-01, 2.31932759e-01, 2.17628098e+00, 1.66278791e+00,
   1.43966809e-01, 3.57145146e-02, 8.70943737e+00, 1.48751140e+00,
   8.22554171e-01, 6.68595314e-01, 4.84408283e+00,-1.01628102e-01,
   3.27992178e-02,-2.78610706e-01,-6.23182058e-02, 5.50769595e-03,
   2.63564444e+00,-5.56987906e+00,-1.72406197e-01, 5.69630051e+00,
   1.56570405e-01,-5.69919944e-01,-3.64363849e-01,-3.84180963e-01,
  -8.86783302e-01,-2.00296149e-01,-2.19335519e-02, 4.69375327e-02,
   4.09349054e-01, 2.08591238e-01, 4.56080818e+00, 2.96543866e-01,
   8.70048821e-01, 7.83248469e-02,-4.36158746e-01,-3.65342979e+01,
   6.29381323e-03, 3.71922553e-01,-2.16329956e+00, 5.43122627e-02,
  -6.30400801e+00, 3.30366731e+00,-5.03717475e-02,-1.49330050e-01,
  -2.22080305e-01,-5.03634596e+00,-4.47950745e+00, 1.97248355e-01,
   6.62696123e+00, 1.14704382e+00,-6.18857592e-02,-2.24204808e-02,
   1.87410152e+00,-1.52174979e-02,-1.24396905e-01, 2.30076146e+00,
   9.11248624e-01, 2.86577284e-01,-1.59445293e-02, 9.23544049e-01,
   4.27262366e-01,-2.21820287e-02,-1.20059781e-01,-7.42775425e-02,
   1.62538365e-01, 4.91045618e+00,-2.06603751e-01,-2.50457555e-01,
   1.31535327e+00, 7.81485558e-01, 2.64621098e-02, 2.68061042e-01,
   4.99607809e-02, 3.34224328e-02,-2.68058872e+00,-3.31212449e+00,
  -1.31282771e+00, 3.87404650e-01, 1.17373420e-02, 8.14239681e-03,
  -1.22693026e+00,-1.64037991e+00,-8.64949131e+00,-5.13781428e-01,
   4.82394516e-01,-3.09285021e+00,-8.72823954e-01,-5.15714407e-01},
 {-7.65791237e-02,-1.13966770e-01,-4.25596461e-02,-3.70933861e-02,
  -7.44471475e-02,-7.30332499e-03,-6.65459558e-02,-1.44387826e-01,
  -3.03185992e-02,-6.66185766e-02,-6.43889010e-02,-5.46155274e-02,
  -1.15634866e-01,-3.11835557e-02,-1.27478123e-01,-4.13543433e-02,
  -8.99309963e-02,-1.16144039e-01,-8.06326121e-02,-6.28584996e-02,
   6.64080307e-02,-1.31313458e-01,-4.03182432e-02,-2.55314391e-02,
   1.16067827e-02,-8.77092928e-02,-8.43615979e-02,-8.63403305e-02,
  -4.25285660e-02,-1.72749326e-01,-1.50192231e-01,-5.06887324e-02,
  -1.13434047e-01,-4.48424816e-02,-4.83205281e-02, 1.99950114e-03,
  -4.69610514e-03,-1.55430092e-02,-8.50117591e-04,-1.08530685e-01,
  -1.39931262e-01, 1.92043297e-02,-7.63225183e-02,-5.86279444e-02,
  -2.16465201e-02,-7.83098768e-03,-2.82236394e-02,-9.05549452e-02,
  -7.56251216e-02,-9.49157923e-02,-4.07065861e-02,-2.44392548e-03,
   3.46450768e-02,-3.48765738e-02,-4.26057950e-02,-1.30099813e-02,
  -4.57028300e-02,-8.21380466e-02,-9.52065215e-02,-2.16323286e-02,
  -8.75478387e-02,-1.09084425e-02,-2.39982884e-02,-1.39160408e-02,
   6.83349231e-03,-4.29906212e-02,-9.52170044e-02,-1.94327384e-02,
  -4.20852602e-02, 5.73912114e-02,-2.52097100e-03, 4.08101417e-02,
   8.85601807e-03,-9.26882476e-02,-5.75902238e-02,-7.71179497e-02,
  -3.55616920e-02, 2.98844613e-02,-1.01624355e-01,-1.20495267e-01,
  -1.24450527e-01,-1.50546385e-02,-5.25627621e-02,-1.04441181e-01,
  -7.42100477e-02, 8.73593688e-02,-1.13203125e-02,-7.14936778e-02,
  -2.65761446e-02, 5.65426573e-02,-9.65947956e-02,-9.38861631e-03,
  -5.34574687e-02,-2.22470146e-02, 8.78200494e-03,-3.41859385e-02,
  -5.48396520e-02,-1.04834549e-02,-1.28865734e-01,-7.68029466e-02,
   5.04957652e-03,-8.91286656e-02,-4.98782322e-02,-1.32518634e-01,
  -5.18369861e-02,-7.78452531e-02,-7.00042844e-02, 6.45864829e-02,
   6.82045370e-02,-1.10517135e-02,-6.49053156e-02,-1.30399048e-01,
  -9.49978754e-02,-1.41826361e-01,-5.46557158e-02,-3.07096317e-02,
  -5.78858145e-02, 1.16929278e-01,-1.43042818e-01,-7.21593052e-02,
   1.16203623e-02,-1.01611726e-01,-7.05617107e-03,-4.65405956e-02,
  -7.41456300e-02,-1.50571289e-02,-2.40632147e-02,-3.17117572e-02},
 {-5.29949963e-02, 1.29884049e-01,-8.14453244e-01, 6.48343801e-01,
   1.48105705e+00,-5.84430504e+00, 1.94758460e-01,-1.29970055e+01,
  -4.05697405e-01,-2.36986518e+00, 1.30929029e+00, 1.57504067e-01,
   1.73977748e-01,-9.29380536e-01,-1.01760246e-01,-2.03082219e-01,
  -2.82889414e+00, 1.12320578e+00,-1.79016545e-01, 8.37404788e-01,
   5.06298877e-02, 1.23307198e-01,-5.13623655e-01,-1.50375038e-01,
  -3.05052319e+01, 9.35684621e-01, 2.72245908e+00, 3.13115811e+00,
   9.00952294e-02,-5.03187589e-02, 1.03347087e+00,-2.84770969e-02,
  -8.76042724e-01,-2.43907258e-01,-7.60482132e-01, 2.18459398e-01,
  -4.82487649e-01,-3.03629041e-01,-5.02710581e+00, 2.10094619e+00,
  -2.12055802e+00, 5.37372708e-01,-3.88230944e+00,-1.86845586e-01,
  -4.41530466e+00,-8.26397061e-01, 4.19314861e+00,-3.79836679e-01,
  -1.12618899e+00, 3.75771046e+00,-2.26696563e+00,-4.49543762e+00,
  -2.31391883e+00, 4.80751097e-01,-1.69611001e+00,-1.20570444e-01,
  -7.99835348e+00, 1.70082557e+00, 1.08124006e+00,-1.10143864e+00,
  -5.42637050e-01, 3.72772872e-01, 1.15437403e-01,-3.35405421e+00,
  -1.21623290e+00, 5.52051812e-02,-5.27811460e-02,-2.27472231e-01,
   3.28237081e+00,-6.22087896e-01,-4.43145132e+00, 4.08918351e-01,
   1.11277723e+00,-4.38537568e-01,-3.59919739e+00, 4.21290636e+00,
  -3.16622816e-02, 5.84299326e-01, 3.60206914e+00, 4.90874760e-02,
  -2.31577396e+01, 2.95489430e+00, 7.46613324e-01, 7.23960042e-01,
   6.59337118e-02, 3.74682450e+00,-1.51772514e-01,-7.29523897e+00,
   4.85499668e+00,-2.92056394e+00, 1.11618245e+00,-4.66516614e-01,
  -4.99958944e+00, 5.92822015e-01, 5.94489053e-02, 3.95939565e+00,
  -3.69375318e-01,-1.83650088e+00, 6.47361755e-01,-2.67355108e+00,
  -1.29003656e+00, 1.32650375e-01,-1.49542809e-01, 6.49425089e-01,
  -2.74878800e-01, 9.23889160e+00, 7.28696942e-01, 1.78785533e-01,
  -8.81446242e-01, 3.12471867e+00, 7.09540248e-01,-6.54953837e-01,
  -1.54216185e-01,-8.68952423e-02, 1.93904138e+00,-2.34782815e+00,
   7.90299606e+00,-1.77259818e-01, 8.47652406e-02,-5.19243777e-01,
   1.86017537e+00, 1.04711807e+00, 6.21116817e-01, 6.39945507e+00,
   2.44733334e-01,-1.98813510e+00, 3.34314883e-01,-2.35747933e+00},
 { 1.96903467e+00, 8.27164459e+00, 4.42880899e-01, 1.80403888e+00,
   2.28349757e+00, 1.26038086e+00, 9.22842216e+00,-1.07081980e-02,
   3.71247935e+00, 1.38912424e-01,-1.36752343e+00,-2.24867582e+00,
  -9.75862682e-01,-2.65057039e+00, 1.20800877e+00, 1.07443810e+00,
  -6.56664908e-01,-1.20301991e+01,-5.31660509e+00,-1.14211643e+00,
  -4.38305664e+00, 3.68095231e+00, 1.23361981e+00, 2.41761744e-01,
   8.16367149e-01, 1.92879856e+00, 1.12211205e-01,-3.23663831e+00,
  -5.60924768e-01,-9.14928722e+00, 6.83785856e-01, 8.76696944e-01,
   1.64003539e+00,-1.66241245e+01,-7.48268306e-01, 1.67094839e+00,
  -4.77211523e+00, 1.58586907e+00,-4.51506329e+00,-9.75833595e-01,
   3.38462877e+00, 4.20243597e+00, 1.61442649e+00,-1.55004025e+00,
  -8.10252249e-01,-5.90239410e+01, 5.29507697e-01,-1.07413161e+00,
  -5.44743873e-02, 1.93688199e-01, 2.19683385e+00, 5.81522274e+00,
   5.24058914e+00,-3.60481292e-02,-5.71429990e-02,-5.30934668e+00,
   2.14780116e+00,-1.10285616e+00,-2.92823792e+00, 1.53391075e+00,
  -1.80486660e+01, 5.11306810e+00, 5.68805742e+00, 9.34046566e-01,
  -4.58405876e+00, 2.56812668e+00,-1.63096607e+00, 8.28123450e-01,
  -4.53302383e-01, 3.35926914e+00, 9.31483269e+00,-1.01207232e+00,
  -1.74160814e+00,-5.43029606e-01, 2.55420446e-01,-1.96335280e+00,
  -1.07113194e+00, 2.04121470e+00,-1.70446503e+00,-1.61196518e+00,
  -1.43944478e+00, 3.45009923e-01,-4.25874054e-01,-2.58739805e+00,
  -3.51162004e+00,-1.79711771e+00, 5.13154030e-01,-9.93613780e-01,
  -3.58061463e-01, 2.37783462e-01, 1.20159311e+01,-4.78949487e-01,
   2.21417260e+00,-5.93960881e-01, 6.69389814e-02,-1.99204937e-01,
   5.51573229e+00, 1.64698839e+00,-1.03081303e+01,-3.19542141e+01,
  -3.03915119e+00,-2.30068302e+00, 1.87263823e+00, 2.97016001e+00,
  -2.34666839e-02, 3.34518814e+00,-2.49969602e+00,-3.42537850e-01,
   7.54026604e+00,-3.90108395e+00, 5.11058927e-01,-3.52797717e-01,
  -2.33918452e+00,-2.48143420e-01,-1.51595974e+00,-3.07340711e-01,
  -1.43017216e+01,-2.68236160e+01,-5.89367247e+00, 7.19206557e-02,
  -1.08006692e+00,-1.08788204e+00,-7.52419901e+00, 4.67863321e-01,
   1.74683225e+00,-1.85409272e+00, 3.87512040e+00, 1.26241460e-01},
 {-1.56447756e+00,-8.90786350e-01, 3.92165244e-01,-3.62786674e+00,
   4.47604001e-01,-8.04845214e-01, 3.76317286e+00,-1.31216087e+01,
   6.30360067e-01, 7.69057944e-02,-1.27857375e+00,-3.20171189e+00,
   4.03476179e-01, 7.70661294e-01, 2.25359845e+00,-1.87570199e-01,
  -8.77354085e-01,-1.45050251e+00,-3.42192674e+00,-1.51549387e+00,
  -6.68659019e+00, 4.25434399e+00, 1.29926956e+00, 3.02636623e-01,
   7.24844098e-01,-4.20646779e-02, 4.17216003e-01,-3.60883594e+00,
   2.48617458e+00,-1.14543354e-02, 9.62969124e-01, 1.23477221e+00,
  -8.55987787e-01,-6.41400480e+00,-1.54278517e+01,-6.67299795e+00,
  -8.60585403e+00, 3.65527773e+00,-1.51926069e+01,-1.13352334e+00,
   2.12476358e-01, 2.39084172e+00, 1.86992335e+00,-1.19407547e+00,
  -9.59075809e-01,-4.39077049e-01, 1.05295908e+00,-1.15421343e+00,
   8.22024867e-02, 2.17894405e-01, 3.03616929e+00,-8.27555084e+00,
  -6.65055588e-02,-6.28509474e+00,-4.44210968e+01,-2.41932392e-01,
   2.58687830e+00,-2.13735962e+00, 4.32979554e-01, 1.98886871e+00,
  -2.31096816e+00,-7.31313467e-01, 3.90555882e+00, 8.79552603e-01,
  -9.36930370e+00,-7.81134591e-02,-1.24616301e+00, 2.40749311e+00,
  -3.43303889e-01, 1.33016634e+01, 7.65122223e+00, 1.58307850e-01,
   1.57292247e+00,-2.16732407e+00, 9.98092115e-01,-2.66223073e+00,
  -3.90966153e+00, 1.67744434e+00,-2.20312238e+00, 3.44750619e+00,
  -1.72446549e+00,-4.73655224e-01,-1.30452681e+00, 8.93753624e+00,
   2.78938365e+00,-2.29670405e+00,-2.10203648e-01,-1.98997840e-01,
  -5.57704031e-01, 3.67972523e-01,-6.24186039e+00, 3.41973925e+00,
   2.54018474e+00, 4.22067976e+00, 2.28747034e+00, 2.72182673e-01,
  -7.76411104e+00,-5.88353157e+00, 2.83947182e+00,-1.07478418e+01,
  -1.39324880e+00,-7.31388664e+00,-4.46853065e+00,-1.84486938e+00,
   9.07266045e+00, 3.27954912e+00,-2.29090199e-01,-1.72949231e+00,
   6.01291466e+00,-3.92553520e+00,-7.48649597e-01, 2.44614616e-01,
   1.33283222e-02, 2.18746018e+00,-1.64599550e+00,-1.28463924e-01,
   1.95515537e+00, 1.59436738e+00, 4.02762079e+00, 1.31318676e+00,
  -1.37209594e+00,-1.32070851e+00,-5.90983582e+00,-1.44080803e-01,
   6.90351248e-01,-2.48690248e+00,-5.20936775e+00,-9.53204483e-02},
 {-3.53697681e+00, 6.77695051e-02,-1.64811051e+00, 7.03409985e-02,
   1.90877521e+00,-2.09521174e+00,-1.42868471e+00, 5.37514544e+00,
   8.69166434e-01,-4.36003971e+00, 2.09767747e+00,-2.69339967e+00,
  -1.04277439e+01,-1.15461934e+00, 1.69411767e+00,-2.61576486e+00,
  -1.04669464e+00, 8.64914954e-01,-2.70417423e+01,-3.03258300e+00,
  -5.23134518e+00, 1.00168085e+01,-6.11604869e-01, 3.71969074e-01,
  -5.21124840e-01,-1.38166733e+01, 1.89950097e+00, 1.02415061e+00,
   2.32299566e+00,-2.55599284e+00,-5.75840533e-01, 2.04443717e+00,
  -3.90044284e+00, 6.47408426e-01, 4.17382717e+00,-7.00992727e+00,
   6.16263199e+00,-5.11123466e+00, 2.37436032e+00,-1.65654123e+00,
   6.10343695e+00,-1.72509944e+00, 2.69080353e+00,-2.08918324e+01,
  -4.00288224e-01, 6.39722407e-01, 3.14101362e+00, 4.55075407e+00,
  -2.55373955e+00, 4.55743998e-01, 1.48504689e-01, 6.00236702e+00,
   4.91253346e-01, 1.16232214e+01, 2.40701866e+00,-8.34682345e-01,
   2.86032051e-01, 5.31740379e+00, 5.97005844e+00, 1.87765872e+00,
   2.08080792e+00, 1.95973516e+00, 3.75136113e+00, 4.20713615e+00,
   7.41527891e+00,-1.54574525e+00, 7.47270823e-01, 9.33411956e-01,
  -2.52353191e+00,-4.93412161e+00,-6.72549129e-01, 7.22539246e-01,
   9.14617825e+00,-5.04113483e+00,-2.83536649e+00,-1.58206713e+00,
   1.00998783e+00, 1.75225496e-01,-4.78983593e+00, 1.46198797e+00,
  -1.32854962e+00, 6.34572887e+00, 7.38308954e+00,-1.06653619e+00,
  -2.09200382e+00,-4.08886957e+00, 7.36943483e-01,-2.80982113e+00,
   5.99286509e+00, 1.51003218e+00,-4.61046267e+00,-2.54325533e+00,
  -9.20657143e-02, 1.03200591e+00,-1.03681242e+00, 1.00842369e+00,
  -5.44063759e+00, 2.25837603e-01,-7.57219732e-01,-2.03130436e+00,
   5.12823880e-01, 3.68071294e+00,-1.28239226e+00,-5.82106256e+00,
   1.09844100e+00,-5.37899446e+00,-5.35625744e+00,-1.02806866e+00,
   5.08653498e+00, 6.05746841e+00,-3.52684587e-01, 6.62651443e+00,
   7.14380294e-02,-9.82192159e-01, 6.58933222e-01,-1.40585995e+00,
   2.25962973e+00, 6.56422997e+00, 3.32135677e-01,-8.11076641e+00,
  -3.09448361e+00,-6.09334223e-02,-5.31096745e+00,-1.48285604e+00,
  -2.07596612e+00,-7.43585253e+00,-5.22014093e+00, 9.88342643e-01},
 { 1.05392766e+00,-1.92040181e+00,-2.04756513e-01, 1.58762956e+00,
  -3.34789371e+00, 1.38286674e+00,-1.86122394e+00, 1.93520772e+00,
   1.74237776e+00,-2.10998178e+00, 1.53014350e+00, 3.47546315e+00,
  -9.09651339e-01,-3.89559221e+00, 3.34772730e+00, 2.06452227e+00,
  -5.11099041e-01, 3.73580217e-01,-6.93197155e+00,-4.54972410e+00,
  -3.86053205e+00, 2.77253079e+00, 1.36159942e-01, 1.77455509e+00,
   2.71844357e-01,-1.05040197e+01, 9.13463116e-01,-2.22253227e+00,
   7.79458380e+00, 1.90019608e-01, 8.54037285e+00, 1.43483186e+00,
  -2.91933346e+00,-3.02907753e+00, 3.93871450e+00, 8.29482734e-01,
  -1.66540775e+01,-3.94940913e-01, 5.50826597e+00,-2.61078858e+00,
   1.05977654e+00, 6.91531897e-01, 2.24593329e+00,-1.60048172e-01,
  -7.79385746e-01,-5.94712555e-01, 7.56061316e-01, 6.24653959e+00,
  -9.38025951e-01, 1.21873176e+00, 1.78882706e+00,-1.08402646e+00,
  -2.89807588e-01, 2.25069475e+00,-3.36961532e+00,-2.96390033e+00,
   2.01238036e+00,-1.09830666e+00, 5.56952381e+00, 3.37655187e+00,
  -5.30335426e+00,-4.58456755e+00,-3.48942924e+00,-2.63140053e-01,
  -1.07863557e+00, 1.64834142e+00, 2.47654125e-01,-9.01955903e-01,
   1.02103913e+00, 1.47054958e+00,-6.93642795e-01,-8.91378403e-01,
  -6.38204098e+00,-5.94206858e+00,-1.11424863e+00,-4.58128422e-01,
  -1.89316243e-01, 1.18698502e+00,-2.67845583e+00,-2.47871017e+00,
  -2.29664278e+00,-4.04793099e-02, 7.98623276e+00,-1.67717028e+00,
  -4.69318390e+00,-3.81568313e+00, 1.83348811e+00,-5.45998335e-01,
   2.30794334e+00, 6.93683386e-01,-2.10159135e+00,-7.72952557e-01,
   1.41745842e+00, 2.09067178e+00,-2.04976034e+00, 6.53003871e-01,
  -1.40943670e+00, 5.48840225e-01,-1.02788305e+00,-9.23769569e+00,
  -2.00804281e+00,-4.74182320e+00, 3.43920255e+00, 4.85897350e+00,
   9.55766380e-01, 8.74990225e-01, 9.26289618e-01,-2.93337154e+00,
   3.17228580e+00, 1.40812710e-01, 4.40240055e-01,-4.27710009e+00,
  -2.44078413e-01, 8.23476672e-01,-1.39513493e-01,-3.05007744e+00,
   1.45012724e+00,-8.54518509e+00,-8.40315878e-01,-3.21096778e+00,
  -1.42791116e+00,-6.29081726e-01,-1.41218498e-01,-1.77149653e+00,
   2.17229798e-02,-3.27280855e+00, 1.27404034e+00,-1.74770758e-01},
 { 3.23265523e-01, 1.08442746e-01,-2.66400661e+01, 1.06566466e-01,
  -4.05885458e-01,-1.46281278e+00, 2.21529827e-02, 3.10456705e+00,
  -1.05563803e-02, 1.95369959e+00,-6.34093380e+00,-6.82162523e-01,
   7.92190954e-02,-5.88298512e+00,-7.49858093e+00,-7.72757483e+00,
  -1.57696331e+00, 1.61708500e-02,-6.05803013e+00, 3.13673878e+00,
   1.77184010e+00, 4.39735699e+00, 3.19429159e+00, 2.64567137e+00,
   3.62114167e+00,-3.14551425e+00,-4.80317883e-02,-4.47005844e+00,
   8.96616653e-03, 1.74707770e-01, 5.98278165e-01, 8.91167391e-03,
  -7.14864016e-01, 3.58947329e-02, 2.04333887e-01,-2.30685353e-01,
   1.82041645e-01,-1.97328463e-01,-1.24626422e+00,-4.33197165e+00,
  -3.20192605e-01, 2.30162248e-01, 6.04045534e+00,-2.29087162e+00,
  -8.88533771e-01, 6.77000731e-02,-5.63723482e-02, 8.80339801e-01,
   1.92309439e-01, 6.11439824e-01, 7.08614635e+00,-2.28680539e+00,
   8.09099972e-01,-1.18200314e+00, 4.35676761e-02, 3.37884605e-01,
   5.32371950e+00,-2.18546534e+00,-7.57376015e-01,-2.59757757e+00,
  -1.47955671e-01,-6.14308000e-01,-2.73727202e+00, 1.08531022e+00,
   7.81602919e-01, 7.62301013e-02, 5.33342026e-02, 5.90580441e-02,
  -1.54967272e+00, 1.90863758e-01, 2.72027761e-01, 5.59098460e-02,
   2.06783682e-01, 2.15553138e-02,-1.43183255e+00,-5.24183798e+00,
  -2.49879304e-02, 6.93243325e-01,-2.06048894e+00, 1.23307303e-01,
   9.76106071e+00, 1.22770996e+01, 3.20908308e-01, 5.02447665e-01,
  -3.53715956e-01,-9.02419949e+00, 2.14675498e+00, 9.07784641e-01,
   1.10191736e+01, 2.57885218e+00, 3.71659577e-01, 4.21982445e-02,
   2.20422530e+00, 1.57986224e-01,-7.10265994e-01,-1.04450512e+00,
  -3.98049498e+00, 1.01564693e+00, 1.24513254e-01, 5.15126824e-01,
   2.70383388e-01,-8.67310047e-01, 4.51948851e-01,-2.91133285e-01,
   3.96744549e-01, 2.76224828e+00,-1.91713917e+00,-3.38925171e+00,
  -3.78470349e+00,-6.86302805e+00, 3.17697406e-01,-7.60837734e-01,
  -4.70822677e-03, 8.92180651e-02,-4.68005562e+00,-4.15319061e+00,
   6.95436525e+00,-5.86205602e-01, 1.47723511e-01,-2.68786937e-01,
  -1.48551965e+00,-3.60249567e+00,-1.84333534e+01,-3.37247396e+00,
  -1.92041993e-01,-6.71862555e+00, 1.78456807e+00,-1.63014376e+00},
 {-7.71115050e-02, 1.44117391e+00,-6.61427116e+00, 1.13118775e-01,
  -1.14611566e+00,-1.27633661e-01, 1.13594389e+00,-1.41834125e-01,
   9.83805716e-01,-4.85727358e+00,-4.28676462e+00,-2.11095500e+00,
   2.07394719e+00,-1.67220545e+00,-8.36952019e+00, 5.07844400e+00,
  -2.59179544e+00,-2.77671504e+00,-3.34232450e+00, 1.12382317e+00,
   3.44647765e+00, 7.72302437e+00,-1.28161013e+00, 1.18779087e+00,
  -3.82894249e+01, 6.66508770e+00, 9.69048119e+00, 3.82807159e+00,
  -4.64106941e+00, 1.71433896e-01, 2.52377582e+00, 2.06628013e+00,
   4.54674363e-01, 6.59421027e-01,-1.73272002e+00,-2.38488007e+00,
   2.84196496e+00, 2.66834044e+00,-4.38930368e+00, 4.74977419e-02,
  -3.38892817e-01, 3.26308072e-01,-2.84782076e+00,-2.47342324e+00,
   1.79640007e+00,-3.43453717e+00, 3.20567298e+00, 5.99571896e+00,
  -5.56586981e+00, 1.53796883e+01,-1.26506233e+00,-4.88348055e+00,
  -8.54252815e-01, 2.47697878e+00, 6.42022669e-01, 3.95366359e+00,
  -1.43564844e+00, 9.18686867e+00, 3.59862804e-01, 2.57909131e+00,
   2.50050116e+00,-3.53884920e-02,-3.82420158e+00,-2.07224865e+01,
  -1.66867018e+00,-2.68918514e-01,-1.99178785e-01, 5.28559256e+00,
  -1.56783688e+00, 1.03567451e-01, 2.96307707e+00,-9.68998894e-02,
   2.68675303e+00,-2.55275583e+00,-3.20320201e+00,-3.57281661e+00,
  -1.60385776e+00, 1.06901360e+00, 1.80177665e+00, 9.02191922e-02,
  -1.01245689e+01, 3.25199556e+00, 3.10514957e-01, 9.15325761e-01,
   1.01510739e+00, 1.38891149e+00,-9.10018027e-01, 3.82263732e+00,
  -1.02384663e+00,-5.40282536e+00, 4.02483416e+00,-2.15409368e-01,
  -6.85566998e+00, 8.43056813e-02,-3.89558578e+00, 7.14907527e-01,
   8.74776065e-01, 7.87120223e-01, 2.31806254e+00, 1.06641066e+00,
  -2.23916745e+00, 1.40212536e+00, 1.38550162e+00, 8.04674532e-03,
   3.88215613e+00, 1.36343503e+00,-2.04318810e+00,-4.11598206e+00,
  -2.09708780e-01, 7.47004557e+00, 5.38686275e-01, 1.95899475e+00,
   4.49977934e-01, 5.79326034e-01, 1.06678915e+01,-5.21466494e+00,
   4.37583113e+00, 2.77112484e+00,-1.74732280e+00,-4.67873955e+00,
   2.63579559e+00, 5.64675903e+00,-4.90969628e-01,-5.00724745e+00,
   3.10794020e+00,-1.39889538e+00, 6.55690372e-01,-7.69028664e+00},
 {-6.49957478e-01,-3.43572289e-01, 1.08333504e+00, 3.30189896e+00,
  -6.28563595e+00, 2.19737601e+00, 2.86341786e+00,-3.27856493e+00,
  -5.02804899e+00, 1.25160706e+00,-8.79913568e-01, 1.22944820e+00,
  -1.53510725e+00, 1.26386476e+00, 3.39221001e+00, 6.95143223e+00,
   2.75996745e-01,-4.82337093e+00, 2.53526688e+00,-5.45700908e-01,
  -6.25228500e+00, 3.41062307e+00, 6.99088693e-01, 3.02423149e-01,
   2.48271060e+00, 3.37269753e-01,-8.74252319e-01,-7.77697563e+00,
  -2.91296506e+00, 2.45601130e+00, 1.44601119e+00, 9.58982289e-01,
   2.31574014e-01,-5.88883832e-02,-1.08329630e+01,-7.07291424e-01,
  -9.93954241e-02, 5.60462832e-01, 7.60901511e-01,-2.30163956e+00,
  -1.26259918e+01,-4.69858313e+00, 3.52873158e+00,-1.49141694e-03,
   1.40214175e-01,-2.48536849e+00,-1.01351368e+00,-1.26398945e+00,
   1.25741556e-01,-5.74948549e-01, 1.54825199e+00, 2.89159679e+00,
  -5.70807314e+00,-4.02835226e+00,-4.80020666e+00, 1.50193655e+00,
   8.05021942e-01,-1.97195089e+00, 3.15694022e+00,-6.23755217e-01,
  -3.43207717e+00, 1.49581993e+00,-1.79817140e+00, 3.79359317e+00,
   8.94995403e+00,-5.57670212e+00,-3.35326242e+00,-1.84239471e+00,
  -1.00242651e+00, 7.05068159e+00, 1.03293734e+01,-4.91027534e-01,
  -3.14468789e+00, 3.02049041e+00, 1.80860329e+00,-1.14436281e+00,
  -2.29211044e+00, 5.98481119e-01,-2.72036839e+00, 6.66008770e-01,
   2.45192552e+00, 3.02315831e-01, 3.45233774e+00,-6.25383556e-02,
   1.87274706e+00,-2.62246799e+00,-6.63843155e-02,-1.06575131e+00,
  -6.79735482e-01, 1.45504189e+00,-5.96858263e+00,-5.56415059e-02,
   5.91752529e+00,-1.03215769e-01, 9.94361115e+00,-4.56453472e-01,
  -3.67726660e+00, 2.48397779e+00, 3.43497896e+00, 9.59055424e-01,
  -1.84792447e+00,-6.14926195e+00,-9.15552557e-01, 5.29947090e+00,
   1.30416811e+00, 6.40005970e+00,-1.69284177e+00, 1.72863328e+00,
   1.23031592e+00,-4.30441475e+00, 5.75823879e+00,-1.46334311e-02,
  -1.17553759e+00, 2.11887622e+00,-1.71436536e+00, 4.01289791e-01,
   2.45143890e+00,-2.54810190e+00, 3.36081457e+00, 1.32625294e+00,
  -1.33181655e+00,-2.66217756e+00,-1.03143978e+01, 5.16083956e-01,
   3.59902740e-01,-1.33641505e+00, 1.52708924e+00, 8.48089755e-01},
 { 5.18863089e-02,-2.80214055e-03,-5.15132472e-02, 6.59531504e-02,
   4.70797643e-02,-1.06617734e-01,-1.12133674e-01,-8.75691250e-02,
  -7.74323195e-02,-1.12940148e-01, 7.46060535e-02,-2.86204778e-02,
   6.75810501e-03,-6.40678331e-02,-1.27930209e-01, 2.66643818e-02,
  -1.41060827e-02,-5.45254014e-02,-6.84455261e-02,-3.51820067e-02,
  -2.07776800e-01, 5.03553264e-02,-1.83817018e-02,-2.96491478e-02,
  -5.03557688e-03, 3.15594710e-02,-1.29996836e-01,-1.38246179e-01,
  -4.63082232e-02,-1.40366452e-02,-3.10647972e-02,-2.69109942e-03,
  -9.28229839e-03,-2.60463059e-02, 4.07825075e-02,-5.89946397e-02,
  -3.60571854e-02,-1.13326721e-01,-8.88477340e-02,-1.22166127e-01,
  -3.89048993e-03, 2.05600634e-02, 2.15869974e-02,-7.09366724e-02,
  -5.71531951e-02,-7.87119418e-02,-4.67849933e-02,-1.18682869e-01,
  -1.71039581e-01,-5.04080579e-02,-6.25061095e-02,-3.05420849e-02,
  -6.12200610e-02, 7.18932552e-03,-1.08772397e-01,-7.74402767e-02,
  -1.22201547e-01,-1.05902523e-01,-1.59256551e-02,-4.47247028e-02,
  -5.51395155e-02,-7.28375241e-02,-1.22879736e-01,-9.70962569e-02,
   7.46569410e-03,-1.38961077e-01,-9.13428888e-02, 1.16799260e-03,
  -6.89454423e-03,-8.89924541e-02,-2.27846410e-02,-3.02228145e-02,
  -5.77722564e-02,-1.41453311e-01,-6.98541403e-02,-1.31637141e-01,
  -1.13131784e-01,-7.83250257e-02,-5.80182225e-02, 4.26030438e-03,
  -4.46544997e-02,-4.59200628e-02,-5.37221581e-02, 1.02247801e-02,
  -7.85624981e-02,-8.14773440e-02,-8.43108073e-02,-1.42702371e-01,
   6.16131071e-03,-1.84148088e-01,-9.60491598e-02,-7.37144500e-02,
   3.34087946e-02,-1.00276195e-01, 1.36403702e-02, 1.61089581e-02,
  -1.65710345e-01, 1.76464245e-02,-6.08998537e-02,-1.10212207e-01,
  -1.02338776e-01, 1.06180180e-02,-1.02895893e-01,-5.92023395e-02,
  -1.28398284e-01,-1.16269067e-01,-1.30341174e-02,-7.91177228e-02,
  -8.26109946e-02,-9.55991389e-04,-1.09070085e-01,-5.93590923e-02,
  -2.33875886e-02,-1.29471540e-01,-2.79836114e-02,-1.40866280e-01,
   7.27799430e-04,-2.31196824e-02,-4.56574187e-03,-1.13086067e-01,
  -7.74431452e-02,-2.63369326e-02,-1.54842157e-02,-5.73421270e-02,
  -1.48855925e-01,-9.82111841e-02,-9.72939655e-02, 2.51242444e-02},
 {-1.12122309e+00, 2.80092686e-01, 9.11173916e+00, 9.75620329e-01,
   2.98881531e+00,-4.56032801e+00, 7.97189116e-01,-2.54867601e+00,
  -3.19926798e-01, 4.64570999e-01,-1.17780428e+01,-1.00806034e+00,
   6.17151022e-01, 1.20522320e+00, 1.27279520e+00,-3.99315691e+00,
   1.18521893e+00, 6.93540931e-01, 2.34026298e-01,-1.68481600e+00,
  -2.37830281e-02, 7.16039133e+00, 5.16293764e-01, 1.07564819e+00,
   3.53909779e+00,-2.53524852e+00,-1.75383556e+00,-4.26566839e+00,
   9.28692698e-01, 2.90870339e-01,-6.55145764e-01,-1.71171762e-02,
  -1.21870339e+00, 8.78663659e-02, 3.72173816e-01, 1.20685786e-01,
   1.18328381e+00,-1.32277274e+00,-1.06731868e+00,-1.92315841e+00,
  -1.89891422e+00, 2.79767722e-01, 2.00343800e+00,-4.72471428e+00,
  -4.17228639e-01,-6.82764769e-01, 1.21585691e+00, 3.33459234e+00,
   2.89073992e+00,-1.68500841e+00,-7.91944504e-01, 1.07090378e+00,
  -9.93786931e-01,-8.88867259e-01,-6.71116531e-01,-1.03105342e+00,
   2.69586992e+00, 1.28828490e+00, 3.05962658e+00,-3.56952691e+00,
   1.48321047e-01, 2.31293702e+00, 3.84402096e-01, 3.35429955e+00,
   2.04336286e+00, 1.18557870e+00, 1.11259088e-01,-4.64493364e-01,
  -3.73712254e+00, 1.99729398e-01,-1.30728254e+01,-6.82662502e-02,
   8.95798588e+00,-4.35231984e-01, 3.48057723e+00, 7.11090684e-01,
   5.52944422e-01, 4.77001876e-01, 2.86181474e+00,-1.63095862e-01,
   4.60643625e+00,-5.74010229e+00, 1.94445825e+00, 2.11019069e-01,
  -4.45823860e+00,-4.64044380e+00, 8.16220284e-01, 4.35217953e+00,
   1.88019621e+00, 1.87381256e+00,-4.23560739e-01, 6.11135483e-01,
   3.20958942e-01,-1.11923301e+00,-2.97946185e-01, 1.39751744e+00,
  -1.28040719e+00,-1.27458647e-01,-7.27783859e-01,-2.36070490e+00,
  -8.96238983e-01,-1.66808173e-01,-2.67669886e-01,-8.84921432e-01,
   5.16497970e-01,-3.48041654e+00, 7.13344455e-01, 3.86653781e-01,
  -6.42642927e+00, 2.41987109e+00,-6.25531495e-01, 3.57678771e-01,
   1.98492497e-01,-2.92379647e-01,-9.21138525e-01,-2.73827863e+00,
  -7.26873064e+00, 8.92728090e-01, 4.30002511e-02,-1.22498107e+00,
   3.47895831e-01,-3.88207340e+00, 1.24430027e+01,-1.56744456e+00,
  -5.11831343e-01,-8.13664734e-01, 2.44531155e+00, 3.18001366e+00},
 { 5.67402840e-01, 4.40815032e-01,-7.39122108e-02, 1.33453190e+00,
   3.96798819e-01,-2.39114478e-01,-1.05228066e+00,-2.07230091e+00,
  -5.11132218e-02, 8.68395194e-02, 4.83794175e-02, 1.15801804e-01,
   2.35623169e+00, 2.56392825e-03, 1.34341344e-01, 9.74209085e-02,
  -2.05393396e-02, 9.02249143e-02, 4.72097844e-01, 3.98328230e-02,
   5.47161818e+00, 6.28608763e-02, 3.89362909e-02,-1.21428128e-02,
   1.84878018e-02, 8.33630800e-01,-1.22543704e-02, 2.51525760e-01,
  -1.49534643e-03,-1.90983966e-01,-3.77631634e-01, 5.09956479e-02,
   3.12549919e-01,-2.76418418e-01,-2.66283092e+01,-1.85165420e-01,
  -2.32404828e+00, 7.12665200e-01,-5.46844900e-02,-3.09685078e-02,
   9.97987241e-02, 1.43191218e+00, 1.62664000e-02, 5.11235356e-01,
  -5.10787606e-01, 9.88477319e-02, 2.29874961e-02,-6.95392266e-02,
   3.52387540e-02,-3.47287990e-02,-2.59034168e-02, 1.64758816e-01,
  -2.51122061e-02, 2.51493067e-01,-2.51009769e+01, 2.64880545e-02,
   2.87290532e-02,-1.28192112e-01, 5.01826778e-02,-7.90636390e-02,
  -5.11771441e-02, 8.38191807e-02, 5.11986351e+00, 5.49729131e-02,
  -2.15673462e-01, 1.41882017e-01,-4.39136934e+00,-1.50830880e-01,
   2.76085362e-02, 7.65376329e+00,-3.68571579e-01,-2.88803577e-01,
  -1.76916778e-01,-8.51739347e-02,-2.73183823e-01,-3.98829170e-02,
   1.64782667e+00, 3.16152525e+00,-3.84574048e-02,-4.79607373e-01,
   3.14838290e-01, 3.18519622e-01, 2.00410094e-02,-3.77161884e+00,
  -2.69942760e-01, 1.17754042e-01, 2.76555307e-02,-1.54185947e-02,
   3.75559330e-02, 7.47809485e-02, 1.41194355e+00,-3.27810571e-02,
   6.01798743e-02,-1.68335044e+00,-5.26195145e+01,-2.11296193e-02,
   2.22917628e+00,-2.20166728e-01,-1.04350746e+00, 2.04686493e-01,
  -1.66521162e-01,-6.52013016e+00, 1.87459469e-01,-2.66385269e+00,
   2.86737370e+00,-3.93761218e-01,-3.14816833e-02,-8.00984651e-02,
  -6.87742949e-01,-7.14411885e-02,-2.99949455e+00,-2.23110229e-01,
  -1.77989924e+00,-1.25628567e+00, 2.43367869e-02, 2.26365570e-02,
  -1.48771322e+00,-1.27245769e-01,-4.45690602e-01, 6.37580529e-02,
  -9.89009719e-03, 1.22703919e-02, 1.35510519e-01,-2.15211257e-01,
  -5.01249135e-01,-9.84151959e-02, 4.16597700e+00, 1.40801193e-02},
 { 2.75181937e+00, 8.82415414e-01, 3.18553495e+00, 5.80300152e-01,
  -9.35513496e+00,-3.92040157e+00, 1.30212855e+00,-7.32104003e-01,
   3.26804066e+00, 3.04499102e+00, 1.55267322e+00,-1.36943746e+00,
  -7.98095286e-01,-6.65129066e-01, 2.98357224e+00,-8.99149537e-01,
  -1.50526118e+00,-1.40841246e+00, 5.07326317e+00, 2.66206431e+00,
  -4.66054678e+00, 2.99798059e+00, 2.00036192e+00,-2.93549150e-01,
   1.89731073e+00,-2.02994764e-01, 1.99363351e+00,-1.13278704e+01,
  -1.26893485e+00,-4.38713640e-01, 2.36431503e+00, 4.11187029e+00,
   1.31298304e+00, 2.67806798e-01,-3.19470572e+00,-2.12493944e+00,
   8.19265962e-01, 2.73236930e-01,-9.94523019e-02,-3.06885123e+00,
   2.89112639e+00, 5.81253543e-02, 1.77082968e+00, 5.66270173e-01,
   3.88501072e+00,-3.79246891e-01, 2.20994925e+00,-1.34395123e+00,
   6.36196956e-02, 2.24161014e-01, 4.40701675e+00,-3.92265797e-01,
   2.89319777e+00,-4.61917698e-01,-4.84463167e+00,-1.33398068e+00,
   1.07668266e+01,-4.12322330e+00,-8.87196732e+00, 5.83431602e-01,
  -2.08309960e+00, 8.24953914e-02,-2.59054875e+00, 2.69932699e+00,
  -1.13938570e+00,-3.87990928e+00,-9.08652842e-02, 2.37192333e-01,
   4.72376943e-01, 9.69846547e-01, 3.81703210e+00,-1.70957184e+00,
  -8.91370678e+00, 2.89909172e+00, 3.58567500e+00,-4.03645420e+00,
  -5.81426397e-02, 1.59370303e+00,-3.80925751e+00,-7.21278727e-01,
   4.84451866e+00,-4.14614582e+00,-3.15468264e+00,-2.33609295e+00,
   4.08559293e-01,-3.30607557e+00, 1.91432202e+00,-1.74207497e+00,
   2.00396776e+00, 1.07768321e+00, 5.80117524e-01,-2.07050133e+00,
   3.66212153e+00,-2.56397057e+00, 2.57289505e+00, 3.37971592e+00,
   4.13400650e+00, 3.17860508e+00, 3.96418482e-01, 1.02855453e+01,
   1.50381184e+00,-4.03058678e-01, 2.71222830e+00, 2.34836292e+00,
   3.16880679e+00, 6.35187531e+00,-8.49250257e-01,-1.34766221e+00,
  -8.51669788e-01,-1.20681658e+01,-6.12979174e-01, 5.22862625e+00,
  -1.13470346e-01, 9.97004807e-01,-3.64505720e+00,-4.20960569e+00,
  -3.32274604e+00, 1.82817626e+00,-8.44181597e-01, 4.85049677e+00,
  -3.66957784e+00,-2.68065381e+00,-1.10389352e+00, 3.67166972e+00,
  -5.83433390e+00,-3.27966738e+00, 2.29281950e+00, 1.32753360e+00},
 {-1.92484868e+00, 2.45192075e+00,-2.10386920e+00, 3.56027961e+00,
  -1.80029564e+01,-9.81227815e-01,-1.15324030e+01,-6.13023996e-01,
  -9.76093483e+00,-2.56246358e-01,-1.12883762e-01, 8.34168339e+00,
  -5.28519154e+00, 1.84544551e+00, 1.03694844e+00,-2.40025330e+00,
   1.03661716e+00, 9.31951642e-01, 9.70837212e+00, 5.36964178e-01,
  -6.75956392e+00,-3.58565569e+00,-1.45384824e+00,-3.23069990e-01,
  -4.91606683e-01, 2.55315125e-01,-3.27329898e+00,-1.10714006e+00,
  -3.61869127e-01, 2.17851639e+00, 2.09624219e+00,-1.25145710e+00,
  -2.11931396e+00, 1.10528784e+01, 7.03306675e-01,-2.37704799e-01,
  -1.03127301e+00, 1.85327315e+00,-1.36039937e+00, 8.47533584e-01,
  -1.97301788e+01, 2.85085988e+00,-1.45719504e+00, 4.23621416e+00,
   4.44205180e-02,-1.42685843e+01,-8.23937178e-01, 1.86676800e+00,
   7.16767609e-01,-4.08224732e-01,-2.45234203e+00, 2.01457834e+00,
  -1.56656146e+00, 1.15443289e+00, 7.14019388e-02, 3.20349753e-01,
  -2.11012197e+00, 2.95832968e+00, 7.21141195e+00,-2.02300429e+00,
  -8.95777798e+00,-1.92125893e+00, 1.09839022e+00,-1.05484462e+00,
  -2.72640538e+00,-6.93982697e+00,-2.00373077e+00,-1.80510402e-01,
   8.96425322e-02, 1.10247021e+01,-4.94858789e+00, 1.24538338e+00,
  -6.19242573e+00, 3.84718180e-01, 1.70438632e-01, 2.38959241e+00,
  -1.06010234e+00, 1.26089406e+00, 2.18263245e+00,-4.93105412e-01,
   1.23400807e+00, 1.43638551e+00,-5.71199894e-01, 5.84935188e-01,
  -1.85544229e+00,-1.42560154e-01,-3.57912062e-03, 4.52018261e-01,
  -3.62801611e-01,-2.71362036e-01, 3.44974017e+00, 4.16909069e-01,
  -2.35610795e+00,-1.29106264e+01, 1.63393426e+00, 5.99737614e-02,
   1.05301056e+01,-2.64779615e+00,-1.28340015e+01,-5.70989227e+00,
  -1.90855157e+00,-6.56696558e+00, 1.07367980e+00,-1.31219590e+00,
   7.35487223e-01, 4.62438488e+00,-2.46201782e+01,-1.97536182e+01,
  -1.08143015e+01, 2.45536089e+00, 1.96207798e+00,-2.22606921e+00,
  -3.60108078e-01,-2.02086234e+00, 1.33151007e+00, 2.99064636e-01,
  -5.96639013e+00,-7.20410442e+00,-2.81246805e+00, 1.37476459e-01,
   1.45781767e+00, 9.97175336e-01, 2.92020559e+00,-1.26376343e+00,
   1.25363672e+00, 3.05867004e+00, 1.02842855e+01, 9.90081653e-02},
 {-1.68942916e+00, 1.58021128e+00,-4.27393436e+00,-2.44358659e-01,
  -2.30551553e+00,-3.63209820e+00, 3.65771353e-01,-2.24321246e+00,
  -2.63477421e+00,-5.64303780e+00,-4.72954178e+00,-2.70948052e-01,
   6.61591828e-01, 1.79142916e+00,-1.94440770e+00, 2.28540421e+00,
   4.23214659e-02,-1.20578027e+00, 7.27407026e+00, 3.56896710e+00,
   1.24968624e+00, 1.54637794e+01, 2.93847656e+00, 1.75358772e-01,
  -2.59677696e+00, 9.44461727e+00, 5.47575855e+00,-1.12495720e+00,
  -4.39032763e-01,-1.70263982e+00, 2.88287640e+00, 3.98334098e+00,
   6.02437794e-01,-2.40412807e+00, 1.34300739e-01, 8.83652210e-01,
  -2.26444745e+00,-1.33085442e+00,-4.05370951e+00,-5.60252190e+00,
  -2.60377693e+00, 4.27285612e-01, 1.01893454e+01,-2.12332201e+00,
   2.39675450e+00,-1.14738369e+00,-4.93103474e-01, 5.54164219e+00,
  -2.20586276e+00, 6.30769062e+00, 5.01037216e+00,-8.84809685e+00,
  -2.36935759e+00,-1.77883327e+00,-1.00195682e+00,-8.83498132e-01,
   5.38893890e+00,-5.57561159e+00,-3.32344389e+00, 4.63632441e+00,
   2.64904118e+00,-2.66375523e-02,-1.62461936e+00, 2.71978021e-01,
  -8.72421622e-01,-1.18656397e+00, 3.29136491e-01,-4.20430565e+00,
  -9.11959350e-01, 1.81534708e+00, 2.48957767e+01,-2.13942647e+00,
  -1.29622412e+00,-1.37383378e+00,-3.07486081e+00,-3.95235109e+00,
  -6.59983277e-01, 9.24621761e-01,-1.25795813e+01, 9.57497120e-01,
   2.92969823e+00, 4.80366325e+00,-4.21733999e+00, 1.52269912e+00,
  -3.49127150e+00,-7.75380075e-01,-3.50429344e+00,-8.71931839e+00,
   1.09203434e+01,-4.31930685e+00, 1.99906921e+00,-1.73657918e+00,
   2.11541104e+00, 1.50375390e+00,-9.89032924e-01,-1.06057072e+01,
  -1.33969724e-01,-1.41172862e+00,-3.76264125e-01, 1.26481688e+00,
  -5.36321282e-01, 3.72837692e-01,-6.38336241e-01, 1.49245322e+00,
   2.10239649e+00,-3.29681897e+00,-1.42020535e+00,-2.64914155e+00,
  -7.23760948e-02, 7.89375961e-01, 6.80362165e-01, 2.23085493e-01,
   1.81355909e-01,-8.97450805e-01, 9.38807678e+00,-4.21838939e-01,
   1.45702696e+01, 5.93619943e-01,-1.03916264e+00, 2.26910710e+00,
  -4.97787619e+00,-1.27972946e+01,-2.27874985e+01, 1.90498352e+00,
  -9.25928652e-01,-1.00870857e+01,-1.31802678e-01,-5.45865440e+00}};

const float b2[sz_hid_2] = {-14.658078  ,  2.0204744 , -0.09730431,-10.613366  ,-18.553194  ,
 -14.335726  , -3.4354672 , -7.081761  ,  7.1777215 ,  6.765942  ,
  -9.774745  , -6.9071045 , -2.027808  ,-13.3692465 , -6.3709426 ,
  -0.1391562 ,  2.202044  , -0.19939627, -1.1801541 ,  7.9799347 ,
  -7.378057  ,-18.011112  ,-15.510498  , -4.2481318 , -7.706674  ,
 -13.860905  , -0.12889045,-17.516642  ,  8.674644  , -8.5639    ,
   5.519413  ,  6.053803  };

const float w3[sz_act][sz_hid_2] = {{-4.83216299e-03, 1.49751216e-01, 6.79271445e-02, 2.28882916e-02,
   6.58323765e-02, 1.57935724e-01, 7.48124048e-02,-1.24908620e-02,
  -1.23776766e-02, 8.56185146e-03,-1.15872376e-01, 7.25503662e-04,
  -3.48349065e-02,-2.20419779e-01, 1.90312732e-02,-1.84702985e-02,
  -9.00457352e-02, 1.10490009e-01, 1.84499502e-01, 4.09368100e-03,
   1.09606944e-02, 8.54813382e-02, 1.56451434e-01,-1.13352604e-01,
   5.04959285e-01, 8.21135007e-03, 4.23294157e-02, 1.47071749e-01,
   2.07700906e-03,-1.90531731e-01,-4.64151235e-04,-4.02153373e-01},
 {-1.05127245e-01, 2.54687387e-04, 1.09478779e-01,-1.16800264e-01,
   2.08216861e-01,-8.70634429e-03,-1.35017006e-04, 9.66108218e-02,
  -6.14032187e-02,-7.94908404e-02, 4.00812784e-03,-1.11833550e-01,
  -1.42456517e-01, 2.25988366e-02, 1.79257408e-01, 3.68104456e-03,
   5.78194670e-03,-6.50684461e-02,-2.61882413e-03, 1.27719417e-01,
   8.04936364e-02, 7.50962121e-04,-1.80262956e-03, 7.58007774e-03,
   2.40428117e-03,-1.76291585e-01,-5.21356873e-02, 7.12538930e-03,
  -1.19636111e-01, 5.36388997e-03, 1.02538101e-01,-1.26213115e-02}};

const float b3[sz_act] = {-0.01923983, 0.3998686 };

