const float w1[sz_hid_1][sz_obs] = {{ 2.84935012e-02,-1.80021878e-02,-5.31763506e+00,-4.03749847e+00,
  -1.01078427e+00, 1.13629460e+00, 1.04187526e-01,-1.48543084e+00,
   5.26027250e+00},
 { 7.98923671e-02, 1.82027984e-02, 3.63615632e-01, 3.92891407e-01,
   6.32594299e+00,-3.63653231e+00, 3.84040438e-02,-6.60839558e-01,
   5.01438022e-01},
 { 8.20505247e-03,-5.85305542e-02,-1.74514210e+00,-3.77812195e+00,
  -2.57772636e+00, 3.58876348e+00, 1.09689124e-01,-1.14696956e+00,
   1.54873455e+00},
 { 6.03584014e-02, 1.16808116e-01, 1.71333766e+00,-7.72428036e-01,
   1.48721254e+00,-1.35034233e-01, 3.59488912e-02,-3.42796993e+00,
   2.05844164e+00},
 {-3.76091786e-02,-5.23205325e-02, 6.26291275e+00, 2.94548988e+00,
   2.09034538e+00,-6.68281972e-01, 3.43821533e-02,-4.55526304e+00,
   8.73305142e-01},
 {-2.27606129e-02, 9.11825523e-02, 4.48052466e-01, 9.21754420e-01,
   7.74716675e-01,-5.97462416e-01, 1.55162867e-02,-3.01897645e+00,
   5.53491688e+00},
 {-9.66564659e-03, 2.51362864e-02, 3.48577946e-01, 1.34778285e+00,
  -2.52623439e+00, 5.13083875e-01,-1.01783499e-01, 1.31558502e+00,
  -2.05787301e+00},
 { 1.65376365e+00,-2.97619486e+00,-7.68597186e-01, 2.20848843e-02,
   1.50426961e-02,-5.54172993e-02, 7.18040371e+00,-2.31413692e-02,
  -2.39287317e-02},
 { 2.94525381e-02,-1.01742605e-02,-9.74820033e-02, 6.10711384e+00,
   1.12239563e+00, 6.99620485e-01,-4.66245110e-04,-1.34680710e+01,
   5.85845895e-02},
 { 1.00359690e+00, 2.04838252e+00,-3.84022331e+00,-7.30677471e-02,
  -3.48617183e-03,-3.43034193e-02, 4.37106276e+00,-8.18185881e-02,
   3.55020911e-03},
 { 3.77809978e+00,-2.87524915e+00, 3.05336833e+00,-2.04239283e-02,
  -4.35879966e-03, 6.96106553e-02,-1.22157135e+01,-5.17269373e-02,
   4.35786396e-02},
 { 6.23897016e-02, 1.03119137e-02, 6.93456531e-01,-2.67694783e+00,
  -1.21131623e+00,-2.89687204e+00,-4.91189100e-02, 3.01320386e+00,
  -4.65245867e+00},
 { 6.19819330e-04,-1.13217607e-02, 2.76813924e-01,-7.06417859e-02,
   3.66385162e-01, 1.38194122e+01, 2.99137495e-02,-3.94219398e-01,
  -3.09778489e-02},
 { 3.47835664e-03, 3.31177050e-03,-1.00472137e-01, 2.22722650e+00,
  -2.47199297e+00, 1.66235161e+00, 6.52969303e-03,-1.07810488e+01,
  -1.46978702e-02},
 {-4.55661910e-03, 6.89586904e-03,-1.35009274e-01,-2.67091441e+00,
  -9.43051279e-02, 6.99441791e-01, 9.88170132e-03,-1.95249283e+00,
   8.25368147e-03},
 { 1.65099837e-02,-1.66027054e-01,-1.19350863e+00, 7.10084677e-01,
  -1.33769011e+00,-2.59724164e+00, 1.01833224e-01, 6.88244009e+00,
   1.70071816e+00},
 {-3.10348344e+00, 2.48109412e+00, 4.61918211e+00, 2.03596845e-01,
   1.98717967e-01, 1.56064689e-01, 1.52753377e+00,-1.28334135e-01,
  -7.10368812e-01},
 {-4.15933318e-02,-8.88591260e-02, 1.24001026e-01, 3.91870117e+00,
   3.91588712e+00, 7.16703475e-01,-9.66687407e-03,-7.00391531e+00,
   1.94570482e+00},
 { 1.46288658e-03, 9.10350233e-02,-3.42398548e+00, 3.78721207e-01,
  -3.20109916e+00,-2.15244040e-01,-1.03539348e-01,-7.71781147e-01,
   2.54704976e+00},
 { 1.49562284e-02,-1.36659027e-03, 1.40489829e+00, 4.70378339e-01,
  -8.95203471e-01,-1.07440144e-01,-3.32478620e-02,-7.85935307e+00,
  -2.21659684e+00},
 {-1.12862718e+00, 2.75331950e+00, 6.55390024e+00,-5.33038899e-02,
  -5.30751236e-02, 1.08988900e-02,-8.69003105e+00,-5.59811555e-02,
   4.44220640e-02},
 { 4.90579462e+00, 6.10195541e+00, 6.28763580e+00,-1.85552780e-02,
   1.62750129e-02, 1.93208769e-01,-7.47937393e+00,-2.81271003e-02,
  -2.20807251e-02},
 {-9.78864916e-03, 3.41430865e-02,-9.83893633e-01, 8.68495107e-01,
   1.89407432e+00,-8.68166745e-01,-3.21884528e-02, 9.07727814e+00,
  -1.16743398e+00},
 { 4.11137676e+00, 2.81886888e+00, 3.16982174e+00,-6.77351840e-03,
   1.00227939e-02, 9.29754376e-02,-6.02215242e+00, 8.36994797e-02,
   4.21554260e-02},
 {-2.18295768e-01,-2.88639188e+00, 1.45138235e+01,-5.79154789e-02,
   4.30693366e-02, 1.00446656e-01,-4.29311419e+00, 1.38293982e-01,
  -4.01459247e-01},
 { 2.61087090e-01, 1.97603762e-01, 7.99649525e+00,-2.12764120e+00,
   3.05798650e+00, 1.33749664e+00,-1.36415184e-01, 5.60543060e+00,
   2.08180881e+00},
 { 3.54246385e-02, 1.82797723e-02, 5.04775333e+00, 2.28469983e-01,
   1.08317161e+00, 3.30982476e-01,-7.02288141e-03, 7.30062574e-02,
   5.36506987e+00},
 {-3.35059576e-02,-5.03751524e-02,-6.13324121e-02,-1.29567635e+00,
   1.77407622e+00, 2.65837502e+00, 4.96653169e-02,-6.29617119e+00,
   1.14216842e-01},
 { 7.21016452e-02, 1.14141405e-01,-1.90471458e+00,-2.14896393e+00,
  -1.74602306e+00,-1.57630062e+00, 9.05345082e-02,-3.37710547e+00,
   2.42095685e+00},
 { 2.66324189e-02,-5.34372218e-02,-1.53067350e+00, 2.89006376e+00,
  -2.01781130e+00,-1.36170164e-01,-2.14148201e-02, 5.12282324e+00,
  -3.69963932e+00},
 { 1.55902541e+00,-4.11414576e+00,-5.59565353e+00,-7.94826541e-03,
  -3.78043987e-02,-2.33843908e-01,-1.29176259e+00, 4.89422120e-02,
  -1.20451534e-03},
 { 3.49719954e+00,-1.03132069e-01,-7.67747021e+00,-2.68768609e-01,
   5.10677658e-02,-2.09372982e-01, 5.47679615e+00,-8.61231744e-01,
   3.59085649e-01},
 { 2.11866170e-01,-3.52507567e+00,-9.11919117e+00, 3.27298231e-02,
   2.49518946e-01,-4.50035976e-03, 8.61052036e+00, 8.47912487e-03,
  -7.60022104e-02},
 { 6.80444539e-02,-1.23442598e-02,-1.00170815e+00,-1.55486643e+00,
   2.17377234e+00, 1.36420238e+00, 1.00846112e-01, 5.24725771e+00,
  -2.75749016e+00},
 { 4.41696234e-02, 2.98276916e-02, 1.59093750e+00, 8.13754261e-01,
   1.80333030e+00,-1.10683107e+00, 4.58004475e-02, 9.93082523e+00,
   1.78855371e+00},
 { 3.47349867e-02,-7.80473500e-02,-2.04100341e-01, 2.72315931e+00,
   4.32532454e+00,-5.20646274e-01, 3.70440818e-02,-5.88077974e+00,
  -3.71779054e-01},
 { 3.62371542e-02, 2.37915620e-01, 1.12395024e+00, 8.52105200e-01,
  -5.46845579e+00,-2.09024116e-01,-4.80647832e-01, 4.80563831e+00,
  -2.65113616e+00},
 { 4.64467751e-03, 2.76575536e-02, 1.58134913e+00, 2.87901402e-01,
  -2.29492784e+00,-8.51983190e-01,-2.89415568e-02, 3.20681024e+00,
  -9.49836895e-02},
 {-5.72236604e-04, 1.60557274e-02, 7.45910788e+00,-1.44152904e+00,
  -3.28562880e+00,-1.93953657e+00,-1.66599065e-01,-3.89363241e+00,
  -1.39533937e+00},
 { 2.09458265e-02, 1.80447996e-02,-3.24696839e-01, 7.59551573e+00,
   6.97000444e-01, 2.48284864e+00,-4.61426228e-02,-1.35877552e+01,
  -2.45939121e-02},
 { 3.31635118e+00,-1.06500852e+00,-7.75372791e+00,-6.02192879e-02,
  -3.50494027e-01,-6.72842383e-01, 4.41581774e+00,-9.88072038e-01,
  -4.76479340e+00},
 {-7.06263911e-03,-6.83663879e-03,-8.86739343e-02, 5.07608271e+00,
   6.23413920e-01,-1.90955448e+00, 1.05040185e-02, 1.31710310e+01,
   2.28477698e-02},
 { 5.67540564e-02,-4.61898744e-02,-3.51988626e+00,-2.77172828e+00,
  -2.32783794e-01,-8.92447948e-01, 7.23956376e-02,-8.97226706e-02,
  -4.55330420e+00},
 {-3.86162545e-04, 3.52105722e-02, 1.58615649e+00, 8.95474255e-01,
  -2.41676784e+00, 1.48002386e-01, 2.88567692e-02,-9.24285507e+00,
   1.39156675e+00},
 { 3.88130927e+00, 1.73576617e+00, 2.20158911e+00,-1.69009715e-02,
   3.29793850e-03, 1.08449571e-02,-9.85259438e+00,-1.07693858e-02,
  -3.85214761e-03},
 { 4.04836908e-02,-8.34659860e-02, 3.82857060e+00, 8.95138204e-01,
  -1.11637890e-01,-2.60250658e-01, 1.21527724e-01, 3.30530667e+00,
  -4.24741745e+00},
 { 2.89028668e+00,-4.59755516e+00,-5.56663990e+00,-1.03645399e-01,
   5.11202104e-02, 7.19460938e-03, 7.75125122e+00,-2.35606823e-02,
  -9.32410453e-03},
 { 5.21953329e-02, 1.85891148e-02,-1.10316906e+01, 3.42342034e-02,
  -3.02250952e-01,-1.62821665e-01,-1.29690096e-01, 4.51212108e-01,
  -7.49131382e-01},
 { 4.67592812e+00,-3.30698037e+00,-4.60463428e+00, 1.34374285e-02,
  -4.23870832e-02, 1.81146450e-02, 7.83790493e+00,-3.01766880e-02,
  -4.75500077e-02},
 {-1.40767789e+00,-3.90469122e+00,-3.22088790e+00,-9.94690228e-03,
   4.02675606e-02,-3.08849234e-02, 1.44829035e+00, 4.07731123e-02,
  -6.76859245e-02},
 { 2.33887341e-02,-6.83787689e-02,-6.80732012e-01,-3.29449058e+00,
   7.88866699e-01, 2.93414116e+00,-2.58538816e-02, 1.33072764e-01,
   3.90895534e+00},
 { 7.83211514e-02, 3.01064681e-02, 1.86681819e+00,-7.97759831e-01,
  -1.22697079e+00,-6.17035806e-01,-1.46698236e-01,-6.54320192e+00,
  -9.12777722e-01},
 { 6.43437207e-02, 1.63245037e-01,-1.98712200e-01, 3.06534410e+00,
  -5.60126352e+00, 3.93251252e+00, 1.13226049e-01, 9.68346655e-01,
  -2.75665355e+00},
 { 5.46761341e-02, 8.46700743e-04,-2.96057916e+00, 5.17498255e-01,
  -7.88475394e-01,-3.68681341e-01, 1.22158080e-01,-7.96666145e+00,
   2.85521030e+00},
 {-1.46626663e+00,-3.04482961e+00,-5.24251413e+00,-1.36841442e-02,
   7.89201632e-02, 1.43565208e-01, 6.51481247e+00,-7.56983012e-02,
   1.75790235e-01},
 {-4.43240643e+00, 4.60533351e-01,-2.42614225e-01, 1.92900263e-02,
  -1.13111343e-02,-1.54105663e-01,-1.70209658e+00, 3.18176299e-02,
  -1.63237453e-02},
 { 3.17307025e-01,-2.13167667e+00, 3.09849691e+00, 7.87787512e-02,
  -6.63033202e-02, 1.34495601e-01,-5.72994375e+00, 5.62212132e-02,
  -1.63405035e-02},
 {-8.54095910e-03, 2.91859661e-03, 5.08951321e-02, 1.62127924e+00,
  -2.78932238e+00, 1.26924109e+00, 7.81077798e-03,-9.74527359e+00,
  -1.87006295e-02},
 { 2.62421918e+00, 1.64318427e-01, 4.13158512e+00, 1.13770775e-02,
  -1.92404121e-01, 6.70076013e-02, 6.80949068e+00, 2.78468996e-01,
  -4.91567671e-01},
 { 1.39424512e-02,-3.69277224e-02,-4.15267515e+00, 2.51643491e+00,
   9.01504159e-01,-4.64065135e-01, 5.93135022e-02,-1.09904051e+00,
  -3.14691257e+00},
 { 1.40388811e+00, 2.95021439e+00, 4.59587574e+00, 3.16308178e-02,
  -6.62979037e-02,-6.77700266e-02,-4.67774248e+00,-2.93511692e-02,
  -9.83281955e-02},
 {-9.41713806e-03, 1.73988417e-02,-4.45532531e-01, 3.91833210e+00,
  -1.20893872e+00, 9.34123218e-01,-9.74041410e-03,-1.02564344e+01,
   1.90267013e-03},
 {-1.28837541e-01,-4.10000570e-02,-6.73120022e+00,-7.61420801e-02,
   1.39946938e+00, 2.23870128e-01,-1.25876024e-01,-8.78737867e-01,
  -6.07619095e+00},
 { 5.81344366e-01, 8.94160718e-02, 1.71020432e+01, 7.02720210e-02,
   4.37035598e-02,-5.84544763e-02,-6.85704768e-01, 1.18776083e-01,
  -1.67664662e-02},
 { 2.76025888e-02, 5.60912043e-02,-1.24264407e+00,-6.87054768e-02,
  -5.07121503e-01, 1.62380263e-01,-4.07745801e-02, 2.75381780e+00,
   3.71328282e+00},
 {-3.36009376e-02, 9.25103053e-02, 2.14059427e-01,-4.21162128e+00,
   3.24238515e+00,-1.97340751e+00,-7.64273554e-02,-4.13515776e-01,
   6.28477708e-02},
 { 2.45686698e+00, 1.22247481e+00,-9.95973492e+00,-1.77445989e-02,
   3.21898833e-02, 2.22067252e-01,-7.43480206e+00, 3.98073494e-02,
  -1.77376270e-01},
 {-2.45114756e+00,-6.67913342e+00, 6.13402176e+00,-4.94189672e-02,
  -6.64729103e-02, 2.40308955e-01, 1.78369892e+00, 7.77844191e-02,
  -4.72233109e-02},
 { 4.96232605e+00, 7.04042256e-01,-1.05566330e-01,-2.23683026e-02,
  -7.32215419e-02, 1.47454038e-01, 1.18871603e+01, 2.39658374e-02,
  -3.79699618e-02},
 {-4.67820577e-02,-1.04330610e-02,-2.40759999e-01,-8.47066402e-01,
   4.35533635e-02, 3.32501769e-01, 5.79825789e-02,-1.06829290e+01,
  -2.20476155e-04},
 { 2.44475137e-02,-7.36474693e-02,-2.94766498e+00,-6.85116351e-01,
   1.41106319e+00,-8.64051163e-01, 6.98117167e-02, 2.41313219e+00,
  -3.35056114e+00},
 { 1.20577775e-02, 2.47053634e-02, 2.32522294e-01, 5.08809471e+00,
   2.05040884e+00, 7.27934420e-01,-3.48341861e-03,-1.01190882e+01,
   9.01804641e-02},
 { 2.61026525e+00,-3.64819026e+00, 5.05085754e+00,-8.05430412e-02,
   4.06634919e-02, 2.01447710e-01,-6.75234222e+00,-5.67460107e-03,
  -1.81610271e-01},
 { 9.29176450e-01,-2.33702755e+00, 3.96514511e+00,-1.06071740e-01,
   2.73676664e-02,-3.06580607e-02,-5.41754389e+00, 3.39902155e-02,
  -2.19100937e-02},
 {-1.62125845e-02, 1.17573664e-02,-3.93186897e-01, 1.52144480e+00,
  -4.75279665e+00,-6.73677504e-01,-9.46897920e-03, 6.56468725e+00,
   5.08436821e-02},
 {-1.28005099e+00,-1.83594227e+00, 4.74844790e+00, 7.54291713e-02,
  -3.85384113e-02,-1.70974225e-01, 2.85381484e+00, 1.76435798e-01,
  -1.20425329e-01},
 { 6.26733112e+00, 1.72512084e-01,-6.64921474e+00, 2.85386499e-02,
   7.39183873e-02, 5.70835322e-02, 1.44295597e+01,-3.67252268e-02,
   3.27655822e-02},
 { 4.58566761e+00,-5.26581478e+00,-2.85544372e+00,-5.21915965e-02,
  -1.37600228e-02,-2.10619837e-01, 1.45403461e+01,-4.56781732e-03,
  -4.15308960e-03},
 { 8.40843748e-03, 2.46463139e-02,-8.32754850e-01, 5.03645277e+00,
  -1.51698411e+00, 1.62611687e+00, 2.01207716e-02,-8.80854607e-01,
   5.19160368e-02},
 { 2.80548390e-02,-2.64730398e-02, 2.29071927e+00, 8.36950541e-03,
   1.71494401e+00,-5.80776930e-01, 1.00763682e-02, 2.25312567e+00,
   2.21805382e+00},
 { 3.08030224e+00,-4.46254921e+00, 3.93171251e-01, 7.24904835e-02,
   2.64730155e-02, 1.09589152e-01, 2.92952716e-01, 1.26631670e-02,
   4.83910516e-02},
 {-1.97517704e-02, 4.88350913e-03, 2.18529269e-01, 2.72597194e+00,
   5.42319727e+00,-7.03537166e-01, 6.21323939e-03,-4.35960484e+00,
  -2.13132739e-01},
 { 5.42770815e+00,-7.39835382e-01,-4.12851000e+00,-9.45075229e-02,
  -5.52157033e-03,-3.43519151e-02, 9.47483921e+00, 1.19189337e-01,
  -5.45170307e-02},
 { 1.13005984e+00, 2.85715318e+00, 2.24203959e-01, 2.20426824e-02,
  -1.12022436e-03,-7.29203820e-02, 8.51667881e+00,-1.79668069e-02,
  -1.89960431e-02},
 { 2.26804465e-02, 2.10823230e-02, 4.08524156e-01, 6.38639390e-01,
   4.95051444e-01, 2.62242496e-01,-3.17304023e-02, 7.94001389e+00,
  -1.33737758e-01},
 { 7.02201873e-02,-2.95377765e-02, 1.95609879e+00,-4.46314335e+00,
  -3.38339019e+00,-2.68664408e+00, 1.40388623e-01, 1.97566211e-01,
   4.62855101e+00},
 { 2.97063994e+00,-3.15429831e+00, 3.41346359e+00,-1.87479891e-02,
  -2.42177933e-03, 8.19913372e-02,-1.18878860e+01, 8.56953766e-03,
  -1.24344090e-03},
 { 6.64431676e-02, 7.92561546e-02, 1.94206238e-01,-2.33759689e+00,
  -8.46331477e-01,-2.53541493e+00, 1.13407649e-01, 2.39558291e+00,
   4.08067369e+00},
 { 2.91161556e-02,-3.79273146e-02, 1.57671893e+00, 3.14318871e+00,
   5.63893557e-01,-2.98486328e+00, 6.88203201e-02,-5.13194740e-01,
  -3.42010927e+00},
 { 9.68520120e-02, 2.68559949e-03, 7.32300699e-01,-3.41980076e+00,
   9.75556970e-01, 3.38742065e+00, 2.61501074e-02,-4.53477532e-01,
  -4.13277912e+00},
 { 1.20907938e-02,-1.34392865e-02,-1.08878362e+00,-3.97272676e-01,
  -3.45587850e-01,-9.08556115e-03, 2.81490069e-02, 1.99296260e+00,
  -8.49187016e-01},
 {-3.69056948e-02, 1.68697778e-02,-5.51372528e-01, 3.69707513e+00,
   4.34930980e-01,-1.22198558e+00,-1.62269883e-02,-3.52887130e+00,
   2.74514294e+00},
 {-9.37615056e-03,-3.77486867e-06, 2.08665766e-02, 1.22290528e+00,
   4.01774454e+00,-1.15198410e+00, 5.42149553e-03, 1.08111877e+01,
  -1.76773090e-02},
 {-1.81428473e-02, 5.09900339e-02, 6.26403466e-02,-1.03686702e+00,
   2.81441212e+00,-2.51783228e+00,-2.82970490e-03, 5.78612804e+00,
   1.30703300e-01},
 {-1.50185637e-02, 3.93683873e-02, 3.51725876e-01, 2.68585825e+00,
   3.09036112e+00, 5.20988047e-01,-3.85083072e-02,-6.40440655e+00,
  -3.58684373e+00},
 { 5.57685420e-02,-9.82265174e-03,-3.81670308e+00, 1.42890859e+00,
  -1.19944131e+00, 4.95214283e-01,-1.00447707e-01,-3.77263403e+00,
  -3.09260607e+00},
 { 2.13995930e-02, 1.33522442e-02,-4.88314748e-01,-1.57355994e-01,
   7.34662056e-01, 3.52748275e-01,-6.92462595e-03,-2.81868386e+00,
  -2.92069077e+00},
 { 2.32303031e-02, 1.31517053e-02, 6.24512993e-02, 1.92714107e+00,
  -6.54458761e+00,-1.20266306e+00,-2.26148590e-02, 1.31126146e+01,
   9.23361722e-03},
 {-3.31647061e-02,-6.89959945e-03, 9.84879024e-03,-6.69019949e-03,
  -1.21896744e-01,-9.88203239e+00,-2.42153853e-02, 1.64297760e-01,
  -4.48287576e-02},
 {-1.92784891e-02,-1.04681179e-02, 2.23400650e+01, 2.29185987e-02,
   1.94064658e-02,-2.22738698e-01, 1.19067430e-02,-1.49904164e-02,
  -3.97202186e-03},
 { 6.25186920e+00,-1.11788839e-01, 6.18894196e+00, 7.42827076e-04,
  -3.49346548e-02,-1.07094005e-01,-1.48907995e+01, 1.11518223e-02,
  -2.11364329e-02},
 {-1.54157332e-03, 4.37114909e-02, 1.82211614e+00, 3.67656446e+00,
  -7.03507125e-01, 1.48214805e+00,-2.61832774e-02, 2.99598908e+00,
  -2.39728975e+00},
 { 4.68650050e-02,-1.03869988e-02, 1.01061296e+00, 4.65224171e+00,
  -2.25139832e+00, 2.46649241e+00, 1.09070212e-01, 2.55285549e+00,
   5.15904522e+00},
 { 1.45032167e+00, 2.12757921e+00,-1.14163780e+01,-7.03969449e-02,
  -1.63223371e-02, 1.20643802e-01, 7.95343590e+00,-7.56881312e-02,
   1.48445755e-01},
 {-2.75710607e+00, 3.32055569e+00, 9.64056587e+00,-2.25834623e-02,
  -3.54990065e-01, 4.67192195e-02,-3.90302730e+00, 2.81631351e-01,
  -1.76822975e-01},
 {-9.84560013e-01, 4.81382227e+00,-1.48397636e+00, 9.05056968e-02,
   1.37918174e-01,-1.06972784e-01,-4.93554163e+00, 2.86183562e-02,
  -1.46648223e-02},
 {-2.14646701e-02, 4.34268229e-02,-1.38315290e-01,-1.93074036e+00,
  -1.66893795e-01,-1.77010667e+00, 1.46056414e-02, 3.92080426e+00,
  -5.91592528e-02},
 { 2.05819197e-02, 9.55490395e-02, 8.37979972e-01, 4.92628897e-03,
  -1.56890178e+00, 9.07374918e-01,-1.41435280e-01,-9.01342332e-01,
  -5.17340374e+00},
 { 2.87283826e+00, 1.33922660e+00, 3.35954189e+00,-1.95094496e-02,
  -3.02341562e-02,-1.58678889e-01,-1.16447914e+00,-3.93481273e-03,
  -6.76475745e-03},
 { 1.87636614e-02, 2.79105874e-03,-2.87673397e+01,-9.56782699e-03,
  -1.76433735e-02, 2.16601804e-01,-4.98929657e-02, 3.32100466e-02,
   1.38312369e-03},
 { 4.31371443e-02, 5.40321879e-02, 4.26589680e+00, 1.55538917e+00,
   1.24995744e+00, 9.74304974e-01, 5.95785528e-02,-4.19381142e+00,
   3.17049432e+00},
 { 1.27885509e+00, 1.50477946e+00,-3.53142762e+00, 1.39051694e-02,
  -8.60948395e-03,-1.36457486e-02, 5.00215864e+00,-3.26972059e-03,
  -1.76050438e-04},
 {-2.44852640e-02, 4.88369912e-02,-5.61585188e+00, 2.18546247e+00,
  -1.72023487e+00,-4.06765342e-01,-7.07843527e-02, 3.34139609e+00,
   3.11178374e+00},
 { 4.85189259e-02, 7.03496039e-02, 4.14275616e-01, 2.49078703e+00,
   3.71428967e+00,-1.55580902e+00,-6.25327379e-02,-4.05415267e-01,
   2.45447230e+00},
 {-3.58248448e+00, 7.18536615e+00,-1.11940348e+00, 2.90348288e-02,
   8.35678577e-02,-3.42175215e-02,-1.00828576e+00,-5.15693277e-02,
  -3.99362817e-02},
 { 1.74023676e+00, 2.69210398e-01,-3.84120178e+00,-1.02236703e-01,
   1.34625629e-01,-6.74619526e-02, 3.84372520e+00,-1.84979111e-01,
  -4.67065815e-03},
 {-2.94352113e-03,-5.42664947e-03, 1.32686421e-01,-1.54489756e+00,
  -3.95458484e+00, 3.97023177e+00,-5.74629474e-03,-4.05477619e+00,
  -5.52761788e-03},
 { 1.50564396e+00,-2.91218948e+00,-2.35006905e+00,-5.36291189e-02,
  -5.90013973e-02, 2.92525329e-02, 5.07640934e+00, 7.83845335e-02,
  -7.33315870e-02},
 { 3.45064616e+00,-7.76396692e-01,-9.80141830e+00,-5.17664671e-01,
   1.80158436e+00, 3.02684996e-02, 4.37507486e+00,-4.11510378e-01,
   3.91497302e+00},
 {-2.50487663e-02,-7.37449736e-04, 2.20034525e-01,-3.10666132e+00,
  -3.60229087e+00,-1.21631706e+00, 1.66669656e-02, 2.06021166e+00,
  -1.41773596e-02},
 {-1.50343513e+00,-4.84540462e+00,-2.95813847e+00, 9.10265371e-03,
  -1.88504066e-02, 4.72114645e-02, 4.35388184e+00, 6.15022704e-03,
  -2.51573380e-02},
 { 1.97314501e+00, 1.20030001e-01, 9.55129910e+00, 1.03219666e-01,
  -4.61280614e-01, 1.08188428e-02,-3.28652358e+00, 1.08114302e+00,
  -4.49633509e-01},
 { 2.21664977e+00,-5.35698473e-01,-3.55967164e+00, 3.11358869e-02,
   3.37888241e+00,-1.12251915e-01, 2.98498750e+00,-1.90891996e-01,
  -8.73082578e-01},
 {-4.12992761e-02, 1.18495620e-04,-1.77599752e+00, 4.81299734e+00,
   1.19391584e+00, 5.55663466e-01,-5.15110604e-02,-8.33437061e+00,
  -1.19462109e+00},
 { 2.72741270e+00, 3.43970084e+00,-4.27243328e+00,-2.55945362e-02,
   6.39108941e-02, 3.06633692e-02, 1.10747862e+01, 9.28934012e-03,
  -5.60250133e-02},
 { 1.66328204e+00, 3.91557240e+00,-4.65065050e+00, 9.33956541e-03,
  -8.18994362e-03,-7.47758746e-02, 1.11919956e+01, 2.96461508e-02,
   1.00126481e-02},
 {-2.12835297e-02, 1.68510750e-02, 1.06126212e-01, 4.42510986e+00,
  -3.72316957e-01,-2.72827238e-01,-3.31565551e-02, 9.87190723e+00,
  -8.87825433e-03},
 { 1.54141290e-02, 2.26720184e-01,-1.53461819e+01, 3.71762998e-02,
   6.29867166e-02, 7.15840086e-02,-2.56268084e-01,-3.36801186e-02,
   3.31955701e-01}};

const float b1[sz_hid_1] = { -7.48843   , -6.729011  , -5.268453  , -2.623163  , -3.67104   ,
  -4.290668  , -1.8912904 , -1.8490776 , -5.832986  ,  2.004334  ,
  -9.238787  , -5.3479476 ,  1.4702079 , -7.7218637 , -0.83660245,
  -4.7625523 , -6.423024  , -6.121406  , -3.673306  , -7.8125315 ,
  -7.521881  , -4.0367637 , -8.016425  , -5.419356  , -7.841771  ,
 -10.398668  , -6.5348825 , -4.8431854 , -7.3079987 , -3.583963  ,
  -2.4525445 , -8.866815  ,-12.710357  , -7.8963265 , -9.014908  ,
  -1.7566265 , -6.592119  ,  0.13083152, -7.163441  , -5.9870524 ,
 -10.778865  , -6.388569  , -4.7656364 , -8.728533  , -4.3605456 ,
  -1.7356889 , -8.111246  , -1.2190727 , -3.442983  , -1.8003887 ,
  -3.9133506 , -5.506889  , -6.9471498 , -7.4648905 , -4.8896856 ,
  -3.7770293 , -3.96637   , -8.13914   , -4.8673    , -2.3980815 ,
  -4.1165814 , -5.740205  , -8.338791  , -1.261276  , -2.0068364 ,
  -3.975652  , -5.4275355 , -4.4641953 , -5.6791525 , -5.712009  ,
  -3.3990579 , -5.3717713 , -7.732887  ,  0.7421698 , -2.9669309 ,
  -2.0767713 , -6.316968  , -1.8660705 , -3.8559017 , -2.7301278 ,
  -2.98554   , -2.1197844 , -6.377846  , -7.3481755 , -3.6645606 ,
  -6.9184475 , -8.417515  , -4.8471093 , -2.7277987 , -4.2088265 ,
  -0.0948986 , -3.8964396 , -9.474589  , -5.687027  , -3.7347052 ,
  -3.7413242 , -1.6046389 ,  0.4361401 , -1.0195813 , -0.02535379,
  -6.207928  , -3.1647916 , -5.3293667 , -6.6133213 , -5.442654  ,
  -4.423077  , -1.6897258 , -4.670947  , -0.5850844 ,  0.06931449,
  -2.400733  , -2.0338802 , -2.803092  , -3.8049967 , -7.015426  ,
  -0.01761725, -5.9241886 , -3.6149008 ,-11.936028  , -2.4047277 ,
  -3.9604626 , -3.5545566 , -7.3730855 , -4.9023576 , -9.559826  ,
  -9.006951  , -5.4067907 , -1.2328907 };

const float w2[sz_hid_2][sz_hid_1] = {{ 4.13392559e-02,-1.50109625e+00, 4.42601293e-02,-2.52342150e-02,
   1.69810200e+00,-4.53316048e-02, 9.08982232e-02,-6.11996502e-02,
   2.19375178e-01,-9.38947033e-03, 2.55703907e-02,-7.84792483e-01,
   1.13604689e+00, 8.95889103e-01, 1.13531315e+00, 3.17333966e-01,
   2.80582696e-01,-6.05997801e+00, 4.76291962e-02, 1.30630791e-01,
  -7.67756030e-02,-2.10176595e-02, 1.39087880e+00, 2.24422127e-01,
  -2.88258851e-01, 7.25835383e-01, 5.65391541e-01, 7.67308846e-02,
  -1.29345000e-01,-3.21840882e-01, 8.40184838e-03, 8.46906424e-01,
   2.21027628e-01, 1.20897615e+00, 1.28190410e+00,-3.24449778e-01,
  -2.46741009e+00, 2.75912076e-01,-7.15305209e-02, 1.41181386e+00,
   1.61433136e+00,-5.26898575e+00, 1.61824003e-02,-1.44479677e-01,
   1.34489164e-01,-3.76344234e-01,-1.15048937e-01,-4.87618238e-01,
   1.04430411e-03, 3.98945026e-02, 1.03765599e-01, 1.40008733e-01,
  -2.21469477e-02,-1.40205882e-02,-3.00088506e-02, 2.33644936e-02,
  -7.26879686e-02, 6.53676128e+00,-2.21092224e-01, 1.21680772e+00,
  -1.42077757e-02, 1.67418909e+00,-1.98907006e+00, 3.12939733e-02,
   1.13583185e-01,-1.22744709e-01, 7.66991302e-02,-6.61597075e-03,
   3.66009772e-02,-8.05758774e-01,-5.37506819e-01,-2.63018227e+00,
  -2.28343725e-01, 1.55415135e-02, 2.00873399e+00,-4.85877460e-03,
   4.17556874e-02, 4.42585163e-02, 1.17293072e+00, 6.27175212e-01,
  -1.71334408e-02, 1.11918437e+00,-2.64778644e-01,-4.40112595e-03,
   1.74444687e+00, 3.55574340e-02,-4.35924530e-02,-6.44519269e-01,
  -3.12286466e-01, 2.15879697e-02, 9.17133093e-01, 7.40576267e-01,
  -1.24887285e+01,-6.42809296e+00,-8.23514163e-02,-8.72119423e-03,
  -3.82356681e-02,-2.79563928e+00, 9.22797341e-03,-6.31837640e-03,
  -6.05755709e-02,-3.60445529e-01, 6.15542531e-01, 4.93498929e-02,
   6.67763054e-02,-8.01585168e-02, 7.53964090e+00,-4.17668894e-02,
  -4.37228382e-02,-1.88314971e-02,-6.06903844e-02,-2.24934593e-02,
  -1.87957108e+00, 1.02418743e-01, 1.18987627e-01, 6.17387705e-04,
   7.29157150e-01, 4.98154797e-02,-2.71076441e-01,-2.26190612e-01,
  -7.34772161e-02,-3.13437641e-01,-1.58634521e-02, 2.77722329e-01,
   7.89259896e-02,-3.97639871e-02, 1.38880622e+00, 2.73798943e-01},
 {-2.45619488e+00, 4.08386976e-01, 9.48422730e-01,-3.21753311e+00,
  -6.75142527e-01,-4.91298342e+00, 7.24960148e-01, 9.90177810e-01,
   6.51680171e-01,-2.90491915e+00,-1.06984031e+00,-1.59219539e+00,
   9.73243732e-03, 4.36923385e-01, 4.18553400e+00,-5.60448039e-03,
   3.60309148e+00,-2.35595679e+00, 5.16253948e-01, 2.09637210e-01,
  -1.26984030e-01, 2.95915276e-01,-1.74622822e+00, 1.17269921e+00,
   5.26941538e-01,-9.02862787e-01, 5.63830996e+00,-7.88989663e-01,
   1.04518771e+00,-1.47768092e+00, 7.56452203e-01,-1.13946991e+01,
   9.33003998e+00, 1.86225426e+00, 2.86164656e-02, 3.97765249e-01,
  -1.57293081e+00,-2.36613584e+00,-1.33288488e-01, 1.91259593e-01,
   2.17677879e+01,-1.04511893e+00,-3.13555002e+00,-3.38008952e+00,
  -1.17361021e+00,-3.75680149e-01,-1.60846195e+01, 2.65364313e+00,
   1.15906870e+00, 2.24323750e+00,-2.64342475e+00,-2.14514995e+00,
  -4.34652418e-01, 3.17364693e+00,-1.99781609e+00, 2.09874701e+00,
  -2.13719749e+00, 9.12861526e-01, 1.06887972e+00, 7.07416415e-01,
   3.96544790e+00, 2.60366172e-01, 1.04666173e+00,-2.88765955e+00,
  -1.15529585e+00,-4.87784073e-02,-5.37133496e-03, 7.26581156e-01,
  -7.55924940e-01,-1.44456708e+00, 1.36870968e+00, 2.27479672e+00,
  -7.66163731e+00,-5.55531800e-01, 2.71477431e-01,-8.54469240e-01,
   5.27410448e-01, 6.36819661e-01,-1.05549347e+00, 3.01884437e+00,
  -4.44795519e-01, 3.23438972e-01,-2.75552583e+00,-1.42644513e+00,
  -1.04321730e+00, 4.56173092e-01,-5.99688888e-01, 2.06639600e+00,
   3.26215982e+00, 2.11799049e+00,-3.03320146e+00,-3.40947199e+00,
   1.89822531e+00,-2.95309639e+00,-5.51139832e-01,-3.92757750e+00,
   1.23805130e+00, 6.78741992e-01,-4.74670567e-02, 2.57709742e+00,
   9.75284725e-02,-1.54739797e+00, 3.73231578e+00,-6.12391949e-01,
  -6.06000662e-01,-6.11881196e-01, 3.66237426e+00, 4.30098104e+00,
  -6.12669468e-01, 2.98617184e-01,-3.70861202e-01, 4.43731833e+00,
   6.05774164e-01,-2.19654009e-01, 1.01159978e+00, 3.93305635e+00,
  -1.80080068e+00,-1.10749030e+00, 1.04525938e+01, 4.37385023e-01,
  -3.34213614e+00,-1.40077341e+00,-9.86935997e+00,-3.87904048e-02,
   6.27222121e-01,-4.19545770e-01, 3.25242972e+00,-8.33238661e-01},
 {-7.74027929e-02,-4.12606373e-02,-1.60116870e-02,-4.93223369e-02,
   4.99870740e-02,-1.50810331e-01,-1.09243346e-02,-1.60034653e-02,
  -7.66402557e-02,-1.23689556e-02,-5.77130988e-02,-9.24206153e-02,
  -1.39100939e-01,-3.79109941e-02,-9.09246504e-02,-5.24645264e-04,
   4.23262268e-02, 1.55045036e-02,-4.64729965e-02,-3.85168754e-02,
  -5.66421300e-02,-1.12799540e-01,-3.85953672e-02,-1.32435516e-01,
   2.50216341e-03,-2.49837916e-02,-1.01504378e-01,-1.26269385e-01,
   7.11976411e-03,-1.10429049e-01,-1.11811705e-01,-8.42851624e-02,
  -7.61773884e-02,-2.47671939e-02,-1.61529034e-01,-8.61454085e-02,
   6.79841638e-02,-6.48925006e-02,-1.49451075e-02,-8.62079933e-02,
  -3.54707800e-02,-1.31750464e-01,-7.00716674e-02, 2.92865913e-02,
  -4.98191826e-02,-4.77021374e-02,-1.11722142e-01,-4.74791275e-03,
  -8.51503946e-03,-9.70734134e-02,-1.06486052e-01, 3.24504887e-04,
   6.56195625e-04,-3.55972648e-02,-3.95459756e-02,-3.01846545e-02,
  -4.34745587e-02,-1.21334605e-02, 1.62284039e-02,-4.52039726e-02,
  -7.47471526e-02,-4.74756956e-02,-2.37545837e-02,-8.25183187e-03,
  -6.42715096e-02,-2.08128672e-02, 3.66836414e-02,-2.09924821e-02,
  -6.30419552e-02,-5.34218624e-02,-3.41338255e-02,-6.77697584e-02,
  -9.07953456e-02,-3.71534266e-02,-6.04003808e-03,-3.51452939e-02,
  -1.21823385e-01,-8.67052525e-02,-2.32271887e-02,-3.76134440e-02,
   8.55200179e-03,-4.70247902e-02,-1.34356067e-01,-6.40133619e-02,
  -1.06621310e-01,-1.13924928e-01,-1.00273229e-01, 2.50660926e-02,
  -1.04416413e-02, 4.06972226e-03,-8.77263397e-03,-2.20684167e-02,
   4.42407019e-02, 2.68683285e-02,-5.97690530e-02,-5.38904592e-02,
  -1.55761875e-02,-9.28454027e-02,-1.40007928e-01,-1.07669957e-01,
   1.15918936e-02, 2.70871017e-02, 2.14514788e-02,-2.25686990e-02,
   5.34580648e-02,-1.37506276e-01,-1.27730086e-01,-7.71745443e-02,
   2.95939688e-02,-6.08448014e-02,-1.15331270e-01,-1.88547857e-02,
  -6.47879466e-02,-6.64518625e-02,-1.53973494e-02,-7.61943981e-02,
  -1.19879507e-01,-9.65467468e-02,-3.40661802e-03, 1.07011003e-02,
  -4.03684974e-02,-1.86601635e-02, 3.86129096e-02,-4.05405760e-02,
  -1.04547188e-01,-1.20388828e-01,-8.40789732e-03,-8.74322490e-04},
 { 7.60318458e-01,-7.93271160e+00,-1.56053090e+00, 4.93938398e+00,
   6.74736798e-01,-4.68832111e+00, 5.35762882e+00, 1.64330542e+00,
  -7.62664318e-01, 3.70465755e+00,-6.44010735e+00,-8.82434750e+00,
   4.88236099e-01, 2.82331896e+00, 7.47537708e+00,-4.66087532e+00,
  -1.41731644e+00, 4.53345633e+00,-2.02930908e+01, 6.50876427e+00,
  -1.21115005e+00, 1.17315374e-01,-1.68391263e+00,-2.13868022e+00,
   1.91270411e-01,-1.13628998e+01, 8.75434208e+00, 3.25833821e+00,
  -2.43542528e+00, 5.40636158e+00,-3.71701419e-01, 1.59688461e+00,
  -3.46529412e+00,-2.63368487e-01,-6.82422304e+00,-2.74717689e-01,
   1.58664286e+00, 3.84068996e-01,-4.68191195e+00,-3.45081520e+00,
  -2.05638409e+00, 2.28571725e+00,-3.37628651e+00,-8.03787708e+00,
  -2.50935578e+00, 2.18571234e+00, 2.46746445e+00,-1.98240948e+00,
  -1.04489577e+00,-2.01892829e+00, 2.17205119e+00,-4.72299480e+00,
  -1.79738045e+00,-7.30328634e-02, 1.71686089e+00,-1.78566635e+00,
   4.18792725e+00, 1.60185165e+01, 2.35045862e+00,-4.93928045e-01,
  -2.13354254e+00, 2.99599439e-01, 5.24829817e+00, 1.21833062e+00,
  -7.74737453e+00, 2.48723316e+00, 5.13933539e-01,-3.46410424e-01,
  -2.45903516e+00,-5.35514450e+00,-3.00294757e+00, 7.60375881e+00,
  -6.76689577e+00,-2.75275254e+00,-3.09249043e+00, 2.20961189e+00,
  -2.31298590e+00,-1.87851489e+00, 4.01240921e+00,-2.57551408e+00,
   8.50461960e-01,-1.07471585e+00, 5.34480190e+00,-3.37915570e-01,
   1.83141732e+00, 3.54155111e+00, 6.05473375e+00, 3.66329050e+00,
   1.99467945e+00,-1.11795044e+01,-1.54152250e+01,-7.69196558e+00,
  -6.88723207e-01,-9.58062559e-02,-7.31139898e-01, 1.67948663e+00,
  -7.24889612e+00, 2.04790211e+00,-2.06542301e+00,-1.46088874e+00,
   4.82724953e+00,-2.86908484e+00,-6.40308237e+00, 3.51201445e-01,
   4.68267858e-01,-1.41424501e+00,-5.42894423e-01,-3.23891091e+00,
   6.54962063e-01, 3.25047046e-01, 4.58061635e-01,-4.38349342e+00,
   1.88871607e-01, 3.66457963e+00,-1.77501619e+00,-4.56811380e+00,
  -2.51172757e+00, 6.12896967e+00, 2.44922590e+00, 2.89466214e+00,
   3.04882097e+00, 1.02494097e+00, 1.37031198e+00,-1.24213970e+00,
   8.10619354e+00,-4.94353724e+00,-1.22975893e-02, 1.43197417e+00},
 { 2.83683085e+00,-3.02579373e-01,-1.10977781e+00,-1.89019382e+00,
   3.18098426e-01, 2.36459732e-01,-1.93316370e-01, 1.09769690e+00,
  -1.15280473e+00, 1.39944899e+00,-3.80169439e+00, 1.59762740e+00,
  -3.79639477e-01,-1.27231922e+01, 1.86593533e+00, 2.29929852e+00,
   3.20311284e+00, 6.68349028e+00, 1.70156315e-01,-4.08963203e+00,
   1.62608421e+00, 9.75464642e-01,-1.51940718e-01,-2.10757518e+00,
   8.41399491e-01,-4.37695408e+00,-1.13072479e+00, 5.76851249e-01,
  -7.34816694e+00,-1.26521409e+00,-2.33741760e-01, 1.39737558e+00,
  -3.85437655e+00,-7.80417156e+00,-3.39213181e+00, 9.07973722e-02,
   3.45061684e+00, 2.09634137e+00, 5.66996515e-01,-2.76477766e+00,
   2.90669036e+00, 3.28527832e+00, 2.37761426e+00,-1.15659418e+01,
  -4.42514086e+00,-2.32424229e-01, 3.14878941e+00,-7.56459758e-02,
  -1.13474393e+00,-4.82675374e-01,-1.21115255e+01, 1.01840273e-01,
  -1.14955962e+00,-7.27872276e+00, 3.17755938e-01,-1.63851130e+00,
   1.47150612e+00, 3.26952591e+01, 3.40046859e+00,-2.64404464e+00,
  -4.13516665e+00,-1.50087380e+00,-1.18628800e+00,-2.53489554e-01,
  -7.76063621e-01, 2.27376866e+00, 6.13851070e-01,-8.87399137e-01,
  -1.40142512e+00, 2.05486238e-01, 6.52145815e+00, 6.80707169e+00,
  -2.49449277e+00,-4.75215018e-01,-2.83172560e+00, 1.12241650e+00,
  -2.62516117e+00,-8.83805454e-01, 9.29425418e-01, 7.56212652e-01,
  -9.81203377e-01,-5.41383862e-01, 3.09017038e+00,-9.95731592e-01,
  -2.67991710e+00, 2.03101456e-01, 2.70180821e+00,-2.95615559e+01,
  -4.82222843e+00,-1.55125487e+00,-1.06670094e+01, 1.69997826e-01,
   9.30536079e+00,-2.64127231e+00, 6.46001279e-01,-1.43208420e+00,
   1.96721399e+00, 2.40458560e+00, 1.14807975e+00,-9.77194011e-01,
   3.78325105e+00, 1.12999046e+00,-4.24651057e-02,-7.85129890e-02,
  -7.39339411e-01,-7.23350868e-02,-1.67938244e+00, 8.50921929e-01,
   8.19257081e-01, 8.37826967e-01,-3.84894073e-01,-5.17512500e-01,
   5.82040846e-01, 1.78342015e-01,-7.99913168e-01,-1.23298816e-01,
  -7.99064457e-01, 2.81342077e+00, 2.51449203e+00,-3.43777947e-02,
   1.83957624e+00, 8.44798565e-01, 4.57763720e+00, 3.71507406e+00,
   3.23825455e+00,-2.35485458e+00,-5.85424328e+00,-1.19410682e+00},
 {-1.44111900e+01, 2.50877833e+00, 5.79926348e+00,-1.39043217e+01,
   1.30854934e-01,-4.67158765e-01,-9.04755878e+00,-1.26519799e+00,
   2.29527950e+00,-3.04793358e-01, 2.61351466e+00,-1.15570316e+01,
   3.10272187e-01,-1.55959206e+01,-6.67545033e+00, 1.40514154e+01,
   1.65228784e-01, 1.14841223e+00,-6.94464743e-02, 4.41541910e+00,
  -6.42048474e-03,-7.06145823e-01, 9.40161800e+00, 3.58394289e+00,
  -4.65528339e-01,-7.40007973e+00, 1.60859144e+00,-3.55035744e+01,
  -4.55587101e+00, 5.64248323e+00, 3.51874858e-01, 3.20097238e-01,
   2.07387257e+00, 1.17529087e+01,-2.20428467e+01, 3.75509351e-01,
   1.26671619e+01,-2.50790536e-01,-7.82569218e+00, 6.21385336e+00,
  -6.29199982e+00,-1.08189373e+01, 5.65227318e+00, 5.69362974e+00,
   1.29717755e+00,-7.93232536e+00,-2.16698647e+00, 3.53671312e+00,
   3.73203605e-01, 1.65373355e-01,-1.22486439e+01,-2.51122975e+00,
   4.18495989e+00,-4.77719247e-01,-2.06082344e-01, 1.07504642e+00,
  -6.00717187e-01,-2.57801056e+00,-4.04884905e-01, 2.26769495e+00,
   2.93316627e+00, 9.26250100e-01,-1.50741091e+01,-8.66003931e-02,
   4.44397569e-01, 2.33705215e+01, 3.96511286e-01, 4.25078124e-01,
   8.57977509e-01,-9.09053230e+00, 3.10404277e+00,-5.00936031e+00,
   3.12995124e+00, 7.51522005e-01, 3.81822681e+00,-4.77947265e-01,
   1.72845972e+00, 8.49255800e-01,-1.69573963e+00, 1.58482924e-01,
   7.02226341e-01, 3.13698268e+00,-2.12244415e+00,-5.89119554e-01,
   2.23522854e+00, 9.78839278e-01,-2.20240593e+00,-6.52755833e+00,
  -3.00276613e+00, 5.54136848e+00, 8.83289635e-01,-2.19078556e-01,
  -5.48275528e+01,-7.49794340e+00,-5.62407589e+00, 8.71891117e+00,
  -1.80757294e+01,-5.97532606e+00,-3.42801428e+00, 9.54263628e-01,
  -2.67388701e+00,-4.68821812e+00, 6.43529534e-01,-9.68249235e-03,
   1.52497590e-01, 5.38747609e-01,-1.56182259e-01, 1.08720150e+01,
  -3.35734785e-01,-6.61767185e-01, 4.10096943e-01, 6.48569167e-02,
  -1.04946470e+00, 4.66556288e-02, 5.50747812e-01,-1.35161459e-01,
   4.00779200e+00,-1.28621686e+00, 1.48834825e+00,-2.34768047e+01,
  -1.09435105e+00,-3.10010135e-01, 8.40104675e+00,-1.14148676e+00,
  -2.85469651e+00, 1.70368624e+00, 1.54575872e+01,-2.06359744e+00},
 { 3.42674303e+00, 9.95442808e-01,-1.78064972e-01, 3.80419135e+00,
   9.35471117e-01, 5.88724852e+00, 5.82206154e+00, 2.70896506e+00,
   5.50046921e-01,-2.47194171e-01,-4.37925005e+00, 8.07420254e+00,
  -2.17807889e+00, 7.72561312e-01, 9.74645519e+00, 1.09172988e+00,
  -1.59640741e+00, 1.77866137e+00,-1.08582344e+01, 3.68085766e+00,
  -1.73718798e+00,-6.00251816e-02, 1.37594576e+01,-2.02335405e+00,
  -1.62647635e-01,-5.01157331e+00, 8.52431774e+00,-1.38881350e+00,
  -2.45770264e+00,-1.62558055e+00,-1.57513380e+00,-9.80889606e+00,
  -2.32932019e+00,-5.61988652e-01,-1.39564943e+00,-2.58908772e+00,
   6.56734514e+00,-1.49582279e+00,-3.18210363e+00, 6.80705726e-01,
  -1.56681442e+00,-4.14048529e+00, 2.24580908e+00,-1.94840801e+00,
  -4.89137203e-01, 2.61991334e+00, 9.04381692e-01, 3.35046840e+00,
   1.86457902e-01,-4.60563302e-01,-1.80490685e+01,-9.25633430e-01,
  -5.25205851e+00,-2.45992824e-01, 1.36191308e+00,-2.84660244e+00,
   1.22169220e+00, 7.68536139e+00,-3.76514673e-01,-2.05962873e+00,
   9.31122601e-02,-9.61028934e-02, 7.81311893e+00, 1.32587111e+00,
   4.83963847e-01, 3.11722970e+00, 3.78811955e-02, 3.59233439e-01,
  -6.72338545e-01,-3.95653200e+00,-2.05534725e+01, 4.40331221e+00,
  -1.37724483e+00,-3.38589692e+00, 1.19291142e-01,-7.63970137e-01,
  -4.38120961e-01,-1.25422692e+00,-8.26511765e+00, 2.04552770e+00,
   8.43101621e-01, 1.01757395e+00, 3.84018135e+00,-5.86679280e-01,
  -8.58529568e+00,-8.02700901e+00, 4.79922676e+00, 7.52895308e+00,
   4.24846220e+00, 2.67578530e+00,-1.16780081e+01,-2.25299239e+00,
  -5.26836538e+00,-1.88331223e+01,-2.58332634e+00,-2.71329105e-01,
   1.68643296e+00, 1.89850330e-01, 1.75045311e+00, 2.24208146e-01,
   2.62054300e+00,-2.20938230e+00,-3.18238902e+00,-2.72207171e-01,
   8.68862331e-01,-1.29786813e+00,-2.08985329e+00,-3.76443088e-01,
  -7.75304854e-01,-3.00617993e-01,-2.40815973e+00,-1.59969354e+00,
   1.96379930e-01,-1.81984150e+00,-1.41294729e-02,-2.70925355e+00,
   1.26656163e+00, 2.24858522e+00, 1.45299029e+00, 2.86369061e+00,
  -1.22121966e+00,-6.11712396e-01, 4.07598287e-01,-3.60684872e+00,
   5.51295471e+00,-3.09707284e+00, 3.00287652e+00,-6.38078153e-01},
 {-2.76882082e-01,-1.49562991e+00, 3.57973719e+00, 8.19690406e-01,
  -9.13056314e-01, 1.67240536e+00,-4.04499054e-01, 1.10796821e+00,
  -2.04715228e+00,-4.20843506e+00, 2.22719264e+00,-1.04338229e+00,
   3.44100267e-01, 1.02130568e+00,-2.89283931e-01,-2.82649279e-01,
   8.85360527e+00, 1.33227170e+00, 6.36773300e+00, 4.33272496e-03,
  -4.23079643e+01, 2.44525433e+00,-2.36061066e-02,-3.52401805e+00,
  -5.36529446e+00,-3.94071150e+00, 1.12950134e+01,-3.05023599e+00,
   3.79498053e+00,-1.45582929e-01,-3.06870198e+00, 5.26097679e+00,
  -5.98374319e+00,-2.19903898e+00, 3.08203053e+00, 1.62377679e+00,
   2.25150871e+00, 1.39644122e+00, 1.60947275e+00, 8.93471301e-01,
   3.25018597e+00, 2.38753176e+00,-7.72780037e+00, 8.04449022e-01,
  -4.49263722e-01,-1.90176177e+00, 3.38112497e+00, 2.36395478e+00,
   5.11176538e+00, 2.91122675e+00,-2.50709534e+00,-2.46725893e+00,
  -3.82395506e+00,-3.02942491e+00,-1.60933518e+00,-3.29381037e+00,
   2.19288778e+00, 1.49313939e+00,-1.55125529e-01,-2.35400105e+00,
   5.37330914e+00, 1.39624906e+00, 4.91178703e+00,-2.01918554e+00,
  -2.53926826e+00, 3.38254738e+00,-2.61170268e+00,-2.88633442e+00,
  -6.08732414e+00, 1.05447567e+00, 3.98000479e+00, 1.09867871e+00,
   7.39646244e+00,-1.66334038e+01, 3.42885882e-01,-9.22480226e-01,
  -3.60157228e+00,-2.42233491e+00, 1.75539613e-01, 1.92588365e+00,
   4.38474369e+00, 1.73375130e+00, 1.25362320e+01,-4.69399548e+00,
   4.29279208e-01, 1.46091003e-02, 2.22003388e+00, 1.01917338e+00,
  -1.00709403e+00, 1.61516523e+00, 1.23175776e+00, 8.63584399e-01,
  -1.62263691e+00, 9.34582651e-01, 3.29747170e-01,-3.61750078e+00,
  -1.71724904e+00, 6.51451766e-01, 6.33087695e-01, 3.39822412e+00,
   5.72024632e+00,-2.78638864e+00, 5.48330367e-01,-1.13018703e+01,
  -9.89435387e+00, 5.92917264e-01,-4.99681711e+00, 3.67660642e+00,
   8.98248613e-01, 4.05947119e-01,-1.51271880e+00,-8.84936810e+00,
  -4.43690538e+00,-5.01157904e+00, 3.64650822e+00,-1.79987869e+01,
  -1.63411736e+00, 6.39137936e+00, 7.45503569e+00, 4.23066437e-01,
   8.74696445e+00, 1.53915262e+00, 4.10708618e+00, 2.29149908e-02,
  -4.73035350e-02,-1.76537666e+01,-6.67553008e-01, 3.74605834e-01},
 {-5.10510254e+00,-1.45567513e+00,-3.89941525e+00, 4.65650201e-01,
   7.77106822e-01,-1.43752489e+01, 3.27571774e+00, 1.64152205e+00,
   1.54883909e+00, 1.36497855e+00,-5.96539497e+00,-3.81084490e+00,
   1.53059810e-01,-1.37369072e+00, 5.91477156e+00, 1.56201661e-01,
  -3.03762460e+00, 2.79146290e+00,-4.20472240e+00,-9.44007710e-02,
  -1.94691265e+00,-1.06389686e-01,-5.50048304e+00,-1.10978842e+00,
   1.03364669e-01, 1.84126544e+00, 6.67898178e+00,-9.21329269e+01,
  -5.90586376e+00, 4.89780784e-01,-7.66208768e-02, 2.30889416e+00,
  -4.34653854e+00,-1.17654963e+01,-2.05524459e-01, 5.16815948e+00,
  -1.63809299e+00, 3.37553096e+00,-3.26505613e+00,-1.34956992e+00,
  -6.82043433e-01, 1.66327938e-01,-5.51445913e+00, 4.09902239e+00,
  -2.63443279e+00,-5.07196598e-03, 2.47400022e+00,-9.61892366e-01,
  -9.98332143e-01,-1.29034877e+00, 1.29664445e+00,-5.06389332e+00,
   1.57952380e+00, 5.90463400e+00, 8.46079290e-01,-2.24249768e+00,
   4.83855867e+00, 8.59026623e+00, 2.02980638e+00, 6.81003213e-01,
  -1.72649670e+00,-1.18682660e-01,-1.77218876e+01, 6.71682477e-01,
   7.78050089e+00, 3.61254907e+00, 4.85248446e-01,-4.99150395e-01,
  -2.34189630e+00,-9.35394764e+00,-2.31024003e+00, 1.36050344e-01,
  -3.43206143e+00,-3.40200210e+00,-3.90109837e-01, 1.50038409e+00,
  -1.93053782e+00,-1.56626713e+00, 1.63217652e+00,-4.17112494e+00,
   5.44719100e-01,-3.77835721e-01, 4.53271008e+00,-1.03496933e+00,
  -6.79968262e+00,-2.08950901e+00, 5.08978796e+00,-2.52892685e+00,
  -1.49029219e+00,-2.81693745e+00, 1.60149539e+00,-4.54103136e+00,
   1.69069748e+01,-6.69823599e+00, 1.43236363e+00, 3.14794016e+00,
  -4.56538773e+00, 2.95955930e-02, 2.74700999e-01,-4.28044289e-01,
   3.93880892e+00, 1.56234741e-01,-5.63167524e+00, 9.05732691e-01,
   1.52711466e-01, 1.66668072e-01, 3.42476201e+00,-5.07647991e-01,
   7.84547031e-01, 3.04862410e-01, 1.48069525e+00,-2.62071872e+00,
  -4.49567586e-01,-3.82499528e+00,-6.82263136e-01,-2.87945199e+00,
   2.12733293e+00, 4.38937473e+00, 1.91795373e+00, 1.51509786e+00,
   2.53959894e+00, 1.75888717e-01, 1.19170415e+00, 4.22387391e-01,
   5.79157829e+00,-3.19487643e+00, 1.05224438e-01, 3.26157957e-01},
 {-2.70190163e+01,-7.81744146e+00,-7.16898584e+00, 2.25899577e+00,
   1.88129389e+00,-3.29492903e+00,-6.93811321e+00,-1.74341941e+00,
  -9.43499431e-02,-8.70353127e+00, 3.10145974e+00,-1.13914728e+00,
  -7.83154845e-01,-4.39349318e+00, 3.14664507e+00,-3.45500708e+00,
   2.76933360e+00, 4.39864302e+00,-3.29944396e+00,-7.02027082e-01,
  -7.98788011e-01,-1.22905529e+00, 8.12498283e+00, 5.77075148e+00,
   8.36037636e-01, 5.48363781e+00,-3.17330837e+01, 7.33366394e+00,
   7.25590467e-01, 4.64196429e-02, 9.01236758e-03,-3.93755937e+00,
   3.77511525e+00, 6.43977451e+00, 2.92429161e+00,-2.82637429e+00,
   6.68468189e+00, 6.26022160e-01,-6.26125002e+00,-3.52156663e+00,
   6.15481663e+00, 4.40314913e+00,-3.46114564e+00,-2.06557798e+00,
   3.69570851e+00, 3.08129740e+00,-3.75836039e+00,-1.80893672e+00,
   1.51462448e+00, 2.68586826e+00,-1.63777924e+01,-4.04082680e+00,
  -1.49303656e+01, 1.12013769e+00,-1.35550094e+00, 2.69981837e+00,
  -7.19398975e+00, 1.96581726e+01, 1.60031664e+00,-2.22428870e+00,
   7.33876848e+00, 3.03713441e-01, 6.18662024e+00, 1.06487978e+00,
  -6.48595238e+00, 4.73117113e+00, 7.43910968e-01, 6.99120283e-01,
   1.24227083e+00,-8.23787212e+00,-6.45072794e+00, 8.43008137e+00,
   7.83142233e+00,-4.96101975e-01,-2.47588658e+00,-2.01202226e+00,
   2.02582955e+00, 1.50335574e+00,-2.28421092e+00,-8.59658813e+00,
  -1.24944341e+00,-2.70621848e+00,-7.03111887e+00, 1.47596705e+00,
  -9.78068352e+00,-6.24072981e+00,-2.11803842e+00, 9.10483074e+00,
  -8.32124901e+00, 3.43097901e+00, 5.05053854e+00,-1.09265399e+00,
   6.88906193e+00,-1.02266636e+01,-8.86728048e-01,-1.27440727e+00,
   1.16884575e+01, 6.88728690e-01,-2.18093887e-01,-5.86439252e-01,
  -5.90245295e+00,-9.11412525e+00, 8.14092636e+00, 6.05963290e-01,
   1.16582625e-01,-1.76777110e-01, 4.16486931e+00,-2.46856499e+00,
  -1.91613543e+00,-1.81486607e-01,-6.76995337e-01, 8.70429420e+00,
   3.51417804e+00,-7.23412609e+00, 1.31619608e+00, 7.78351688e+00,
   2.23551512e+00,-4.16120720e+00, 6.02683878e+00, 1.21782374e+00,
  -4.75103617e+00,-6.61571562e-01,-1.10866487e+00, 9.73086238e-01,
  -8.02954674e+00, 2.10682273e+00,-4.39700079e+00, 1.81364477e+00},
 { 2.13830709e-01, 1.81083214e+00,-2.51381350e+00, 1.01901712e+01,
   1.36497593e+00, 1.03137720e+00, 2.47219652e-01,-4.05215549e+00,
   8.60729933e-01,-3.64200974e+00, 1.05770597e+01,-5.89242317e-02,
  -4.51418787e-01, 3.96804738e+00, 6.03038502e+00, 9.89701927e-01,
   9.43260312e-01,-3.80031347e-01,-6.96539021e+00, 5.80613613e+00,
   9.18269008e-02,-1.66630745e+00,-5.05311871e+00, 5.17216444e+00,
   9.00827229e-01,-2.84216905e+00,-2.21326218e+01,-1.04358828e+00,
   2.90234852e+00, 3.31583238e+00, 1.04150856e+00,-1.87729778e+01,
  -1.40048904e+01,-2.70004058e+00,-4.55960083e+00, 2.14901423e+00,
  -2.82149863e+00,-2.48284912e+00, 1.68403256e+00, 1.21105158e+00,
   5.16239929e+00,-5.38323820e-01, 9.87307966e-01,-3.17011714e+00,
   1.39368403e+00, 6.03284121e+00,-5.54989958e+00,-6.91487789e+00,
   1.14743674e+00, 6.68606460e-01, 2.38465643e+00, 1.40220904e+00,
   2.88400841e+00,-2.66458344e+00,-9.86341596e-01, 2.01537371e+00,
   5.21863937e-01,-4.29266691e+00,-4.18746650e-01, 7.85212934e-01,
   4.75509214e+00,-5.21395445e-01,-1.57947063e+00,-4.84792471e+00,
  -1.79176664e+00,-8.84709775e-01,-9.14367557e-01, 1.01119053e+00,
   6.80421829e-01,-8.93569756e+00,-6.59946012e+00,-3.59013581e+00,
   4.24443817e+00,-1.83544827e+00,-2.20667377e-01,-5.43050110e-01,
   1.04122174e+00, 1.73534477e+00,-1.94496155e+00, 1.67130864e+00,
  -5.28268874e-01,-5.26959658e-01,-1.34525239e+00,-9.96743262e-01,
  -5.55934381e+00, 3.31203103e+00,-7.75111961e+00,-1.78197968e+00,
   4.14834738e-01, 3.13309503e+00, 2.96912789e+00, 2.27043200e+00,
   2.78735256e+00,-6.07284737e+00,-2.52734041e+00, 4.87350553e-01,
  -6.77952528e+00, 6.87200904e-01,-1.28702149e-01, 3.49544501e+00,
  -3.38506222e+00,-5.42792618e-01, 2.76662397e+00, 7.41020083e-01,
  -2.91158855e-02, 2.12599206e+00, 6.09765959e+00,-4.81231213e+00,
   3.90922219e-01,-1.79677105e+00, 2.10610890e+00, 4.98942327e+00,
  -4.21830940e+00, 7.97650754e-01,-1.29814196e+00, 9.34110880e-02,
   9.26633298e-01, 1.13046886e-02, 2.36332461e-01,-1.13026536e+00,
   9.27678883e-01, 2.64053345e-01,-1.07194681e+01, 1.45124161e+00,
   7.07520783e-01,-4.51691389e-01, 1.36584401e+00,-3.44395995e-01},
 {-7.63252005e-03, 8.00438213e+00,-3.89195718e-02,-3.27034950e-01,
   5.30934989e-01, 1.07020518e-04, 1.25215757e+00, 9.23802495e-01,
  -4.66657352e+00, 5.11659563e-01,-7.64082134e-01, 3.50433111e+00,
  -7.21366629e-02, 1.16090078e+01,-2.24292445e+00,-1.38856697e+01,
  -1.14724293e-01,-2.12955227e+01, 9.57877263e-02,-8.54555511e+00,
   8.45497608e-01, 5.30889094e-01, 6.72854900e-01,-1.68058038e+00,
   6.98375940e-01, 1.99635160e+00,-6.74895334e+00, 8.30971822e-02,
  -1.37781310e+00, 1.00658884e+01,-1.64872617e-01, 2.60392427e+00,
  -1.08261037e+00,-2.68693519e+00,-5.88818407e+00,-7.27738738e-01,
  -1.46585226e+00, 6.64496601e-01,-2.55374402e-01,-4.41518515e-01,
   2.79546499e-01,-1.17062988e+01,-9.07251358e+00,-1.50924632e-02,
  -2.06151080e+00,-7.44972110e-01, 9.72929478e-01, 5.11580467e-01,
  -3.10221463e-01,-2.30838597e-01, 1.52232274e-01,-4.25657853e-02,
   2.21772250e-02, 2.46285841e-01, 2.45731756e-01,-8.31160247e-01,
   7.54345119e-01,-5.01313448e+00, 1.23803151e+00, 7.33927906e-01,
  -3.57762527e+00, 6.39327812e+00,-2.46251822e+00,-1.39544666e-01,
  -5.55397511e-01, 6.82310462e-01, 3.22951019e-01,-1.64653316e-01,
  -4.38324839e-01, 1.36331344e+00, 1.36420742e-01,-6.55371141e+00,
  -1.74802768e+00,-1.57724202e-01,-5.18323183e+00, 2.62396961e-01,
  -1.19446671e+00,-5.33115864e-01, 5.63597965e+00, 4.83387566e+00,
  -2.99140036e-01, 4.64467382e+00, 1.31241357e+00, 3.75992835e-01,
  -7.62111425e+00,-1.75688908e-01, 6.01064980e-01,-3.78867030e+00,
  -2.82963848e+00,-1.00684416e+00, 6.98012352e+00,-2.72908664e+00,
   1.32222748e+00,-6.86986160e+00,-5.05019760e+00,-1.41647434e+00,
  -1.40342802e-01,-2.80263734e+00,-1.02604187e+00,-3.96941423e-01,
   1.52134216e+00,-1.67558968e+00,-3.67577481e+00,-2.83969760e-01,
  -4.02848333e-01, 2.13007227e-01, 2.00039053e+00, 6.94749057e-01,
   4.29888636e-01, 3.28875393e-01, 3.07293326e-01,-1.06544308e-01,
  -1.05050540e+00,-5.67319632e+00,-6.51863635e-01,-9.47937276e-03,
   7.63457954e-01, 9.82020259e-01, 2.41556907e+00, 6.27603590e-01,
   7.45311141e-01, 1.31019795e+00, 6.17145598e-01,-7.89322329e+00,
   3.71544600e-01,-7.53798842e-01, 1.63001900e+01,-1.39939547e+00},
 {-1.48478523e-01, 8.94634485e-01,-6.18876696e+00, 6.10378265e+00,
   3.95683557e-01,-5.64543046e-02,-7.22074434e-02,-6.54195845e-02,
   4.43300039e-01, 3.35354507e-02,-2.08609730e-01, 1.69919170e-02,
   1.69264972e+00,-1.38468981e+00,-1.32989550e+00,-1.53482631e-02,
  -1.19247079e-01, 5.53880334e-01,-3.75633352e-02,-1.72898407e+01,
   3.12245842e-02, 8.51848628e-03,-2.18319654e-01, 4.29295423e-03,
   6.90518096e-02, 3.76877695e-01, 7.20649436e-02,-1.18400393e+01,
  -1.94937563e+00, 2.69255694e-02,-5.69246057e-03, 2.07399666e-01,
  -1.35240734e-01,-2.79550143e-02,-3.46592605e-01, 1.82130009e-01,
   1.21885645e+00, 7.00591356e-02, 2.23527834e-01, 5.45998693e-01,
   2.33427525e+00,-1.11840069e+00, 7.05779567e-02,-5.20769835e+00,
  -8.91663283e-02,-5.37445657e-02, 1.16406500e-01,-5.22833541e-02,
  -3.80936190e-02,-3.60799059e-02, 2.57721674e-02, 3.96032035e-01,
  -4.64609265e-02,-6.13228232e-02, 1.77633483e-03,-2.09577251e-02,
  -9.56873596e-03,-1.34369717e+01,-4.24782895e-02, 3.30513120e-02,
  -3.61877047e-02, 3.21328282e-01, 5.73217154e-01,-2.68021207e-02,
  -3.79848643e-05,-2.68998802e-01, 6.80122226e-02,-1.61107052e-02,
  -3.33201922e-02,-1.96044407e+01, 1.58938505e-02,-4.16835022e+00,
   5.05066253e-02,-5.58512425e-03, 3.60711426e-01, 3.18234786e-02,
  -2.27057431e-02, 2.86091678e-03,-2.04942703e-01, 1.17210723e-01,
  -2.41403393e-02, 1.50692031e-01, 1.69058874e-01,-1.02527983e-01,
   3.84160697e-01, 1.02923691e-01, 8.81851315e-02, 1.67952940e-01,
  -1.80338565e-02,-1.70846879e-02, 5.41009717e-02, 1.12215258e-01,
  -2.00683260e+00,-5.92458487e-01, 2.90507842e-02, 9.75003392e-02,
  -6.05022870e-02,-5.59064329e-01,-3.87844419e+00,-8.16945583e-02,
   7.21503198e-02,-7.06994385e-02,-3.27289402e-02, 4.92389053e-02,
  -1.51193412e-02, 1.67809073e-02, 1.50714505e+00, 6.62726983e-02,
   6.87187677e-03, 7.77765214e-02, 1.23616256e-01,-6.20662235e-02,
  -9.57784504e-02, 6.48324983e-03,-1.82816330e-02,-2.50193081e-03,
  -6.29967499e+00, 1.23658091e-01,-1.37899923e+00, 2.24794418e-01,
   3.32768746e-02, 7.36706378e-03, 3.07208133e+00, 1.55592397e-01,
   2.34962143e-02,-7.68890455e-02, 8.38343918e-01,-5.55924140e-02},
 { 2.16828898e-01, 1.54187130e-02, 1.05811596e-01,-2.88911480e-02,
  -1.20866144e+00,-1.49009833e-02, 9.01229382e-02, 4.69045591e+00,
   2.59011805e-01, 3.39017487e+00,-6.58475351e+00, 1.89634845e-01,
   4.67902422e-02,-2.72010833e-01, 5.19961417e-01, 9.15260985e-03,
   2.70741057e+00,-1.39408362e+00, 2.22402453e-01, 1.46555448e+00,
   1.70865846e+00, 3.13855720e+00,-6.90118611e-01,-6.69162226e+00,
   4.00011301e+00,-2.47700381e+00, 2.12181234e+00,-8.45439062e-02,
  -1.56860142e+01, 6.25286639e-01,-1.41428101e+00,-8.13459969e+00,
   3.54848409e+00,-4.54263210e+00, 1.54823101e+00, 1.81157336e-01,
   5.00774086e-01, 9.21810567e-02, 1.44546852e-01, 2.97904342e-01,
   2.00085983e+01,-6.35716617e-02, 1.07324481e-01,-2.26241732e+00,
  -9.10300446e+00,-2.56902874e-01,-9.15590572e+00,-2.40878749e+00,
  -1.18265903e+00,-1.12955368e+00, 5.87526448e-02, 2.69438680e-02,
  -1.28527418e-01,-1.12065947e+00, 3.02434707e+00,-3.71654248e+00,
   2.79057980e+00, 1.35004389e+00, 3.78360701e+00,-2.11450234e-01,
  -9.80743885e+00,-2.72262454e-01, 4.49025297e+00, 4.89165020e+00,
  -3.92091841e-01,-1.63602754e-01,-2.42974257e+00,-9.24212933e-01,
  -2.58932877e+00,-1.89468995e-01, 2.18026757e-01, 3.34900260e+00,
  -1.05087013e+01,-1.62660956e+00, 1.70615226e-01, 2.36149862e-01,
  -7.21170568e+00,-3.64715743e+00,-7.63499066e-02, 5.82873464e-01,
  -2.08108640e+00, 3.58212799e-01, 1.56292748e+00, 2.68477106e+00,
   4.66698259e-01, 1.78507678e-02, 6.32379627e+00,-6.28836095e-01,
  -1.14025794e-01,-4.74942058e-01, 1.26233056e-01, 8.11179578e-01,
   6.88960969e-01, 9.73348226e-03,-9.80135739e-01, 7.09553733e-02,
  -1.28558785e-01,-1.51473418e-01, 1.69000566e-01,-2.94550276e+00,
   9.85647392e+00, 5.25689363e-01,-5.14889598e-01,-1.03204565e+01,
   2.22900361e-02,-8.74293268e-01,-4.15534154e-03,-2.46651351e-01,
   2.86677074e+00, 3.16643381e+00, 2.21694633e-01,-9.14753139e-01,
  -1.28281638e-01,-5.92228817e-03,-5.02758932e+00,-2.18270016e+00,
  -2.51585305e-01, 1.16323061e+01, 1.26715469e+01, 6.33124437e-04,
   3.33751035e+00,-2.48972487e+00,-1.90134106e+01,-2.29692960e+00,
   1.29325581e+01,-5.17777109e+00, 4.38896298e-01,-4.24669456e+00},
 {-8.90870750e-01, 3.80294323e+00, 1.24483788e+00,-1.60548770e+00,
   4.25626993e+00,-4.94295073e+00,-2.39436126e+00, 1.23636246e+00,
  -3.52880806e-01, 1.88102424e+00,-5.51943922e+00, 5.76722956e+00,
   5.19047558e-01,-2.52139002e-01, 1.20681725e+01,-1.97354424e+00,
  -1.42773426e+00,-1.76395607e+00,-5.15487719e+00,-9.81051254e+00,
  -1.50917113e+00,-8.14361095e-01,-9.77064610e+00,-7.44308054e-01,
   7.86979437e-01,-2.14253654e+01, 2.53802180e-01,-1.19386166e-01,
   2.32919192e+00, 1.84050477e+00,-7.08404124e-01, 4.34721375e+00,
  -3.86762905e+00,-4.99546394e+01, 5.59826517e+00, 2.65436888e+00,
  -2.30070800e-01, 7.17418242e+00,-6.61937809e+00,-2.39957049e-01,
   2.56753736e-03,-4.68128204e+00, 1.61164367e+00, 2.70001674e+00,
  -1.72638726e+00, 4.56265783e+00, 2.32173800e+00,-4.76117045e-01,
  -1.64111912e+00,-1.56325996e+00,-2.79101729e+00,-8.43312442e-01,
  -5.70985174e+00,-8.32255185e-01, 1.01177907e+00,-2.66238689e+00,
   5.11167097e+00, 9.17934608e+00, 2.36231518e+00,-1.52046263e+00,
   1.26844183e-01,-2.63307548e+00,-5.06578255e+00,-9.46765125e-01,
   1.94878727e-01, 5.96338797e+00, 4.43930365e-02,-6.14568770e-01,
  -2.31421685e+00,-8.40152264e+00,-1.18199444e+01, 7.01536751e+00,
  -4.59008551e+00,-3.25836945e+00, 1.22483099e+00, 5.79708874e-01,
  -1.49373579e+00,-1.25323069e+00, 3.97985554e+00, 1.68215203e+00,
   1.04995096e+00,-4.58278179e-01, 5.17190313e+00,-8.05410266e-01,
  -4.81165314e+00,-1.14986219e+01, 4.91698837e+00,-3.89764476e+00,
  -1.78991508e+01, 5.33087134e-01, 1.24863192e-01, 4.25649500e+00,
   6.35457993e+00, 5.53030348e+00,-2.32987809e+00, 4.66898060e+00,
   4.23807430e+00,-1.22836375e+00,-9.92615342e-01, 2.93775201e-01,
   3.57484436e+00,-6.50703573e+00,-1.05639255e+00,-1.45084292e-01,
   1.92310363e-02,-2.82591969e-01,-8.84826660e+00,-4.01987457e+00,
   1.11962104e+00, 7.84408987e-01, 3.54473293e-01,-3.14676118e+00,
   4.50147438e+00, 4.33062696e+00,-1.06727040e+00,-4.06912613e+00,
  -6.85608578e+00, 5.12869501e+00, 1.93491089e+00, 3.30793595e+00,
   2.77778912e+00,-3.48655254e-01,-2.64609575e-01,-4.78003836e+00,
   5.68996906e+00,-2.65307927e+00, 5.48125887e+00,-8.27952325e-01},
 { 9.09339488e-01,-4.38960791e+00, 2.77523446e+00,-8.25020611e-01,
   1.02085479e-01, 3.99459660e-01, 5.02803040e+00,-1.34131998e-01,
  -1.51779175e+00,-1.79569035e+01, 5.94592285e+00, 4.13864881e-01,
   8.39854598e-01, 2.28039861e+00,-2.27694798e+00,-1.23401201e+00,
   1.88722503e+00, 2.66509295e+00,-5.50276101e-01, 1.33721566e+00,
  -1.40758915e+01, 2.65499640e+00, 2.12315345e+00, 2.46096110e+00,
  -3.66461778e+00,-4.67652178e+00, 3.95645475e+00,-2.82416487e+00,
   2.98801255e+00,-5.97344190e-02,-1.21640944e+00, 6.53280556e-01,
   2.21445873e-01,-5.45478153e+00,-2.57746696e-01, 1.39963865e+00,
   1.22261608e+00, 1.95434618e+00, 1.66325986e+00,-4.75113690e-01,
   2.84726930e+00, 7.11603761e-01, 1.00322878e+00,-3.18301082e+00,
   9.36638594e-01,-4.09806252e+00,-7.19733095e+00,-3.16096830e+00,
   4.46166086e+00, 5.76709414e+00, 1.36751306e+00,-1.82749259e+00,
  -2.29640245e+00, 1.87035546e-01,-2.90346813e+01, 3.19577479e+00,
   2.25779963e+00, 2.03908777e+00,-2.84454703e+00,-2.77299523e+00,
   1.00213385e+01, 1.53898656e+00, 9.53674412e+00, 2.15553474e+00,
  -1.20457792e+00, 3.43802619e+00,-3.85449767e+00,-2.74035907e+00,
  -4.58101702e+00, 1.98784411e+00, 9.75927770e-01, 1.06507123e+00,
   6.11379051e+00,-1.23874950e+01,-1.37830421e-01,-5.09264088e+00,
   3.54846096e+00,-1.23246956e+00, 9.75660563e-01, 7.18251228e+00,
  -3.32909226e-01, 1.44429088e+00, 3.19127488e+00,-3.49909353e+00,
   3.57642031e+00,-8.12218285e+00, 2.38630027e-01, 1.22865677e+00,
  -1.92125440e+00,-1.71460462e+00,-4.44479084e+00,-1.57592046e+00,
  -1.78318989e+00, 2.76626527e-01,-6.26569748e-01,-1.04068398e+00,
  -1.75319827e+00, 2.27882564e-01, 7.84718931e-01, 2.07969141e+00,
  -2.74548948e-01,-1.17340446e+00,-2.98920178e+00,-4.81035185e+00,
  -6.18439770e+00, 6.57804728e+00,-3.19521689e+00, 6.09950256e+00,
  -5.95094442e+00, 3.16507721e+00,-7.75515616e-01, 4.65122175e+00,
  -3.13448250e-01,-1.83823562e+00, 3.83829761e+00, 6.61066532e+00,
  -3.46214771e+00, 9.05078030e+00, 6.08036995e+00, 1.83996189e+00,
   6.57026196e+00,-1.00613129e+00,-9.32704210e-01, 3.46291661e-01,
   4.78404999e+00, 7.12634981e-01, 1.64418650e+00,-1.96654868e+00},
 {-2.54119635e-01, 1.24334474e-03, 3.22856307e-01, 1.76985174e-01,
   7.80724883e-02,-1.02213860e-01, 2.78471887e-01,-2.18395829e-01,
  -7.97693729e-02, 7.29744792e-01,-4.57111865e-01, 3.99433851e-01,
  -3.05991676e-02,-6.20937407e-01, 1.42197394e+00,-2.08930910e-01,
  -2.40641189e+00,-2.99008310e-01, 1.71305776e-01, 4.71693575e-02,
  -1.06597662e+01,-2.75516105e+00, 2.61245400e-01,-4.41747761e+00,
   1.26761646e+01,-2.31883240e+00, 4.23728991e+00,-2.16556117e-01,
  -1.29874349e+00, 6.17973953e-02, 1.05579495e+00, 2.89491367e+01,
  -2.03510933e+01,-1.83280349e+00, 1.15908027e+00, 1.31070927e-01,
   4.50633466e-01, 5.19237041e-01, 2.53674209e-01, 3.66963208e-01,
  -7.84520102e+00,-2.15892047e-01, 2.62094617e-01,-3.42368633e-02,
  -1.55269232e+01,-1.83367208e-01, 1.65148139e+00,-1.73842621e+00,
  -3.20070767e+00,-2.42441237e-01,-7.56989121e-02, 2.84690652e-02,
  -2.54146755e-01,-2.79587626e-01,-5.40223122e-01, 7.91054964e+00,
  -1.07755795e+01, 1.30754292e+00, 3.85098290e+00, 3.43141228e-01,
  -1.59242802e+01,-2.24837475e-02, 2.55365515e+00, 1.82944775e+00,
   4.45051491e-03, 7.49129876e-02, 7.21846446e-02, 1.20769048e+00,
  -6.20407152e+00,-6.48435116e-01, 1.47764564e-01, 1.19801426e+00,
  -6.10961628e+00,-4.50313911e+01, 3.58564734e-01, 7.92540073e-01,
   1.19625223e+00,-1.53456658e-01,-1.78432941e-01,-2.48922542e-01,
   7.12330818e+00, 2.05763713e-01, 4.85191250e+00,-6.87780905e+00,
   4.16895658e-01, 1.60110578e-01,-7.68131733e+00,-2.37642247e-02,
  -6.50842905e-01,-5.40009201e-01, 3.50201279e-01, 1.28713936e-01,
   8.53315473e-01,-1.10437989e-01,-1.62935749e-01,-1.09233312e-01,
   3.81336749e-01,-2.00946093e-01, 8.77006501e-02, 3.47489059e-01,
  -3.03797078e+00, 3.14023852e-01,-2.32569188e-01,-2.09613800e+00,
   6.02038240e+00,-2.22675979e-01,-1.38817921e-01,-1.16120398e-01,
  -2.14303303e+00, 1.64549363e+00,-2.42536932e-01,-1.33759332e+00,
   1.63980603e-01, 7.10764229e-02, 1.08120131e+00,-2.64686656e+00,
  -3.42804313e-01, 2.90104818e+00,-1.97120171e+01,-8.60858187e-02,
   1.94277084e+00,-1.60249290e+01, 1.18190842e+01,-6.44188166e-01,
   1.03286123e+01,-3.26880789e+00, 1.85329884e-01,-2.15468955e+00},
 {-8.25232565e-02,-2.87149418e-02,-9.09577087e-02,-6.00563139e-02,
  -1.05477452e-01, 1.74744911e-02,-6.30763918e-02,-9.48975161e-02,
  -7.56741986e-02,-6.96654022e-02,-8.56259093e-02,-3.94545086e-02,
  -4.80714180e-02,-4.86644432e-02,-9.12914574e-02,-2.61798240e-02,
  -5.70542216e-02,-6.96542487e-02,-1.45219518e-02,-6.95048273e-02,
  -4.87151109e-02,-5.91206960e-02, 8.83114804e-03, 3.74345295e-02,
   4.43663122e-03,-5.87248243e-02, 7.41122989e-03,-1.32783413e-01,
   5.48393279e-02,-7.68254623e-02,-8.90035927e-02,-1.43215179e-01,
  -8.47432688e-02, 1.08658466e-02,-5.52411713e-02,-4.78448253e-03,
   2.34178756e-03,-1.91183053e-02,-9.46663842e-02,-1.41968668e-01,
  -7.47525692e-02, 4.37573120e-02,-8.67317989e-02,-6.75712302e-02,
   1.63684716e-04,-2.18904167e-02,-2.42793076e-02,-7.06540421e-02,
  -1.03972487e-01, 2.90697664e-02,-1.08943410e-01, 2.39279643e-02,
   2.07497287e-04,-1.12265348e-04,-1.31504282e-01,-2.31477115e-02,
  -8.27246755e-02,-9.55155417e-02,-4.97850105e-02,-6.73938170e-03,
  -1.28241986e-01,-7.77498707e-02, 7.65541792e-02, 2.07300261e-02,
   4.54972908e-02,-1.48569858e-02,-1.43027380e-01,-6.15284219e-02,
  -9.10854042e-02,-3.70822251e-02,-5.18379584e-02, 1.19144665e-02,
   1.45014899e-04,-1.34426847e-01,-6.39920905e-02,-1.05433114e-01,
  -7.52986968e-02, 2.55906414e-02, 2.12532151e-02,-7.01695755e-02,
  -1.11709408e-01, 1.88057031e-02,-1.24420494e-01,-7.05002993e-02,
  -7.40464106e-02, 6.49468452e-02,-1.01928413e-01,-1.01883903e-01,
  -3.76854427e-02, 3.86552606e-03,-6.57845661e-02, 2.11509597e-02,
  -1.97409699e-05, 2.82136984e-02, 5.47349788e-02,-4.37311456e-03,
  -4.91180792e-02,-1.23817502e-02,-3.93348141e-03,-5.54329827e-02,
   4.27616090e-02,-6.94319755e-02,-1.20559923e-01,-1.42336577e-01,
  -1.22299362e-02,-1.06058009e-01,-6.51525259e-02, 9.40370001e-03,
  -8.49748962e-03, 1.67212114e-02, 2.93318066e-03,-8.00360590e-02,
  -7.45814592e-02,-6.30748644e-02,-4.53339219e-02,-1.05269598e-02,
  -1.00603916e-01, 7.19072446e-02,-9.64215249e-02,-1.43065676e-01,
   7.95412511e-02,-7.63548017e-02, 5.85094057e-02, 6.25278577e-02,
  -8.05616751e-02, 3.99634615e-02,-5.37767299e-02,-6.38575554e-02},
 { 7.70473599e-01,-3.56219749e+01, 2.69524574e+00, 9.63308930e-01,
  -2.41056848e+00, 6.22048795e-01,-7.18459964e-01,-1.55745938e-01,
  -2.60578179e+00, 1.64863899e-01, 8.87987733e-01, 6.02740288e-01,
   3.42697948e-01, 9.34947491e+00,-6.93771362e+00, 4.61024016e-01,
   1.27836847e+00, 1.10064201e+01, 5.51832803e-02,-7.56833971e-01,
   1.57010913e-01,-1.37626082e-01,-3.24482989e+00, 5.06637216e-01,
   4.54259783e-01,-1.85107636e+00, 1.91230392e+00, 1.70886850e+00,
  -2.73879929e+01, 5.87196529e-01, 3.66666876e-02, 1.78686547e+00,
   1.18643498e+00,-6.56692088e-01,-3.35928512e+00,-6.13956630e-01,
  -5.22690177e-01,-2.57519674e+00,-7.85192192e-01,-3.69270563e+00,
   3.72102439e-01,-9.73924160e+00, 2.51431644e-01,-1.26479495e+00,
   2.77031392e-01, 7.13468671e-01,-4.77437884e-01,-1.40655744e+00,
  -1.62126776e-02, 7.13357031e-02,-7.24388734e-02, 1.45815587e+00,
  -4.52355576e+00,-9.66359735e-01,-1.92361310e-01, 1.55604094e-01,
   3.99724133e-02, 6.03399897e+00, 4.19253826e-01,-7.98446560e+00,
   6.06083691e-01,-6.97413445e-01, 1.35308254e+00,-1.17130399e-01,
   6.75618887e-01,-5.99059343e-01, 1.82573013e-02, 6.47453442e-02,
   2.22496927e-01, 1.28085577e+00,-2.01329947e+00, 6.31691885e+00,
   4.15973544e-01, 2.69411743e-01, 2.26545215e+00,-1.40521780e-01,
   2.85120845e-01, 1.78825215e-01, 1.36927497e+00, 6.04387641e-01,
   1.55964911e-01,-7.26082516e+00,-7.51912951e-01,-3.81101161e-01,
   2.51033723e-01,-1.41220260e+00,-7.43244708e-01, 9.16438639e-01,
  -9.33665752e+00, 6.30685747e-01, 3.63172770e+00,-1.56279392e+01,
  -9.64119244e+00, 9.58592296e-01,-1.28681839e+00,-3.29401761e-01,
   1.80581558e+00, 1.30889401e-01,-5.97895086e-01, 4.30232584e-01,
  -4.43081975e-01,-1.59719992e+01,-1.91381109e+00,-1.19700216e-01,
  -2.24084570e-03, 8.36173221e-02, 6.52639270e-01,-1.15991449e+00,
  -1.49579877e-02,-2.80947059e-01,-6.38069093e-01,-1.37580156e-01,
   2.62766457e+00, 1.09707475e+00, 1.54422939e-01,-2.98201386e-02,
   5.58339894e-01, 1.00594331e-02, 1.04201853e+00, 5.44997871e-01,
  -2.35533759e-01, 1.47020116e-01, 2.85893250e+00, 3.74133086e+00,
  -1.84536055e-01, 3.27988416e-01, 1.12344532e+01, 1.69336414e+00},
 {-8.54884565e-01, 1.61977969e-02, 6.97418988e-01,-4.13386822e+00,
   4.35244751e+00,-6.85622036e-01, 8.53620827e-01,-1.75249135e+00,
  -7.09723711e-01,-2.24294710e+00,-3.70049572e+00,-2.57896185e+00,
   1.02155611e-01,-4.25303906e-01,-1.65510809e+00, 1.28349245e+00,
   1.18473434e+01,-2.95058250e+00,-2.10664436e-01,-3.67309380e+00,
  -3.52400088e+00, 3.83713156e-01, 2.98526883e+00,-1.45410089e+01,
   4.87273645e+00,-1.75106945e+01, 3.06681991e-01, 8.90051126e-01,
   9.86323476e-01,-6.07714891e-01,-3.04445624e-01, 8.97773802e-01,
  -4.85550833e+00, 1.54050148e+00,-2.48477507e+00, 7.47624159e-01,
  -1.39731383e+00,-2.08904576e+00,-2.12818279e+01, 1.91390336e-01,
   2.60543871e+00,-3.53665501e-01,-4.55316573e-01,-1.29422414e+00,
   4.53182030e+00, 9.78414938e-02, 4.51465654e+00, 9.15141761e-01,
  -2.19740510e+00, 2.84143150e-01,-1.53037596e+00,-1.70718980e+00,
  -4.10415709e-01, 1.97027266e+00, 2.37370044e-01, 6.82082510e+00,
   9.56608677e+00, 4.18859869e-01,-1.98718834e+01, 4.87666875e-01,
  -1.21636829e+01,-3.34689580e-02,-7.38119066e-01, 1.29691672e+00,
  -1.01468541e-01,-2.96645671e-01, 1.82887602e+00, 8.51297557e-01,
   1.35127378e+00, 8.37728500e-01, 4.99923766e-01, 9.94556546e-01,
  -1.00551233e+01,-2.86747646e+00,-3.45085025e-01, 5.80696630e+00,
   4.93318141e-01, 4.81095076e-01,-1.06292285e-01, 2.65474939e+00,
  -8.17834187e+00,-5.96252441e-01,-2.81937289e+00,-2.09773302e+00,
   1.01273882e+00, 9.28815782e-01, 6.00959635e+00, 8.93754721e-01,
   1.50670338e+00, 4.41282928e-01,-2.10121202e+00,-2.94850898e+00,
  -1.80240333e+00,-1.31968415e+00,-2.11281133e+00,-1.34608221e+00,
   2.08124137e+00, 4.16900277e-01, 4.27698970e-01,-3.34937620e+00,
  -1.99248910e+00,-3.39807892e+00, 2.85244751e+00, 5.14160538e+00,
  -2.27897787e+00,-2.26484656e+00, 6.80986822e-01,-1.80835736e+00,
   5.54314041e+00,-8.09382647e-02, 1.05950534e+00, 4.64182329e+00,
  -5.68405390e-02,-3.90189290e-01,-2.39522219e+00, 2.97701895e-01,
   1.32389522e+00, 1.92410982e+00,-7.73222017e+00, 4.35479999e-01,
  -1.10986578e+00,-1.23873768e+01, 7.41474485e+00, 5.54895818e-01,
  -2.44491234e+01, 7.44423866e+00, 9.35225010e-01, 1.25229239e+00},
 { 1.90866411e+00, 1.93212819e+00,-2.31684685e+00,-2.68060613e+00,
  -8.54866862e-01, 1.54637122e+00, 2.47150525e-01, 2.72965491e-01,
  -2.95934749e+00,-7.10358098e-02, 1.91400930e-01,-2.84535587e-01,
  -8.76040608e-02, 4.22622013e+00,-7.24462122e-02,-4.70068604e-01,
  -2.91424751e-01, 1.57991886e+00, 1.21591496e+00,-3.69688559e+00,
  -2.64584303e-01,-3.70055735e-02,-2.56744772e-01,-8.50515887e-02,
  -2.65544206e-01, 8.48575979e-02, 1.77307963e+00, 1.88373518e+00,
  -2.09850669e+00,-7.40442157e-01,-3.56330387e-02,-4.66804385e-01,
  -2.25125477e-01,-1.73386216e-01, 1.66992635e-01,-6.61258125e+00,
   3.46298647e+00, 2.90388703e-01, 4.47077274e+00,-8.15511048e-01,
   1.04081964e+00, 9.95280170e+00,-3.04900944e-01, 1.00639420e+01,
   6.51669428e-02,-7.73832858e-01,-3.65350306e-01, 6.58396423e-01,
  -5.36709651e-02,-4.33908589e-02, 3.09779756e-02,-7.02061558e+00,
  -9.76562691e+00,-3.96547437e+00, 1.53761894e-01, 2.11375609e-01,
  -8.79651085e-02,-2.56715703e+00, 1.11865640e-01,-1.77520418e+00,
   5.77176511e-01, 4.69895363e+00, 2.01753855e+00,-4.24234383e-02,
  -5.96028090e-01, 8.48337471e-01, 5.67651801e-02, 1.61770970e-01,
  -1.29958227e-01, 7.71491766e-01, 1.06602502e+00,-4.68596792e+00,
  -1.56194642e-02, 2.90316697e-02,-1.71972048e+00,-8.81689861e-02,
  -6.63493052e-02,-1.48572549e-01, 9.85142612e+00, 1.07741034e+00,
   3.11784238e-01, 2.56649137e+00, 2.25446895e-01, 1.70261756e-01,
   1.75243521e+00, 7.45463371e-01, 2.05221906e-01, 1.52440295e-01,
   2.38679275e-01, 7.92963862e-01, 2.26812199e-01, 7.57124996e+00,
   7.30165625e+00, 1.08473372e+00, 2.04314637e+00, 3.24816251e+00,
   3.17600775e+00,-8.17267716e-01, 3.53022242e+00, 9.88447741e-02,
  -2.64979064e-01,-5.81550884e+00,-3.38397455e+00, 4.51870896e-02,
   1.55913234e-01, 1.54389367e-01, 7.47432947e-01,-3.77990866e+00,
   3.29855412e-01, 1.15637437e-01,-4.12751150e+00, 6.51005283e-02,
  -1.63273084e+00,-7.73647249e-01,-2.59356707e-01, 2.04263236e-02,
  -1.81077942e-01, 2.74116457e-01, 1.80470049e-01,-4.44794059e-01,
   5.20189032e-02,-2.22884059e-01, 4.70481777e+00, 5.36094844e-01,
  -5.52975655e-01, 1.36054888e-01,-8.57777500e+00,-6.02866232e-01},
 {-5.33014297e+00, 2.94125152e+00,-6.14894807e-01,-1.43067722e+01,
  -8.87968659e-01,-4.66502333e+00,-2.78316331e+00, 8.52151871e+00,
  -6.72579825e-01, 1.38798749e+00,-7.45581913e+00, 4.21841085e-01,
  -1.10180879e+00, 9.26490128e-01, 5.18962288e+00, 2.02538371e+00,
   1.51939144e+01,-4.77498293e-01,-3.99098587e+00, 1.36990905e+00,
  -2.92939401e+00, 1.20715521e-01,-5.90906954e+00,-3.80455899e+00,
   1.53835249e+00, 5.20412564e-01, 8.47688389e+00, 2.29423261e+00,
  -1.24773228e+00,-2.30569601e+00,-2.09430480e+00, 2.08534393e+01,
  -1.45025265e+00,-1.79214821e+01,-3.37095523e+00,-4.51572597e-01,
  -5.53716373e+00,-1.92499459e+00, 7.33002758e+00, 2.52494645e+00,
   1.34488618e+00, 1.16575420e+00, 3.73024964e+00,-1.26646347e+01,
  -2.80556440e+00, 7.87659466e-01, 1.92973351e+00,-1.45096600e+00,
   2.39296079e-01, 1.38715219e+00, 4.21252489e+00,-4.03861237e+00,
   5.28547335e+00, 6.22792244e+00, 1.55887806e+00,-7.60205460e+00,
   3.02302551e+00, 5.05687177e-01, 8.14325714e+00, 3.30023408e+00,
  -4.75012493e+00,-2.48004866e+00,-1.88979092e+01,-2.01828194e+00,
   1.13994274e+01,-6.73948050e-01,-1.30838931e+00, 7.62113512e-01,
  -4.74557161e+00,-5.66633081e+00,-1.28591166e+01,-1.24037385e+00,
  -4.01441526e+00,-4.82860422e+00,-1.01170826e+00,-2.46346569e+00,
  -4.07565737e+00,-4.19269276e+00,-1.60897091e-01,-1.01762209e+01,
  -2.83009708e-01,-5.28462708e-01, 7.48484850e+00,-9.85456276e+00,
  -8.21176338e+00, 1.95692265e+00, 7.50525284e+00,-2.20104933e+00,
  -4.60220009e-01, 4.23000365e-01, 2.18003798e+00, 9.00016248e-01,
   9.80791092e-01,-5.24495840e-01, 2.49995565e+00, 1.74988174e+00,
   5.44154406e+00, 8.05883706e-01, 4.80040461e-01,-3.56469250e+00,
   6.58143330e+00,-2.13028461e-01, 3.32628345e+00,-4.84501123e+00,
  -9.53467464e+00,-6.26695380e-02,-4.21503574e-01,-6.14548016e+00,
  -1.31162077e-01, 2.27371931e+00,-7.24638224e+00,-3.56984615e+00,
  -6.94029748e-01, 1.76013553e+00,-1.50381327e+00,-1.16225147e+00,
   2.57526964e-01, 4.60100746e+00, 7.33750522e-01, 2.67778039e-01,
  -1.05059981e-01,-7.55640984e+00,-3.57713842e+00,-1.13276041e+00,
   9.69954395e+00,-1.74341049e+01, 4.82341409e-01,-3.98265052e+00},
 {-5.85292161e-01, 2.37818971e-01,-9.31678712e-02,-1.68924809e-01,
  -4.77183312e-01,-1.23590887e-01,-1.91389486e-01,-2.60263681e+00,
  -7.74138495e-02,-1.68391430e+00, 8.61291027e+00,-1.15075028e+00,
   6.98453039e-02,-8.91312599e-01, 8.31152275e-02,-2.83421129e-01,
   3.34410930e+00, 1.84787524e+00, 7.33686760e-02,-2.48663116e+00,
   1.62659633e+00,-2.37672377e+00, 3.61329794e+00, 1.65880775e+01,
  -3.24956036e+00,-6.58796358e+00, 9.55914116e+00, 1.56553522e-01,
  -3.44350576e-01,-4.21094507e-01, 1.50214577e+00,-9.39576244e+00,
   2.49471397e+01,-1.57305077e-01,-3.74222279e+00,-7.82339871e-02,
   4.28548050e+00,-8.05539638e-02,-7.39734411e-01,-1.43146470e-01,
   1.37654142e+01, 7.59545248e-03, 3.42767954e-01, 3.82491541e+00,
   7.04644322e-01,-7.36431777e-02,-1.45756168e+01,-4.18856049e+00,
   1.65741110e+00, 6.47198409e-02,-2.55721033e-01, 2.73133200e-02,
   1.05954036e-01, 7.42854714e-01,-1.06474662e+00, 2.81244493e+00,
   1.72705084e-01,-3.90580446e-01,-3.02707386e+00,-1.35909058e-02,
   7.45089674e+00, 2.04098001e-01,-2.98121810e+00,-7.55391502e+00,
   4.22947943e-01, 1.74253076e-01, 1.02553320e+00, 1.72961020e+00,
   1.32618141e+00, 9.06278100e-03, 2.16802899e-02, 4.59496081e-01,
   9.39183521e+00, 1.29388404e+00,-5.74976252e-03,-9.61796939e-01,
   5.49533415e+00, 1.73508728e+00, 8.91071409e-02,-5.35660863e-01,
   1.92259288e+00,-1.01033658e-01, 1.85065055e+00, 5.04473329e-01,
  -7.10690990e-02, 1.95878133e-01,-8.55703735e+00, 1.63712716e+00,
   3.33263338e-01, 3.20762068e-01,-1.93758279e-01,-8.56405854e-01,
   3.19598839e-02,-2.00542688e-01, 6.40092373e-01, 1.30094185e-01,
  -1.15579732e-01, 6.62147626e-02, 1.16363198e-01, 3.49014664e+00,
  -7.09404278e+00,-5.94518781e-01, 5.05094588e-01, 7.63702869e-01,
   3.26282352e-01, 1.81052279e+00,-3.59580340e-03, 7.66274184e-02,
  -3.31257254e-01, 6.41701221e+00,-6.67437255e-01, 6.95146441e-01,
   3.72758806e-01, 9.71235614e-03, 1.41685820e+00, 5.12271486e-02,
  -1.21357344e-01,-9.33344936e+00, 1.33495646e+01, 1.19488589e-01,
  -2.50708556e+00,-2.45332170e+00,-5.99865818e+00, 9.25215542e-01,
  -8.32086754e+00, 5.19268274e+00,-2.23182235e-02,-1.04442530e+01},
 { 4.70898487e-02, 2.08197570e+00,-1.17257762e+00, 1.10290396e+00,
   8.57916057e-01, 4.06663060e-01, 1.20313621e+00, 2.05455279e+00,
  -6.57037199e-01, 3.82315969e+00,-8.55626297e+00, 3.48852992e+00,
  -4.65712175e-02,-8.18532288e-01, 3.55464149e+00, 1.75187230e-01,
  -2.92863870e+00,-1.54290462e+00,-1.08521593e+00, 1.08144245e+01,
   2.96830702e+00,-1.71983838e+00,-5.22935963e+00,-1.46523619e+00,
  -1.04349211e-01, 8.38037848e-01,-6.41148472e+00,-5.79104125e-01,
   7.87862921e+00,-2.79070120e-02, 2.69715607e-01,-5.63575125e+00,
  -4.37984562e+00,-3.90103030e+00, 8.84085941e+00, 1.24687326e+00,
  -6.04864120e-01, 8.60504329e-01, 6.29491925e-01,-7.43947625e-01,
  -3.28684092e+00,-2.36558485e+00,-8.87368023e-01,-4.53351498e-01,
  -1.13217115e+00, 2.42352676e+00, 2.52084875e+00,-1.60820115e+00,
  -2.31251073e+00,-3.67592978e+00, 3.50758719e+00, 7.92880118e-01,
   1.68187392e+00,-4.98133087e+00, 1.79041755e+00,-3.34706259e+00,
   1.43139875e+00, 2.57837224e+00,-1.42629766e+00, 2.77247548e-01,
  -2.94444799e+00,-9.21615899e-01, 7.05591977e-01,-3.15046525e+00,
  -2.41294694e+00, 2.74729114e-02, 1.05954623e+00,-8.82432103e-01,
  -1.59920537e+00,-3.29461551e+00,-8.95617664e-01, 3.44100285e+00,
  -3.96094584e+00, 2.60997303e-02,-1.50952399e+00,-5.59090257e-01,
  -2.20378971e+00,-1.28000557e+00,-1.03900349e+00, 2.79130030e+00,
   9.69698131e-01,-1.65587652e+00, 6.00477266e+00, 2.06340504e+00,
  -2.84779239e+00,-1.94810307e+00, 9.86949825e+00,-4.83750010e+00,
  -2.54418421e+00,-7.71676302e-01, 1.22225428e+00, 5.07235622e+00,
   5.20350337e-01,-2.72499037e+00,-2.12157631e+00,-9.07243371e-01,
  -1.53943360e-01, 5.92555583e-01, 5.45044132e-02, 2.96567917e+00,
   8.70555818e-01, 2.72105145e+00,-3.11792374e+00, 5.41729569e-01,
  -8.07503223e-01, 3.01138639e-01, 1.92613468e-01,-2.54789305e+00,
   3.25277925e+00, 1.79349363e+00, 1.99473178e+00,-4.57433033e+00,
  -2.21591353e+00, 2.58113742e+00,-1.44778657e+00,-3.17746353e+00,
   4.84861940e-01, 4.21563673e+00, 7.64589024e+00,-3.64576519e-01,
   3.67377257e+00, 7.16330886e-01, 8.65706801e-01,-1.02606356e+00,
   3.93002701e+00,-1.46955192e+00, 2.18630290e+00,-3.19380212e+00},
 {-8.35027456e-01,-2.23053485e-01, 1.13368101e-01,-2.41333413e+00,
  -7.13267326e-01,-1.05460095e+00,-2.66848254e+00, 1.40004635e+01,
   4.19200838e-01,-9.83064842e+00, 4.75832987e+00,-1.37712801e+00,
   4.73819911e-01, 5.24504960e-01,-2.55447328e-01,-3.98148932e-02,
   5.23203278e+00, 3.49617511e-01,-1.02596700e+00,-2.00809336e+00,
  -1.22372699e+00, 1.56548202e+00, 1.26635921e+00, 9.34006751e-01,
  -1.88905334e+00,-3.33399534e+00, 7.81024504e+00,-6.74771547e-01,
  -1.72891128e+00, 3.39452088e-01,-1.94107962e+00, 6.90519857e+00,
   4.33089018e+00, 1.41698718e+00,-1.26633418e+00, 4.22797143e-01,
   8.81647110e-01, 5.73491752e-01, 3.73524576e-01,-4.87823159e-01,
  -2.08220735e-01,-3.32604349e-01,-2.13279867e+00, 1.71254861e+00,
  -8.86433482e-01,-1.71078479e+00,-4.10395765e+00, 6.46549463e-01,
   2.32635379e-01, 1.75189304e+00,-6.97586477e-01,-1.91605580e+00,
  -4.54747140e-01, 1.21163917e+00,-3.57882690e+01,-7.21703291e-01,
  -6.13174343e+00,-4.30270880e-01, 2.34019136e+00, 5.29790878e-01,
  -1.22144926e+00, 9.00597095e-01,-3.16700912e+00,-1.82074296e+00,
  -1.36386776e+00, 1.44997036e+00,-1.63436306e+00,-3.54494214e-01,
  -2.02341437e+00, 8.23817968e-01, 2.09892178e+00, 1.99465680e+00,
  -1.43499079e+01,-1.01327002e+00, 7.74081945e-01,-8.29720914e-01,
  -6.19085407e+00,-3.77047253e+00, 7.74099827e-02, 7.83282638e-01,
  -4.20611906e+00,-1.74046770e-01, 2.55947924e+00,-1.14661198e+01,
   1.53062987e+00,-3.03768575e-01,-9.42515564e+00, 1.10135233e+00,
  -1.30010173e-01,-4.09769356e-01,-4.53837156e+00,-1.02551889e+00,
   2.30303288e-01, 4.97379690e-01, 8.65951955e-01,-1.67825198e+00,
   8.87035504e-02, 4.04638588e-01, 2.11787879e-01, 1.33495462e+00,
  -1.35106072e-01,-1.68030918e+00,-3.13769609e-01,-6.20612335e+00,
   3.32892537e-01, 1.61946857e+00,-6.71792686e-01, 6.36363697e+00,
  -2.24420130e-01, 1.51025105e+00,-4.96235698e-01, 1.02395430e+01,
   3.65856469e-01,-5.72111487e-01,-1.12618673e+00, 1.12167263e+01,
  -4.77483243e-01, 4.69931173e+00, 6.00683975e+00,-3.69552046e-01,
  -3.35554147e+00,-1.69717395e+00, 5.57320023e+00,-2.10873461e+00,
   1.38954248e+01,-4.58844423e+00, 1.06225014e-01,-1.75384867e+00},
 {-3.21184969e+00,-2.45596838e+00, 6.37121797e-01, 3.04228568e+00,
  -2.10802698e+00,-4.22935009e+00,-7.88571692e+00,-8.22566211e-01,
   2.71029329e+00,-3.76670384e+00, 3.47791839e+00,-7.39750504e-01,
   1.81953356e-01,-2.52188563e+00,-1.19892097e+00,-1.92279029e+00,
   1.56177938e+00, 5.36790562e+00, 3.32587719e+00,-1.33510435e+00,
  -3.14231724e-01,-6.87589526e-01,-1.65324116e+00, 2.76714110e+00,
  -3.11434090e-01, 1.94605380e-01,-6.62785959e+00,-4.90229492e+01,
  -7.77847576e+00,-1.39653111e+00, 2.33452007e-01,-4.58780583e-03,
   1.65452051e+00,-2.26275772e-01,-8.74503326e+00, 7.95498848e+00,
   5.69101906e+00, 3.29888868e+00,-2.37478471e+00,-5.11913061e+00,
  -5.34703827e+00, 2.96010613e+00,-1.97476065e+00,-1.08515108e+00,
   1.81386912e+00, 2.04738092e+00,-2.24195480e+00, 2.40204796e-01,
   4.27069902e-01, 1.64684713e+00,-2.07766399e-01,-5.59991026e+00,
  -6.35340035e-01,-5.53448057e+00,-5.32366693e-01, 1.15527403e+00,
  -7.87286699e-01, 1.48478041e+01, 3.05571258e-01,-2.08053446e+00,
   2.22256827e+00,-2.53488708e+00, 4.94089651e+00,-1.17742729e+00,
   1.22727108e+00, 1.91445673e+00, 7.78005868e-02, 3.71484935e-01,
   3.66685957e-01,-5.99827766e+00, 1.85317600e+00, 5.24188995e+00,
   4.06479454e+00,-7.88480520e-01,-1.33879030e+00,-9.57532048e-01,
   1.08121657e+00, 5.50137639e-01, 2.09289336e+00,-3.46226382e+00,
  -9.80488397e-03,-3.61338758e+00,-2.41643167e+00, 8.17972571e-02,
  -3.06867933e+00,-3.57975483e-01,-3.78290534e+00,-2.54273891e+01,
  -2.25386453e+00, 1.71572757e+00,-5.37273467e-01,-6.69846591e-03,
   5.13212681e+00,-2.09696555e+00, 2.83668709e+00,-1.11901665e+00,
  -9.74939823e+00, 1.65032923e+00, 9.34627950e-01, 1.11417913e+00,
  -2.30257416e+00,-1.83940279e+00, 1.82646108e+00, 3.24170381e-01,
   2.54111774e-02,-5.41070774e-02,-2.11034966e+00, 1.47156973e+01,
  -2.53511339e-01,-1.43110469e-01, 2.88853407e+00, 3.75634313e+00,
  -3.59806865e-02,-1.65943778e+00, 6.64173841e-01, 3.14145756e+00,
   1.85527873e+00,-7.90711164e-01,-4.47827503e-02,-5.74423909e-01,
  -3.00046444e+00, 3.89103234e-01,-2.45942146e-01,-1.46616554e+00,
  -3.68174505e+00, 1.26683950e+00,-1.41538584e+00, 2.00383112e-01},
 {-1.57403667e-02, 2.06520725e-02,-3.80694084e-02, 6.10660091e-02,
  -1.75494968e-03,-1.15204804e-01,-6.06799163e-02,-2.10592151e-02,
  -9.90108997e-02,-1.28584430e-01, 4.96463403e-02,-1.12246219e-02,
   1.12586990e-02,-3.46619859e-02,-2.61740573e-02,-1.13073867e-02,
   1.32764280e-02,-4.80784662e-02,-3.12068556e-02, 5.77537983e-04,
  -1.18877344e-01, 4.22547646e-02,-1.55947991e-02,-1.52916536e-02,
   8.30972865e-02,-1.51416473e-02,-9.27836001e-02,-1.34381428e-01,
   8.63770780e-04, 5.03981151e-02,-3.69239226e-02,-3.18574160e-02,
   1.47017082e-02,-3.64948511e-02, 4.63433415e-02,-1.10031836e-01,
  -3.10024396e-02,-5.09717204e-02,-8.83770660e-02,-1.23460531e-01,
   3.28487866e-02, 2.72809863e-02,-4.88883816e-02,-1.02081504e-02,
  -8.30566734e-02,-1.80806935e-01,-6.71281293e-02,-1.63239062e-01,
  -1.41681343e-01,-6.72010928e-02,-7.88929611e-02,-1.79986935e-02,
  -9.83687192e-02, 3.12537551e-02,-1.56761840e-01,-1.17030151e-01,
  -7.54461065e-02, 2.10381020e-02,-5.71939396e-03,-6.94671571e-02,
  -9.99827520e-04,-1.11769378e-01,-3.38304192e-02,-7.44927973e-02,
  -6.52184105e-03,-1.47066772e-01,-1.04362719e-01,-3.06122620e-02,
  -1.14832176e-02,-9.85003356e-03,-3.82120647e-02,-5.81798479e-02,
  -3.86110730e-02,-1.27060562e-01,-7.98950270e-02,-8.50838944e-02,
  -1.63236916e-01,-1.11513242e-01,-6.70405254e-02,-3.98164131e-02,
  -8.85106921e-02,-5.62841147e-02,-1.09953053e-01,-2.89247688e-02,
  -6.47685155e-02, 1.53928166e-02,-7.17992932e-02,-1.37044534e-01,
  -1.05224408e-01,-1.64767995e-01,-3.09988614e-02,-3.56341526e-02,
   2.23982241e-02,-1.06131554e-01, 9.88041908e-02,-3.27008851e-02,
  -1.01297081e-01, 1.77992228e-02,-4.74047475e-02,-1.13917202e-01,
  -7.20027611e-02,-2.80283447e-02,-1.69350445e-01,-4.93764319e-02,
   1.32860318e-02,-8.42471570e-02,-9.62307006e-02,-5.66334985e-02,
  -8.07824880e-02, 2.01376043e-02,-1.32894918e-01,-7.47270212e-02,
  -2.12231185e-02,-7.76835829e-02,-4.74060141e-02,-1.71786040e-01,
   1.89548486e-03,-1.72504429e-02,-5.65918870e-02,-1.10921271e-01,
  -2.73462720e-02,-9.34957433e-03,-8.15145299e-02,-2.29017027e-02,
  -1.21409900e-01,-2.37273529e-01,-4.69806530e-02, 1.62653737e-02},
 {-3.44250828e-01,-5.57161391e-01, 1.56503901e-01,-7.56987035e-01,
  -6.21565866e+00,-4.62640017e-01,-7.98507750e-01,-8.39019871e+00,
  -8.14259171e-01,-4.23893452e+00, 8.91252041e+00,-1.90459859e+00,
  -4.88935634e-02,-1.86133802e+00,-8.39155376e-01,-1.85437834e+00,
   2.57906151e+00, 9.81286287e-01,-2.69146085e-01,-7.11510849e+00,
  -1.24013162e+00,-3.68718505e+00, 5.50064278e+00, 6.18197155e+00,
  -2.12584710e+00,-2.88283386e+01, 8.54221821e+00, 1.07748702e-01,
   2.00934196e+00,-1.69153976e+00, 1.76615572e+00, 3.89080858e+00,
  -7.00998735e+00, 1.01625347e+00,-6.99826193e+00,-9.52314198e-01,
   5.93823612e-01,-1.47524908e-01,-2.43238044e+00,-3.50492924e-01,
  -5.29811430e+00,-2.02439532e-01,-2.03778744e-01, 3.71468854e+00,
   5.42385149e+00,-1.09820342e+00,-4.89728851e+01,-9.92298424e-02,
   1.54485214e+00, 1.55599165e+00,-1.24708629e+00,-1.14739072e+00,
  -2.79642761e-01, 2.40145588e+00, 1.37692678e+00, 3.58128858e+00,
  -8.05183768e-01, 5.19571185e-01,-3.08050418e+00, 2.04254434e-01,
   1.15663671e+01, 3.36935490e-01,-3.67369604e+00, 3.55602831e-01,
   1.13497496e+00, 4.26729381e-01, 3.06561875e+00, 1.52854800e+00,
   1.25406170e+00, 8.34674060e-01, 5.09637296e-01,-1.88281643e+00,
   1.34383249e+01, 9.17518020e-01,-4.92509529e-02, 1.44722056e+00,
   7.01720619e+00, 3.05843115e+00,-1.97198172e-03,-1.40389597e+00,
   1.43351328e+00, 4.56342757e-01,-1.23803873e+01, 7.19917595e-01,
  -5.55453479e-01, 5.48128784e-01,-1.06335106e+01, 3.92784882e+00,
   2.02080727e+00, 1.75669098e+00,-5.78698099e-01,-2.27416205e+00,
  -6.50995195e-01,-5.98582149e-01, 2.15095258e+00, 6.35120630e-01,
   2.08886996e-01, 1.03800967e-01,-2.33462214e-01,-1.81628335e+00,
  -8.72271347e+00,-2.30869102e+00, 2.94360900e+00, 1.18139839e+00,
   2.37520003e+00, 1.27126181e+00, 4.97668505e-01, 1.32854134e-01,
  -1.15587044e+00, 2.47086480e-01,-4.09356260e+00, 3.39431548e+00,
   5.10150135e-01,-5.92292905e-01, 1.37790585e+00, 2.33956790e+00,
   7.11101070e-02,-4.58708858e+00,-4.67422581e+00, 5.72018683e-01,
  -5.93957233e+00,-2.87110615e+00, 1.70228939e+01, 3.96124649e+00,
  -1.63955650e+01, 4.66054106e+00, 1.39739513e-01,-1.19813728e+00},
 {-1.20364189e+01,-1.38453646e+01,-3.41453671e+00, 6.37697220e+00,
   6.96367741e-01,-4.41348791e+00,-5.73847145e-02, 1.32541978e+00,
   2.79085112e+00, 8.52688313e-01,-7.00862467e-01, 9.02842426e+00,
   3.33674580e-01,-1.65929146e+01,-7.08653593e+00, 2.47515926e+01,
  -6.33544385e-01,-6.55152817e+01,-5.39467573e+00, 3.41737151e-01,
   3.49214196e-01, 9.68493581e-01,-1.61561832e+01,-4.05632782e+00,
   1.16017914e+00, 1.00753822e+01,-3.35715523e+01,-7.77054443e+01,
  -2.14416409e+01, 5.27057409e-01,-5.82373679e-01, 2.49494934e+00,
  -1.82531965e+00, 1.57476985e+00, 8.69060135e+00,-7.15842769e-02,
   4.85714644e-01, 1.22931935e-02, 2.00296211e+00, 5.94515657e+00,
   6.79050922e+00,-1.11781120e+01,-1.03545456e+01,-1.94759929e+00,
  -2.33005619e+00,-8.12758446e-01, 1.13487864e+00, 3.72129798e+00,
  -6.30589664e-01,-9.71028805e-02, 7.62942374e-01,-4.48886261e+01,
   7.03301355e-02,-8.30966234e-01, 3.72828901e-01,-9.00753856e-01,
   6.26980722e-01, 1.18283615e+01, 1.89461756e+00, 7.58961439e-01,
  -3.47797585e+00, 2.03631854e+00,-1.25303230e+01,-4.77748811e-01,
   1.61029530e+00, 2.59254341e+01,-3.34475815e-01,-2.00122461e-01,
  -8.41338933e-01,-4.58799667e+01,-4.90661174e-01,-1.60517750e+01,
  -4.76546574e+00,-3.96606237e-01, 1.03177261e+01, 7.15451419e-01,
  -2.14382553e+00,-8.51829231e-01,-1.18646193e+00,-3.79681379e-01,
  -4.77693856e-01, 4.07220411e+00, 2.53769898e+00,-1.80765986e-01,
  -4.73017645e+00, 2.76172495e+00, 1.55797410e+00,-1.32157385e+00,
  -5.68992257e-01,-3.39405870e+00, 1.91970766e+00,-4.48817587e+00,
  -1.10305702e+02,-8.15887165e+00,-2.44463369e-01, 2.32271999e-01,
  -2.47933730e-01,-5.74324512e+00,-3.43793201e+00,-9.64506209e-01,
   2.67234540e+00, 7.20847845e-02,-4.56981707e+00,-1.44251883e-01,
   7.22824559e-02,-3.13810349e-01,-6.62760067e+00, 7.99979493e-02,
   6.54001236e-01, 7.25454509e-01, 6.36376333e+00,-1.43403811e-02,
  -3.62722063e+00,-4.86607742e+00,-1.30554807e+00,-2.94660300e-01,
   4.59818077e+00, 1.88008928e+00, 4.33344513e-01,-1.08553228e+01,
   1.30836296e+00, 3.64261359e-01,-1.28883591e+01,-3.21386039e-01,
  -1.16333389e+00,-1.59958804e+00, 1.16803179e+01,-3.00742650e+00},
 { 4.61607069e-01, 2.55972594e-01,-8.17579776e-02, 6.24421388e-02,
   1.54390132e+00, 7.40862414e-02, 1.66976020e-01, 2.38799334e+00,
   9.81764048e-02, 1.93298531e+00,-5.19700003e+00, 9.51939881e-01,
  -3.15171070e-02, 5.71966946e-01,-1.04529716e-01, 1.81311548e-01,
   2.93266439e+00, 6.85121059e-01,-4.44129147e-02, 1.76558137e+00,
  -8.69754791e-01, 2.78693414e+00,-3.17131019e+00,-8.02076912e+00,
   4.39856100e+00, 1.30311263e+00, 5.35022879e+00,-1.49837971e-01,
  -1.63580507e-01, 4.07363057e-01,-1.69877946e+00,-5.18662310e+00,
  -1.19612722e+01, 5.36103658e-02, 3.04242659e+00, 1.17480576e-01,
   3.12578845e+00, 1.92179382e-01, 7.10123479e-01, 1.68994039e-01,
   1.96273365e+01, 1.17783258e-02,-2.11670622e-01,-1.93316615e+00,
  -2.74708104e+00, 4.13209014e-03, 1.83187943e+01, 7.01022387e-01,
  -1.64135194e+00, 2.72739474e-02, 1.40847236e-01,-1.02013327e-01,
  -3.04448092e-03,-6.70836091e-01, 9.55793262e-01,-2.18573713e+00,
   5.44980764e-01, 7.15381205e-01, 9.74047661e+00,-1.91153064e-02,
  -8.88529396e+00,-3.17384690e-01, 4.77957344e+00,-8.80967808e+00,
  -3.90039921e-01,-1.56192675e-01, 1.17904639e+00,-6.83592200e-01,
  -2.28019285e+00, 1.33062363e-01, 2.64011174e-02, 9.47753191e-01,
  -4.83742762e+00,-1.19975865e+00,-3.84368412e-02, 1.21604300e+00,
  -5.51865292e+00,-1.59284937e+00,-1.34589881e-01, 4.92449641e-01,
  -1.39934003e+00, 7.62995109e-02,-1.96719825e-01,-2.19835424e+00,
   1.93432972e-01,-1.38402507e-01, 5.61022091e+00,-1.27215147e+00,
  -2.88185030e-01,-2.37316504e-01, 6.74424171e-02, 4.53471571e-01,
  -1.00433901e-02,-4.21521217e-02,-4.62583393e-01,-9.08520892e-02,
   7.78673664e-02,-1.37521505e-01, 4.80437139e-03, 4.99603033e+00,
   6.85859299e+00, 4.61502701e-01,-2.96013147e-01,-2.99125528e+00,
  -2.87638783e-01,-1.06756783e+00, 1.70622021e-01,-1.40135050e-01,
   3.92720133e-01,-3.91640329e+00, 5.38361907e-01, 2.73350418e-01,
  -2.44873494e-01,-8.06404203e-02,-1.04667771e+00,-6.12286568e-01,
   2.03162566e-01, 6.87051821e+00, 6.74466670e-01,-1.53213456e-01,
   2.83615589e+00, 6.20943069e+00,-6.06854963e+00,-1.04546857e+00,
   9.10897446e+00,-6.21711874e+00, 2.32483789e-01, 5.78694487e+00},
 {-2.95947313e+00, 3.30800080e+00, 6.93280041e-01, 4.41378689e+00,
  -5.53638875e-01,-2.64731336e+00, 5.08905458e+00,-1.36604202e+00,
  -6.02946639e-01,-7.16362476e+00, 4.44369268e+00,-2.31251793e+01,
  -1.99745968e-01,-2.47899604e+00, 1.27975702e+01,-1.41716683e+00,
   9.71500695e-01, 1.58114338e+00, 1.40207827e+00,-5.85565948e+00,
  -1.31036609e-01,-1.14898336e+00, 1.15009127e+01, 5.09832096e+00,
  -1.46446243e-01,-2.90910530e+00, 2.65452480e+00,-1.66064703e+00,
  -2.88116407e+00,-5.50914860e+00, 3.19050968e-01,-8.53886127e+00,
   3.79130578e+00,-1.21835508e+01,-3.85241485e+00, 1.06161785e+00,
  -6.93541479e+00, 5.14776897e+00,-8.96003783e-01,-9.61248219e-01,
   6.63487387e+00,-6.51184464e+00,-6.76134253e+00, 5.24818563e+00,
   2.95486403e+00, 9.74434435e-01,-4.82418299e+00, 1.61132383e+00,
   7.78935254e-01, 2.12695003e+00,-8.26117694e-01,-4.99110842e+00,
  -2.00903222e-01, 1.61550999e+00,-1.42140841e+00, 2.05295205e+00,
  -4.70916986e+00, 1.36495438e+01, 1.03395629e+00, 1.39222598e+00,
   4.65972710e+00, 2.28949547e+00, 1.31720662e+00,-4.94798049e-02,
   4.94539738e+00,-3.71036470e-01,-1.66298926e-01, 5.95724046e-01,
   5.46053708e-01,-4.66130733e+00, 2.58300805e+00,-6.97185993e-02,
   5.32776594e+00,-4.62797850e-01, 4.87717104e+00,-1.27823186e+00,
   2.52192307e+00, 1.20792520e+00, 2.08801699e+00, 7.10369968e+00,
  -4.67285752e-01, 4.57262099e-01,-5.55720186e+00, 3.01888794e-01,
  -6.69698429e+00, 1.94395518e+00,-2.84986401e+00, 2.19246030e+00,
   2.49514604e+00,-1.48782933e+00, 2.72796535e+00,-1.13673944e+01,
   5.63418818e+00,-3.10354900e+00, 6.27768469e+00, 7.11357236e-01,
  -1.02150421e+01,-1.31676507e+00, 8.83514404e-01, 3.13023925e-01,
  -4.59198713e+00, 1.96001351e+00,-9.74562073e+00, 7.21340952e-03,
   7.08986521e-02, 6.91012681e-01, 3.72001576e+00,-1.55980849e+00,
  -1.76751602e+00,-2.77532309e-01, 1.01792741e+00, 6.69782305e+00,
  -2.31012464e-01,-6.65438032e+00, 1.88710964e+00, 6.70640326e+00,
  -2.39957690e+00,-4.28897238e+00, 5.06657314e+00,-1.31614029e+00,
  -4.26037693e+00,-4.59570944e-01, 9.68293846e-01, 9.04406309e-01,
  -7.15257120e+00, 2.28709292e+00, 1.14818420e+01,-1.78395808e-01},
 {-2.00673079e+00,-5.42437983e+00,-2.73053169e+00, 2.53435946e+00,
  -1.84678161e+00, 3.73067081e-01, 1.04564138e-01,-6.23716831e-01,
  -3.50221252e+00,-1.83230862e-01, 1.97256684e+00,-1.31203139e+00,
  -4.39304113e-01,-1.79726257e+01, 8.46304321e+00,-1.41596146e+01,
   4.18991566e-01, 2.42384744e+00, 6.52866885e-02, 8.26662922e+00,
  -5.96134782e-01,-3.82450312e-01,-1.94848061e+00, 1.16919565e+00,
  -3.76653314e-01,-2.56916833e+00,-1.04859476e+01, 2.84380150e+00,
   1.43122256e+00,-6.17659509e-01, 2.15866894e-01, 4.80357313e+00,
   3.88071179e-01,-8.90950394e+00,-9.57673168e+00,-1.63890791e+00,
   1.38740849e+00, 3.11179185e+00,-7.77899742e-01,-4.93872118e+00,
  -3.89421678e+00, 7.20171213e+00,-1.36104417e+00, 4.07111692e+00,
   1.43403471e+00, 1.25960851e+00,-4.01893370e-02,-1.08532071e+00,
   2.87567019e-01, 1.73912928e-01, 4.31544811e-01,-1.10260643e-01,
   1.94548324e-01,-3.31414342e-01,-8.49314854e-02, 6.38095617e-01,
  -1.54229477e-02, 1.03981981e+01,-2.16301586e-02,-2.74518466e+00,
   9.35633540e-01,-1.81869733e+00,-1.52493086e+01, 4.57442552e-02,
  -1.47377372e-01, 3.05733061e+00, 1.20387962e-02, 4.06753331e-01,
   2.82280087e-01,-4.18967581e+00, 1.91777676e-01, 1.20478678e+01,
   1.47451913e+00, 2.99967319e-01,-6.41758299e+00,-2.28417099e-01,
   9.94062662e-01, 3.64693701e-01, 2.30557704e+00,-1.21902907e+00,
   4.40824956e-01,-2.29646206e-01,-1.66038120e+00,-2.16645822e-01,
  -3.00401378e+00, 3.79074998e-02,-1.90808797e+00,-7.05577910e-01,
   1.42399693e+00,-2.53344798e+00,-2.96191931e+00,-2.51150846e-01,
  -3.26658154e+00, 8.68566132e+00, 8.30433443e-02,-2.13031918e-01,
   2.89134532e-01, 4.57081270e+00, 2.91370320e+00,-2.12455779e-01,
  -1.36384964e+00, 8.28963757e-01,-1.21172500e+00,-4.21447717e-02,
   4.65592742e-01, 1.55468518e-02,-6.12239151e+01,-4.19812739e-01,
  -1.68112859e-01,-1.60275578e-01,-7.41927445e-01,-1.29140867e-03,
   2.51297402e+00,-3.60242307e-01, 1.80449247e-01,-1.96922094e-01,
   4.02466089e-01,-5.33269346e-01,-2.52490449e+00, 4.56003332e+00,
  -6.61217809e-01, 3.91490906e-01,-3.54224944e+00,-6.26870930e-01,
  -1.58420634e+00, 7.55496264e-01,-3.94488740e+00, 1.43923223e+00}};

const float b2[sz_hid_2] = { -1.642527  , -6.8146243 , -0.1340646 ,-22.974564  , -5.2787023 ,
   1.8414458 ,-15.655731  ,  7.1552    ,-10.936121  , -5.062863  ,
 -17.063114  , -7.057565  ,  0.23700045, -3.7998483 ,-13.253161  ,
  11.917247  ,  7.951055  , -0.09717963,  0.48555702,-19.878416  ,
 -14.6404915 , -6.5191746 , -1.1309841 ,-11.802303  , 11.86395   ,
  -6.9569654 , -0.12500592, -0.5778924 ,  0.86138386, -0.2324401 ,
 -12.324311  , -5.678345  };

const float w3[sz_act][sz_hid_2] = {{ 1.1358331e-03, 9.8640680e-02, 7.0031606e-02,-4.8099509e-03,
   7.1991971e-03,-5.5284468e-03, 3.4551222e-02,-1.7022903e+00,
   1.3639422e-02, 1.0721813e-03,-2.1512194e-01, 5.0010523e-03,
  -5.5260244e-03,-1.0327841e-01, 6.6805854e-02, 1.5097033e+00,
  -1.6106053e-01,-5.9291448e-02, 9.1356575e-04, 1.4554942e-01,
   8.9454971e-04, 2.4991114e-01, 4.8098288e-02,-9.5028304e-02,
   1.9464166e-01, 2.1691485e-03, 9.7567558e-02, 2.5064456e-01,
   4.0804283e-03,-6.6050716e-02, 1.0384371e-02,-3.9723222e-03},
 {-1.0976886e-01, 9.6622473e-03, 1.1392152e-01,-2.5814974e-01,
   1.0310276e-01,-7.9961419e-02, 1.3029626e-01, 3.5438191e-02,
  -1.5927406e-01,-1.7689992e-01, 1.1960126e-02,-7.7317402e-02,
  -9.5408656e-02,-2.1566548e-03, 1.4122653e-01, 1.7697066e-02,
   6.8005314e-03,-1.3697864e-01,-6.9076471e-02,-5.1528728e-04,
   1.0914943e-01, 8.4485188e-03, 4.5434773e-04,-4.6021021e-03,
   1.9770083e-03,-1.5540795e-01,-2.2525674e-02, 5.0315531e-03,
  -8.2228921e-02,-3.8612240e-03, 1.7052943e-01, 1.2738095e-01}};

const float b3[sz_act] = {-0.00354153, 0.2367317 };

