const float w1[sz_hid_1][sz_obs] = {{ 2.31255554e-02,-4.51267660e-02,-1.41334951e+00,-4.00415325e+00,
  -2.73099208e+00,-4.76353258e-01,-1.65369995e-02, 1.14845157e+00,
  -4.62061577e-02},
 { 3.71519960e-02,-1.72041636e-02, 4.19802874e-01, 1.14554882e+00,
  -9.35308075e+00,-1.41735867e-01, 3.80629897e-02, 1.01385145e+01,
   2.70599127e-03},
 {-9.24352288e-01, 5.34159803e+00, 5.39603615e+00,-4.67081740e-03,
   3.45600471e-02,-4.03254032e-02,-6.22263336e+00,-8.24954733e-02,
   4.47266370e-01},
 { 5.10640331e-02,-7.91629776e-03, 6.09811604e-01, 7.36439705e+00,
   4.35961676e+00, 9.46776032e-01,-4.24104221e-02,-1.43786631e+01,
   6.27486221e-03},
 { 5.29830344e-02,-1.49238948e-02, 4.53109622e-01, 2.38349587e-01,
   8.90757322e-01, 7.01048195e-01, 2.30209772e-02, 7.07368946e+00,
  -2.22518373e+00},
 { 2.31394872e-01, 2.63857841e-01, 1.29246321e+01, 2.34761555e-02,
   9.57302153e-02, 4.78396788e-02,-5.25966823e-01,-4.84561212e-02,
   1.23737283e-01},
 { 2.33207029e-04,-2.94477958e-02,-3.54328960e-01, 2.46676111e+00,
   3.69480491e+00,-3.92913043e-01,-2.83247977e-02, 1.21260023e+01,
  -8.79186094e-02},
 {-1.37257949e-01,-6.19788542e-02, 2.74950886e+00,-3.86400849e-01,
  -8.36717308e-01,-6.52940810e-01, 8.60238001e-02,-7.49876881e+00,
  -2.71778369e+00},
 { 2.80614346e-02,-6.21879511e-02,-3.15863788e-01, 2.53949738e+00,
   3.26096344e+00,-2.36680365e+00, 5.45505136e-02,-9.02824342e-01,
   1.14471471e+00},
 { 2.73959112e+00, 1.44920275e-01, 1.02246847e+01,-3.80498730e-02,
  -3.36791691e-03, 1.24965772e-01,-3.20444393e+00, 2.18640044e-02,
  -1.35814594e-02},
 { 5.88153315e+00, 1.05277801e+00, 8.60422492e-01, 1.34518594e-02,
   4.13586423e-02, 1.83778070e-02, 1.22174425e+01,-6.27317429e-02,
  -2.36650947e-02},
 { 1.13784991e-01,-1.62140831e-01,-1.44170117e+00,-2.30346084e+00,
  -3.36690712e+00,-3.05542445e+00,-5.48330583e-02, 4.53902817e+00,
   3.61125112e+00},
 { 5.78044057e-02, 1.25084087e-01, 3.79155135e+00,-2.18321133e+00,
  -1.66284144e+00, 1.35281324e+00,-1.31325275e-01,-2.42348981e+00,
  -3.82937670e+00},
 {-3.08628455e-02, 9.09039378e-02, 9.37119305e-01, 6.35135829e-01,
   5.36951685e+00,-3.93157452e-01, 4.70663980e-02,-3.74626493e+00,
  -4.52615070e+00},
 {-4.75537986e-01, 5.34972334e+00, 1.54251564e+00,-2.75577217e-01,
   3.76998708e-02, 4.61373478e-01,-5.35070086e+00,-2.16260195e-01,
  -1.27534255e-01},
 { 8.94076884e-01, 9.54034925e-01,-5.11436129e+00,-4.18476772e+00,
   1.76941705e+00, 1.30051184e+00, 3.04578280e+00, 4.96171683e-01,
  -2.81189179e+00},
 {-6.76647007e-01,-9.03702855e-01,-7.60256958e+00, 1.91393029e-02,
   8.32044345e-04, 2.02717975e-01,-5.68021774e+00,-6.93281591e-02,
  -5.36841713e-02},
 { 2.65067490e-03, 1.18472558e-02,-2.95921136e-02, 2.15612602e+00,
   1.09135318e+00,-2.65712595e+00, 3.01697385e-02,-1.58615375e+00,
  -2.34214592e+00},
 { 2.80844718e-02, 1.06440477e-01,-7.62280273e+00,-2.30801225e-01,
   2.89706445e+00, 3.20941135e-02,-2.37689272e-01,-5.17857634e-02,
  -5.84608936e+00},
 { 5.14039584e-02,-4.61597778e-02, 1.35548210e+01,-1.59145053e-02,
  -1.43342186e-02, 1.22011483e-01, 6.88385442e-02, 2.41997447e-02,
   6.99449424e-03},
 {-6.82352344e-03,-9.44206608e-04,-2.18193099e-01, 3.42012167e+00,
  -2.11211920e+00, 8.72218847e-01, 1.20771816e-02,-1.21927586e+01,
  -4.14097272e-02},
 { 3.87361717e+00, 8.76404718e-02,-3.58714628e+00, 8.01410060e-03,
  -4.47621755e-02,-3.24634969e-01, 7.24872255e+00, 3.88181098e-02,
   7.13321492e-02},
 { 2.52712131e-01, 2.95852780e+00,-1.43024608e-01, 5.35729863e-02,
  -2.57409047e-02, 1.68007310e-03,-1.83353233e+00, 4.02863510e-02,
   4.04850841e-02},
 { 3.99183035e-02,-2.74637848e-01,-2.75752010e+01,-2.61713620e-02,
   9.49864089e-03,-1.39987484e-01, 9.18923497e-01,-2.82724481e-02,
  -1.07294070e-02},
 {-1.51476014e+00, 1.24652274e-01,-2.79020619e+00,-5.29634990e-02,
  -6.14264645e-02, 7.44131505e-02, 4.63735867e+00, 1.39217034e-01,
   5.92067018e-02},
 { 2.04329178e-01, 2.57147979e-02,-6.73343849e+00,-1.81391823e+00,
  -2.62409973e+00,-1.51837125e-01, 3.82760555e-01, 5.03951013e-01,
   5.66210699e+00},
 {-2.63178968e+00,-4.98855925e+00, 8.25672746e-01, 5.50104007e-02,
  -2.99647711e-02, 1.94379434e-01, 2.27683711e+00, 7.14034364e-02,
  -7.42679043e-03},
 { 3.63520098e+00,-1.53588307e+00, 1.35731590e+00, 2.07807627e-02,
  -1.71088781e-02,-4.51411866e-02,-1.09067726e+01,-1.05056819e-02,
  -1.85320918e-02},
 { 2.08727047e-02,-1.79262776e-02,-2.26444793e+00, 1.55846488e+00,
  -3.52749288e-01,-2.66230047e-01, 4.65647615e-02,-8.44451040e-02,
   3.75174689e+00},
 { 3.37434746e-02, 1.59902126e-02,-1.23569870e+00, 2.42716932e+00,
  -6.16141510e+00, 3.16483498e+00,-4.99872975e-02, 2.40942645e+00,
  -1.63445950e-01},
 { 3.67466770e-02,-2.11628936e-02, 1.52885869e-01,-1.82114160e+00,
   5.07732928e-01, 4.44092453e-01,-4.25931215e-02,-5.36350667e-01,
  -2.08007783e-01},
 { 2.38205957e+00,-2.71724796e+00,-5.21578789e-01, 5.92539873e-05,
  -2.95554902e-02,-1.04394302e-01, 7.69738150e+00, 3.18084583e-02,
   8.33263807e-03},
 {-5.11907414e-02, 4.98483749e-03, 4.17277575e+00, 3.04815722e+00,
   1.69384587e+00, 4.19119865e-01, 1.49048269e-01,-5.14014816e+00,
   3.87148905e+00},
 { 5.29207475e-02,-5.49400821e-02,-2.40680933e+00,-2.53841209e+00,
   1.12471521e+00, 1.64462104e-02,-5.50891086e-03, 1.47995484e+00,
   3.21298814e+00},
 {-4.06662142e-03, 4.47675511e-02,-9.75997932e-03,-1.51965880e+00,
  -4.26883984e+00,-1.19594061e+00,-6.64784992e-03,-5.74857092e+00,
  -1.84773523e-02},
 { 6.67650951e-03, 7.24894751e-04,-3.04200673e+00, 1.01340675e+00,
   1.00139952e+00, 1.41788673e+00, 9.63527523e-03,-3.57093120e+00,
  -3.35904551e+00},
 {-3.53482328e-02, 7.98091069e-02,-5.42414284e+00,-2.83172154e+00,
  -1.21664679e+00, 7.90084243e-01,-5.65530099e-02,-2.82553124e+00,
   4.30934191e+00},
 {-2.26075202e-02, 1.41487075e-02, 2.82223153e+00,-2.11661124e+00,
   3.39809036e+00,-8.85253698e-02,-5.26462384e-02,-2.35662770e+00,
   9.94157717e-02},
 {-1.36729851e-01, 2.60781646e-02,-1.51946914e+00,-5.13409090e+00,
   1.00848484e+00, 1.03649032e+00, 4.78505529e-02,-3.49440902e-01,
   3.70587635e+00},
 { 4.33170033e+00,-2.83726025e+00,-3.83140922e+00,-5.18388627e-03,
  -3.02588120e-02,-2.68486980e-02, 1.22287912e+01, 3.15100290e-02,
   2.32676789e-02},
 {-7.93558173e-03, 8.72652233e-02,-1.24873295e-01, 2.46984267e+00,
   3.65795910e-01,-2.30426908e+00, 3.84842940e-02,-9.33986366e-01,
   2.84469104e+00},
 { 4.94537083e-03,-1.74682643e-02,-1.60875674e-02, 7.85801858e-02,
   1.32535145e-01,-7.89335442e+00,-7.26727583e-03,-1.41225401e-02,
  -5.52841946e-02},
 { 8.44047785e-01,-3.17002559e+00,-5.31246185e+00, 8.84551704e-02,
  -5.18357046e-02,-3.48479562e-02, 5.73065090e+00, 9.23754275e-02,
   1.12237349e-01},
 {-2.23331363e-03, 3.52892950e-02, 6.48510504e+00,-2.62111998e+00,
   2.06830549e+00, 3.83548641e+00,-2.32791100e-02,-2.97674596e-01,
   4.70760059e+00},
 { 5.95315754e-01,-3.49962205e-01,-1.00969858e+01,-5.53200841e-02,
   3.13245617e-02,-1.18834540e-01, 1.33578569e-01,-1.56140536e-01,
  -5.12103438e-02},
 { 3.72675695e-02,-4.80211861e-02, 1.32492751e-01,-1.28237534e+00,
   6.71933293e-01,-1.23888075e+00, 1.42832547e-01, 3.92689157e+00,
   6.21668696e-02},
 {-2.03189701e-02, 1.18785892e-02,-1.72839546e+01, 1.13524161e-02,
   1.88977774e-02,-1.38278812e-01,-1.07308617e-02,-5.12745790e-02,
   2.56716758e-02},
 { 5.21866465e+00, 2.42550349e+00, 6.08737230e-01,-9.40320664e-04,
   2.15875842e-02,-4.26371358e-02,-3.91200256e+00,-1.73318926e-02,
   2.12364867e-02},
 { 4.76443291e+00, 2.68879366e+00, 8.67520094e-01,-8.75721127e-02,
  -1.11415042e-02,-5.34397364e-02,-2.54042602e+00, 4.76311743e-02,
   4.70301658e-02},
 {-4.62285995e+00,-1.30089903e+00,-9.32796419e-01, 4.32983681e-04,
  -8.92139506e-03,-5.30315898e-02, 1.22252417e+00,-2.51539182e-02,
  -2.80126967e-02},
 { 5.11907244e+00, 2.82011247e+00, 4.28086567e+00,-2.21833810e-02,
  -1.30667193e-02, 2.69141346e-02,-1.48719387e+01, 1.41730839e-02,
   1.78721827e-02},
 {-3.20408978e-02, 5.62815629e-02,-3.08979583e+00, 3.53113937e+00,
  -1.70537546e-01, 8.61629546e-01, 4.12427112e-02,-1.22552371e+00,
  -4.67272711e+00},
 {-2.80230120e-02, 1.40093222e-01, 3.25884342e+00,-1.89766729e+00,
  -1.44647765e+00,-2.03670096e+00, 7.58266356e-03, 3.52273583e+00,
  -5.11216545e+00},
 { 4.58601024e-03, 3.60371247e-02,-4.66065550e+00, 2.55273509e+00,
   1.65359819e+00, 1.19764400e+00, 8.74512047e-02,-3.98259282e+00,
  -4.05706406e+00},
 {-9.74119641e-03, 5.23300469e-02,-5.23879230e-01,-1.84887862e+00,
   1.04809153e+00, 1.36202765e+00,-6.29657060e-02,-7.88955736e+00,
   2.83531398e-01},
 { 2.91943038e-03, 4.43422869e-02,-1.32685232e+00,-1.02317117e-01,
   4.62351847e+00, 1.23553669e+00,-6.17632568e-02, 1.11663318e+00,
   1.58742309e+00},
 { 3.94214082e+00,-1.85602140e+00, 2.27326488e+00, 2.38390993e-02,
   2.61778645e-02,-1.04555441e-02,-1.20891981e+01,-1.40133016e-02,
  -9.04056616e-03},
 { 2.27926993e+00, 3.17671847e+00, 2.87880635e+00,-2.77278777e-02,
   1.93650387e-02, 6.39947727e-02,-5.27955294e+00,-7.05252662e-02,
  -5.14758378e-03},
 {-3.24883014e-02, 1.10544479e-02,-1.59378135e+00, 1.69880897e-01,
  -7.82663107e-01, 3.29547316e-01,-7.65709355e-02, 3.38621497e+00,
   1.27128780e+00},
 { 3.12005043e+00,-2.41236353e+00,-4.50862360e+00, 3.19680050e-02,
  -2.96899676e-02, 2.26378679e-01, 5.56403780e+00, 1.18996695e-01,
  -1.20115846e-01},
 { 1.29716750e-02, 6.43015876e-02, 1.39650500e+00, 1.26363635e+00,
   4.61537981e+00, 2.32939982e+00, 9.80953947e-02, 5.05702376e-01,
  -5.13522923e-01},
 { 2.23967549e-03, 2.19410489e-04, 2.89744806e+00,-2.06224608e+00,
   1.46282685e+00,-2.18017507e+00,-1.38692488e-03, 4.91347694e+00,
   3.65204477e+00},
 {-5.44890016e-02,-7.88080394e-02,-2.32041526e+00,-2.52725840e+00,
  -2.47618094e-01,-3.33988380e+00, 3.55479605e-02,-8.54232252e-01,
   3.39714146e+00},
 {-1.68724036e+00, 3.13945532e-01, 2.61453867e+00, 1.67871118e-02,
   6.86135795e-03,-8.73427093e-02,-4.77582455e+00,-3.06523666e-02,
   9.39478260e-03},
 { 2.76376791e-02,-2.95259729e-02,-4.48739022e-01,-3.84649597e-02,
  -5.33607578e+00,-2.15658045e+00, 7.32156858e-02, 4.72163248e+00,
   2.74036407e-01},
 { 1.28594656e-02,-1.74425612e-03, 1.53550053e+00, 2.59365535e+00,
  -1.88660622e-01, 7.01814711e-01,-4.53704931e-02, 5.32436371e-01,
   2.65332532e+00},
 { 3.36674191e-02, 1.14264735e-03, 6.94326878e-01, 3.75799656e+00,
  -3.77144837e+00, 6.51996040e+00, 3.10509522e-02,-1.16256065e+01,
   1.03445508e-01},
 {-1.40004633e-02,-6.06247922e-03, 1.08769894e+00, 4.43662286e-01,
  -9.50493991e-01,-4.62771766e-02,-5.43756597e-03,-2.08121228e+00,
  -2.15864897e+00},
 { 9.13042247e-01,-5.16420305e-01, 2.06279564e+01,-3.11685707e-02,
  -2.79759578e-02, 9.26919430e-02,-2.49318576e+00, 6.44507483e-02,
  -1.78082921e-02},
 { 7.96000939e-03,-2.24462152e-03,-1.25039399e-01, 5.88071871e+00,
   8.98807049e-01, 6.63280368e-01,-2.47353641e-03,-1.06795473e+01,
  -4.78019416e-02},
 { 3.52087712e+00, 2.33342433e+00,-1.91873550e+00,-2.93024117e-03,
  -3.36328521e-02, 1.02258876e-01, 1.06291904e+01,-6.15230277e-02,
   3.72662954e-02},
 {-1.47764117e-01, 1.04207106e-01,-5.04717875e+00, 2.08105373e+00,
   2.92113018e+00, 3.76734161e+00,-6.75028637e-02,-4.22042799e+00,
   2.37709546e+00},
 {-1.27122685e-01,-2.49668539e-01, 6.83422947e+00,-6.10717423e-02,
   2.82363224e+00, 4.09911394e-01, 1.40820995e-01, 5.31028688e-01,
   6.52454233e+00},
 {-2.40156092e-02,-1.27339633e-02, 2.86766362e+00, 1.16173518e+00,
   7.69980907e-01, 7.09262013e-01, 4.01746221e-02,-2.67720795e+00,
   4.34045506e+00},
 { 2.08244252e+00, 1.13732970e+00,-1.52155507e+00, 2.85798281e-01,
  -9.44852233e-01,-2.23056465e-01,-4.58394861e+00, 2.36285782e+00,
   3.69836378e+00},
 {-1.44036323e-01, 2.30280972e+00, 1.50444973e+00, 3.37133296e-02,
  -2.01211981e-02, 4.60737795e-02,-5.90803337e+00, 6.61244690e-02,
   3.59884873e-02},
 { 1.90340262e-02, 2.46142806e-03, 2.82169640e-01, 2.49337459e+00,
   7.53466082e+00, 2.60751796e+00, 3.28417458e-02,-1.76656551e+01,
   1.84412953e-02},
 { 2.13397741e-02,-1.82528198e-02,-1.07498817e-01,-7.38879740e-02,
   8.04083142e-03, 5.40869141e+00, 2.02179980e-03,-1.27312720e-01,
   1.17488997e-02},
 {-6.39017403e-01,-9.35032368e-01, 1.44130874e+00,-2.86642835e-02,
   4.48302180e-02, 6.88842088e-02,-2.32245827e+00,-3.19293328e-02,
  -2.15907171e-02},
 {-3.67350914e-02,-5.53358458e-02,-3.45304430e-01,-1.79750741e-01,
  -5.41936302e+00, 1.01362407e+00, 4.72969823e-02,-1.53024232e+00,
  -2.85193836e-03},
 { 1.58796287e+00,-3.13167429e+00,-3.58112502e+00,-4.55940403e-02,
   1.10939732e-02, 1.60627425e-01, 5.54471397e+00, 4.09523025e-03,
  -1.00576550e-01},
 { 1.67334068e+00, 9.48483884e-01, 6.21517849e+00,-1.06967106e-01,
   6.07501529e-02,-5.99541552e-02, 3.64404368e+00, 3.95071600e-03,
  -2.46134296e-01},
 { 1.44949146e-02,-1.39065017e-03,-1.56923378e+00,-1.80894881e-01,
   1.37478501e-01, 1.08542070e-01, 7.93072302e-03,-8.16520393e-01,
  -3.41544938e+00},
 {-1.52531341e-01,-1.94116950e-01,-2.27600956e+00, 1.74431682e+00,
   4.06341839e+00,-1.35216975e+00, 1.23491764e-01,-6.21105433e+00,
   2.20618653e+00},
 { 3.70496511e-02,-7.61796385e-02, 5.24487638e+00, 2.30463076e+00,
  -4.83116484e+00, 6.42526746e-01, 6.31296262e-02, 6.18552744e-01,
   1.39611140e-02},
 { 5.60676956e+00, 4.18401814e+00, 2.57413745e+00,-1.85703039e-02,
   3.28119136e-02,-4.25797701e-02,-1.16249409e+01,-5.01767918e-03,
   4.02677106e-03},
 {-6.59369111e-01,-2.65823150e+00, 8.58905029e+00,-1.58931576e-02,
   1.95853179e-03, 6.36879876e-02,-5.94689322e+00, 1.42999366e-02,
  -3.90569940e-02},
 {-3.52592707e-01, 2.39935470e+00,-1.15990343e+01, 1.57445520e-02,
   3.23660672e-02,-5.46859130e-02, 6.51942110e+00,-9.10720304e-02,
  -2.42683943e-02},
 { 7.64116573e+00, 4.28098345e+00,-5.39881134e+00,-1.99739024e-01,
   5.89391828e-01, 2.88672477e-01, 3.76654792e+00,-5.09544671e-01,
   3.16412807e-01},
 { 1.35246289e+00, 5.51813507e+00,-1.30030668e+00, 1.17061073e-02,
  -4.19438668e-02,-8.37098435e-02,-3.57576847e+00, 1.44368848e-02,
  -3.55585199e-03},
 {-2.28112191e-02, 2.42076572e-02, 2.94071317e-01, 3.30751061e+00,
  -2.61336660e+00,-6.76128864e-02,-2.46432200e-02, 7.43551302e+00,
   1.34208009e-01},
 {-4.88965400e-02, 2.81615313e-02, 3.75061345e+00, 1.22497165e+00,
   4.52382445e-01, 3.62865150e-01,-5.13879918e-02,-2.21581554e+00,
  -3.33406138e+00},
 { 3.95762134e+00,-2.34377885e+00, 4.31950283e+00,-2.19352599e-02,
  -1.73261259e-02,-1.55710895e-02,-1.12890501e+01, 5.99966943e-02,
  -3.44265290e-02},
 {-1.96333677e-02,-3.24136508e-03,-2.54272670e-01, 5.22411966e+00,
   1.27030683e+00,-1.45142579e+00, 4.58302163e-02, 1.42932768e+01,
  -8.04220811e-02},
 { 1.63634159e-02, 2.43504439e-02,-5.93973771e-02,-1.49422371e+00,
  -2.80748516e-01, 9.48460340e-01,-5.26994187e-03,-2.45302725e+00,
   3.38926464e-02},
 {-3.49089575e+00,-2.31506538e+00,-7.84400988e+00,-2.78657693e-02,
  -1.13513302e-02, 1.32861733e-01, 4.70230627e+00, 5.10635227e-02,
  -7.38873780e-02},
 { 1.74395308e-01, 7.17564002e-02,-3.68585443e+00, 2.01645350e+00,
  -4.42097712e+00,-1.15803611e+00, 3.60992312e-01, 5.75555468e+00,
   4.13219643e+00},
 { 4.50021178e-02, 5.00670485e-02, 4.38399649e+00, 3.55891466e+00,
  -1.58435988e+00, 1.35790133e+00, 9.32991132e-02, 4.48033571e+00,
  -4.79951191e+00},
 { 7.99060520e-03,-5.46054728e-02, 5.77532232e-01,-1.65605915e+00,
   6.91123676e+00,-2.18322754e+00, 2.48017013e-02, 7.85100842e+00,
  -9.03521180e-02},
 { 4.51628715e-02, 5.79551607e-02, 1.09898078e+00, 1.23589255e-01,
   2.09164858e+00, 7.13066518e-01,-1.23907499e-01, 8.41696358e+00,
   2.11643982e+00},
 { 1.53964804e-03, 1.25436124e-03, 7.99554110e-01, 2.05830431e+00,
  -1.70327973e+00, 1.41233242e+00, 1.19229648e-02, 5.75995636e+00,
  -2.11776352e+00},
 { 1.56094423e-02,-6.65110769e-04,-3.36754531e-01, 5.15178967e+00,
   5.59554338e-01, 1.01222873e+00,-1.04347598e-02,-1.41339273e+01,
   2.87813470e-02},
 { 7.22230598e-02, 2.77795102e-02,-2.92762661e+00,-3.57947636e+00,
   4.77544451e+00, 9.09424365e-01,-4.68278192e-02,-1.87583923e+00,
  -1.04674242e-01},
 {-1.34787904e-02,-3.19592655e-03, 3.09399992e-01, 4.48325109e+00,
  -1.97187793e+00, 1.57873023e+00, 2.25383341e-02,-1.12380619e+01,
  -9.31706354e-02},
 { 1.43028153e-02,-4.17935103e-02,-6.51843846e-01,-9.35410261e-01,
   4.52828598e+00,-1.83965325e-01, 5.30342907e-02,-4.38241243e+00,
   3.02137174e-02},
 { 4.73063850e+00,-1.20736323e-01, 1.29636824e+00, 1.74628943e-01,
   5.67361899e-02,-1.56848412e-02,-9.89346313e+00, 1.13948911e-01,
   2.64383294e-02},
 { 1.05216196e-02,-4.17378871e-03,-2.70090967e-01, 1.87846887e+00,
  -1.59414399e+00, 2.67419314e+00,-5.12387119e-02, 3.04546046e+00,
   3.47576451e+00},
 {-2.45618708e-02, 3.17171961e-02,-6.58695698e-02,-3.36658835e+00,
   1.33539438e+00, 1.59030473e+00,-2.83876737e-03,-1.37007844e+00,
  -4.39671040e+00},
 {-1.43614590e-01, 3.19721084e-03, 7.21756268e+00, 4.58256841e-01,
   6.15607786e+00,-8.87372315e-01, 4.33941893e-02,-3.98829043e-01,
   2.62170339e+00},
 { 4.48427010e+00,-9.55923796e-01, 4.34814405e+00, 6.08946010e-02,
   3.11655812e-02, 4.61034775e-02,-1.13346548e+01, 4.14159782e-02,
  -2.49020383e-02},
 {-2.52830908e-02, 1.02972481e-02, 3.31670605e-02, 1.02128673e+00,
   3.36664724e+00, 6.34853661e-01, 1.93567935e-03,-6.45350599e+00,
  -1.65246744e-02},
 {-1.52653176e-02, 4.55177249e-03,-5.58233213e+00, 3.17781186e+00,
  -2.10419297e+00,-1.25658262e+00,-2.87987720e-02,-1.75971222e+00,
   2.12485051e+00},
 { 2.28855852e-02, 2.58274190e-02, 3.25632751e-01, 2.47254038e+00,
  -1.02628899e+00,-1.39453430e+01,-3.41515355e-02, 5.89567280e+00,
  -7.57267466e-03},
 { 3.65399458e-02,-3.40912268e-02, 1.33342743e+00, 4.17796135e+00,
  -2.11718822e+00,-8.43708776e-03, 5.15956916e-02, 4.06642818e+00,
  -1.39942700e-02},
 {-2.14717555e+00, 4.30757141e+00, 5.81637502e-01,-7.67949000e-02,
  -9.21724457e-03, 7.17563555e-02,-3.29643631e+00,-3.34927849e-02,
   1.49652585e-02},
 { 3.92218590e-01,-2.67702848e-01,-1.83021927e+01,-3.43480520e-02,
  -2.28661811e-03,-5.31103425e-02,-2.56523639e-01,-5.15961163e-02,
  -1.21845439e-01},
 {-3.42799723e-02, 2.10272893e-01, 5.26247740e+00,-4.32271099e+00,
   2.13424563e+00,-2.70986501e-02,-6.96036965e-02, 1.10993516e+00,
   3.99563956e+00},
 { 7.58580863e-02, 6.57025352e-02,-4.49744892e+00,-2.35100889e+00,
   7.56994545e-01,-9.59977448e-01, 2.99357176e-02, 3.71954131e+00,
  -4.19353104e+00},
 {-2.27812980e-03,-3.10730543e-02, 3.47597837e-01, 6.89854956e+00,
  -2.47713828e+00,-1.18284059e+00,-1.75895020e-02, 1.43974171e+01,
  -3.91327813e-02},
 {-2.20546145e-02, 3.87666337e-02, 1.82696366e+00, 2.04928294e-01,
  -8.47974002e-01, 8.42527673e-02, 6.01077750e-02, 4.72569615e-01,
  -4.96035671e+00},
 { 2.17407370e+00,-2.99980783e+00,-3.08893085e+00, 4.86044139e-02,
   6.48779143e-03, 3.61167900e-02, 3.54954648e+00, 1.18339956e-02,
   4.47672643e-02},
 {-1.39658403e+00, 1.95392358e+00, 3.51629019e+00, 4.07321937e-02,
   5.96656837e-03,-9.47729424e-02,-4.18851376e+00,-3.02318241e-02,
   4.01043817e-02},
 { 3.31577826e+00, 2.79870319e+00,-2.23711181e+00, 2.00807247e-02,
  -5.87096764e-03, 2.10209358e-02, 1.21220112e+01, 9.58628394e-03,
  -8.04307987e-04},
 {-2.39021945e+00, 2.67119765e-01,-7.56752539e+00, 2.43535284e-02,
   6.28440306e-02, 5.61108999e-02, 2.72412568e-01,-1.64026409e-01,
  -2.78430637e-02},
 {-8.39720294e-02,-2.53234684e-01,-8.22602463e+00,-2.40440083e+00,
  -1.21408987e+00,-3.94422388e+00, 5.12811065e-01,-6.92936033e-02,
  -5.36103725e+00},
 { 4.37657547e+00, 2.05514741e+00,-6.57258558e+00, 3.82915474e-02,
  -4.27432219e-03,-2.93999212e-03, 1.16313343e+01, 1.47145344e-02,
   1.88885685e-02},
 {-1.47820890e-01,-3.69856693e-02, 3.20197439e+00, 6.38430357e+00,
  -2.17730608e-02,-2.01747489e+00, 1.44572765e-01, 8.32034492e+00,
  -3.14873934e+00},
 { 4.66869926e+00, 8.13600421e-02,-3.12796450e+00,-3.24843340e-02,
  -1.74042974e-02, 6.83845207e-02,-6.09640694e+00, 6.59648329e-02,
   2.84445416e-02}};

const float b1[sz_hid_1] = { -2.5599327 , -4.405954  , -7.984872  , -6.2484584 , -6.008848  ,
  -1.65183   , -9.635639  , -8.337511  , -3.4112327 , -2.4211235 ,
  -7.685483  , -7.1115274 , -4.833115  , -7.211344  , -7.072488  ,
  -8.440333  , -5.2346053 , -2.6117606 , -8.375507  , -0.10420565,
  -8.172418  , -5.151485  ,  0.5167789 ,  0.9631782 , -1.4123297 ,
  -9.057142  , -4.301896  , -7.020785  , -1.1171447 , -4.5797243 ,
  -0.5244054 , -2.4207435 , -4.9488063 , -4.2820444 , -6.8978524 ,
  -1.0163468 , -6.6945066 , -2.5536823 , -6.624517  , -3.2879672 ,
  -2.8034537 , -1.0064147 , -3.2166452 , -6.4937625 , -2.4714196 ,
  -1.1430137 ,  0.02910058, -5.1390243 , -3.0387235 , -2.9060903 ,
  -4.481241  , -5.441566  , -6.004177  , -4.513551  , -4.7991543 ,
  -4.279332  , -7.4727173 , -2.9275486 , -0.8172448 , -3.7074413 ,
  -4.893567  , -6.7185473 , -4.2630863 , -3.3032749 , -4.8923244 ,
  -2.3798883 , -6.9038124 , -1.4561132 , -1.6136516 , -6.600038  ,
  -7.8250084 , -3.8288367 , -7.2685714 , -1.2839313 , -6.959939  ,
  -3.3561795 , -0.16034491, -0.63998675, -0.01845507, -1.8695773 ,
  -4.568478  , -4.1386595 , -0.80366045, -4.9364295 , -5.027419  ,
  -5.6909037 , -6.8429275 , -7.6636696 ,-11.335444  , -1.6607413 ,
  -3.581826  , -1.17125   , -6.323015  , -7.721278  , -0.79240596,
  -7.184653  , -7.9807243 , -5.6023564 , -9.996079  , -8.047086  ,
  -2.2716727 , -6.1938605 , -4.8615108 , -7.883041  , -2.4298244 ,
  -7.8435297 , -3.2052007 , -5.5245857 , -9.67382   , -7.258126  ,
  -1.6733748 , -4.8987994 ,  0.03591648, -0.27292964, -3.3873935 ,
  -1.6293646 , -9.90618   , -5.4951205 , -4.0214705 , -1.280522  ,
  -0.10232098, -2.0785117 , -8.58046   , -3.12235   , -8.95435   ,
  -5.7188754 ,-10.369193  , -3.6382647 };

const float w2[sz_hid_2][sz_hid_1] = {{ 5.00117421e-01, 1.73817563e+00,-2.98778391e+00,-2.56832600e+00,
   1.26790380e+01,-1.48258162e+00,-3.79649711e+00,-1.88789487e+00,
  -2.36140180e+00,-5.29120922e-01, 2.36200318e-01,-2.46589832e+01,
   2.62683570e-01, 5.05301416e-01, 2.77139640e+00, 7.85526276e+00,
   7.26689458e-01,-3.80055457e-01, 2.85050392e+00, 1.42337179e+00,
   4.36997843e+00,-3.79129577e+00,-1.13156199e+00,-3.90156835e-01,
  -8.57983530e-01, 9.58068657e+00,-1.68369615e+00,-1.19480686e-02,
   5.58120584e+00,-2.17208356e-01, 1.25664783e+00,-1.66221905e+00,
  -5.63977003e+00,-1.02519979e+01,-8.15983340e-02, 7.08592087e-02,
   3.22609603e-01, 1.41241419e+00,-3.12073976e-01, 9.72999632e-01,
   2.19366336e+00,-6.16061687e-01,-9.13443863e-01, 2.36386538e+00,
   4.37290239e+00,-8.19721031e+00,-1.42876494e+00, 3.58578420e+00,
   1.62415970e-02, 4.34156507e-01,-2.46296525e+00,-8.54981136e+00,
  -3.05444050e+00,-4.11143064e+00,-4.64861184e-01,-1.31844597e+01,
  -2.71930623e+00, 4.69496632e+00, 8.04418087e+00,-3.39637876e+00,
   4.73376226e+00,-4.94621544e+01,-1.73719616e+01,-1.21427345e+00,
   1.26930571e+01, 8.24726582e+00, 6.30165279e-01, 1.25918403e-01,
   3.10532063e-01, 1.04760742e+01,-5.55664206e+00,-3.07400107e+00,
  -9.21928596e+00,-5.90229893e+00,-9.55847931e+00, 2.93662620e+00,
  -1.31396592e+00, 8.64302218e-01, 2.81902742e+00, 1.49418283e+00,
   1.06596792e+00, 1.57308996e+00,-1.00364411e+00, 5.37628794e+00,
  -8.63797009e-01,-2.28618294e-01,-2.67137378e-01, 2.02231359e+00,
   3.48738283e-01,-1.24244070e+00,-4.01194239e+00, 8.16026390e-01,
  -2.68201613e+00, 9.13209140e-01, 4.61358929e+00,-7.24450588e-01,
  -1.94744325e+00, 2.00679016e+00, 1.25591097e+01,-8.22039986e+00,
  -7.02789974e+00, 7.67367077e+00,-9.25170422e-01,-9.74583054e+00,
  -2.39544821e+00, 1.62510324e+00, 1.84411812e+00, 8.86034012e-01,
  -1.10467768e+01, 3.93741989e+00,-2.53203690e-01,-4.37819767e+00,
  -4.07573462e-01,-3.68815160e+00, 1.38504517e+00,-2.00038016e-01,
  -1.81997679e-02,-1.02508116e+00, 3.82367182e+00,-1.47293210e-01,
   1.75580955e+00, 9.79834020e-01, 2.33332133e+00,-1.01376951e+00,
  -2.57204103e+00, 3.53339148e+00, 5.84693551e-02,-2.71773964e-01},
 { 4.58873391e-01,-4.99003492e-02,-1.48559833e+00, 1.44442201e-01,
   1.53993940e+00, 3.82214338e-01, 1.20691001e+00,-4.02592945e+00,
   2.53169179e-01,-1.48086500e+00, 3.99889755e+00,-5.35175264e-01,
  -2.96813548e-01,-1.45207316e-01, 4.92224455e+00, 3.02271843e+00,
   3.41051221e+00, 5.90498984e-01, 1.41388583e+00, 9.44876000e-02,
  -7.77093470e-01,-5.11001396e+00,-4.28568411e+00,-3.92719483e+00,
  -3.22495794e+00, 6.64109325e+00,-1.14310722e+01,-7.69556713e+00,
   1.31732658e-01,-5.42778611e-01,-3.21095645e-01,-1.38403034e+01,
  -1.48655546e+00, 1.96252596e+00,-1.07482088e+00, 3.21177006e-01,
  -1.63315058e-01, 8.53081122e-02,-1.92461252e+00, 4.00285196e+00,
   5.59473455e-01, 3.49170119e-01, 9.87196827e+00,-2.29282117e+00,
   4.16488838e+00, 3.89087349e-01, 4.63092566e+00, 3.41225481e+00,
  -2.22329497e+00,-5.65289879e+00,-8.66672230e+00, 6.44140601e-01,
  -2.90164709e+00, 1.10182834e+00,-4.21437562e-01,-1.39779106e-01,
  -3.23506784e+00, 1.01933784e+01,-2.19922721e-01,-7.33849525e-01,
   2.24022880e-01,-7.55087510e-02, 5.53561032e-01, 2.11447859e+00,
   5.95040500e-01,-1.17303550e+00,-1.38709471e-01,-2.04333350e-01,
  -7.08721220e-01,-6.90413475e-01,-8.05047226e+00, 1.45430863e-01,
   1.87743962e-01,-4.30791020e-01,-6.11185503e+00, 1.04265604e+01,
   2.44461849e-01, 1.02109835e-01, 1.60454738e+00, 1.08801782e-01,
  -7.18754053e+00,-8.58342171e-01, 3.48605253e-02,-3.74299788e+00,
   3.74817431e-01,-1.07334137e+01,-6.59104586e+00,-1.82092762e+01,
   8.21203327e+00,-5.24775147e-01, 1.43492150e+00, 8.83804113e-02,
  -3.35374975e+00, 1.72006831e-01, 1.55293971e-01,-3.75885201e+01,
  -9.96758580e-01,-1.66269350e+00,-4.29213256e-01,-2.02811742e+00,
  -9.95418012e-01, 8.92678738e-01,-5.06133676e-01,-1.57899171e-01,
  -4.07201022e-01, 2.72630405e+01, 1.84662986e+00, 2.07329488e+00,
  -2.55465603e+00, 5.81838655e+00,-7.24607348e-01,-5.28623104e-01,
  -5.21517508e-02,-6.91330880e-02,-9.35953081e-01, 1.80032444e+00,
   3.52738070e+00,-4.00000274e-01,-1.76509798e-01,-9.50180665e-02,
   2.19935036e+00, 2.78828001e+00, 3.25960279e+00, 1.83318281e+00,
  -1.93128828e-02, 4.29060173e+00, 1.28113222e+00, 1.63927484e+00},
 {-9.29926857e-02, 1.25459237e-02,-2.40784548e-02,-2.76602618e-02,
   6.64461702e-02,-1.00491673e-01, 2.43990030e-02, 2.76212972e-02,
  -4.38737310e-02,-2.26482772e-03, 1.57537498e-02,-8.84638056e-02,
  -7.50161707e-02, 1.48939351e-02,-9.66263413e-02,-3.71470191e-02,
   7.28083625e-02, 1.07050873e-02,-6.83348998e-02,-2.83446889e-02,
  -9.35663581e-02,-7.14157969e-02,-9.69851986e-02,-1.01535425e-01,
  -3.02965119e-02,-6.48243353e-02,-5.64383194e-02,-1.81040853e-01,
  -1.40571520e-02,-5.71326651e-02,-8.43500867e-02,-7.38521591e-02,
  -9.63455588e-02,-5.71282394e-03,-8.71601924e-02,-7.35467896e-02,
   6.25519305e-02,-7.44111650e-03,-1.02944903e-01,-6.27446324e-02,
  -4.38724943e-02,-6.71978146e-02,-1.51196541e-02, 4.61558700e-02,
  -7.91608170e-02,-3.62171009e-02,-1.20432325e-01, 4.30054293e-04,
   1.41203951e-03,-1.08087339e-01,-5.55195063e-02,-9.51780565e-03,
  -2.87770610e-02,-1.06556304e-02, 1.31005817e-03,-2.38398444e-02,
  -4.55010869e-02,-4.52080853e-02, 5.45134023e-03,-3.54423076e-02,
  -1.19051740e-01,-5.35465442e-02,-5.98169398e-03,-3.43936868e-02,
  -1.05421022e-01, 2.08843984e-02,-2.58324705e-02,-1.14089958e-02,
  -3.94886583e-02,-5.96202537e-02, 2.93191336e-02,-4.50420007e-02,
  -6.26323223e-02,-8.77276715e-03, 1.07415405e-03,-3.13309729e-02,
  -1.03418440e-01,-1.77490246e-02,-1.68797269e-01,-6.68280199e-02,
  -1.51253294e-03,-4.22972441e-02,-1.64331540e-01,-3.85539606e-02,
  -3.21835540e-02,-1.11903302e-01,-5.90694994e-02, 1.58160813e-02,
   5.68170696e-02,-2.15395377e-03, 1.79594904e-02,-8.50473717e-03,
   6.02000356e-02, 1.48157952e-02,-5.90308830e-02,-5.43470792e-02,
   6.99914843e-02,-3.52830440e-02,-1.40440211e-01,-9.99659598e-02,
   1.33315381e-02, 7.31939971e-02, 5.90073317e-02,-8.62892158e-03,
   1.10722473e-02,-8.93166885e-02,-7.58357719e-02,-1.88160002e-01,
   4.60622832e-03,-3.39070000e-02,-8.68171230e-02,-1.49289258e-02,
  -9.01555866e-02,-8.00100267e-02,-2.89564449e-02,-5.63670062e-02,
  -6.83673173e-02,-1.02786653e-01,-3.41619998e-02, 3.62096839e-02,
   7.93101918e-03,-1.44249469e-01,-1.00409314e-02,-2.25194339e-02,
  -1.20773055e-01,-1.07169695e-01,-4.89187017e-02, 4.22274601e-03},
 {-9.17961776e-01, 4.22504473e+00, 8.76379728e-01,-3.97365165e+00,
  -1.88248992e+00, 5.03661692e-01, 1.86761785e+00,-5.45034266e+00,
  -2.53323669e+01, 3.70513588e-01,-2.21508646e+00,-2.67178822e+00,
   4.83207846e+00,-2.55629444e+01, 3.20072126e+00,-3.98777437e+00,
   6.79737004e-03,-5.85575151e+00,-1.75718956e+01,-1.31621826e+00,
   4.80285168e+00, 5.18016148e+00, 1.12325799e+00, 3.37610543e-01,
   1.00554252e+00,-3.45295405e+00, 1.48547947e+00,-4.86396980e+00,
   7.87049681e-02,-8.32757473e+00,-8.45136404e-01, 6.88614666e-01,
  -1.78259122e+00, 1.15604153e+01, 1.90815151e+00,-2.84840554e-01,
   3.12860847e-01,-2.00842953e+00, 6.84684664e-02,-1.55196404e+00,
  -1.00831461e+00, 3.63036841e-01, 2.69267941e+00,-8.91592503e-01,
  -8.66043925e-01,-1.04594815e+00, 7.73790300e-01,-1.31649292e+00,
   6.26153588e-01, 4.78243113e-01, 2.47877693e+00,-1.13061352e+01,
  -1.64589386e+01,-3.30634856e+00, 6.15298092e-01,-1.69980371e+00,
   3.46385741e+00,-1.22934020e+00, 1.16395533e+00, 4.47343397e+00,
  -2.92238560e+01,-3.31068826e+00,-4.37524945e-01, 1.38803864e+00,
   2.35058260e+00,-2.68806152e+01, 1.41011262e+00,-5.43849993e+00,
  -3.44339848e-01, 1.26674242e+01, 8.14927387e+00, 1.63971078e+00,
   3.44716251e-01,-3.12547117e-01, 3.79894066e+00,-2.67716122e+00,
  -1.13095462e+00, 1.03635144e+00,-2.35111809e+00, 5.39125681e-01,
  -2.92151618e+00,-3.74910623e-01,-1.10246525e+01,-3.13605040e-01,
  -8.95796657e-01,-2.71934962e+00, 7.21980333e-01,-1.02680528e+00,
   2.00759292e-01, 7.46297717e-01, 6.01690245e+00, 4.76701498e-01,
   3.04643726e+00,-6.60075331e+00, 3.75567746e+00,-3.73027697e-02,
   2.08711600e+00, 8.75079536e+00,-3.41121292e+00, 1.10355282e+00,
  -2.54575992e+00, 5.64676905e+00, 2.18768907e+00,-1.11342001e+01,
   2.63530374e-01, 2.06255198e+00,-9.32321835e+00,-3.40785670e+00,
  -6.78424978e+00,-3.81734204e+00,-3.39101285e-01,-1.63720918e+00,
  -6.95664525e-01, 1.01470339e+00,-1.32875967e+00,-6.77283347e-01,
   8.77193356e+00,-3.53695560e+00,-1.86797249e+00, 7.58244658e+00,
  -1.53627241e+00,-2.13035011e+00,-5.70261908e+00, 4.08653677e-01,
   1.73660970e+00,-2.12648201e+00, 1.38258371e+01, 9.60361421e-01},
 { 5.21480370e+00, 5.19278526e-01, 3.63124251e+00, 5.92369080e-01,
  -2.85014844e+00,-6.43360391e-02, 1.67273223e+00,-4.72404242e+00,
  -3.84981111e-02, 1.19915938e+00,-4.49494660e-01,-3.97989349e+01,
  -3.46216440e+00, 3.14863467e+00,-2.57706118e+00,-5.93532085e-01,
   3.09972435e-01,-1.61870098e+00,-3.67048472e-01, 1.09168935e+00,
  -8.24634933e+00, 7.37715197e+00, 1.70683181e+00,-3.39378007e-02,
   2.54232478e+00,-2.13506775e+01,-1.01555109e+00,-6.71076250e+00,
   1.11467876e+01,-9.77902889e-01, 1.24682016e+01, 3.21260643e+00,
  -8.84139347e+00,-3.64896441e+00,-1.38958406e+00,-5.19093692e-01,
  -1.82174969e+00, 2.34563279e+00,-1.50496542e+00,-4.14523649e+00,
   1.76421499e+00,-1.67360461e+00, 7.96905756e+00, 5.44249237e-01,
  -1.54522300e+00,-7.25077486e+00,-8.67404342e-01,-1.24035323e+00,
   2.94673622e-01,-1.01305861e-02, 3.25079536e+00,-6.16333342e+00,
   7.05439377e+00, 2.83839375e-01,-1.95109153e+00,-6.96111012e+00,
   4.28839970e+00,-4.25018263e+00, 5.97662449e+00, 7.94693708e-01,
   1.53199315e+00,-5.45612240e+00,-1.18950911e+01, 5.70518732e+00,
   2.05543804e+00, 5.96575022e-01,-2.33552122e+00, 3.65675712e+00,
  -1.19770929e-01, 6.68789625e+00, 2.09505177e+01, 3.00540626e-01,
  -8.51162148e+00,-5.11110067e+00,-9.95093644e-01,-1.96121883e+00,
  -1.61581409e+00,-2.58906037e-01,-8.79349613e+00,-7.72645831e-01,
   2.80724168e+00, 1.24757850e+00, 3.50563955e+00, 2.41819263e+00,
   4.83147478e+00,-3.47909164e+00, 1.12397766e+00,-1.43786418e+00,
   4.54677773e+00, 1.41779339e+00, 2.92365581e-01,-1.27850020e+00,
   1.02678404e+01, 1.59250486e+00, 4.13932514e+00,-1.24536538e+00,
  -2.50831151e+00,-5.92626810e+00, 9.47360694e-01,-7.98949385e+00,
  -2.12144470e+00,-4.18256950e+00, 1.80742276e+00, 5.92574024e+00,
   1.51447535e+00, 5.25196648e+00,-1.72090018e+00, 5.16653121e-01,
   3.63847780e+00,-1.34036322e+01, 2.11679339e+00,-3.11548233e+00,
   5.77916384e-01,-2.15959504e-01,-2.05045772e+00, 6.03838980e-01,
  -3.19646988e+01,-6.19063234e+00,-5.68427145e-01, 1.58923507e+00,
  -4.97436666e+00,-4.91632366e+00,-1.76896820e+01, 1.09943020e+00,
   2.38084733e-01,-4.56772518e+00, 2.53352022e+00, 2.09206629e+00},
 { 1.88894004e-01, 1.47433132e-01, 1.04130526e+01,-3.60235497e-02,
   4.30710602e+00, 3.26451421e-01, 8.47137868e-01,-3.00452065e+00,
  -3.65922183e-01, 1.30159318e+00,-4.24212170e+00,-6.93911254e-01,
  -4.85805869e-01, 3.22646886e-01, 5.65491915e+00, 1.52547657e+00,
  -2.13241649e+00, 1.85608292e+00, 9.05212402e-01, 2.70999026e+00,
   8.80302727e-01,-6.07061100e+00,-1.48279941e+00,-3.54440665e+00,
   2.47915459e+00, 3.57255149e+00,-1.22839010e+00,-3.11310935e+00,
   5.95147192e-01,-5.73433697e-01, 1.18751144e+00,-4.79302347e-01,
  -5.47153711e-01, 1.66206229e+00,-7.89299071e-01, 2.21252203e-01,
  -5.86622715e-01,-4.02640730e-01,-2.35251045e+00, 2.46720862e+00,
  -2.42773438e+00, 1.26917422e-01,-7.62683439e+00,-7.98315108e-01,
   5.70864820e+00,-1.04317844e+00, 4.53831959e+00,-2.03442097e+00,
   1.52050841e+00,-3.43524075e+00,-3.97677946e+00, 1.20305645e+00,
  -2.18448019e+00,-3.77544224e-01,-1.27105296e+00,-8.86818290e-01,
   3.30085635e+00,-3.59652549e-01, 1.13250506e+00,-1.99508265e-01,
   6.33792937e-01, 4.10395741e-01, 2.69963360e+00,-3.80378890e+00,
   1.54855156e+00, 7.42238343e-01,-1.56617507e-01,-1.41444877e-01,
  -2.20538664e+00, 7.73867786e-01,-7.10816503e-01,-1.42777473e-01,
   8.61764729e-01,-8.38592350e-01, 2.29417634e+00, 5.85804319e+00,
  -8.70905071e-02, 8.79679978e-01, 7.02899313e+00, 6.27842471e-02,
  -5.44803381e+00, 4.01345062e+00, 8.76764119e-01,-1.44140705e-01,
  -2.10581914e-01, 2.16900134e+00, 1.73773363e-01, 1.45889902e+00,
  -9.30307007e+00, 2.71889299e-01, 1.92616463e+00,-1.58254430e-01,
  -4.86300379e-01, 2.04310924e-01, 5.63291371e-01, 2.98164344e+00,
  -2.20716143e+00,-1.95139170e+00, 3.99046429e-02,-3.41162038e+00,
  -3.06044149e+00, 7.82158002e-02,-1.23542726e-01,-4.20356095e-01,
   1.74380769e-03,-6.19601583e+00, 1.60957873e+00, 2.05122948e+00,
  -1.23466086e+00, 3.56217957e+00, 6.47936463e-01,-3.77184921e-03,
  -3.05191670e-02,-1.01559125e-01, 5.75275564e+00,-9.35843229e-01,
   3.82454157e+00,-1.16000366e+00,-7.98558965e-02,-4.27246928e-01,
   3.31724191e+00,-1.76689453e+01,-2.10822034e+00, 8.60144019e-01,
  -2.99774021e-01, 9.68073845e+00, 1.83506131e+00, 3.89352870e+00},
 { 1.58034416e-03,-3.03184800e-02, 1.38206613e+00,-1.06013399e-02,
   7.42694020e-01, 1.58939660e+00, 4.88520980e-01,-4.24761266e-01,
  -3.75671536e-02, 1.32150638e+00, 1.79322839e+00,-8.70225579e-02,
   3.75603251e-02, 1.52637541e-01, 3.50460029e+00, 1.38024881e-01,
   1.59989786e+00, 1.88233271e-01,-3.08883834e+00,-9.07617664e+00,
   8.01324248e-02,-6.05791903e+00,-1.05391479e+00, 3.03373456e+00,
  -1.29357231e+00,-3.12402678e+00,-1.43233287e+00, 3.23592591e+00,
   6.08502962e-02, 7.30609223e-02,-6.46535233e-02,-1.13819647e+00,
  -9.36849639e-02,-2.16933623e-01,-2.79576406e-02,-1.47263214e-01,
  -5.62267192e-02, 1.40106529e-01,-1.54200524e-01, 1.17627716e+00,
  -2.06292704e-01, 3.84938508e-01,-7.00095952e-01,-9.32768881e-02,
  -1.59805191e+00,-9.69634354e-02, 4.30914927e+00,-6.75360382e-01,
  -5.79070687e-01,-2.47466937e-01,-3.02489853e+00,-4.78057330e-03,
  -3.26973610e-02, 7.01600835e-02, 7.69853294e-02,-9.04901102e-02,
  -2.58088660e+00,-6.77907515e+00, 1.57117933e-01,-3.58150125e+00,
  -2.53000796e-01, 5.37513494e-01, 1.38162568e-01, 8.61955643e-01,
   6.00353539e-01, 6.20166883e-02,-1.53791517e-01, 3.08724456e-02,
   4.89023209e-01, 6.89955711e-01,-2.90058088e+00,-3.26746702e-02,
  -3.01118176e-02,-7.19151571e-02, 1.81784302e-01, 2.87732244e+00,
  -6.06455095e-02, 3.40657204e-01, 1.41858387e+00, 4.30229455e-02,
   2.51693940e+00,-6.70594549e+00, 2.76210979e-02,-1.04087941e-01,
  -1.50192692e-03, 4.60282326e+00, 5.22847128e+00,-2.10554051e+00,
   7.14788198e-01,-5.06602168e-01, 3.18502754e-01, 2.21905097e-01,
  -1.23112047e+00,-3.68196741e-02, 6.99229017e-02,-4.27263081e-01,
   3.09007740e+00,-5.25222272e-02,-8.98221955e-02,-6.25899374e-01,
  -2.50072032e-01,-4.76580039e-02, 1.72317237e-01,-2.38398492e-01,
  -8.65926966e-02,-2.01041222e+00, 3.27696204e-01, 2.04410732e-01,
  -2.56544828e+00,-9.11450148e-01, 4.82889637e-02,-1.20842576e-01,
  -7.86470994e-03,-8.00118968e-02, 1.44362056e+00,-7.29015160e+00,
  -2.46352419e-01,-2.76982367e-01, 2.02135202e-02,-5.70868663e-02,
   6.92804933e-01, 8.54497492e-01, 4.27679062e+00,-3.46301746e+00,
   4.59038258e-01, 1.31490576e+00,-8.50422561e-01,-1.52580300e-03},
 {-1.76879561e+00,-8.30531180e-01,-1.34898996e+00,-2.78877902e+00,
  -2.05054641e+00,-9.48185503e-01, 3.24339151e+00, 7.11717367e-01,
  -9.22822595e-01, 1.23883663e-02, 6.48432553e-01, 1.34542689e-01,
  -2.77592260e-02, 4.34375346e-01,-6.54937148e-01,-3.64782596e+00,
   3.76165211e-01, 1.51767284e-01,-2.15172482e+00, 2.65215695e-01,
   9.38019753e+00,-2.39879322e+00,-8.79640579e-01, 1.67293519e-01,
  -7.55990386e-01, 7.16349697e+00,-6.56013668e-01, 1.61437321e+00,
  -4.35828827e-02, 2.12954378e+00, 1.37966454e-01,-8.13114107e-01,
  -4.83679199e+00,-2.08684731e+00,-7.37792253e+00,-1.99918807e+00,
  -3.83898425e+00,-1.50078130e+00,-2.14611769e-01, 6.68476343e-01,
   5.35708666e+00, 5.49459457e+00,-2.51733512e-01,-4.46281761e-01,
   1.76080120e+00,-5.71964502e-01,-8.16942394e-01, 1.08127558e+00,
  -2.83539236e-01,-1.24499816e-02,-1.76362920e+00,-3.51911128e-01,
  -1.13707733e+00,-1.53138936e+00, 2.90880442e-01,-4.90412153e-02,
  -1.83124363e+00, 1.73815548e+00, 1.13933182e+00,-1.85930300e+00,
   3.07769984e-01, 1.93678713e+00,-5.56848228e-01, 3.63606624e-02,
   6.93581223e-01,-3.81184125e+00,-1.95169604e+00, 2.10261956e-01,
   2.44838208e-01, 3.73822784e+00,-3.35936022e+00,-3.18563199e+00,
   1.36426067e+00,-1.45116234e+00,-5.46732843e-01, 1.96209729e+00,
  -2.95700479e+00, 4.00962740e-01, 7.49397814e-01, 3.17231607e+00,
   9.74901080e-01,-5.39078593e-01,-1.25610769e-01,-9.88064098e+00,
  -1.80445418e-01, 1.20009029e+00,-1.51001707e-01, 1.35213569e-01,
   3.40453416e-01,-4.39924717e-01,-4.33330441e+00, 1.96376812e+00,
  -1.04612863e+00, 4.14760447e+00, 5.02666712e+00,-5.00081420e-01,
  -1.51039690e-01, 1.55334520e+00, 2.21894670e+00,-7.75363863e-01,
  -7.88271427e-02,-7.63984537e+00, 6.34834707e-01,-6.76461697e-01,
  -1.93695033e+00,-1.56841743e+00,-6.07547331e+00,-2.10880089e+01,
  -1.17802048e+00, 2.78694773e+00, 1.64250660e+01, 2.88789558e+00,
   1.95840508e-01, 2.07960010e+00, 8.13734710e-01,-3.99165899e-01,
   3.51737881e+00, 4.70892936e-01, 2.89917493e+00,-1.59943298e-01,
   5.77856779e-01, 6.90982282e-01, 2.51230693e+00,-4.94330376e-01,
   7.62650347e+00, 1.33715498e+00,-7.84260130e+00,-8.17104653e-02},
 { 1.76711881e+00, 1.00651407e+00, 2.90766299e-01, 3.30777431e+00,
   1.03222728e+00,-4.85144794e-01,-4.65754032e+00, 1.17761505e+00,
   4.08343226e-01,-5.80624819e-01, 9.60773826e-01, 7.25936770e-01,
  -1.20538225e+01,-1.59261739e+00,-2.21101213e+00,-5.62588334e-01,
  -2.86929607e-02,-1.07381449e+01,-3.98002958e+00, 2.32820153e+00,
  -2.20826626e+01,-3.41136289e+00,-1.01391733e+00, 1.77450374e-01,
  -8.16531301e-01, 1.60334854e+01,-3.73145789e-01, 4.17402172e+00,
  -1.25434303e+00,-1.80124342e+00, 1.67541981e+00,-1.26436687e+00,
   9.01118338e-01, 4.97533560e+00,-5.97038918e+01, 1.22421575e+00,
  -1.57280946e+00,-1.10760632e+01,-1.12899387e+00, 1.08286285e+00,
  -7.80475020e-01, 4.11457539e-01,-7.15142667e-01,-6.98948681e-01,
   2.25917196e+00, 4.50554997e-01,-1.47830391e+00, 9.93657351e-01,
  -5.54893136e-01, 3.66204903e-02,-1.78700936e+00, 3.49672771e+00,
  -3.53879333e-01, 1.41491137e+01,-5.84550781e+01, 9.02910829e-01,
  -2.08763957e+00, 1.37462363e-01,-2.18797898e+00,-2.81088257e+00,
  -8.62236142e-01,-3.46274424e+00,-2.38714981e+01,-7.04984725e-01,
  -3.09206557e+00, 4.97564912e-01, 1.91470218e+00,-2.90791011e+00,
   3.05344671e-01,-2.90806389e+01,-4.57705545e+00,-8.31546076e-03,
   9.95778069e-02, 1.04525423e+00, 1.04693741e-01, 2.02020574e+00,
   3.93652439e+00, 3.77419567e+00, 1.72969449e+00,-3.12264681e+00,
   2.03678131e+00,-1.29990649e+00, 1.35659122e+00,-8.27672005e-01,
   5.75510800e-01, 2.24687004e+00,-1.35312641e+00,-1.19632292e+00,
   9.26805615e-01,-5.47750354e-01, 3.39415884e+00,-5.87562513e+00,
  -1.79947472e+00,-4.33552551e+00,-5.70091724e+00,-5.65866947e-01,
   7.74070978e+00,-6.84282494e+00,-2.23610878e+00,-7.09601784e+00,
   2.66535783e+00, 6.18318129e+00, 7.96700239e+00,-4.84588289e+00,
  -1.48016148e+01,-2.57226419e+00, 3.02245654e-02, 5.16263172e-02,
   2.00350332e+00, 2.97266078e+00,-1.74884644e+01,-9.17369068e-01,
  -7.42807761e-02,-2.21084833e+00, 8.14582586e-01,-1.89324513e-01,
   4.72032070e+00,-2.14419723e+00,-3.78539658e+00,-7.07499504e-01,
   1.00768650e+00, 1.18743253e+00, 3.65448213e+00, 4.40182209e-01,
   2.80206442e+00, 1.72081721e+00, 6.32913530e-01,-2.87407249e-01},
 { 1.94118452e+00, 1.25879598e+00, 1.73374045e+00, 3.00022674e+00,
   3.81256759e-01, 1.62116981e+00,-2.23280716e+00, 1.49400434e+01,
  -1.35955095e+00, 2.27303803e-01,-1.50420046e+00,-1.15786517e+00,
   1.35698259e-01,-7.26073086e-01, 1.33080983e+00,-4.84500766e-01,
  -2.21628323e-01,-7.83999145e-01,-3.81091267e-01,-1.44356751e+00,
  -1.33905113e+00, 5.27446747e+00, 1.33005250e+00,-2.03536659e-01,
   1.42716336e+00, 3.32140851e+00, 1.27338994e+00,-3.65243793e+00,
  -3.73106527e+00,-1.72787213e+00,-3.71208334e+00, 1.50299251e+00,
   2.14940476e+00, 3.83466864e+00,-3.61497993e+01, 2.73152733e+00,
  -2.41224022e+01, 2.50528836e+00,-2.43573546e-01,-1.77398968e+00,
  -2.82600155e+01,-1.05552435e+00, 1.29381084e+00, 1.15769994e+00,
  -1.21103883e+00, 4.41096313e-02, 1.19614923e+00,-8.10468256e-01,
   8.28148067e-01, 1.95047155e-01, 2.79718065e+00, 2.77991027e-01,
   9.67613935e-01, 9.78926778e-01,-5.97119255e+01,-1.04468620e+00,
   2.93151450e+00,-1.25582886e+00, 5.42625368e-01, 4.73037958e+00,
   6.23517513e-01,-3.41799402e+00, 4.95339584e+00, 2.68909782e-01,
   3.09785724e+00, 4.39472347e-01, 1.95715988e+00,-3.61734211e-01,
  -2.53212988e-01,-1.21349163e+01, 5.84359789e+00,-3.79027843e+00,
  -9.62822214e-02, 2.78686333e+00, 2.41014791e+00,-2.96766305e+00,
   3.00096202e+00, 3.44709516e+00,-1.50002384e+00,-3.69662976e+00,
  -3.17210555e+00, 1.90791929e+00,-1.41149804e-01, 5.71888161e+00,
   2.26555634e-02,-3.54300952e+00, 7.48471260e-01,-5.12248099e-01,
   2.84279883e-01, 9.08095598e-01, 2.00827861e+00,-1.24196732e+00,
   2.03181410e+00,-5.63362122e+00,-4.98109865e+00, 5.47349691e-01,
   3.94556671e-01,-1.06429017e+00,-2.27810860e+00, 3.93609047e-01,
   4.80916202e-01, 7.54300690e+00,-2.50000525e+00, 3.35343671e+00,
  -8.60817242e+00, 4.75785971e+00,-3.37266475e-01,-8.34926701e+00,
  -2.17485166e+00,-5.00771666e+00,-1.09251842e+01,-1.30160391e+00,
  -7.99214169e-02,-2.70947123e+00,-1.44033337e+00, 2.41158139e-02,
   5.20026302e+00,-3.71167040e+00,-3.24256945e+00,-6.60447299e-01,
  -1.04122877e+00,-1.51578724e+00,-5.20751524e+00, 7.84818470e-01,
  -5.20228028e-01,-2.23457551e+00,-9.41606712e+00, 3.22239906e-01},
 { 7.14475438e-02,-8.54821876e-02, 2.39118552e+00, 4.99857776e-02,
  -1.17158520e+00,-5.28734112e+00,-1.60229132e-01, 1.11342168e+00,
   4.84340191e-02, 4.42827702e+00, 1.57725358e+00,-6.85376406e-01,
   1.23557104e-02, 7.47928023e-02, 2.40638447e+00, 2.57488060e+00,
  -1.22935781e-02,-3.05161059e-01, 7.67456830e-01,-2.59393024e+00,
  -3.98962408e-01,-1.72757206e+01,-2.51565266e+00, 2.09952617e+00,
  -8.28880489e-01, 1.63034606e+00,-3.00137949e+00,-5.83743763e+00,
   1.79929938e-02,-1.23199292e-01,-1.32150069e-01,-9.82943833e-01,
  -1.27339840e-01,-2.91747719e-01,-2.41988059e-02,-2.28597596e-01,
   1.58327952e-01,-9.89117287e-03, 1.43426016e-01, 2.76295519e+00,
   4.20248181e-01, 2.81690150e-01,-1.97245922e+01, 1.24380581e-01,
  -3.04698372e+00, 6.64722696e-02,-1.06402123e+00,-1.05351701e-01,
   3.72059822e+00,-2.12852669e+00, 3.41876715e-01,-3.41144539e-02,
  -8.78321603e-02,-4.57725555e-01,-1.41190821e-02, 7.46311918e-02,
   3.39378858e+00,-6.18387413e+00,-9.92712099e-03,-2.10861187e+01,
   1.28223412e-02,-3.12574387e-01,-4.22842801e-01, 1.44862306e+00,
   1.18649149e+00,-3.02045554e-01, 1.43244714e-01, 1.73177198e-01,
   4.09126472e+00, 7.05166876e-01,-3.50746536e+00, 2.48751953e-01,
   9.34994891e-02, 7.45204166e-02,-3.92456698e+00, 4.73991066e-01,
   2.47194991e-02, 4.59193856e-01, 2.82575583e+00, 4.10954431e-02,
   2.01603031e+00,-2.95873785e+00, 8.25143233e-02,-7.52810296e-03,
  -2.07368463e-01, 1.34353137e+00, 4.51106310e+00,-6.93290806e+00,
  -1.40472965e+01, 9.50976849e-01, 7.00936615e-01, 1.07823960e-01,
   2.28570604e+00, 1.24375068e-01,-1.29248753e-01, 1.89871025e+01,
  -3.72195035e-01, 2.78792322e-01, 8.33944604e-02, 8.62644374e-01,
   4.02107894e-01, 2.36759454e-01,-2.93548495e-01,-1.65155962e-01,
  -3.10991816e-02,-2.41580439e+00,-3.57295603e-01,-7.69346237e-01,
   2.17323184e+00,-4.51850033e+00, 7.80521780e-02, 4.11966473e-01,
   1.70419909e-04, 1.10025689e-01,-1.29933822e+00,-1.36446524e+00,
   2.36593056e+00, 5.41423202e-01, 8.71686712e-02,-1.13041505e-01,
  -1.26092601e+00, 5.57595491e-01, 8.63861847e+00,-5.01960707e+00,
  -4.14920658e-01, 1.29457939e+00, 1.61323941e+00, 3.31049442e+00},
 { 3.22186470e-01,-3.67916679e+00,-4.78719100e-02,-4.88653034e-03,
  -3.89892244e+00, 1.96220234e-01, 1.12316046e+01,-1.44229718e-02,
  -6.35371017e+00, 3.96004878e-02,-1.32892072e-01,-1.23954477e+01,
   1.34595826e-01, 6.47997379e-01, 2.35218480e-01,-1.98351204e+00,
   5.74425459e-02, 3.37106675e-01, 4.61088943e+00,-2.74683952e-01,
  -5.36563754e-01, 1.04704529e-01,-9.15433690e-02,-7.75477663e-02,
  -2.56364681e-02,-6.09124005e-01,-7.41498619e-02,-1.92920640e-01,
  -1.17721623e-02, 4.63966966e-01,-2.92859644e-01, 2.53194086e-02,
   4.96326327e-01, 1.21028221e+00, 1.21273614e-01, 9.21342596e-02,
   5.36555983e-02,-3.99899483e-01, 1.07145095e-02,-1.98941529e-02,
   1.41192690e-01,-4.09344524e-01, 1.24969870e-01,-5.63473105e-01,
  -2.74889499e-01, 1.30821371e+00, 3.04304779e-01, 1.26201287e-01,
   2.91530415e-02,-5.29629029e-02, 7.48969093e-02, 3.74260575e-01,
  -2.85385728e+00, 2.19019517e-01,-2.40729943e-01, 3.92094851e+00,
  -8.97842571e-02, 7.37999682e-04,-9.73341644e-01, 1.28527477e-01,
   2.87351203e+00,-1.51727819e+00,-2.24492103e-02, 6.28196746e-02,
   1.60827312e+01,-3.76702935e-01, 4.11568546e+00, 8.46703947e-02,
  -5.73266074e-02,-4.86688757e+00,-1.22122929e-01,-3.52953770e-03,
   1.41860151e+00,-7.22391233e-02, 1.52445316e-01, 5.48342951e-02,
   1.49268639e+00, 1.29442346e+00,-1.34809628e-01, 6.73739612e-01,
   1.45198219e-02, 1.16550196e-02,-2.48198509e-01,-3.63151073e-01,
  -1.01349318e+00,-2.41324961e-01, 4.41257544e-02,-1.11734606e-01,
   3.35366964e-01, 2.97326986e-02, 1.95149219e+00, 6.25492912e-03,
   1.67076439e-01, 3.19136667e+00,-1.88651383e+00, 1.69773232e-02,
   3.60891509e+00,-3.73937517e-01,-3.65100217e+00,-9.70767593e+00,
  -3.52772743e-01, 3.27840149e-01,-1.17875636e+00,-5.97578108e-01,
  -5.63752234e-01, 1.94938093e-01,-1.12628251e-01,-3.06439679e-02,
   1.40194559e+00,-6.83566406e-02,-5.29378533e-01, 3.55651587e-01,
   1.24856807e-01, 2.36970329e+00,-2.17684042e-02, 1.64943822e-02,
  -1.06823301e+01,-6.22956181e+00,-8.04291189e-01, 5.25444224e-02,
  -1.13590270e-01,-5.82166761e-02, 6.84183165e-02,-3.17481458e-02,
  -3.95547605e+00,-2.25921869e-02,-1.42000437e+01, 1.14361439e-02},
 { 2.75730705e+00, 1.92162097e+00,-8.03570688e-01, 2.04858208e+00,
  -8.74755532e-03,-1.01977193e+00,-1.58967752e+01,-1.20389595e+01,
   1.43677211e+00,-3.37576002e-01,-3.07003427e-02, 2.12547255e+00,
  -1.52991571e+01,-7.32439184e+00,-1.56915379e+00,-9.38185513e-01,
  -4.74934280e-01,-5.69393444e+00,-3.05109191e+00, 4.64295447e-01,
  -6.15350771e+00,-8.46234739e-01,-9.63505264e-03,-3.11449081e-01,
  -1.42683792e+00,-9.65343952e+00, 8.61191273e-01, 1.08678780e+01,
  -3.95041561e+00,-9.87603903e-01, 1.81528015e+01,-1.54149294e+00,
  -5.28466344e-01, 5.37840986e+00,-1.63736801e+01, 4.15159035e+00,
  -2.51481552e+01, 1.77878368e+00,-7.20785952e+00, 1.61881483e+00,
   7.92842388e-01, 2.22102070e+00,-2.51976520e-01, 5.17723382e-01,
   1.26500332e+00,-4.58202791e+00, 1.89121521e+00, 1.36632407e+00,
   2.59413421e-01, 1.27709138e+00,-5.66880763e-01,-7.29232407e+00,
   1.34688771e+00, 1.04739225e+00,-8.59685974e+01, 1.26617217e+00,
  -5.00043583e+00,-4.38187644e-02,-2.64785290e+00,-7.46689215e-02,
  -1.58753932e+00,-2.70439267e+00,-1.72114909e+00,-2.50015885e-01,
   9.19181943e-01, 6.80217981e+00, 2.12358546e+00,-1.06830330e+01,
   6.97187245e-01,-5.74923658e+00,-8.80342388e+00,-5.10248482e-01,
  -2.05118179e+00, 2.04619074e+00,-5.81936166e-02,-8.10669720e-01,
   1.19711256e+00, 7.35019982e-01, 1.17822897e+00,-4.05616045e+00,
  -8.01989079e-01, 9.03925225e-02,-8.14656690e-02,-2.92114544e+00,
  -9.92851079e-01, 2.17866135e+00,-5.58982432e-01,-2.76887298e-01,
   4.65776086e-01,-7.19896674e-01, 8.27774811e+00,-7.63105690e-01,
  -2.15130281e+00,-5.86452246e+00,-4.77310524e+01,-9.59457397e-01,
  -1.28681874e+00,-3.75643301e+00,-3.30276787e-02,-1.12594614e+01,
   1.86505282e+00, 3.10812998e+00,-1.27279830e+00, 4.04379463e+00,
   1.49505103e+00,-2.60929012e+00,-1.73481464e+00, 3.76696348e-01,
  -3.00441098e+00, 2.78613836e-01,-6.50152540e+00,-1.19042885e+00,
  -9.20867383e-01,-2.56513190e+00, 2.49220777e+00,-1.44419062e+00,
  -7.14662886e+00,-3.32890177e+00,-2.71618629e+00, 9.54949677e-01,
   3.05458724e-01,-1.74324960e-02, 7.70513630e+00, 5.55533171e-01,
   3.56060624e+00, 3.40564132e-01, 8.74924850e+00,-2.56185508e+00},
 { 2.08186126e+00,-1.04859114e+00,-2.77345181e+00,-3.47052306e-01,
   6.75536394e-01,-3.25612354e+00,-7.93443263e-01,-3.51610947e+00,
   1.35685050e+00,-9.14448947e-02,-3.41155171e+00,-1.23959482e+00,
  -1.30791368e+01,-1.09732139e+00,-3.68146729e+00, 1.66532362e+00,
  -1.15567781e-01, 2.73582411e+00,-9.46145248e+00, 1.88042200e+00,
  -2.26803255e+00,-1.40866280e+00,-5.06725597e+00,-4.71829128e+00,
  -3.34518909e+00,-1.26710033e+01, 1.68968236e+00, 7.04653072e+00,
  -2.36911130e+00, 1.52545655e+00, 4.81427574e+00,-1.96255076e+00,
   1.48339856e+00, 6.53949928e+00,-6.02847040e-01,-1.02114081e+00,
  -3.44997120e+00,-1.15031624e+00,-4.06733930e-01, 3.96976829e+00,
  -2.40767574e+00,-3.66519094e-01,-6.71600628e+00,-1.00987411e+00,
  -2.90722561e+00,-2.48069572e+00, 6.17115259e+00,-8.57052505e-01,
  -1.82239401e+00, 2.13386130e+00,-3.52820754e+00, 8.07456255e-01,
  -2.74935794e+00,-3.98132777e+00,-3.77450490e+00, 1.48662531e+00,
  -8.08387566e+00, 5.65353489e+00, 9.27757740e-01,-4.42665243e+00,
  -2.65951800e+00,-5.49235582e+00, 2.52867866e+00,-5.54211378e+00,
  -2.63389778e+01,-1.49731159e+00,-2.71458536e-01,-7.19473886e+00,
   9.90851283e-01, 8.50704014e-01,-5.18252230e+00, 9.77639258e-01,
  -8.13069534e+00, 6.36789179e+00,-2.44178224e+00, 2.86353159e+00,
  -4.41573441e-01,-4.32032973e-01, 1.38688600e+00,-2.60155320e+00,
   6.95764351e+00, 6.81855679e-01,-1.06572723e+01, 1.54986525e+00,
   1.77560061e-01, 3.91613388e+00,-2.00380468e+00,-6.21093750e+00,
  -9.98280621e+00,-1.06118822e+00,-1.48768604e-01,-4.14162397e+00,
  -4.37804985e+00, 4.19153243e-01, 3.05688071e+00,-1.20062530e+00,
  -1.79651775e+01, 1.36616170e+00,-1.49516463e+00, 3.13060260e+00,
  -2.19307572e-01,-1.70209813e+00, 9.68800247e-01, 1.95804858e+00,
  -9.85222757e-01, 7.12962532e+00,-5.38623869e-01, 4.40461683e+00,
  -2.31112576e+00, 2.59471297e+00, 2.05169296e+00,-6.69962168e-01,
   2.99975723e-01, 1.60536623e+00, 4.51506996e+00, 1.48729190e-01,
   4.41796064e-01,-2.51945138e+00,-2.20349860e+00, 1.37876720e+01,
   6.16406024e-01, 6.07597399e+00, 3.81542373e+00,-4.83204651e+00,
   2.91526198e+00, 5.50305080e+00, 1.95612931e+00,-2.55880213e+00},
 { 4.39894104e+00,-1.17870796e+00,-4.84159201e-01,-2.24469995e+00,
  -3.32177782e+00,-4.34925050e-01,-1.17978203e+00, 4.74421453e+00,
  -6.71453619e+00,-5.06729603e-01, 4.27128881e-01, 3.00165796e+00,
  -2.10833859e+00,-9.96323776e+00,-9.56687450e-01,-8.13149929e-01,
   5.31158566e-01, 2.21748948e+00,-2.45009065e-01, 8.57095599e-01,
   1.23158340e+01,-5.48292351e+00,-2.11059046e+00, 1.73763990e-01,
  -8.07398558e-01,-3.63905406e+00,-9.10779238e-01, 4.89525795e+00,
  -1.65275216e+00,-1.03911489e-01, 3.21397305e+00,-3.24704677e-01,
  -2.75083017e+00, 3.38610148e+00,-6.34752750e-01,-3.76122069e+00,
   2.07642078e+00,-2.68762946e+00,-4.44594622e+00, 4.86614227e-01,
   2.33594227e+00,-2.24702859e+00,-3.85272360e+00,-1.37134686e-01,
   8.23429465e-01,-5.32560492e+00, 3.16080242e-01,-8.68187845e-01,
  -4.33157057e-01,-1.00071597e+00,-2.07899642e+00,-3.53419685e+00,
  -1.45417347e+01,-1.68521404e+00,-4.67517233e+00,-1.89435494e+00,
  -5.29074001e+00, 3.48000288e+00, 4.64342451e+00,-4.05192792e-01,
  -3.22910738e+00,-4.39018440e+00, 1.69054675e+00,-2.61691451e+00,
   2.02672958e+00,-5.60489845e+00,-1.22342324e+00,-3.42734098e+00,
   3.36629182e-01,-3.96137810e+00,-4.57949638e+00,-2.72873473e+00,
  -3.37096190e+00, 2.88460588e+00,-5.79352155e-02, 3.75215578e+00,
  -1.18498397e+00, 8.17620218e-01, 3.59690547e+00,-1.98768687e+00,
   1.71095335e+00, 6.68599129e-01,-1.58748031e+00, 1.72379017e+00,
  -2.13695836e+00, 1.35682762e+00,-1.32601750e+00,-5.48101723e-01,
   7.88787782e-01,-9.05149341e-01, 2.86124492e+00,-2.30900359e+00,
  -3.90085840e+00,-2.95127273e+00, 4.30228758e+00, 2.26104045e+00,
  -1.00442791e+00, 2.87026572e+00,-1.53595722e+00,-1.89805756e+01,
  -2.93447065e+00,-4.36164236e+00, 7.44178343e+00, 2.84441423e+00,
  -1.55602944e+00, 1.62132129e-01,-5.32696295e+00,-6.99012518e+00,
   2.39070868e+00, 3.76375365e+00, 6.82772160e+00, 3.76880383e+00,
   7.07708776e-01, 1.12419283e+00,-3.78219008e-01,-1.30240485e-01,
  -9.84561157e+00,-1.34396191e+01,-7.27991223e-01, 9.06014252e+00,
   5.47990859e-01, 1.95387995e+00, 2.64100814e+00,-1.29437017e+00,
  -8.66549301e+00, 3.61763072e+00, 3.57362914e+00, 6.86639622e-02},
 {-4.65852953e-02,-8.46351981e-02,-6.24702796e-02,-9.93346348e-02,
  -9.15337279e-02,-1.96006969e-02,-2.43603289e-02,-1.23166293e-01,
   8.44229385e-03, 1.56248352e-02, 6.29198626e-02, 2.00355463e-02,
  -1.04419909e-01,-5.85282631e-02,-1.21760473e-01,-8.37840233e-03,
  -5.12982300e-03,-4.00949977e-02, 3.23519297e-02,-2.28435360e-02,
  -9.99916419e-02, 2.04903223e-02,-3.99980582e-02,-2.05946919e-02,
  -8.61738771e-02,-6.35037646e-02,-1.90451778e-02, 1.57508045e-03,
   9.89204645e-03,-1.56459827e-02, 5.52879320e-03,-3.01466137e-03,
   6.28101826e-03,-8.71531144e-02, 2.19195057e-02,-9.18917507e-02,
  -5.66909611e-02, 2.74534095e-02,-1.42454216e-03,-5.84366657e-02,
  -1.22599695e-02,-9.36178863e-02,-2.93983631e-02, 1.79612674e-02,
  -5.81053225e-03,-1.22144453e-01,-1.03207834e-01,-3.19601339e-03,
  -6.71722665e-02, 3.93309677e-03, 2.50154417e-02,-3.78335565e-02,
  -6.08139820e-02,-9.67260674e-02, 2.94965599e-03, 2.35901065e-02,
  -5.41568436e-02,-1.16766520e-01,-1.20418817e-01,-1.54110556e-02,
  -4.20377031e-02,-6.73034340e-02,-9.75452885e-02,-6.99511170e-02,
   7.89205078e-03, 2.69736769e-03,-9.39196274e-02,-9.60957780e-02,
  -1.44216523e-01, 3.19403480e-03,-4.43834588e-02,-4.16723639e-02,
  -3.84874828e-02,-1.41509786e-01,-1.07280873e-01,-1.20109797e-01,
  -8.12704265e-02, 1.22507103e-03,-1.31883487e-01,-3.91510390e-02,
  -5.23362681e-02, 7.09684566e-02,-7.24957138e-02, 5.16588576e-02,
  -1.35108739e-01,-1.13527752e-01,-1.67687726e-03,-6.16656244e-02,
  -1.08691084e-03,-1.14360355e-01, 2.93152705e-02, 3.14253643e-02,
  -3.10707968e-02,-4.98202741e-02, 5.09163328e-02, 4.01557051e-02,
  -1.49624482e-01,-2.96241120e-02,-9.67408568e-02, 9.55077354e-03,
  -5.07334769e-02,-2.72689816e-02,-6.94286600e-02,-6.94935098e-02,
  -3.84690426e-02, 4.38030474e-02,-5.89978620e-02,-3.50428633e-02,
   4.90814112e-02, 2.15111244e-02,-4.05936167e-02, 1.94052607e-02,
  -1.28884306e-02, 2.66263355e-02,-2.19200160e-02,-1.02662601e-01,
  -9.66209397e-02,-1.09608797e-02,-2.08078069e-03,-1.41845971e-01,
   4.34037820e-02,-1.04146861e-01, 2.66511068e-02, 5.45700304e-02,
  -7.09206390e-04,-3.90493348e-02,-7.73413479e-03,-6.74023852e-02},
 {-7.02842176e-02, 1.34463590e-02,-2.54519463e+00,-6.91150352e-02,
  -8.66622031e-01,-5.80992341e-01,-3.04511160e-01, 7.08537757e-01,
  -3.51039320e-02,-4.39804047e-01,-2.80780315e+00,-3.79429013e-02,
   3.24266851e-02,-1.90280244e-01,-3.06865621e+00,-1.94834441e-01,
  -2.32759190e+00,-2.06813946e-01, 2.47629118e+00, 3.88365436e+00,
   5.77920415e-02, 1.03924494e+01, 1.90843594e+00,-2.97425508e+00,
   2.81245661e+00, 4.00430346e+00, 2.07828188e+00,-8.96992016e+00,
  -1.21085979e-01, 1.25729874e-01, 1.31474972e-01, 2.77393866e+00,
  -3.77553031e-02,-2.09202275e-01,-1.02230668e-01, 6.06294833e-02,
   7.55185336e-02, 1.47537336e-01, 1.73752289e-02,-3.10969448e+00,
   2.47384444e-01, 6.19793646e-02, 1.67294014e+00, 1.46512285e-01,
  -5.15870750e-01,-3.37384306e-02, 8.79407215e+00, 4.15560484e+00,
   1.47269583e+00, 3.56285870e-02, 6.03263330e+00, 1.71505921e-02,
  -4.76942696e-02,-2.70181954e-01,-9.55054015e-02, 2.83549968e-02,
   4.25794315e+00, 3.69135118e+00,-1.75054714e-01, 8.10155773e+00,
   2.24496216e-01,-3.81191015e-01,-3.11379015e-01,-1.18240201e+00,
   6.15533702e-02,-5.86604588e-02, 3.67604755e-02, 6.82823211e-02,
  -5.23990154e-01, 1.09453142e+00, 8.29507351e+00, 1.68975309e-01,
   8.00829157e-02, 9.45206136e-02, 4.19646740e-01,-1.36378794e+01,
  -3.50239351e-02, 3.73122126e-01,-2.49125576e+00,-2.91310661e-02,
  -5.35390329e+00, 4.38881111e+00,-1.62464697e-02, 2.81993896e-01,
   1.20915249e-01,-1.19824553e+01,-7.29207134e+00,-9.72645092e+00,
   4.80054855e+00, 1.70547593e+00,-7.59783946e-03,-1.54564276e-01,
   2.79672146e+00, 6.32716343e-02, 3.02974224e-01, 1.91720009e+00,
   2.74919057e+00, 1.70435190e-01, 1.20958403e-01, 9.54579890e-01,
   3.56416345e-01,-1.69406622e-03,-2.16823146e-01,-2.34441981e-01,
  -7.55345076e-02, 5.54318285e+00,-3.23690206e-01,-5.14773369e-01,
  -1.40240693e+00,-2.64463067e-01,-2.33932845e-02, 1.45191342e-01,
   8.80341697e-03, 7.70350248e-02,-2.72674537e+00,-5.21503782e+00,
   2.42712188e+00, 4.16276902e-01, 5.44038489e-02,-8.19442607e-03,
  -1.58009362e+00,-2.11902499e+00,-9.32649612e+00, 7.54233551e+00,
   6.61135852e-01,-3.25904131e+00, 1.16757274e+00,-2.72728115e-01},
 {-7.65791237e-02,-1.13966770e-01,-4.25596461e-02,-3.70933861e-02,
  -7.44471475e-02,-7.30332499e-03,-6.65459558e-02,-1.44387826e-01,
  -3.03185992e-02,-6.66185766e-02,-6.43889010e-02,-5.46155274e-02,
  -1.15634866e-01,-3.11835557e-02,-1.27478123e-01,-4.13543433e-02,
  -8.99309963e-02,-1.16144039e-01,-8.06326121e-02,-6.28584996e-02,
   6.64080307e-02,-1.31313458e-01,-4.03182432e-02,-2.55314391e-02,
   1.16067827e-02,-8.77092928e-02,-8.43615979e-02,-8.63403305e-02,
  -4.25285660e-02,-1.72749326e-01,-1.50192231e-01,-5.06887324e-02,
  -1.13434047e-01,-4.48424816e-02,-4.83205281e-02, 1.99950114e-03,
  -4.69610514e-03,-1.55430092e-02,-8.50117591e-04,-1.08530685e-01,
  -1.39931262e-01, 1.92043297e-02,-7.63225183e-02,-5.86279444e-02,
  -2.16465201e-02,-7.83098768e-03,-2.82236394e-02,-9.05549452e-02,
  -7.56251216e-02,-9.49157923e-02,-4.07065861e-02,-2.44392548e-03,
   3.46450768e-02,-3.48765738e-02,-4.26057950e-02,-1.30099813e-02,
  -4.57028300e-02,-8.21380466e-02,-9.52065215e-02,-2.16323286e-02,
  -8.75478387e-02,-1.09084425e-02,-2.39982884e-02,-1.39160408e-02,
   6.83349231e-03,-4.29906212e-02,-9.52170044e-02,-1.94327384e-02,
  -4.20852602e-02, 5.73912114e-02,-2.52097100e-03, 4.08101417e-02,
   8.85601807e-03,-9.26882476e-02,-5.75902238e-02,-7.71179497e-02,
  -3.55616920e-02, 2.98844613e-02,-1.01624355e-01,-1.20495267e-01,
  -1.24450527e-01,-1.50546385e-02,-5.25627621e-02,-1.04441181e-01,
  -7.42100477e-02, 8.73593688e-02,-1.13203125e-02,-7.14936778e-02,
  -2.65761446e-02, 5.65426573e-02,-9.65947956e-02,-9.38861631e-03,
  -5.34574687e-02,-2.22470146e-02, 8.78200494e-03,-3.41859385e-02,
  -5.48396520e-02,-1.04834549e-02,-1.28865734e-01,-7.68029466e-02,
   5.04957652e-03,-8.91286656e-02,-4.98782322e-02,-1.32518634e-01,
  -5.18369861e-02,-7.78452531e-02,-7.00042844e-02, 6.45864829e-02,
   6.82045370e-02,-1.10517135e-02,-6.49053156e-02,-1.30399048e-01,
  -9.49978754e-02,-1.41826361e-01,-5.46557158e-02,-3.07096317e-02,
  -5.78858145e-02, 1.16929278e-01,-1.43042818e-01,-7.21593052e-02,
   1.16203623e-02,-1.01611726e-01,-7.05617107e-03,-4.65405956e-02,
  -7.41456300e-02,-1.50571289e-02,-2.40632147e-02,-3.17117572e-02},
 { 4.78198916e-01,-2.92735081e-02,-3.13170403e-01, 2.39913747e-01,
   1.79543865e+00,-5.91778755e+00, 1.07461594e-01,-3.18601727e+00,
  -5.90802729e-02,-9.04932857e-01, 1.34596980e+00, 2.10132390e-01,
  -4.14724201e-01, 8.72909546e-01,-2.13086200e+00, 4.46674967e+00,
  -2.58673453e+00, 5.72047591e-01, 1.28442585e+00,-1.58997849e-01,
   2.39874065e-01,-9.67238247e-01,-1.20848727e+00,-1.39856601e+00,
  -3.06712132e+01,-4.22763020e-01, 2.24972844e+00, 7.82760605e-02,
   3.99976745e-02,-6.96675897e-01, 1.00948358e+00,-2.06413746e+00,
  -2.15820980e+00, 1.09375918e+00,-9.29292619e-01, 7.90577352e-01,
  -3.18090725e+00, 5.66284359e-01,-1.58447206e+00, 2.78647709e+00,
  -2.24437428e+00, 5.85867167e-01,-2.17618394e+00,-1.01604509e+00,
  -5.62965488e+00,-4.82513517e-01, 5.87359524e+00,-4.09097147e+00,
   8.90116572e-01, 3.95320106e+00,-3.08614969e+00, 4.12665829e-02,
  -3.01265860e+00,-2.30542421e+00,-7.27252424e-01, 2.76778311e-01,
  -6.31915092e+00, 2.47724271e+00, 4.60872054e-01,-3.32734799e+00,
   5.70896327e-01, 1.12208448e-01, 1.12333059e+00,-2.74144697e+00,
  -1.50947675e-01,-4.87927273e-02,-1.85255527e-01,-5.09072006e-01,
   3.75198627e+00, 4.52138931e-01,-2.93117976e+00,-1.49038136e-01,
   4.37055081e-01,-3.70423019e-01,-2.57169509e+00, 4.32181883e+00,
  -2.21477062e-01, 7.21286476e-01, 4.47170258e+00, 3.09158921e-01,
   1.70139897e+00,-1.39280093e+00, 6.65636778e-01,-1.92369640e-01,
  -1.47254944e-01, 3.40434861e+00,-1.80821848e+00,-1.45584145e+01,
   1.00258389e+01,-1.03771877e+00, 2.27349663e+00, 3.25143605e-01,
  -4.63663244e+00, 1.11976512e-01, 2.44502157e-01, 1.14272203e+01,
  -2.37194943e+00,-1.77283895e+00, 1.30645588e-01,-2.62083030e+00,
  -1.63667679e+00, 3.86571676e-01,-5.43869436e-01, 5.99222958e-01,
  -4.35768366e-01, 1.56282406e+01, 5.94115078e-01,-5.90584502e-02,
   2.38457039e-01, 1.39010751e+00, 7.02842653e-01,-6.61919340e-02,
  -1.67611465e-01,-1.00787282e-01, 2.26976204e+00,-2.36233997e+00,
   5.24346209e+00,-6.61403611e-02, 2.34739676e-01,-9.20511067e-01,
   2.86025739e+00, 1.92085958e+00, 2.75177217e+00, 4.72446966e+00,
   6.08874500e-01,-2.97304988e+00, 3.11482608e-01,-3.04451561e+00},
 { 1.51849270e+00, 8.79908657e+00,-1.63216782e+00, 2.63591790e+00,
  -7.23502254e+00, 1.44206536e+00, 1.04523077e+01, 6.22049570e-01,
   2.01562333e+00, 3.33780766e-01,-2.36828184e+00,-1.07930117e+01,
  -7.09979415e-01,-5.79711008e+00, 6.37863111e+00,-5.05697584e+00,
  -1.90423541e-02,-1.82086983e+01,-3.19683456e+00,-4.36604917e-01,
  -5.67019987e+00, 3.45624089e+00, 6.89379871e-01, 1.07836768e-01,
   1.17869532e+00,-2.37265038e+00, 5.58044255e-01,-5.41333151e+00,
   4.31794852e-01,-1.13056784e+01,-1.06613386e+00, 1.32221651e+00,
   3.69331837e-01, 2.20521736e+00,-1.40573621e+00, 9.05509233e-01,
  -3.45410419e+00, 7.72648573e-01,-5.04597235e+00,-1.63242483e+00,
   1.20376730e+00, 3.78063536e+00, 2.08274746e+00,-2.84083605e+00,
  -6.73749387e-01,-1.06837090e+02, 1.79177389e-01,-1.01277280e+00,
   1.13296604e+00,-9.46001261e-02, 2.14997697e+00,-5.14100885e+00,
  -3.90614986e+00, 1.88766980e+00, 1.87878862e-01,-2.48659897e+00,
   3.35106063e+00,-1.58370823e-01, 3.43484831e+00, 2.23681474e+00,
  -1.13037348e+01, 1.65470562e+01, 3.13371253e+00, 1.44949901e+00,
   3.24789071e+00, 4.88303947e+00,-1.29736793e+00, 9.06314135e-01,
  -8.20481062e-01, 1.54877794e+00, 8.21458817e+00,-1.04920173e+00,
   2.21479580e-01,-4.10312325e-01,-2.21474385e+00,-2.02704382e+00,
  -5.28061986e-01, 2.63741660e+00,-1.63932776e+00,-1.24898052e+00,
  -1.52162528e+00, 1.84988630e+00, 1.19943511e+00,-3.66250944e+00,
  -2.46075511e+00,-3.57631159e+00, 1.16161692e+00,-7.82643914e-01,
  -4.66104776e-01, 6.95090055e-01, 7.55205202e+00,-1.29711699e+00,
   2.52100420e+00,-6.33972120e+00, 9.90200192e-02,-5.65013945e-01,
   6.36180115e+00, 8.97027552e-01,-9.73341274e+00,-1.70479069e+01,
   1.56055748e+00,-1.47207463e+00, 2.13238955e-01, 5.21890926e+00,
   5.70240259e-01, 3.99857926e+00,-4.48785639e+00,-4.57186043e-01,
   5.01432943e+00,-3.78456569e+00, 2.37187475e-01,-2.30969667e+00,
  -9.25650656e-01,-1.91743779e+00,-1.23547876e+00,-1.40708357e-01,
  -1.42225342e+01,-9.30086613e+00,-4.39007092e+00,-4.17586148e-01,
  -1.12489998e+00,-1.84909391e+00,-5.35364056e+00, 9.84110236e-01,
   1.19131660e+00,-8.63657176e-01, 6.33331394e+00, 9.71260667e-01},
 {-8.40435326e-01,-7.11777627e-01, 4.34383661e-01,-2.52860236e+00,
  -1.12834193e-01, 1.98551917e+00, 5.21485949e+00,-4.43908119e+00,
   5.13641417e-01, 4.77428138e-02,-1.49230587e+00,-4.22073030e+00,
  -3.94669962e+00,-8.05392265e+00, 2.10183334e+00, 1.83954760e-01,
  -2.31957301e-01, 2.01690698e+00, 3.68501973e+00,-1.70322227e+00,
   1.55190063e+00, 4.15584660e+00, 1.14509296e+00,-2.45721370e-01,
   9.24003005e-01, 5.19965515e-02, 1.09549367e+00,-3.82789707e+00,
   3.37518811e+00, 1.79034781e+00,-7.37234801e-02, 1.16994417e+00,
  -9.93532419e-01,-6.00686407e+00,-3.27020988e+01,-4.59676027e+00,
  -6.86601877e+00, 1.48618913e+00,-1.74339790e+01,-1.32398808e+00,
  -2.39136353e-01, 2.58665633e+00, 1.12147748e+00,-6.25346613e+00,
  -1.17839360e+00,-3.76438469e-01, 1.17275703e+00,-1.49131918e+00,
   6.62385523e-01, 1.93577677e-01, 2.17980218e+00,-1.31223240e+01,
  -1.25380561e-01,-7.60837317e+00,-3.65371590e+01,-3.77788216e-01,
   2.75789976e+00, 1.38813183e-01, 8.93516421e-01, 3.70621681e+00,
  -7.19690084e+00,-2.56555414e+00,-2.17182375e-02, 5.74406505e-01,
  -4.04165888e+00,-1.32333890e-01,-2.13659477e+00, 5.96955299e-01,
  -4.05074894e-01, 1.75243855e+01, 5.69844913e+00, 5.50056756e-01,
  -3.78255576e-01,-2.43780899e+00,-3.56517881e-01,-2.56238580e+00,
  -3.55391955e+00, 1.58606899e+00,-1.77887428e+00, 3.19725752e+00,
  -2.57653999e+00, 2.05381322e+00,-1.26271558e+00, 8.48369026e+00,
   6.66651070e-01,-2.84591389e+00, 5.74906409e-01,-4.94189650e-01,
   6.79946721e-01, 5.34297645e-01,-5.73680925e+00, 2.95663643e+00,
   1.94667506e+00, 3.74211597e+00, 5.69938803e+00, 4.72059250e-01,
  -1.59715261e+01,-5.01173019e-01, 2.14567018e+00,-8.05383778e+00,
  -2.57192039e+00,-6.88564396e+00,-3.98289466e+00, 1.60571611e+00,
   3.68662763e+00, 3.48103905e+00,-1.90764904e-01,-6.79236889e-01,
   1.59453011e+00,-3.84688520e+00,-9.01992083e-01, 7.56155729e-01,
   7.82403350e-02, 1.93211377e+00,-1.10065663e+00,-3.12222242e-01,
   1.38053741e+01, 1.32956433e+00, 3.35104847e+00, 7.75912583e-01,
  -1.08406508e+00,-1.26320553e+00,-4.48718166e+00, 4.16878283e-01,
   2.55394936e+00,-1.72182620e+00,-7.61334610e+00, 3.35444063e-01},
 {-4.02189589e+00, 9.13588777e-02,-8.07876205e+00, 1.22542031e-01,
   6.67956305e+00,-4.96133995e+00,-2.38458171e-01,-1.39143867e+01,
   5.93965626e+00,-3.05878043e-01,-2.69788671e+00,-1.91117144e+00,
  -2.75856705e+01, 1.56122017e+00, 1.13907843e+01, 3.07443678e-01,
  -1.76487911e+00,-6.18235588e+00,-3.67776794e+01,-1.40667617e+00,
  -3.07499909e+00, 9.34688282e+00, 1.75934538e-01,-5.36669970e-01,
  -6.39742762e-02,-2.85716496e+01, 9.14331019e-01,-1.22204268e+00,
   4.11107302e+00, 2.42347980e+00, 9.99720037e-01, 8.21657956e-01,
  -4.21545219e+00,-8.50136995e-01, 5.77352142e+00,-1.49599218e+00,
   6.28689623e+00,-3.03528190e+00, 1.65255368e+00,-2.10903621e+00,
   5.87738180e+00,-1.15035987e+00, 5.91047764e+00,-4.65889633e-01,
   4.31208313e-01,-2.26720013e-02, 2.77620983e+00, 5.36774826e+00,
  -5.51051617e-01, 5.02653301e-01, 5.41819906e+00, 1.31657209e+01,
   1.39637733e+00, 4.72162294e+00, 3.70250869e+00,-8.03573012e-01,
   3.69358754e+00,-1.42700970e+00, 7.08650064e+00, 3.94130135e+00,
   3.79892373e+00, 4.46968079e+00,-2.85066832e-02, 5.14343262e+00,
   4.31109238e+00,-3.01005936e+00,-3.69557858e-01,-8.88163388e-01,
  -1.11312761e+01, 4.84182239e-01, 4.84259272e+00,-1.24415421e+00,
  -1.94334662e+00,-5.87236691e+00,-1.75138927e+00,-4.10261154e+00,
  -5.76760650e-01, 1.20988381e+00,-7.29683304e+00, 1.74600959e+00,
  -3.55741596e+00,-3.28569484e+00, 4.71300316e+00, 7.96001911e-01,
   1.25490475e+00,-5.93833160e+00,-1.28699074e+01,-1.75358868e+00,
   2.05308986e+00, 7.23095000e-01,-1.36201894e+00, 7.36913323e-01,
   4.54719156e-01,-5.46657145e-01, 1.11579061e+00,-1.50038970e+00,
  -7.32869768e+00,-2.31640387e+00,-1.36853421e+00,-3.77088737e+00,
  -5.24600410e+00, 1.40834033e+00, 3.95882034e+00,-3.07616401e+00,
  -6.66831791e-01,-1.82762873e+00, 9.08343613e-01,-3.55464435e+00,
   1.46017895e+01, 5.31318426e-01, 1.70092487e+00, 1.79205203e+00,
  -5.25726497e-01, 2.44813919e+00, 4.47152734e-01,-3.63022757e+00,
  -5.31032133e+00, 8.14640331e+00, 1.13483025e-02,-7.43674660e+00,
  -1.99559700e+00,-4.78224802e+00,-5.65483236e+00, 2.89341712e+00,
   2.65063572e+00,-3.10372400e+00,-2.00090237e+01,-1.35471749e+00},
 { 4.20916605e+00,-1.38254094e+00,-4.88866997e+00,-1.71621367e-01,
  -3.43255305e+00,-6.16044569e+00,-1.50611863e-01,-2.60141158e+00,
   1.21678710e+00,-3.04050159e+00,-7.63854742e-01, 3.05355835e+00,
   9.35551286e-01,-5.08012295e-01, 5.59600878e+00, 2.73353004e+00,
  -5.79386652e-01,-4.55953032e-01,-1.73250237e+01,-1.97876728e+00,
  -4.41515207e+00, 5.27144575e+00, 2.67568648e-01, 1.63438940e+00,
  -1.39418721e-01,-8.60989451e-01, 1.52755094e+00,-1.04980350e+00,
   4.36897993e+00, 2.98736262e+00, 6.44252825e+00, 5.03036857e-01,
   3.50623667e-01, 2.22616172e+00, 1.61545694e+00, 3.40349174e+00,
  -2.59405689e+01,-1.58233213e+00, 6.48819160e+00,-2.17545581e+00,
  -1.34741676e+00, 1.63078034e+00, 3.75251579e+00, 5.47764254e+00,
   1.51670694e+00,-2.26843691e+00, 1.16123295e+00, 3.87263250e+00,
  -8.35212529e-01, 3.27303320e-01, 4.36057377e+00, 6.57027721e-01,
  -1.56719005e+00, 1.70467353e+00,-6.41790342e+00,-1.88485372e+00,
   2.42744994e+00,-3.85530323e-01, 6.34916115e+00, 3.67825723e+00,
  -9.62122917e+00,-1.07513447e+01,-2.71726638e-01, 1.90840781e+00,
  -1.00930226e+00, 6.87909269e+00, 5.77225804e-01, 2.23060775e+00,
  -4.91902649e-01,-1.50406909e+00, 4.38242340e+00,-3.09263420e+00,
   8.87984574e-01,-4.85688210e+00, 1.21905661e+00,-3.98022699e+00,
   6.14762485e-01,-8.61054242e-01,-6.27234077e+00,-4.82923174e+00,
  -1.76274228e+00,-1.36272402e+01, 6.34046650e+00,-2.44697595e+00,
   6.93116665e+00,-4.26847792e+00, 3.25967956e+00,-1.82820070e+00,
   5.03685665e+00, 3.89995962e-01, 1.07458425e+00,-1.74138737e+00,
   1.24488068e+00,-1.08615994e+00,-2.93083048e+00, 1.18893214e-01,
  -2.29407892e-01, 1.36783542e-02,-1.81113315e+00,-1.56138885e+00,
  -2.02484035e+00,-5.18641651e-01, 9.72874939e-01, 3.15556121e+00,
  -6.94033623e-01,-4.66948509e-01,-1.47618985e+00,-9.71881747e-02,
   7.45266438e+00,-8.40157151e-01, 1.63512135e+00,-1.35052407e+00,
  -3.87490876e-02, 5.29103220e-01, 1.72957730e+00,-4.96490097e+00,
   8.49267864e+00,-1.37718487e+01,-9.66348350e-01,-3.01788473e+00,
  -2.04999304e+00,-1.68335366e+00,-3.08842158e+00, 1.69919717e+00,
   8.17884564e-01,-2.66477489e+00,-4.53944540e+00,-1.15402114e+00},
 { 3.84823114e-01,-2.42027685e-01,-2.24785519e+01,-3.55981231e-01,
  -1.82083476e+00,-1.72902441e+00,-8.75450909e-01, 4.28930044e+00,
  -7.33996630e-02, 2.76795387e+00,-4.54438591e+00,-8.56719553e-01,
  -4.05157894e-01,-5.26004732e-01, 4.78101492e+00,-5.18974304e+00,
  -1.21247447e+00,-1.82706177e+00,-9.16533291e-01, 2.14839458e+00,
   1.48394442e+00, 9.18690109e+00, 1.88720763e+00, 2.01999640e+00,
   2.42004395e+00,-8.36929703e+00,-8.46587896e-01,-5.04764843e+00,
   1.51834086e-01, 7.34689981e-02, 7.00858116e-01,-5.31150877e-01,
  -1.85661602e+00,-3.34327608e-01,-3.57624978e-01,-5.61863147e-02,
  -1.06534719e-01, 2.17408955e-01,-1.43016243e+00,-2.34913135e+00,
   1.72027335e-01, 4.92857039e-01, 3.19463181e+00,-9.69041586e-01,
  -3.58144403e+00, 1.62880465e-01, 3.80539536e-01,-3.04163504e+00,
   1.13830566e+00, 3.92916590e-01, 5.44206047e+00,-8.88200462e-01,
   3.01893234e-01,-1.12920010e+00,-3.52644473e-01, 4.51353520e-01,
   7.88293123e+00,-4.67213821e+00,-6.21288478e-01,-1.27197707e+00,
   7.23926052e-02,-9.72238660e-01,-1.99983692e+00, 2.74419451e+00,
   4.30913895e-01,-8.96776080e-01,-6.35876060e-02,-7.45108724e-02,
  -1.27918875e+00, 1.49241829e+00, 7.95294333e+00,-3.32331389e-01,
   3.87262613e-01,-2.60378979e-02,-7.25473821e-01,-5.42885542e+00,
  -1.29670531e-01, 7.06607521e-01,-3.94159698e+00, 2.54022092e-01,
   8.79561329e+00, 1.02753716e+01, 3.60350549e-01, 1.19750524e+00,
  -5.05508482e-01,-4.49455309e+00, 4.04439926e+00, 2.38920391e-01,
   8.97392654e+00, 2.74025083e+00,-1.27719864e-01, 2.95404106e-01,
   3.79573178e+00, 2.89661944e-01, 2.48463064e-01, 1.37819684e+00,
  -6.45704556e+00, 1.02064562e+00, 1.24907851e-01, 1.27630210e+00,
   3.47630143e-01,-5.28311133e-01, 2.41739288e-01,-1.49198890e-01,
  -2.58937597e-01, 5.82352829e+00,-1.65501249e+00,-4.79292917e+00,
  -9.81369317e-01,-1.31172991e+01, 9.19791937e-01,-4.70188484e-02,
  -4.99501489e-02, 3.10862124e-01,-5.12305546e+00,-2.65013409e+00,
   4.14678574e+00,-5.79654276e-01, 2.43548036e-01,-3.56140524e-01,
  -2.65284014e+00,-3.63836265e+00,-8.84253025e+00,-2.27811217e+00,
   1.69440910e-01,-6.17282343e+00, 8.15982282e-01,-3.00641716e-01},
 {-1.57045865e+00, 3.18179464e+00,-7.16939831e+00, 1.27405941e+00,
  -3.11234903e+00,-3.86036366e-01, 2.65213299e+00, 7.27631032e-01,
   3.28361821e+00,-2.20544338e+00,-3.74941111e-01,-2.76439905e+00,
   2.96216679e+00,-3.47504640e+00,-3.60932255e+00, 5.95600033e+00,
  -5.05309439e+00,-4.01461697e+00,-6.70617294e+00, 3.94853383e-01,
   3.45327210e+00, 7.18887424e+00,-1.82324314e+00, 6.60097241e-01,
  -3.55698242e+01,-8.77479315e-01, 9.26619053e+00, 4.54914379e+00,
  -4.16029549e+00,-3.38180614e+00, 5.91978741e+00, 5.99712515e+00,
   2.64877319e+00, 5.37275887e+00,-3.65815997e+00,-2.24918842e+00,
   5.09171963e+00, 3.20131826e+00,-2.94054341e+00,-2.44395638e+00,
  -1.36199391e+00, 5.86246729e-01,-1.47894871e+00,-2.31341004e+00,
  -8.86286676e-01,-3.23397183e+00, 4.62260008e+00, 5.10209370e+00,
  -6.75504208e+00, 1.52604179e+01, 3.65643948e-01,-5.33136940e+00,
   1.22556436e+00, 2.43472338e+00,-1.07642698e+00, 1.18128216e+00,
  -2.29221964e+00, 1.04524565e+01,-6.77018225e-01, 6.68126202e+00,
   8.45856488e-01,-2.66465521e+00,-1.09748101e+00,-1.65219383e+01,
  -2.31985950e+00, 1.28526318e+00,-8.79719928e-02, 9.63022232e+00,
  -4.86873269e-01,-7.80155838e-01, 3.80912352e+00, 1.57751155e+00,
   8.73238373e+00,-3.66840124e+00,-7.01527476e-01,-2.90106320e+00,
  -1.10971344e+00, 1.55813479e+00, 3.67507720e+00, 2.02870727e+00,
  -8.52818012e+00,-1.30221009e-01, 3.44298482e+00, 3.86975676e-01,
  -2.60246205e+00, 2.34367847e+00,-5.68195820e+00,-1.07655132e+00,
   9.24155807e+00,-5.98320913e+00, 9.59875584e-02, 6.19038194e-02,
  -8.82468224e+00, 1.43340564e+00,-4.04282522e+00,-2.14580703e+00,
   3.22116017e+00, 2.87645388e+00, 2.02205753e+00,-4.11393547e+00,
  -2.47545624e+00,-5.79596579e-01, 2.37674311e-01, 9.78068411e-01,
   1.72291756e+00, 1.94136727e+00,-2.32449889e+00,-8.66878796e+00,
  -7.18956375e+00, 8.46417618e+00, 9.02931094e-01, 1.02216370e-01,
   3.41549632e-04,-2.41003232e-03, 9.85237408e+00,-3.74800801e+00,
   3.20686316e+00, 1.08750689e+00, 2.33025223e-01,-7.96079683e+00,
   3.38726401e+00, 1.04516459e+01,-3.77550393e-01,-2.09781647e+00,
   3.22626781e+00,-4.07976389e+00,-4.97217923e-01,-5.45889091e+00},
 {-1.73695505e-01,-1.93848240e+00, 5.33323956e+00, 1.08107698e+00,
  -7.14688635e+00, 1.76126754e+00, 3.09716010e+00,-1.03978758e+01,
  -5.85428810e+00, 1.32844651e+00,-2.46578264e+00, 3.71841741e+00,
  -1.75429606e+00, 1.28308862e-01, 4.49845409e+00,-2.49235344e+00,
   5.59903324e-01, 4.36327219e-01,-5.88099599e-01,-4.02560532e-01,
  -7.27771044e+00, 3.52028251e+00, 4.94044006e-01, 2.86308140e-01,
   2.61345267e+00,-8.15373707e+00,-2.70638776e+00,-9.28921509e+00,
  -3.86248541e+00, 4.70505333e+00, 2.78508496e+00, 1.20530939e+00,
  -2.83087730e-01, 3.07070398e+00,-3.95221651e-01,-1.23529196e+00,
   3.58977199e+00, 2.29455757e+00,-1.89799714e+00,-2.75301242e+00,
  -1.62417126e+01,-7.00213099e+00, 5.35885715e+00, 1.72227776e+00,
  -5.21449745e-01,-2.67159963e+00,-1.16082144e+00, 1.49969324e-01,
   1.68928766e+00,-4.21566010e-01, 1.29396296e+00,-3.17508245e+00,
   1.29339552e+00,-1.65008831e+00,-5.95877361e+00, 8.23627591e-01,
   1.36762106e+00,-1.83197808e+00,-3.35905910e-01,-1.67367864e+00,
  -4.36273289e+00, 1.16908193e+00,-8.98515701e-01, 4.40822887e+00,
   7.93320465e+00,-1.07691641e+01,-3.09372354e+00,-1.02844965e+00,
  -1.21678448e+00, 9.85553932e+00, 1.34481459e+01,-5.52343309e-01,
  -2.61093044e+00, 4.45416498e+00, 6.34863663e+00, 1.48258716e-01,
  -2.19244528e+00, 8.02868307e-01,-2.35534382e+00,-9.84254420e-01,
   2.63875771e+00, 3.25370359e+00, 4.67066288e+00,-3.69030505e-01,
   7.53893793e-01,-5.80947876e+00, 2.18997312e+00,-1.77021837e+00,
  -3.53387022e+00, 9.86713827e-01,-6.42700958e+00,-2.53545451e+00,
   5.91199446e+00,-1.89927530e+00, 1.20539494e+01,-1.36234367e+00,
  -2.06312567e-01, 1.41160607e+00, 3.03623486e+00, 4.56868362e+00,
   1.35384953e+00,-3.92155504e+00, 1.98302877e+00, 5.57994890e+00,
   4.75487232e-01, 8.24612808e+00,-3.21950221e+00, 5.42342997e+00,
  -2.51632643e+00,-4.78755951e+00, 7.23226690e+00,-2.01945066e+00,
  -6.48696899e-01, 3.12485790e+00,-3.52063203e+00, 7.61272252e-01,
   4.93642616e+00,-3.17689252e+00, 2.75588918e+00, 2.10893774e+00,
  -1.92451525e+00,-3.82160950e+00,-1.15478573e+01, 7.85848796e-01,
   1.88500381e+00,-9.71010700e-02, 8.06962192e-01, 2.56516504e+00},
 { 5.18863089e-02,-2.80214055e-03,-5.15132472e-02, 6.59531504e-02,
   4.70797643e-02,-1.06617734e-01,-1.12133674e-01,-8.75691250e-02,
  -7.74323195e-02,-1.12940148e-01, 7.46060535e-02,-2.86204778e-02,
   6.75810501e-03,-6.40678331e-02,-1.27930209e-01, 2.66643818e-02,
  -1.41060827e-02,-5.45254014e-02,-6.84455261e-02,-3.51820067e-02,
  -2.07776800e-01, 5.03553264e-02,-1.83817018e-02,-2.96491478e-02,
  -5.03557688e-03, 3.15594710e-02,-1.29996836e-01,-1.38246179e-01,
  -4.63082232e-02,-1.40366452e-02,-3.10647972e-02,-2.69109942e-03,
  -9.28229839e-03,-2.60463059e-02, 4.07825075e-02,-5.89946397e-02,
  -3.60571854e-02,-1.13326721e-01,-8.88477340e-02,-1.22166127e-01,
  -3.89048993e-03, 2.05600634e-02, 2.15869974e-02,-7.09366724e-02,
  -5.71531951e-02,-7.87119418e-02,-4.67849933e-02,-1.18682869e-01,
  -1.71039581e-01,-5.04080579e-02,-6.25061095e-02,-3.05420849e-02,
  -6.12200610e-02, 7.18932552e-03,-1.08772397e-01,-7.74402767e-02,
  -1.22201547e-01,-1.05902523e-01,-1.59256551e-02,-4.47247028e-02,
  -5.51395155e-02,-7.28375241e-02,-1.22879736e-01,-9.70962569e-02,
   7.46569410e-03,-1.38961077e-01,-9.13428888e-02, 1.16799260e-03,
  -6.89454423e-03,-8.89924541e-02,-2.27846410e-02,-3.02228145e-02,
  -5.77722564e-02,-1.41453311e-01,-6.98541403e-02,-1.31637141e-01,
  -1.13131784e-01,-7.83250257e-02,-5.80182225e-02, 4.26030438e-03,
  -4.46544997e-02,-4.59200628e-02,-5.37221581e-02, 1.02247801e-02,
  -7.85624981e-02,-8.14773440e-02,-8.43108073e-02,-1.42702371e-01,
   6.16131071e-03,-1.84148088e-01,-9.60491598e-02,-7.37144500e-02,
   3.34087946e-02,-1.00276195e-01, 1.36403702e-02, 1.61089581e-02,
  -1.65710345e-01, 1.76464245e-02,-6.08998537e-02,-1.10212207e-01,
  -1.02338776e-01, 1.06180180e-02,-1.02895893e-01,-5.92023395e-02,
  -1.28398284e-01,-1.16269067e-01,-1.30341174e-02,-7.91177228e-02,
  -8.26109946e-02,-9.55991389e-04,-1.09070085e-01,-5.93590923e-02,
  -2.33875886e-02,-1.29471540e-01,-2.79836114e-02,-1.40866280e-01,
   7.27799430e-04,-2.31196824e-02,-4.56574187e-03,-1.13086067e-01,
  -7.74431452e-02,-2.63369326e-02,-1.54842157e-02,-5.73421270e-02,
  -1.48855925e-01,-9.82111841e-02,-9.72939655e-02, 2.51242444e-02},
 { 6.23470306e-01, 2.31305254e-03, 2.15036621e+01, 7.34923542e-01,
   2.51830411e+00,-9.03815174e+00, 8.49483013e-01,-1.07511377e+00,
   1.40901968e-01, 3.54858494e+00,-1.30245752e+01, 1.10006273e+00,
   4.49885219e-01,-9.43214774e-01, 5.15259695e+00,-5.71183014e+00,
  -3.17459524e-01, 9.35248077e-01, 1.86030000e-01,-9.28499103e-01,
   1.50644410e+00, 9.30113411e+00,-8.66900086e-01, 1.10712767e+00,
   3.16365457e+00,-2.88338137e+00, 8.24179351e-01,-8.76078320e+00,
   5.18758118e-01, 4.86625992e-02,-5.06264903e-02, 7.20459819e-01,
  -1.07311809e+00,-2.96663076e-01, 3.87598537e-02, 1.68291837e-01,
   9.14877415e-01,-1.61242723e+00,-2.05711150e+00,-3.49437976e+00,
  -1.81911480e+00, 3.57378781e-01, 1.49055386e+00,-1.20608215e+01,
  -1.79941750e+00,-1.73603952e+00, 9.13210392e-01, 2.34610057e+00,
   2.96050763e+00, 1.07158768e+00, 7.07014382e-01,-2.55739307e+00,
   1.74738288e-01, 1.64071929e+00,-2.81136721e-01,-1.27353227e+00,
   5.06672812e+00,-1.12695923e+01, 2.33471799e+00,-1.06359935e+00,
   9.67144728e-01,-1.57519072e-01, 3.21633935e-01, 8.87708783e-01,
  -1.84040332e+00, 1.00557220e+00, 3.27408195e-01,-7.73011446e-01,
   3.02249283e-01,-2.85298437e-01,-1.74242973e+01,-4.67918307e-01,
  -3.90673733e+00,-4.77541745e-01,-1.79599559e+00,-1.64209962e+00,
  -4.58024740e-01, 8.77676487e-01, 4.48110962e+00,-5.95030963e-01,
   4.95799541e+00, 1.66467571e+00, 1.67859447e+00,-1.79920226e-01,
   7.32185602e-01,-5.36329937e+00, 2.19486952e+00, 7.54759371e-01,
  -4.42890358e+00, 5.00285530e+00, 2.35675022e-01, 9.88445640e-01,
   1.22930110e+00,-8.61610949e-01, 5.74695528e-01, 4.41112995e-01,
   1.95331657e+00, 5.41541457e-01, 5.13422966e-01, 2.93461710e-01,
  -2.28507924e+00,-6.53263390e-01, 4.37946528e-01,-2.32001975e-01,
   1.49245811e+00, 4.09157038e+00,-3.80081534e-01,-1.53548980e+00,
  -7.86671019e+00,-2.75976992e+00, 6.17303848e-01, 9.01302278e-01,
   4.46100428e-04, 1.23388827e-01,-4.44753981e+00,-2.09757352e+00,
  -6.99791527e+00, 9.64828312e-01, 6.03103787e-02,-1.12056637e+00,
  -4.36580956e-01,-1.57077074e+00, 2.04588737e+01, 6.32437825e-01,
  -1.73845935e+00,-1.79100084e+00,-9.86710548e+00, 4.91709375e+00},
 { 8.21004987e-01, 4.37870711e-01,-1.88826263e-01, 9.97847319e-01,
   8.72150436e-02,-2.73566186e-01,-8.82125318e-01,-1.36305799e+01,
  -3.62854838e-01, 6.40688762e-02, 6.86343163e-02,-6.95492402e-02,
   2.27299595e+00,-2.84185201e-01, 1.05645135e-01,-1.21329509e-01,
  -5.68179414e-02, 3.12024634e-02, 2.76365399e-01,-7.98924565e-02,
   1.83746254e+00, 1.15196034e-01,-2.95156166e-02,-7.92002827e-02,
  -1.63846985e-02,-2.23967361e+00, 1.26337454e-01, 4.54152599e-02,
  -1.20072186e-01, 1.82149529e-01,-2.66197175e-01, 6.61141351e-02,
   2.05959007e-02,-1.45566627e-01,-4.44697533e+01,-4.56658937e-02,
  -4.81682873e+00, 7.15077937e-01, 1.86204210e-01,-3.25013399e-02,
   1.65446289e-03, 2.47285318e+00,-2.49080900e-02,-3.07983682e-02,
  -7.11521208e-02, 1.48106396e-01, 9.00992826e-02, 3.24716195e-02,
   9.99701489e-03,-8.38293694e-03,-4.70922776e-02,-9.17817876e-02,
  -5.35945669e-02, 2.91497052e-01,-1.55312624e+01,-1.54810980e-01,
  -1.20344169e-01, 2.31016532e-01,-1.09052777e-01, 5.62592708e-02,
   1.31593049e-01, 1.06232818e-02, 3.42710406e-01,-6.41758889e-02,
   9.64964092e-01, 2.26987943e-01,-4.33144236e+00,-1.83033332e-01,
   3.29820625e-02, 3.84768772e+00, 3.65691893e-02,-1.85349911e-01,
   5.70471324e-02, 1.21067919e-01,-3.72385770e-01, 3.57247368e-02,
   1.75828779e+00, 2.88209414e+00,-2.31063459e-02,-5.97709537e-01,
  -1.48936853e-01, 1.22545518e-01, 4.97398265e-02,-2.42689562e+00,
   8.10355961e-01,-7.69152567e-02, 1.13654360e-01,-1.16318993e-01,
   1.50844291e-01,-2.26075631e-02, 2.00874329e+00,-3.44560109e-02,
   1.07488045e-02,-2.05561280e+00,-4.66314812e+01, 7.98132643e-02,
   2.14299917e+00,-2.22221360e-01,-1.32446742e+00, 1.46076798e-01,
   1.37998760e-01,-1.45717764e+00, 6.88067734e-01,-4.02754116e+00,
  -7.38009095e-01,-9.01700109e-02,-1.00757450e-01, 4.33856323e-02,
   1.91235751e-01, 1.62554741e-01,-4.40521574e+00,-2.22419888e-01,
  -1.38238478e+00,-1.28229094e+00, 2.49825269e-02,-7.45418966e-02,
   3.12273443e-01, 9.92950797e-03,-1.15089691e+00, 2.85198372e-02,
   6.59611868e-03, 6.47502318e-02,-9.46356356e-02,-8.09986070e-02,
  -8.27446699e-01, 1.44216442e-03, 3.78857875e+00,-3.95117812e-02},
 { 2.92427516e+00, 1.92146346e-01, 3.08144760e+00, 1.00465512e+00,
  -1.17215471e+01,-2.73707414e+00, 1.84295952e+00, 1.02634726e+01,
   3.04772687e+00, 8.43480051e-01, 2.34122062e+00,-5.53870583e+00,
  -3.73568296e+00,-2.14699936e+00, 5.12145185e+00,-3.50752831e+00,
  -3.07289863e+00,-1.86717260e+00, 1.85980392e+00, 3.35466719e+00,
  -2.65970278e+00, 2.50326133e+00, 3.23415279e+00,-3.56930852e-01,
   1.63908064e+00,-2.53054214e+00, 9.09707129e-01,-6.92222500e+00,
  -8.08880985e-01, 4.95173857e-02, 1.08085549e+00, 4.06774616e+00,
  -7.29848027e-01, 1.50028241e+00,-6.35414886e+00,-5.32021236e+00,
   7.96811521e-01, 3.42957556e-01,-1.75096881e+00,-3.63120532e+00,
   2.75538421e+00, 7.50502110e-01, 2.62122512e+00, 2.70110995e-01,
   2.04833007e+00,-8.63353252e-01, 3.38297892e+00,-1.19598937e+00,
   7.73891568e-01, 1.20867980e+00, 2.93147278e+00, 1.96325088e+00,
  -7.85539091e-01, 1.10542774e+00,-5.96340322e+00,-2.80931264e-01,
   7.02630186e+00,-3.64540792e+00,-6.16834593e+00, 5.34256935e-01,
  -3.61619377e+00,-1.85023338e-01, 5.31114638e-01, 3.57358456e+00,
   2.78858232e+00,-3.53623796e+00,-2.63190478e-01,-4.93334579e+00,
   2.63854470e-02,-8.83657575e-01, 4.32741785e+00, 3.38606596e-01,
  -1.61764467e+00, 3.34550047e+00,-1.01352727e+00,-3.79435825e+00,
   5.45720160e-01, 1.41455519e+00,-3.41044307e+00,-1.82376730e+00,
   3.03268957e+00,-3.51823330e+00,-7.53135777e+00,-3.57920647e+00,
  -9.00385439e-01,-3.38578725e+00, 1.33913648e+00,-5.16466904e+00,
   5.03683901e+00, 1.09305799e-01,-1.88766444e+00,-5.06752110e+00,
   4.88831139e+00,-3.65935755e+00, 5.46727610e+00, 1.06776118e+00,
   9.46345711e+00, 4.40088463e+00,-5.34564435e-01, 1.14926844e+01,
   1.46585870e+00, 5.80554903e-01, 5.24629402e+00, 2.57282615e+00,
   2.28333521e+00, 5.34287834e+00,-3.91228229e-01,-1.87802601e+00,
   6.37819946e-01,-8.86311626e+00,-1.94069445e+00, 7.10166991e-01,
  -9.44986045e-02, 6.76813662e-01,-2.54935598e+00,-4.41326046e+00,
  -5.85827065e+00, 4.23233652e+00,-1.07631826e+00, 1.07530499e+01,
  -2.56203461e+00,-3.65177655e+00,-3.52676582e+00, 3.84229875e+00,
  -3.21107864e+00,-3.41727805e+00, 4.27200651e+00, 8.22316051e-01},
 {-2.75756335e+00, 3.29003906e+00,-3.35638714e+00, 2.91637182e+00,
  -1.24097977e+01, 6.50407672e-01,-4.32783356e+01,-2.06885195e+00,
  -1.27647848e+01,-6.19491875e-01,-1.01296566e-02, 7.94839084e-01,
  -3.80396175e+00,-1.15356874e+00, 4.18890285e+00,-9.50233269e+00,
   1.60863781e+00, 3.69446063e+00, 1.02099972e+01, 8.31646621e-01,
  -3.78513789e+00,-4.21107292e+00,-1.45869231e+00,-3.88709366e-01,
  -1.02929521e+00,-7.36937225e-01,-1.21408498e+00,-8.56265545e-01,
  -1.75209701e-01,-2.89862919e+00, 7.91292310e-01,-2.08811998e+00,
   2.59352952e-01, 8.69853497e+00,-3.17153275e-01, 4.66132015e-01,
  -2.66133904e-01, 3.85645360e-01,-7.05280378e-02, 1.03011978e+00,
  -2.75309925e+01, 2.83507991e+00,-9.41118658e-01, 7.99805343e-01,
   1.63353217e+00,-7.03935146e+00,-1.15725839e+00, 2.53737140e+00,
   1.13175020e-01, 5.13833344e-01,-2.82446289e+00,-4.88469362e-01,
  -4.64794731e+00, 2.55349994e+00,-5.44938385e-01,-4.80492830e+00,
  -3.43599272e+00, 6.52425766e+00, 8.01832676e+00,-2.23039389e+00,
  -6.32469654e+00,-1.04759097e+00, 3.07662010e-01,-1.39176047e+00,
  -7.21664381e+00,-1.22116547e+01,-2.04873633e+00,-8.32388878e-01,
   2.26541758e-01, 8.73619461e+00,-6.45459557e+00,-1.31157923e+00,
  -2.35700679e+00, 2.33719170e-01,-1.69832730e+00, 2.93940020e+00,
   6.48060441e-01, 1.21594512e+00, 2.86537194e+00, 1.22956902e-01,
  -1.72421086e+00, 1.27944911e+00,-1.53476489e+00, 8.05217087e-01,
  -5.08596611e+00,-1.42298424e+00,-6.15896404e-01, 2.12886310e+00,
  -1.01351857e+00,-1.03605855e+00, 1.05510235e+01,-2.66941857e+00,
  -2.38976145e+00,-9.31406975e+00, 5.42383850e-01,-7.37303674e-01,
   7.96898890e+00,-3.61757731e+00,-7.29158783e+00,-1.84012508e+00,
  -4.55333680e-01,-6.23470354e+00,-6.64359331e-01, 1.45974445e+00,
   9.23229992e-01, 3.47635055e+00,-1.25440598e+01,-2.33529682e+01,
  -8.60218811e+00, 5.07149792e+00, 4.25648510e-01,-9.46986794e-01,
  -3.30340028e-01,-3.90019923e-01, 1.15880191e+00,-2.36576766e-01,
  -6.10004044e+00,-2.00653934e+01,-3.94030261e+00, 2.82495427e+00,
   1.64859128e+00, 1.54975712e+00, 3.87156820e+00,-1.01986659e+00,
   3.28662968e+00, 3.72914886e+00, 1.62054291e+01, 2.60706246e-01},
 {-1.59275270e+00, 1.49541068e+00,-1.92553673e+01, 2.27116093e-01,
  -9.14582193e-01,-2.52719355e+00, 1.87947226e+00,-2.88010335e+00,
  -4.92027998e+00,-2.43982029e+00,-2.58345866e+00,-1.07813251e+00,
   7.04119265e-01, 1.66646326e+00,-3.34848523e+00, 6.40470266e+00,
  -8.07256997e-01,-5.46181500e-01, 6.54475069e+00, 3.47115779e+00,
   2.62610817e+00, 1.58273239e+01, 4.20336246e+00, 2.55965650e-01,
  -5.63720036e+00, 6.33474588e+00, 5.17836618e+00, 1.09166574e+00,
  -1.88104343e+00,-3.38877201e+00, 2.34547162e+00, 2.95050550e+00,
  -1.58329511e+00,-3.23733711e+00,-2.17053795e+00,-1.57590437e+00,
  -1.47739458e+00,-1.79951632e+00,-1.09451780e+01,-5.11933374e+00,
  -1.70284867e+00, 1.24748957e+00, 1.26375027e+01,-1.59602559e+00,
  -1.31660745e-01,-3.43962073e-01, 1.59582412e+00, 1.72715509e+00,
  -2.61159921e+00, 1.16904211e+01, 6.10580873e+00,-1.83471477e+00,
  -2.86861062e+00,-1.66180074e+00,-4.36938375e-01,-4.60143232e+00,
   6.81345892e+00, 2.32597423e+00,-2.92999125e+00, 4.61712408e+00,
   2.78385925e+00,-1.82307899e+00,-3.58329117e-01,-1.50953913e+01,
  -3.59528720e-01,-2.05920148e+00, 1.89152986e-01,-4.25261641e+00,
  -1.09119213e+00, 6.95304632e-01, 2.48949013e+01,-3.84751976e-01,
  -9.61301565e-01,-5.90421140e-01,-8.05047750e-01,-2.91507626e+00,
  -3.59816164e-01, 1.06710625e+00,-2.25559349e+01, 1.98673391e+00,
   4.55507755e+00, 2.99000359e+00,-3.81170034e+00,-1.65856922e+00,
  -2.52496767e+00, 7.49820352e-01,-7.54876041e+00,-6.69913340e+00,
   1.04180689e+01,-7.03436947e+00, 1.28623593e+00, 4.22343159e+00,
   1.13542557e+00, 2.10930443e+00,-2.39107776e+00,-1.21578169e+01,
   1.77883136e+00,-1.95119739e+00, 1.30752909e+00,-3.77864337e+00,
   2.22663179e-01, 1.06312549e+00,-8.17162633e-01,-6.22465849e-01,
   1.98663425e+00,-5.84452963e+00, 1.41323775e-01,-1.79455996e-01,
  -7.06131983e+00,-2.08819222e+00, 1.00037777e+00,-5.65078378e-01,
  -3.35966170e-01,-1.73465884e+00, 1.19729033e+01,-1.01775587e+00,
   1.46103239e+01,-2.75415063e+00,-9.84056950e-01,-3.45401263e+00,
  -6.70507908e+00,-9.08989143e+00,-1.90312786e+01,-2.94255763e-01,
  -1.51774859e+00,-8.29649448e+00, 1.79242134e+00,-7.22119331e+00}};

const float b2[sz_hid_2] = {-14.818899  ,  4.8104854 , -0.09730431,-11.507202  ,-19.083334  ,
 -16.43545   , -1.6748563 , -6.795987  ,  6.446978  ,  7.873391  ,
 -13.9806185 , -9.770433  ,  1.3370019 ,-15.731359  ,-11.107005  ,
  -0.1391562 ,  1.0184695 , -0.19939627, -5.216731  ,  7.459865  ,
  -8.106609  ,-18.98298   ,-13.419764  , -3.1703346 ,-17.385048  ,
 -20.470203  , -0.12889045,-18.354147  , 10.070049  ,-10.468251  ,
   3.2251503 ,  7.9032645 };

const float w3[sz_act][sz_hid_2] = {{-0.00503115, 0.07807906, 0.06792714, 0.00560978, 0.04087454, 0.11493482,
   0.07254262,-0.01406447,-0.00843924, 0.00705516,-0.10988624, 0.00206628,
  -0.01118967,-0.20482491, 0.01000834,-0.0184703 ,-0.09272405, 0.11049001,
   0.16154504, 0.0005233 , 0.01396941, 0.11479924, 0.14723831,-0.12854336,
   0.22233692,-0.00166346, 0.04232942, 0.15060005, 0.00177895,-0.13709223,
  -0.00183958,-0.3136282 },
 {-0.08219904, 0.00135135, 0.10947878,-0.08083057, 0.24488884,-0.00736422,
   0.0003897 , 0.0743618 ,-0.05434453,-0.06355822, 0.00485025,-0.10838473,
  -0.1563479 , 0.01955376, 0.21773818, 0.00368104, 0.00049824,-0.06506845,
   0.00208885, 0.10911557, 0.07440822,-0.00564439,-0.01490457,-0.00253424,
  -0.00588559,-0.16805144,-0.05213569, 0.00875819,-0.128317  , 0.01918525,
   0.08820455,-0.00369714}};

const float b3[sz_act] = {-0.04376297, 0.4795703 };

