const float w1[sz_hid_1][sz_obs] = {{-1.63618791e+00,-1.15367079e+00,-5.12346745e+00, 3.41031775e-02,
   7.32089579e-02,-1.22754738e-01, 6.42443609e+00,-1.40232220e-03,
   2.11010817e-02},
 {-1.55689958e-02, 9.76636540e-03,-6.38614357e-01,-2.30940223e+00,
  -3.21758866e+00, 7.60365129e-01,-2.59927921e-02, 2.96357751e+00,
  -1.06419325e-01},
 { 8.06771126e-03,-7.64114363e-03, 2.41183206e-01, 1.65103048e-01,
  -2.95882416e+00, 7.02964306e-01,-1.56532595e-04,-7.96169567e+00,
  -5.96453901e-03},
 {-2.02763476e-05,-1.10690193e-02,-1.42744360e-02,-1.07701623e+00,
   1.52624503e-01,-9.75016236e-01, 8.11364409e-03, 2.69863772e+00,
  -4.12597433e-02},
 { 3.81485857e-02,-3.64784827e-03,-7.16271222e-01, 3.22660446e+00,
   9.00700390e-01,-4.09445763e-01,-6.69310838e-02,-2.27577424e+00,
   2.84445477e+00},
 { 3.10915764e-02,-5.66390194e-02, 4.29259300e-01, 5.67244530e-01,
  -1.73207104e+00, 2.53836542e-01, 2.07307097e-02,-7.55855656e+00,
  -1.26255107e+00},
 { 2.23458216e-01, 1.53555095e+00,-5.18091774e+00,-1.53196514e-01,
  -3.34001221e-02, 1.21027172e-01, 5.75029469e+00,-8.44637826e-02,
  -1.25599876e-01},
 { 3.27239799e+00, 2.24016571e+00,-3.26808834e+00, 2.57080258e-03,
  -1.62558518e-02, 3.87240723e-02, 1.03775511e+01, 3.27638797e-02,
  -2.05785558e-02},
 { 2.00596526e-02,-4.27518606e+00, 5.23210382e+00,-3.21164802e-02,
  -4.31224816e-02, 2.88448818e-02,-8.48715115e+00, 1.90936271e-02,
  -5.28584756e-02},
 { 7.63710821e-03, 4.15532255e+00,-6.31114721e-01, 3.12184431e-02,
   3.62746082e-02, 1.71517596e-01,-9.36954439e-01,-3.14272270e-02,
   8.46288260e-03},
 { 3.51081276e-03, 7.28090620e-03,-4.87711653e-02,-6.63289011e-01,
  -2.54694152e+00,-5.21993995e-01,-2.91409291e-04, 5.02199268e+00,
  -1.16724353e-02},
 { 1.53567326e+00,-1.93053007e+00,-5.62801790e+00, 1.67969003e-01,
  -1.61853957e+00,-1.58973441e-01, 3.51122594e+00, 7.65989959e-01,
  -2.48506284e+00},
 { 1.00907702e-02, 4.01725899e-03,-2.70672351e-01, 2.45287824e+00,
  -4.19248879e-01, 7.74545717e+00, 1.95544045e-02,-6.50412560e+00,
   1.48621649e-02},
 { 3.09234643e+00, 3.04749012e+00,-3.06436372e+00,-4.17472348e-02,
  -2.83924881e-02,-6.41837105e-05, 9.31029034e+00, 1.14944736e-02,
  -3.15963924e-02},
 { 8.65980148e-01,-2.85163593e+00, 3.68609929e+00, 2.73914132e-02,
   6.65801438e-03,-5.31691387e-02,-7.03155279e+00,-2.28672296e-01,
  -1.07091563e-02},
 { 1.00575998e-01, 2.07856130e-02, 6.76410198e-01, 1.52777982e+00,
  -2.87671971e+00, 6.76091015e-01,-1.41343623e-01, 4.05328274e+00,
  -2.05024648e+00},
 { 3.47867124e-02, 6.98491512e-03, 5.90321636e+00,-2.05392823e-01,
  -3.46675873e+00, 1.81573391e+00,-1.27240017e-01, 4.20898676e-01,
  -2.99039149e+00},
 { 1.07546538e-01,-1.32725418e-01,-2.92771697e+00, 4.70716953e+00,
   7.07904249e-02,-1.82279301e+00,-6.05350807e-02, 7.23808861e+00,
   1.44719625e+00},
 {-1.69781590e+00,-1.03254128e+00, 2.67415309e+00, 3.58988456e-02,
  -4.34024073e-02, 5.99349067e-02,-3.40383530e+00, 1.37672573e-02,
  -8.26175697e-03},
 { 2.05350399e-01, 5.14933348e+00, 3.01467633e+00,-5.69219664e-02,
  -1.18197866e-01,-1.65206045e-02,-6.26555061e+00,-2.66929483e-03,
   1.79397687e-02},
 {-6.19474687e-02,-2.30781175e-02,-2.70518571e-01, 2.12466836e+00,
   8.66260886e-01,-1.01767874e+00,-8.36967528e-02,-3.82600808e+00,
  -3.67034745e+00},
 {-3.50454003e-02,-9.87386890e-03,-1.20589495e+00, 4.62573481e+00,
   6.18450284e-01, 7.34849989e-01,-4.89720958e-04,-1.48302644e-01,
  -2.62962031e+00},
 { 4.17261153e-01, 1.00957066e-01,-6.09164333e+00,-5.58915317e-01,
   4.88220739e+00, 1.48204410e+00, 1.19321227e+00,-1.06389984e-01,
  -1.20098686e+00},
 { 1.40902472e+00, 6.64259195e-01,-4.03210938e-01, 1.21380758e+00,
  -2.43112102e-01,-4.54248458e-01, 4.31137323e+00, 1.03896987e+00,
  -3.43861246e+00},
 {-4.43826051e-04, 3.73513140e-02, 7.62420177e-01,-1.77598846e+00,
  -6.07026875e-01,-2.95230937e+00, 3.64623517e-02, 8.98149967e-01,
   3.49122238e+00},
 {-5.98020060e-03, 1.26486355e-02, 3.75464249e+00, 3.50102639e+00,
   3.32084036e+00,-2.88738322e+00, 4.85509215e-03,-6.88289642e-01,
   1.90655947e+00},
 { 5.18764639e+00, 3.65999341e+00, 2.23409462e+00, 3.03699877e-02,
  -5.07321060e-02, 2.42329370e-02,-7.63469982e+00, 8.82299319e-02,
   7.55667612e-02},
 { 9.96392518e-02,-6.92162663e-02,-1.32148826e+00,-4.48982567e-02,
  -1.73130333e+00,-1.59791768e-01, 7.21583813e-02,-2.64814764e-01,
   3.46357417e+00},
 { 1.41306788e-01,-1.37468427e-01,-1.28819656e+01, 4.26909178e-02,
  -4.85987328e-02, 1.24758855e-02,-9.47820723e-01, 1.12333685e-01,
  -2.22716182e-01},
 { 1.10272015e-03, 8.23998917e-03, 6.43159032e-01, 1.08471334e+00,
   1.05630362e+00, 1.69706360e-01,-2.84680109e-02, 7.23891687e+00,
  -1.47239327e+00},
 { 1.36619613e-01, 1.14685483e-01, 2.66424060e+00, 2.51000643e+00,
  -4.70898819e+00,-2.51106381e+00, 2.78686266e-02, 3.03729773e-01,
  -2.85967803e+00},
 {-4.52375412e-01, 3.21426368e+00,-2.38886690e+00, 1.56433834e-03,
   2.24011410e-02,-2.59785373e-02, 7.28649378e+00, 1.57368612e-02,
   6.75766692e-02},
 { 2.21487379e+00, 4.23252678e+00, 2.51828194e+00,-1.67266473e-01,
  -4.88031954e-02,-3.81131247e-02,-3.34837866e+00, 4.81141694e-02,
  -3.02217543e-01},
 { 6.83070272e-02,-9.54773203e-02,-4.27391005e+00, 2.80009651e+00,
   3.34384412e-01,-6.08310580e-01, 1.82643667e-01, 1.90671456e+00,
   4.35131121e+00},
 {-1.66034345e-02, 2.73856167e-02, 1.61279945e+01,-2.40443442e-02,
  -2.07288545e-02,-3.12898047e-02, 1.93219408e-01,-8.40785056e-02,
   3.81438620e-02},
 {-2.93466030e-03,-1.00054191e-02,-3.03377230e-02,-2.95431077e-01,
  -1.13317680e+00,-4.14892733e-02,-2.18107887e-02,-1.63617826e+00,
   2.74678599e-02},
 { 3.50043140e-02,-9.28557143e-02,-6.79277062e-01,-8.79852831e-01,
   2.96386033e-01, 3.55972499e-01, 2.48572715e-02,-2.32624292e+00,
  -2.15129018e+00},
 { 5.04712621e-03, 2.42468081e-02, 4.43396252e-03, 2.38582230e+00,
   3.37299776e+00, 1.08465111e+00,-1.97041128e-02,-6.30490780e+00,
   5.90281514e-03},
 {-8.89724493e-03,-6.18425496e-02, 9.88257122e+00,-1.55662209e-01,
   8.96670938e-01, 7.52259076e-01, 1.04890749e-01, 9.09389198e-01,
  -3.83338356e+00},
 { 7.44168833e-02, 1.05748400e-01, 2.22669378e-01, 2.81565690e+00,
   3.92154098e+00,-1.08367860e+00,-8.44003484e-02,-7.95956515e-03,
  -1.96231663e+00},
 { 4.86889935e+00,-2.44746900e+00,-3.69602013e+00,-7.21585331e-03,
  -1.34991333e-02,-2.36531626e-02, 1.13758736e+01, 1.64464898e-02,
  -2.43341140e-02},
 {-2.98914332e-02,-2.13877618e-01, 2.13915896e+00,-1.54731607e+00,
   4.12044287e+00,-2.13945794e+00, 1.43369868e-01,-1.83072090e+00,
   2.54575872e+00},
 { 7.63229607e-03, 3.94410938e-02, 1.76281967e+01, 8.76420923e-03,
  -1.08393310e-02,-1.95709556e-01,-5.58593869e-02,-4.92275041e-03,
   6.24318654e-03},
 { 1.41208425e-01, 2.95917280e-02,-4.27965498e+00, 1.08828557e+00,
   2.89340901e+00, 4.42646325e-01, 5.00845388e-02,-3.60051084e+00,
  -3.19535375e+00},
 { 5.29423857e+00, 3.28264308e+00, 3.30377507e+00, 7.59020727e-03,
  -6.40886370e-03,-9.33152288e-02,-1.25656462e+01,-3.28274332e-02,
   1.22447632e-01},
 {-3.58864628e-02,-5.95159642e-02, 6.19978857e+00, 2.22545218e+00,
  -2.85720754e+00, 1.35455489e+00,-2.74023980e-01, 2.34381765e-01,
  -1.77834105e+00},
 { 8.30775797e-02, 1.11281477e-01, 3.90372634e+00,-1.34012961e+00,
  -1.40202332e+00, 3.55549157e-02,-1.39484823e-01,-2.28134847e+00,
  -3.99674487e+00},
 { 7.52567172e-01, 4.97302189e-02,-1.10350389e+01, 1.08205900e-01,
  -1.63186684e-01,-4.86653522e-02, 8.89834404e-01, 2.40750343e-01,
   1.03329696e-01},
 { 1.36498502e-02,-5.22182928e-03,-8.45668375e-01, 4.33467245e+00,
  -1.50553238e+00, 9.18753147e-01,-1.35821234e-02, 5.94767046e+00,
  -2.56945372e+00},
 {-4.30120182e+00,-3.25935411e+00,-1.16318130e+00, 4.75869365e-02,
   9.74523574e-02, 2.73427889e-02, 8.53927374e-01,-4.70629595e-02,
   1.16085345e-02},
 { 6.44131079e-02, 7.27651417e-02, 4.43457413e+00, 3.84839058e+00,
   5.31137362e-02, 1.24206769e+00,-6.43268675e-02,-2.40308809e+00,
   2.47100902e+00},
 {-1.05522382e+00,-5.84753323e+00,-1.29253840e+00,-2.85710692e-02,
   1.68969575e-02,-4.30316404e-02, 4.30184412e+00,-2.89444383e-02,
   5.41889109e-03},
 { 3.08691221e-03,-1.04046620e-01, 1.50070643e+00,-2.91697836e+00,
   6.18150711e-01, 2.09453297e+00, 1.27551794e-01,-1.56598926e+00,
  -5.49726677e+00},
 { 2.05197046e-03, 9.65169817e-03,-4.92375679e-02, 2.13550067e+00,
   1.89727485e+00,-1.85152185e+00,-1.68800578e-02, 8.63997555e+00,
   2.90279593e-02},
 { 3.94632530e+00,-1.45797050e+00,-7.46278763e-02, 1.06486507e-01,
  -3.63780223e-02, 1.26591437e-02, 8.21824074e+00, 3.98388691e-02,
  -8.36318359e-02},
 { 3.15439153e+00, 2.29294705e+00,-1.54834681e+01,-9.70533025e-03,
  -1.24927121e-03, 1.48936048e-01, 1.03391294e+01,-7.99034629e-03,
  -5.23821451e-02},
 { 3.03912544e+00, 1.67567158e+00,-2.56240797e+00, 2.45943535e-02,
   8.53717849e-02, 2.30474379e-02,-7.16402721e+00,-5.83039299e-02,
  -5.65611152e-03},
 {-1.55433845e-02,-7.94431008e-03, 3.35810304e+00,-1.17079355e-01,
   2.14839315e+00,-5.33651337e-02,-1.73195779e-01, 5.77097952e-01,
   5.54824924e+00},
 {-3.20556499e-02,-2.58115698e-02, 1.49717736e+00, 3.76760364e-01,
   1.46732903e+00,-2.45811164e-01,-1.01706237e-02, 7.25866604e+00,
   1.20231211e+00},
 {-1.34141054e-02,-6.40324056e-02, 4.28452586e-05,-4.29282665e-01,
   4.76822138e+00, 1.98862329e-01, 3.49906348e-02,-4.79606342e+00,
   3.51058394e-01},
 { 2.57341675e-02,-6.14163354e-02,-1.24415122e-01, 2.05287457e+00,
  -4.50980473e+00, 1.90906286e+00, 7.29319751e-02, 4.28040552e+00,
   1.74245620e+00},
 { 1.07220247e-01, 6.48666620e-02, 5.62114668e+00,-1.87177587e+00,
   6.83296025e-01,-5.81997514e-01,-1.97043329e-01,-1.74344647e+00,
   4.07786083e+00},
 { 5.13604355e+00,-6.61788523e-01, 1.06247580e+00, 7.71445557e-02,
  -1.75654247e-01,-4.00672406e-02,-5.81130028e+00, 1.17632069e-01,
  -1.63515151e-01},
 { 1.05974101e-01,-5.89477830e-02,-3.38504958e+00, 3.59154403e-01,
   1.75759721e+00,-2.48955727e-01,-4.26834449e-04, 1.19796956e+00,
  -2.96627808e+00},
 { 3.83908200e+00,-1.15612388e+00, 2.64591861e+00, 2.76071113e-02,
  -5.92859536e-02,-8.25270861e-02,-9.79924297e+00, 5.94882444e-02,
  -1.55037958e-02},
 { 8.57858267e-03,-4.85812314e-03,-7.33069181e-01, 3.83031654e+00,
  -1.02569902e+00, 1.75579381e+00, 7.27420952e-03,-1.00108461e+01,
   3.97221418e-03},
 {-4.44667526e-02,-2.11308571e-03, 1.58605134e+00,-2.65108132e+00,
   3.02016377e+00, 2.22767487e-01,-1.99342053e-02,-4.10906315e+00,
  -1.47855437e+00},
 {-4.52141538e-02, 6.61159232e-02, 1.07354715e-01, 1.11803591e+00,
   1.81051290e+00,-8.41987610e-01,-5.04428335e-02,-2.93945730e-01,
   2.41318798e+00},
 {-3.21136005e-02,-1.23478398e-02,-2.09669137e+00,-6.04870558e-01,
  -1.36781216e+00,-5.98627329e-01,-6.59513995e-02,-6.81383324e+00,
   1.41436183e+00},
 { 1.49290264e-01,-1.84256770e-02,-7.22506857e+00, 1.22224212e+00,
  -8.18974733e-01, 1.36883414e+00, 1.34463593e-01,-5.26660800e-01,
  -4.33253098e+00},
 { 4.73731184e+00, 8.39380622e-01,-3.55775404e+00, 9.01161358e-02,
   4.29640152e-02, 8.06068182e-02, 7.58550024e+00,-3.91403101e-02,
   3.77294496e-02},
 {-1.91782188e+00,-1.76991403e-01,-3.04100418e+00, 4.89563383e-02,
   6.66211620e-02,-1.14289634e-01, 3.85376430e+00, 1.15599949e-02,
  -1.51503114e-02},
 { 3.70569181e+00, 4.63386446e-01, 4.18842459e+00,-3.77545416e-01,
   5.57268923e-03, 4.81966704e-01,-3.90215969e+00,-3.95647958e-02,
   2.08995327e-01},
 { 5.00372410e+00,-1.81252623e+00,-2.66001058e+00,-3.25473733e-02,
   1.09107187e-02, 3.79123874e-02, 8.94274902e+00, 1.42278062e-04,
  -3.60835642e-02},
 { 9.81808528e-02,-8.80798250e-02, 6.51633739e-01, 4.23777151e+00,
  -1.12954092e+00, 1.40217662e+00, 5.70817217e-02, 2.57992244e+00,
   3.87629318e+00},
 {-1.22676916e-01,-1.68428385e+00,-9.75097942e+00, 2.64303505e-01,
   1.16743617e-01, 4.98379916e-01,-1.85649502e+00,-3.41339380e-01,
   3.56739491e-01},
 {-4.26019013e-01, 2.14731675e-02, 7.56820297e+00,-2.25326911e-01,
   1.93457329e-03, 1.89708516e-01, 3.16016644e-01, 1.06204236e+00,
   1.24411178e+00},
 { 3.07664275e-02, 4.09639664e-02,-2.69324112e+00, 3.33558679e+00,
  -1.49453962e+00,-8.58218491e-01,-4.71098237e-02, 5.96977758e+00,
   1.45929003e+00},
 { 4.85747820e-03, 1.07498411e-02,-2.95493775e-03, 4.13795412e-01,
   1.21235237e-01, 8.01026821e+00, 2.07970906e-02, 1.11302197e+00,
  -2.12752707e-02},
 {-8.06682929e-03, 1.35386484e-02,-9.87878218e-02,-4.02857102e-02,
  -1.79629140e-02,-6.97141409e+00,-9.74649563e-03,-6.78946301e-02,
  -1.40859634e-02},
 {-3.64838652e-02, 9.30536538e-02,-5.19934118e-01,-4.47260284e+00,
  -3.00361204e+00, 1.62937701e+00,-1.06593311e-01, 1.53868830e+00,
  -2.86282778e-01},
 { 1.23073673e-02, 3.21049541e-02, 1.18551064e+00,-1.53766501e+00,
  -3.49067569e-01,-3.59389365e-01,-7.71383420e-02, 1.80100369e+00,
  -1.34335458e+00},
 {-8.23901687e-03, 1.10772466e-02, 6.12444818e-01, 4.28267431e+00,
  -1.65162528e+00,-1.70719433e+00,-8.96285102e-03, 1.10080557e+01,
  -1.25929117e-02},
 { 4.17328387e-01,-3.89800096e+00,-4.52032164e-02,-1.37751728e-01,
   4.62481170e-04,-3.32876444e-02, 1.21268201e+00, 3.70517597e-02,
  -5.23226038e-02},
 { 4.00889218e-02, 3.41502875e-02, 4.09966081e-01,-2.05645895e+00,
   1.27101254e+00, 2.17342663e+00,-3.28263491e-02,-2.41032624e+00,
   1.85467631e-01},
 {-9.58933029e-03,-2.88016260e-01, 1.43759336e+01,-1.68525372e-02,
   1.10635102e-01, 2.38557026e-01,-1.17837019e-01, 9.44205299e-02,
   8.79659504e-02},
 {-7.26813963e-03,-8.09919462e-03,-1.00619532e-01, 1.28687894e+00,
   2.83677030e+00, 6.26664937e-01,-2.72690840e-02,-5.24208164e+00,
   1.60250235e-02},
 {-1.14588048e-02, 1.76635906e-02, 2.89184332e-01, 4.25084829e+00,
   1.05459392e+00,-2.11939216e-01,-1.73407737e-02, 1.09640360e+00,
   7.17122966e-05},
 { 8.27060863e-02,-4.61550318e-02, 5.13503671e-01,-3.72037959e+00,
  -3.29661226e+00,-3.11052370e+00, 4.92121652e-02, 3.92564833e-01,
  -3.32300043e+00},
 {-1.72481811e+00,-1.33645964e+00, 3.25589299e+00, 5.50936572e-02,
   1.80653669e-03, 1.04168087e-01,-4.23042727e+00, 5.83121479e-02,
  -1.01757251e-01},
 {-4.25368808e-02, 3.80934887e-02, 5.45687854e-01, 1.58089101e+00,
  -1.03351712e+00, 1.40430808e+00,-1.06993444e-01,-2.10413989e-02,
  -2.63845754e+00},
 {-2.32114363e-03, 5.62898209e-03, 1.86209232e-01, 4.77830744e+00,
  -2.53360343e+00,-3.32877249e-01, 2.27384572e-03, 9.36894798e+00,
  -9.54662822e-03},
 { 5.28985523e-02, 1.19156633e-02, 4.17756766e-01,-2.66845584e-01,
   3.00499350e-01, 5.75447321e-01, 9.55793192e-04,-2.71615124e+00,
   2.26257873e+00},
 {-1.49554964e-02,-7.47683197e-02, 1.16709638e+00,-3.36075330e+00,
   5.89634800e+00, 3.66688657e+00, 1.28326535e-01, 3.26697171e-01,
   3.82902718e+00},
 { 4.11149120e+00,-1.96003962e+00, 3.19074106e+00, 9.88647714e-03,
   2.98321410e-03,-1.95549689e-02,-1.14192801e+01, 1.10124797e-02,
  -8.70350003e-03},
 { 1.77078340e-02,-2.15923145e-01,-5.37256384e+00, 9.15379465e-01,
  -2.57772040e+00,-1.71622112e-01, 1.53763264e-01, 2.54428244e+00,
   4.48697615e+00},
 {-1.14124283e-01, 7.20555410e-02, 5.83575201e+00, 2.58674479e+00,
  -5.21102190e-01,-2.16200471e+00,-8.23131949e-02, 1.37705779e+00,
  -4.45479393e+00},
 { 1.07867019e-02, 4.73064557e-03, 3.71975303e-01, 3.12137699e+00,
   2.54143000e+00,-5.33046126e-01,-7.87625276e-03,-5.39471626e+00,
  -1.53704556e-02},
 { 1.57060064e-02,-7.94588530e-04, 2.56897479e-01, 2.64641786e+00,
  -5.25461078e-01, 2.41235286e-01, 1.52908685e-03, 8.26529789e+00,
   5.54884179e-03},
 {-3.15492153e-02,-4.79167067e-02, 3.79498541e-01,-2.21611023e-01,
  -6.12727165e+00, 1.32040167e+00, 1.40990028e-02, 2.13695455e+00,
   4.28316474e-04},
 { 5.26192831e-03,-3.13527659e-02,-3.18170109e+01,-2.27650572e-02,
  -6.78704306e-03, 3.38460803e-01, 3.64313787e-03, 2.77491286e-02,
   2.12231884e-03},
 {-1.53778541e+00,-3.18721843e+00,-2.59372807e+00, 5.10672629e-02,
  -1.40495156e-03,-3.20145153e-02, 4.27698851e+00,-5.79044260e-02,
   4.05866913e-02},
 {-2.21537877e-04,-7.23153073e-03, 3.48646343e-01, 1.12203181e+00,
  -1.95509303e+00, 4.17485774e-01, 2.00815555e-02,-7.71841669e+00,
   3.86784673e-01},
 {-1.42643768e-02,-1.00254826e-02,-4.48921733e-02, 4.14854079e-01,
   2.67381382e+00,-2.14353025e-01, 8.74385441e-05, 6.74232531e+00,
   8.24463554e-03},
 { 4.86159503e-01,-2.59954453e+00, 4.78446388e+00, 2.46931296e-02,
   3.37699503e-02, 2.01784614e-02,-6.92924023e+00, 1.30383752e-03,
  -1.60983384e-01},
 { 1.85827386e+00, 2.26560450e+00,-2.38085055e+00, 1.10944454e-02,
  -1.05765918e-02,-2.98387054e-02, 8.31750584e+00, 6.83584437e-02,
  -1.40774446e-02},
 { 1.53653359e+00, 3.80846906e+00, 1.72127950e+00, 6.39137551e-02,
   7.65911266e-02,-8.99720415e-02,-3.78922254e-01,-5.72269931e-02,
  -4.96391915e-02},
 { 3.43437530e-02, 6.31474182e-02,-5.51033974e-01, 2.48798028e-01,
  -1.16980696e+00, 6.27398640e-02,-7.37758800e-02, 4.42060947e+00,
   3.64158177e+00},
 { 1.19977267e-02, 8.54233000e-03,-1.46147132e-01, 2.09240103e+00,
  -2.06220841e+00, 4.59992290e-01,-2.25432049e-02,-8.61981678e+00,
  -5.34455925e-02},
 { 6.10959604e-02,-9.76467505e-02, 1.85670757e+00, 5.34864485e-01,
  -8.12696099e-01,-6.11945242e-02, 1.18624702e-01, 2.64536619e+00,
  -4.54072475e+00},
 {-2.62482767e-03, 3.32260039e-03,-4.74198721e-02,-2.29169726e+00,
  -2.65142977e-01, 4.33507502e-01,-1.08934259e-02,-4.25028771e-01,
  -2.10651383e-02},
 { 1.73572123e+00,-3.06065536e+00,-5.50778627e-01, 5.81524968e-02,
  -2.75775474e-02,-4.28617513e-03, 4.43575430e+00, 6.51633218e-02,
   3.39896441e-03},
 {-1.10959895e-02, 4.04955586e-03,-2.38286471e+00,-9.90896285e-01,
  -1.86199033e+00,-2.01244497e+00,-2.70776898e-02, 2.47633052e+00,
   4.62941885e+00},
 {-3.08732297e-02,-5.72520830e-02,-2.46915221e-01, 1.28728330e+00,
  -3.93347216e+00, 1.23979485e+00, 7.83665702e-02,-1.54572535e+00,
  -1.51032090e-01},
 { 1.75433159e+00,-1.57318175e+00,-8.48615170e+00,-5.67511329e-03,
  -3.90063167e-01,-3.47038731e-04, 4.42715931e+00,-2.74325639e-01,
   2.83362508e-01},
 { 2.44918871e+00,-1.92867815e+00,-1.49485481e+00, 1.15387579e-02,
   5.41785285e-02,-1.63344946e-02, 1.68635333e+00,-5.04522547e-02,
  -4.43342850e-02},
 {-1.52650356e+00, 4.90305996e+00, 3.74373198e-01,-2.92086508e-02,
  -6.10141158e-02, 2.69206725e-02,-4.87219715e+00, 1.14095993e-01,
   1.52812466e-01},
 {-2.24149004e-01,-8.10308635e-01,-6.90316868e+00,-1.31463444e+00,
   1.90666473e+00, 5.10830879e-01, 5.68011284e-01, 2.47500669e-02,
   3.04286218e+00},
 { 3.96647025e-03,-8.16849177e-04, 9.54333484e-01, 1.59130859e+00,
   5.49422979e-01,-7.11219370e-01, 1.31898522e-02, 2.06463671e+00,
  -9.59010720e-02},
 { 1.34160846e-01, 6.52116816e-03, 7.75197744e+00, 1.19807210e-03,
  -2.24723530e+00,-9.41365734e-02,-2.45427519e-01, 6.27293348e-01,
   3.76900053e+00},
 { 3.00591588e+00,-1.85554361e+00,-4.35494757e+00,-9.75271165e-02,
  -9.93598625e-02,-5.09467581e-03, 3.83090568e+00,-1.79830119e-01,
   8.29897895e-02},
 {-2.52780724e+00, 2.72770166e+00, 3.95946312e+00, 5.43379365e-03,
   2.95170043e-02,-4.73788194e-02,-7.67480803e+00, 4.40088660e-02,
   1.54581359e-02},
 {-1.19750714e-03,-1.22045791e-02, 4.78872001e-01, 1.00968683e+00,
  -2.22024202e+00, 8.57653081e-01, 1.56767983e-02,-5.23591471e+00,
  -7.42972568e-02},
 { 7.99060106e-01,-4.60446501e+00,-4.49203873e+00, 5.21460325e-02,
   1.49862140e-01,-4.15589847e-02, 6.00944233e+00,-5.92598729e-02,
  -9.99913737e-02},
 { 1.97782670e-03,-3.52810975e-03, 2.26239011e-01, 1.24494016e+00,
  -2.79850483e+00,-1.06625259e-01, 9.32228100e-03, 6.35110235e+00,
  -1.72574930e-02},
 { 1.39236212e+00,-4.31472683e+00,-5.95007563e+00, 4.01046164e-02,
   3.38701867e-02,-4.94573675e-02, 9.36058807e+00,-1.87420268e-02,
   5.39103448e-02},
 { 4.66651320e-02,-5.48235588e-02,-2.07940841e+00,-1.23067915e+00,
   1.06606567e+00,-1.07390380e+00, 3.00139152e-02, 6.47216702e+00,
  -1.99868083e+00},
 { 1.92104243e-02,-6.02007173e-02, 1.53536936e-02,-6.19874954e-01,
   1.27672780e+00, 2.81407326e-01, 5.41400127e-02,-6.22382164e+00,
   2.68420309e-01}};

const float b1[sz_hid_1] = {-5.855332  ,-1.7071836 ,-7.6353683 ,-1.1157836 ,-3.5935543 ,-7.166267  ,
 -6.794346  ,-6.5190473 ,-8.166748  ,-2.2457776 , 0.9996209 ,-7.527287  ,
 -2.5763216 ,-5.253599  ,-7.0820665 ,-2.4652965 ,-5.6084785 ,-7.0817885 ,
 -2.1453695 ,-3.8706322 ,-2.5753808 ,-4.75212   ,-8.538852  ,-6.6121287 ,
 -3.3570926 ,-5.6206465 ,-2.7212749 ,-2.9056146 ,-1.4770216 ,-5.279819  ,
 -7.5419555 ,-7.6554856 ,-4.680762  ,-5.4560175 , 0.27014852, 0.10179093,
 -1.5252706 ,-1.7423364 ,-5.4839582 ,-4.5824347 ,-3.1592293 ,-5.44882   ,
  0.01049075,-5.8259087 ,-2.628964  ,-6.808939  ,-4.2068276 ,-3.805956  ,
 -4.493878  ,-4.3309383 ,-4.2399106 ,-2.6538455 ,-5.50635   ,-5.781617  ,
 -4.4042234 ,-6.5141044 ,-3.568945  ,-5.429072  ,-6.8806796 ,-6.2919726 ,
 -4.6491632 ,-4.6636047 ,-6.6111317 ,-2.654546  ,-6.3581877 ,-4.9620337 ,
 -7.183018  ,-2.2221253 ,-7.598149  ,-4.9994736 ,-6.149974  ,-2.0945547 ,
 -5.777128  ,-3.9855504 ,-4.7869363 ,-4.413102  ,-3.600827  ,-3.4472377 ,
  0.348928  ,-0.6741986 ,-4.665142  ,-1.9291286 ,-3.4679132 ,-1.0014989 ,
 -2.1149528 ,-1.6929653 ,-2.1440272 ,-3.2248576 ,-5.7656827 ,-0.32166326,
 -1.5417    ,-4.7400966 ,-1.4223024 ,-7.259361  ,-6.777614  ,-7.1250362 ,
 -5.661233  ,-2.318267  ,-3.653714  ,-4.597192  ,-0.01338592,-2.7301748 ,
 -6.8649254 ,-6.273649  ,-3.4734092 ,-6.94348   ,-2.4633791 ,-2.2712681 ,
 -6.315879  ,-2.840948  ,-0.8058653 ,-2.4119403 ,-5.3429027 ,-2.967413  ,
 -7.386148  , 0.6684806 ,-6.457682  ,-6.444001  , 0.27226308,-5.5621476 ,
 -4.102404  ,-6.744343  ,-2.892681  ,-5.8006024 ,-1.0850205 ,-0.16969636,
 -7.0121627 ,-4.5131354 };

const float w2[sz_hid_2][sz_hid_1] = {{-1.24757681e+01,-3.43679339e-01, 9.21226263e-01,-1.59873295e+00,
  -7.82166064e-01, 4.53519297e+00, 7.70111704e+00,-1.83124411e+00,
  -1.45691147e+01,-8.52103710e+00,-1.11366229e-04, 6.58121943e-01,
   4.86060441e-01,-3.70874715e+00, 5.77822351e+00, 1.03916061e+00,
   2.81909156e+00, 1.18314266e+00,-1.40385218e+01, 9.49717999e+00,
  -1.79965031e+00,-4.43270063e+00,-9.03339577e+00, 1.22379398e+00,
  -4.60310400e-01,-1.08218539e+00,-1.51905584e+00,-1.93955028e+00,
  -1.11760914e+00, 3.16161275e+00, 3.91664839e+00, 1.34423666e+01,
   2.86948609e+00, 3.39679408e+00, 8.93741965e-01,-1.16733515e+00,
  -8.56546402e-01,-8.10750902e-01,-1.02164400e+00,-1.44298780e+00,
   1.37598479e+00, 2.58785224e+00, 4.22645777e-01, 4.11330414e+00,
  -7.92432010e-01,-3.15201139e+00, 8.33932281e-01,-2.79879904e+00,
  -1.31041276e+00, 3.57392526e+00, 2.13072181e-01,-1.73408881e-01,
  -2.54875398e+00, 1.01167607e+00,-2.42152667e+00,-1.54879600e-01,
  -1.92192271e-01, 4.40936613e+00, 2.86137414e+00,-2.45039845e+00,
  -6.88624859e-01,-1.31037164e+00, 4.77632284e+00, 3.84073883e-01,
   7.02001810e+00,-6.60141259e-02, 2.51042295e+00,-6.93876982e-01,
  -2.98976326e+00, 1.58836734e+00, 1.84665203e+00,-3.26447563e+01,
  -4.57095772e-01, 7.26177454e-01,-3.58252335e+00,-2.80609322e+00,
  -1.55632985e+00,-2.01212144e+00, 6.13049008e-02, 5.20759583e-01,
  -3.40261668e-01, 1.34546876e+00, 1.61634386e-01,-2.89542174e+00,
  -1.45168138e+00,-1.96422589e+00, 3.04441303e-01,-5.19902781e-02,
  -4.28996146e-01, 7.75766659e+00, 1.79545641e+00, 1.32026720e+00,
  -2.65027142e+00, 2.38916159e-01,-5.06709194e+00, 2.42981052e+00,
  -8.55630100e-01, 7.22983599e-01, 7.76046395e-01, 6.40245557e-01,
   1.45180821e+00, 3.67789817e+00,-2.44783020e+00,-2.33718610e+00,
  -7.26016092e+00, 2.44815850e+00,-1.78291380e+00, 1.50075525e-01,
   2.26214647e+00,-3.40476322e+00, 1.52058673e+00, 1.34608936e+00,
  -6.48582399e-01,-3.20582986e+00,-2.11835933e+00,-7.57231474e+00,
   2.22741866e+00, 5.02985811e+00,-6.22712553e-01,-7.33871341e-01,
   1.12628639e+00,-1.07225657e+01,-2.22351933e+00,-5.90234900e+00,
   1.28290653e-01, 6.05411720e+00,-5.12096941e-01, 5.85636663e+00},
 {-5.61194849e+00, 5.47748744e-01, 5.56562614e+00,-5.21022749e+00,
   2.36603498e+00,-2.63454604e+00, 1.17868872e+01,-3.63638592e+00,
   3.30953121e+00, 1.87078941e+00,-1.49631068e-01, 1.10321772e+00,
   1.09624127e-02,-3.41675162e+00,-2.48645854e+00, 1.87780097e-01,
   6.82945395e+00, 6.72081947e+00, 5.23766339e-01,-4.05832767e+00,
   2.43556094e+00, 9.96929264e+00,-2.01840758e+00,-6.93951309e-01,
   2.73882449e-01,-2.96887589e+00,-6.80417657e-01,-4.84157753e+00,
  -5.30435324e+00,-2.46280670e+01,-3.25263882e+00,-2.77592158e+00,
   3.74174023e+00, 2.14116216e+00,-1.42918921e+00,-7.42304420e+00,
   7.94867373e+00, 3.91509742e-01, 7.41773939e+00, 6.41831541e+00,
  -2.61227536e+00,-6.69674933e-01, 1.61808538e+00,-1.24888945e+01,
   2.01123381e+00, 4.65483367e-01,-7.62586403e+00, 3.55867696e+00,
   1.70616019e+00, 1.63941205e+00,-2.71849275e+00, 2.89444304e+00,
   3.01328111e+00,-4.12448978e+00, 3.31142139e+00,-1.83600962e+00,
  -9.09592450e-01,-8.32056522e+00,-6.79525042e+00, 1.70574319e+00,
   5.14811277e-01, 8.34356117e+00,-3.45467281e+00,-8.34584332e+00,
  -4.72353697e+00, 1.49086702e+00,-3.45196915e+00, 1.38664711e+00,
   9.83168542e-01, 2.83218765e+00, 1.01868744e+01, 2.15517950e+00,
  -5.72941160e+00,-9.41425681e-01, 2.67117047e+00,-1.68989027e+00,
   4.45560169e+00, 1.93457425e+00,-9.43036199e-01, 9.49972808e-01,
  -2.53863001e+00,-4.74880838e+00,-3.99366885e-01,-3.46217084e+00,
  -3.02458262e+00,-1.23766870e+01, 1.45942187e+00, 1.28899288e+00,
   3.80243039e+00,-5.66149807e+00,-1.55312574e+00,-1.47324860e-01,
  -8.86427021e+00, 2.90083075e+00, 6.59291029e+00,-1.93458767e+01,
  -1.23510432e+00,-1.60325491e+00,-4.99897623e+00,-2.61309958e+00,
   1.46273959e+00, 2.72466612e+00,-3.71541238e+00, 3.85290694e+00,
   3.07553411e+00, 3.10590339e+00, 1.16419649e+00, 8.17447662e+00,
  -3.66021681e+00,-1.54324341e+00, 4.89067125e+00, 3.08088088e+00,
  -2.88168490e-01, 2.99889970e+00,-3.23368573e+00,-1.94290495e+00,
   6.84617698e-01, 1.15291750e+00,-5.50367546e+00, 3.81830716e+00,
   3.55944276e+00,-1.16574371e+00, 4.12641048e-01, 4.13410378e+00,
  -6.42244220e-01,-1.64820004e+00, 3.38539648e+00,-3.00204253e+00},
 {-5.61943576e-02, 1.32415059e-03,-1.52710010e-03,-1.33063840e-02,
   7.11252838e-02,-7.38827735e-02,-2.07106881e-02, 3.40700001e-02,
  -2.90677957e-02, 9.03116912e-03,-3.85921970e-02,-8.00313875e-02,
  -6.04095012e-02, 1.97479650e-02,-5.98865673e-02, 1.12676322e-02,
   4.66532707e-02,-2.39984281e-02,-1.48792267e-02,-3.23441066e-02,
  -6.10232279e-02,-1.07109986e-01,-7.57733434e-02,-9.54456553e-02,
   9.57441609e-03, 2.14300267e-02,-3.24122794e-02,-1.10058993e-01,
  -1.81180034e-02,-7.51170814e-02,-6.34082407e-02,-8.11932981e-02,
  -9.80429500e-02,-4.40565124e-03,-9.25178081e-02,-9.43912640e-02,
   2.06600092e-02,-8.54583234e-02,-8.75813141e-02,-3.79902497e-02,
  -5.75581426e-03,-5.19831330e-02, 5.45431953e-03,-1.62905524e-03,
  -5.51864468e-02, 5.63345524e-03,-1.09650105e-01,-2.00446080e-02,
   1.40529247e-02,-2.29929723e-02,-1.17580123e-01, 3.07232086e-02,
   1.39471106e-02,-9.47782677e-03,-1.88169628e-02, 2.10799389e-02,
  -8.40970427e-02,-6.60751341e-03, 7.96676725e-02,-7.04040080e-02,
  -8.33264738e-02,-5.57586662e-02, 1.30490130e-02,-3.67770530e-02,
  -5.63683212e-02,-1.60470186e-03,-3.08191609e-02,-3.33281383e-02,
  -3.94171514e-02,-9.53842625e-02,-2.64322106e-02,-8.50205868e-03,
  -9.48161408e-02,-1.16791744e-02,-2.07482670e-02,-7.38029629e-02,
  -8.51674452e-02, 9.35891061e-04,-1.24345213e-01,-2.25798525e-02,
  -3.68154645e-02,-1.94679722e-02,-1.29246369e-01,-4.05652449e-02,
  -3.36846374e-02,-8.73592794e-02,-9.11571756e-02, 6.50252998e-02,
  -7.37695536e-03, 2.68233870e-03, 4.67884587e-03,-1.61357000e-02,
   2.68014614e-03, 5.85415140e-02,-3.08769681e-02,-2.12283041e-02,
   6.53787982e-03,-4.48270738e-02,-1.01761729e-01,-8.60514864e-02,
  -2.53985375e-02, 6.16419837e-02, 5.60531653e-02, 3.08752269e-03,
   2.27544550e-02,-1.24214344e-01,-8.24243128e-02,-9.37086493e-02,
   2.03482248e-02,-1.23447040e-02,-5.43096587e-02, 4.30327561e-03,
  -7.42441192e-02,-7.08569735e-02, 2.22596228e-02,-3.99950631e-02,
  -7.32176602e-02,-6.89145252e-02,-5.51433079e-02, 1.06865484e-02,
  -3.16139571e-02,-5.47909997e-02, 2.56086923e-02, 2.28932942e-03,
  -1.34220257e-01,-7.27078915e-02, 4.71043075e-03, 3.13708521e-02},
 {-5.62772006e-02, 1.62168145e-01,-7.05731332e-01, 3.64153957e+00,
   3.43049578e-02, 8.71030614e-02,-6.00400567e-01, 5.99482097e-03,
   2.24127453e-02,-5.85162267e-02,-2.46165499e-01, 3.01259071e-01,
   2.02167130e+00,-2.31453348e-02,-2.82521367e-01, 1.80247445e-02,
   2.69548483e-02,-1.36384100e-01,-7.76439812e-03, 9.45967156e-03,
  -1.35991331e-02,-8.01455453e-02,-3.82796383e+00,-1.09423362e-02,
  -1.04416478e-02,-4.01221439e-02,-2.30814740e-02, 1.33237743e-04,
   9.16858390e-03, 1.11564375e-01,-6.77929213e-03,-3.71898524e-02,
  -3.97277594e-01, 7.19942302e-02, 2.41999626e-02,-9.92679149e-02,
  -5.52587910e-03, 5.23388207e-01,-2.70126611e-01,-3.21096333e-04,
   2.79546762e-03, 2.85617757e+00,-7.85452221e-03,-1.49117670e+01,
  -4.72013606e-04,-1.60866335e-01, 2.06414405e-02, 6.91388641e-03,
   6.03891164e-02,-3.85543220e-02, 5.11415005e-02,-9.49447276e-04,
  -1.26331374e-02,-8.22719574e+00,-5.74975163e-02, 1.69360396e-02,
  -4.39764336e-02,-1.04809034e+00,-5.94335709e+01,-4.19490397e-01,
   3.27753043e-03,-2.42339564e-03, 3.05698484e-01,-1.85446456e-01,
  -2.13644952e-01,-4.88495111e-01,-4.07778454e+00,-1.34429082e-01,
  -2.77464807e-01,-3.00334524e-02, 3.04321051e-01,-1.09941270e-02,
   1.67691457e+00,-3.30280140e-02,-4.76421863e-02, 1.22686058e-01,
   6.94684923e-01, 7.52122421e-03, 9.42351967e-02,-6.61908507e-01,
   3.81025457e+00,-1.21292567e+00,-1.61720288e+00,-2.53345091e-02,
  -4.47023964e+00,-3.28957140e-02,-3.41239595e+00, 2.44769994e-02,
  -2.70612016e-02,-2.97754873e-02, 8.64901766e-03, 1.64293063e+00,
  -1.00732455e-02,-1.42504806e-02, 2.80666561e-03, 1.33398628e+00,
   7.07149580e-02, 4.31233458e-02,-3.72438693e+00, 3.97529416e-02,
  -2.05123574e-02, 4.90040779e-02,-5.48981249e-01,-6.30493820e-01,
   2.78114565e-02,-1.69229135e-01,-6.04816340e-03,-1.29995793e-02,
  -1.83385625e-01, 5.22215525e-03,-1.50777519e-01, 2.76350174e-02,
  -1.16941011e+00,-2.41721541e-01, 3.64121974e-01,-5.66951698e-03,
   6.47992045e-02, 1.67995393e-01, 3.27744037e-01, 6.92319572e-02,
   3.07002902e-01, 1.02220587e-02, 1.83515400e-01,-9.58462954e-02,
  -6.43888950e-01,-1.01728616e-02,-8.63486648e-01, 3.52440119e+00},
 { 2.30552629e-02,-1.09354395e-03,-1.08389342e-02,-3.53418775e-02,
   3.24895829e-02, 3.14877555e-02,-1.49725890e-02,-4.60415147e-02,
  -1.58928032e-03,-5.07137887e-02,-7.83271492e-02, 6.03713095e-03,
  -7.65508041e-02, 3.01361810e-02,-7.20560923e-02,-4.54638340e-02,
  -5.52991666e-02, 5.40145002e-02,-6.55129552e-02, 2.82540955e-02,
  -7.69594498e-03, 4.86747958e-02, 5.87077066e-03, 8.04517651e-04,
   5.92095256e-02,-6.75306767e-02,-5.13382033e-02,-8.58250484e-02,
  -7.67652392e-02,-8.16992018e-03,-3.08220671e-03,-3.83373350e-02,
  -1.59815878e-01,-6.78522438e-02, 1.93617269e-02, 2.93236598e-02,
  -1.24196798e-01,-4.57850769e-02,-1.02677241e-01,-1.28616288e-01,
  -1.32514223e-01,-2.72794906e-02,-2.14480758e-02,-1.16104849e-01,
  -1.78460870e-02, 6.58685043e-02,-4.06801775e-02,-3.69147137e-02,
  -5.46903200e-02,-4.81637120e-02,-5.51085025e-02,-4.58875485e-02,
  -7.85192326e-02,-8.45300928e-02,-2.52013188e-02,-5.58054969e-02,
  -1.64273870e-03,-4.60617952e-02,-2.17723753e-02,-8.52824301e-02,
  -2.18485668e-03,-5.53610772e-02,-2.48731729e-02, 6.13752287e-04,
   2.46804673e-02,-1.77903438e-03,-4.60889824e-02, 2.71979496e-02,
  -1.33489773e-01, 2.99262954e-03, 3.94043550e-02, 3.52697149e-02,
  -5.59351705e-02,-9.17024165e-02,-1.13380784e-02,-1.77218691e-02,
  -3.46956365e-02,-4.39263918e-02,-2.35269219e-02,-7.52484128e-02,
  -1.17879152e-01, 1.37785971e-02,-3.25996242e-02,-5.51894456e-02,
  -1.01984795e-02,-7.97863454e-02,-4.12926339e-02,-5.71780950e-02,
   2.82149017e-02,-1.59449622e-01,-1.16157725e-01,-1.02385595e-01,
  -5.42858317e-02,-9.25870016e-02,-1.46853002e-02,-7.71831125e-02,
  -7.29992762e-02,-1.21504791e-01,-2.76124966e-03, 3.31615619e-02,
  -2.64304373e-02,-1.58291571e-02,-9.70665962e-02,-4.62811925e-02,
  -1.13648020e-01,-9.46289226e-02,-1.45726614e-02,-9.06610023e-03,
  -4.23032716e-02,-1.96680129e-02,-8.41786861e-02,-1.44148385e-02,
  -6.97373077e-02,-6.06633537e-02,-5.96312471e-02,-5.75766228e-02,
  -1.16832495e-01, 9.09014884e-03,-5.68673797e-02,-9.22026783e-02,
   5.04325517e-02,-6.04002029e-02,-2.20357087e-02, 4.21947055e-02,
  -1.44262724e-02,-2.38311850e-02, 1.91191658e-02, 5.07626384e-02},
 { 8.28357413e-02,-2.03824568e+00, 2.04396057e+00,-5.58891773e-01,
  -9.76711154e-01, 2.88502276e-01, 1.46533453e+00,-2.64774244e-02,
  -2.15608478e-01,-5.92005253e-02,-7.99022317e-01,-8.39518964e-01,
   2.49850392e+00,-2.40535513e-02, 7.55983174e-01,-1.81471419e+00,
   2.82311773e+00,-7.64883137e+00, 4.65227477e-02, 3.86610404e-02,
  -2.39694297e-01, 8.82899761e+00,-1.11409283e+00, 5.16351640e-01,
   2.64406595e-02,-4.11107969e+00,-1.43046845e-02, 1.54935941e-03,
   2.82483697e-01,-3.33470196e-01, 8.66548443e+00, 2.42234901e-01,
   4.23699588e-01,-5.44520140e-01,-1.61980599e-01, 1.67473364e+00,
   4.89639491e-02,-8.25047940e-02, 1.18372226e+00,-2.44869757e+00,
   8.52881074e-02, 5.65306485e-01, 2.00039186e-02, 3.52038169e+00,
  -7.22047463e-02,-7.19889832e+00,-4.43264730e-02, 6.82118654e-01,
  -2.51645446e-01,-6.73743337e-02, 6.41064548e+00,-6.64403243e-03,
   7.25677609e-02, 2.12797642e+00,-6.93633109e-02, 3.29243876e-02,
   2.80820578e-02, 2.57617927e+00,-6.21769714e+00, 1.20056925e+01,
  -9.27792192e-01, 5.25931716e-02,-3.33890803e-02,-1.93537283e+00,
   9.69314635e-01,-7.98187077e-01, 1.72212780e-01,-1.58839166e+00,
  -4.59044352e-02,-2.18494475e-01,-8.66841972e-02,-2.13253558e-01,
   7.15109885e-01,-8.13817456e-02,-1.19490993e+00,-1.00799978e-01,
  -5.17239273e-01,-1.45766222e+00, 9.58084106e-01,-2.25325897e-01,
   2.88037330e-01, 5.22709274e+00, 3.20704150e+00, 1.05929319e-02,
  -2.73867220e-01, 1.55899033e-01, 1.62380487e-01,-7.90884542e+00,
  -4.90611568e-02, 6.25077114e-02, 1.91316798e-01,-1.54432440e+00,
   8.37494209e-02,-2.51354128e-01,-5.02757914e-02, 4.94175482e+00,
  -2.33902502e+00,-5.60236788e+00, 5.58710670e+00, 3.47981715e+00,
  -8.32554549e-02,-7.94251487e-02,-4.62794209e+00, 4.61911345e+00,
  -1.05586529e-01, 1.16019332e+00,-1.07874788e-01, 3.72274965e-01,
   1.48159707e+00,-2.52902174e+00, 1.25038171e+00,-3.69342454e-02,
  -1.07740454e-01,-4.43813658e+00, 4.29231703e-01,-5.65201119e-02,
   4.08930421e-01, 1.24296471e-01,-7.97814906e-01,-1.07033336e+00,
  -4.35256183e-01,-2.65567098e-02, 1.27425647e+00, 1.91014007e-01,
  -5.57539606e+00, 4.20619398e-02, 7.29643869e+00, 3.28542246e-03},
 { 2.22305846e+00, 1.68058515e+00, 1.00980721e+01,-9.15996361e+00,
  -6.36734819e+00,-5.20134211e+00,-3.72295856e+00, 1.99907327e+00,
  -1.81113946e+00,-1.62595773e+00,-7.67287254e-01, 2.46136832e+00,
  -1.23651934e+00, 1.42108953e+00,-1.42569792e+00,-9.43691492e-01,
   1.91381180e+00, 1.87886512e+00,-2.37729764e+00, 1.96580589e+00,
   1.24130344e+00,-3.88332891e+00,-2.43743110e+00, 3.63392496e+00,
  -3.82153511e-01,-2.87477469e+00,-1.74714044e-01, 1.72692239e-01,
   1.55793294e-01,-7.48352289e+00,-5.48113489e+00, 1.58394611e+00,
   3.30564189e+00,-1.17641888e+01,-4.24434692e-01,-1.77947521e+00,
  -5.11847138e-01, 4.31910366e-01, 1.23092425e+00, 6.71934795e+00,
   1.20907629e+00,-2.14400244e+00, 5.09871066e-01,-5.95497465e+00,
  -1.60865808e+00,-2.75262904e+00,-4.40370083e+00,-6.71589494e-01,
   1.33995271e+00, 2.24132508e-01,-1.25215781e+00,-2.55406886e-01,
  -5.38601112e+00, 3.76489735e+00,-1.15713239e+00, 2.10308194e-01,
   1.52719390e+00,-3.59906822e-01, 8.00292873e+00, 3.62033582e+00,
   7.54819512e-02, 9.05653000e-01, 2.72789717e+00,-2.89099693e+00,
   5.71374226e+00, 1.89020324e+00,-1.45464969e+00, 5.42176843e-01,
  -1.95122349e+00,-5.18750429e-01,-4.89690304e+00,-2.45245337e+00,
   4.09766150e+00, 1.30568051e+00,-1.24278104e+00,-7.72812545e-01,
  -1.58082461e+00,-2.56568599e+00, 9.62782323e-01, 4.30307716e-01,
  -1.93949211e+00,-2.89704113e+01,-1.66428304e+00, 1.68649161e+00,
   1.87843573e+00, 2.62643307e-01, 2.10307336e+00, 4.56774378e+00,
  -1.27426863e+01, 5.22258949e+00, 3.00609422e+00, 7.33891439e+00,
   3.23167586e+00,-6.13010079e-02,-5.12253237e+00, 1.48735738e+00,
  -6.86435401e-01,-9.97534096e-01,-1.04020643e+00, 1.15596332e-01,
   3.84646863e-01,-2.45500684e+00, 4.30545378e+00,-4.43328047e+00,
  -4.32281590e+00,-1.64502823e+00,-1.20923972e+00,-7.96813679e+00,
   2.49579120e+00,-2.12829232e+00, 5.23055983e+00,-1.73280871e+00,
   1.33366146e+01,-1.45980096e+00, 1.86628565e-01, 1.04157019e+00,
   2.38665771e+00, 1.32729721e+00,-2.08262444e+00, 6.89360142e-01,
  -1.83234799e+00,-2.29025573e-01,-6.09593487e+00,-4.34629631e+00,
   8.58699083e-01, 1.13492668e+00,-3.77851701e+00,-5.77425098e+00},
 { 7.15366602e+00, 5.11213541e+00, 1.09507334e+00, 1.07002103e+00,
  -8.66059399e+00, 2.49001431e+00,-1.15732622e+01, 2.23548508e+00,
  -1.12063870e-01, 7.34796584e-01,-2.41406187e-01,-8.46017897e-01,
  -7.56450593e-01, 2.58334684e+00, 9.59526658e-01,-7.23753452e-01,
  -7.00083494e-01, 6.18468332e+00,-6.96042418e-01, 9.12413418e-01,
   6.98214865e+00,-9.53693211e-01, 7.73608565e-01,-5.63172281e-01,
   4.78679705e+00,-1.30320609e+00, 3.38511765e-01,-2.67672968e+00,
   1.02171946e+00, 7.84198284e+00,-4.22089687e-03,-3.94646615e-01,
   3.36147809e+00,-4.46301222e+00, 1.48530617e-01,-5.84776211e+00,
  -5.60097980e+00, 4.45131683e+00,-1.53860474e+00, 2.23772216e+00,
   3.31761897e-01,-1.08704686e+00,-2.06667617e-01,-3.57341218e+00,
  -1.84394753e+00, 3.70886223e-03, 2.24871135e+00, 4.65319902e-01,
  -1.76854062e+00,-1.08075678e-01, 7.20639050e-01,-8.70165050e-01,
  -7.22369146e+00,-1.76156747e+00,-2.01749301e+00,-5.00917546e-02,
   9.08287048e-01,-1.71652853e+00,-4.13375759e+00,-6.44191504e+00,
   2.99381018e+00, 2.00217032e+00, 1.36279380e-02,-6.48458183e-01,
   4.98258209e+00, 8.93021107e-01, 2.16043282e+00,-1.11446753e+01,
  -3.61853480e+00, 8.96032631e-01,-5.59192085e+00, 1.10159767e+00,
   2.56223559e+00, 2.79030371e+00,-6.54407692e+00, 5.70135653e-01,
  -2.18040752e+00, 3.57691973e-01,-1.78279948e+00, 1.47631073e+00,
  -1.15198541e+00,-8.26216400e-01,-2.54434490e+00, 2.21951914e+00,
   1.44085598e+00, 6.59959853e-01,-4.69176531e+00,-2.48809338e+00,
  -3.47619152e+00, 5.01429892e+00, 9.38436389e-01, 4.44409609e+00,
  -1.40448551e+01, 1.30430567e+00,-4.42009830e+00,-8.80557120e-01,
  -3.66514277e+00,-1.20574510e+00,-1.42353237e+00, 1.24714188e-01,
   2.83109188e-01,-5.61279869e+00,-5.36058903e+00,-2.42338419e+00,
  -4.53545141e+00,-2.30401087e+00,-9.71187353e-01,-5.62789962e-02,
  -9.35577273e-01,-3.59105134e+00, 2.82111382e+00,-1.16412938e+00,
   6.77383721e-01, 1.32358086e+00, 3.22270066e-01, 3.19732475e+00,
   9.43862557e-01,-1.74488032e+00, 2.26879984e-01, 2.27083492e+00,
  -2.69392204e+00, 1.33317590e+00,-1.30106974e+00,-3.14128184e+00,
  -2.79584599e+00, 2.46043518e-01, 2.61497885e-01, 4.02477360e+00},
 { 2.80297303e+00,-2.21833974e-01,-2.01830616e+01, 1.53661048e+00,
  -3.00667465e-01, 1.01545763e+01,-6.41986704e+00, 3.44313502e+00,
  -1.74445498e+00,-4.80468005e-01, 1.50358140e+00,-1.18639052e-01,
  -6.96476638e-01, 6.25680983e-01,-8.23857498e+00,-1.59393549e+00,
  -7.66643858e+00, 1.36433048e+01,-6.61945641e-01, 1.04238796e+00,
  -4.58659554e+00,-9.85897255e+00,-3.46445513e+00,-8.38245600e-02,
  -7.67711115e+00,-9.41143274e-01,-1.25522306e-02, 1.13043714e+00,
   7.58264244e-01, 9.19110417e-01,-1.03065205e+00, 4.72034693e-01,
   2.99305654e+00,-1.24305040e-01, 4.38599020e-01,-3.22891021e+00,
   7.79097891e+00, 7.63385105e+00, 1.19812524e+00,-4.91744518e+00,
   1.03316009e+00, 4.59109449e+00, 1.95508733e-01,-4.23063326e+00,
  -1.61419332e+00, 1.22157087e+01,-1.95089722e+00, 5.09119451e-01,
  -6.71544218e+00,-9.24051642e-01, 6.60052538e-01,-4.55601096e-01,
   2.63757646e-01,-5.83641434e+00,-2.32275271e+00, 3.16936105e-01,
   9.49997544e-01, 3.90679687e-01,-1.54767027e+01,-3.06648374e+00,
  -5.77132225e-01,-5.24616766e+00, 2.28275180e+00,-1.05060434e+00,
   2.70896888e+00, 1.31010020e+00, 3.09555602e+00, 6.93116307e-01,
  -1.84542046e+01,-1.14840007e+00,-4.90359545e+00,-1.36368906e+00,
   3.73369837e+00, 1.55572641e+00, 5.71008682e-01, 8.97761136e-02,
  -9.22051013e-01,-1.62767160e+00, 9.13702726e-01, 1.22852802e+00,
   1.12485301e+00, 3.15536928e+00,-1.68997753e+00, 1.38782787e+00,
   1.16271663e+00,-1.13663399e+00,-6.64336729e+00,-4.05454922e+00,
  -4.66642939e-02, 3.85397935e+00,-1.32126780e+01, 8.66937828e+00,
  -1.43140709e+00,-1.17444582e+01,-3.67846441e+00,-1.83504200e+00,
  -1.13794661e+01,-3.49817932e-01,-2.71374631e+00,-1.64473736e+00,
  -2.91735083e-01,-3.42746305e+00, 1.06686144e+01,-1.03704271e+01,
  -3.02967834e+00,-2.98521733e+00,-3.68088931e-01, 2.65630726e-02,
  -6.88235235e+00, 1.02580833e+00,-5.52180862e+00,-1.63713050e+00,
  -1.78260231e+01,-4.15111721e-01, 1.02542627e+00, 1.15820622e+00,
   3.04683375e+00, 6.57286286e-01,-2.64206886e+00, 3.42996144e+00,
  -1.11794031e+00, 1.05229110e-01,-2.32258010e+00,-3.33274603e+00,
   5.01165688e-01, 1.21346605e+00,-3.41906619e+00,-5.27888489e+00},
 {-1.33285701e+00, 1.48327911e+00,-2.43761826e+00,-2.68140292e+00,
  -2.31125331e+00, 6.53674066e-01, 2.78252900e-01,-4.41626877e-01,
   8.66411626e-01, 1.77896336e-01,-1.88435543e+00,-8.10282588e-01,
  -7.11664200e-01,-3.53154808e-01,-1.29228330e+00, 3.60506952e-01,
  -2.17433080e-01,-3.88542771e+00, 1.52108327e-01, 8.18010941e-02,
   1.82492304e+00,-1.81282699e-01, 4.44446206e-01, 2.17830136e-01,
   2.63131571e+00,-2.15846688e-01,-9.95868668e-02, 3.46661949e+00,
  -2.63270557e-01, 4.23477459e+00,-7.59325504e-01,-2.88666725e-01,
  -1.91599578e-01,-2.10283518e+00, 6.42953217e-01,-9.30842495e+00,
  -1.35725737e+00, 4.71146250e+00, 9.23092604e-01, 1.06747842e+00,
  -5.74213982e-01,-1.28678977e+00,-1.78421587e-01,-7.80702782e+00,
   2.05843717e-01,-1.53607750e+00,-3.95938182e+00,-8.87836367e-02,
   1.50075734e-01,-1.12329178e-01, 8.59466434e-01, 2.74756074e-01,
  -1.60933241e-01,-1.67140541e+01, 3.54721576e-01,-3.11333649e-02,
  -4.38243002e-02,-1.74140024e+00,-8.88563824e+00, 3.82725811e+00,
  -1.71020079e+00, 1.15505862e+00,-9.16653335e-01, 5.45222983e-02,
  -5.58238864e-01, 2.59448457e+00,-2.18188095e+01,-1.47004986e+00,
  -1.50891552e+01, 2.12526155e+00, 5.64270377e-01, 6.19156182e-01,
  -7.16755390e-02, 1.15339182e-01,-7.94866860e-01,-3.25100385e-02,
  -4.52543557e-01,-6.96202159e-01, 1.33429193e+00, 1.50639629e+00,
  -2.28555489e+00, 4.38919258e+00,-2.66418629e-03,-5.31052232e-01,
  -1.48080664e+01,-1.33091271e-01,-5.33615112e+00,-2.93497992e+00,
  -3.51216733e-01,-6.52540922e-01,-1.25883281e+00,-2.21238792e-01,
  -8.89161587e+00, 3.26671338e+00, 1.06711090e+00, 3.70521021e+00,
  -2.91560888e+00,-4.74126004e-02, 1.27656889e+00,-5.87000191e-01,
  -1.11158431e-01, 1.33522511e+00, 1.27336264e+01,-3.59217191e+00,
   3.98187637e-01, 2.16338634e+00, 8.39395449e-02,-5.23828864e-01,
  -5.03117609e+00,-1.23800290e+00, 1.68159461e+00, 5.31182051e-01,
  -4.54183531e+00, 8.83372664e-01,-5.77349722e-01, 3.08084898e-02,
   6.31905571e-02, 1.71958074e-01,-7.92497253e+00, 8.40973496e-01,
   1.28757119e+00,-1.70538500e-01,-2.77279520e+00, 4.14160192e-01,
  -2.82757014e-01,-3.56230974e-01,-6.56528807e+00,-1.18352623e+01},
 {-4.68562269e+00, 1.55041075e+00,-9.81349087e+00,-2.39510417e+00,
   6.21326971e+00, 2.75010085e+00, 3.62418473e-01,-3.78327489e+00,
   2.69866753e+00, 3.44484401e+00, 9.70443904e-01, 1.76016295e+00,
  -6.61996782e-01,-5.15111208e-01,-1.61984158e+00, 1.08091557e+00,
   1.09956074e+01,-4.64368761e-01, 6.76605582e-01,-1.75572169e+00,
  -4.62409163e+00,-9.11794722e-01,-2.61924362e+00,-1.20883131e+00,
  -1.66261601e+00, 2.34379125e+00, 1.03473783e+00,-4.00469422e-01,
  -3.91529584e+00,-5.54788017e+00,-9.26811314e+00,-2.49384093e+00,
  -2.18711042e+00,-1.16420913e+00,-3.88304782e+00,-2.08701301e+00,
  -1.56216598e+00,-1.71425283e-01,-4.61358160e-01,-1.87741816e+00,
  -1.23435688e+00, 1.79286110e+00, 5.82331419e+00,-2.25294501e-01,
   1.68710256e+00,-1.31915121e+01,-1.03520517e+01, 2.42461658e+00,
   3.46502900e+00, 1.08235061e+00,-1.14127958e+00, 2.55404022e-02,
  -1.87123990e+00, 2.46399924e-01, 3.20015359e+00,-9.48027730e-01,
  -1.64340377e+00,-1.53115606e+00, 7.11874533e+00,-1.63594389e+00,
  -3.41807961e-01,-3.61870408e+00,-3.15087366e+00, 2.32430816e+00,
  -7.04566288e+00, 2.16527057e+00, 6.72062016e+00,-6.30154252e-01,
  -2.69794416e+00,-2.75111961e+00, 5.22222471e+00, 2.61455274e+00,
  -1.29836435e+01,-2.30058813e+00,-3.07508302e+00, 5.15582979e-01,
   2.37649727e+00,-2.23733258e+00,-1.67405382e-01, 5.79728901e-01,
  -8.62922311e-01, 2.35698915e+00,-7.92055070e-01,-1.15286481e+00,
   2.12119389e+00,-2.68275785e+00,-1.06100428e+00, 1.12812364e+00,
   4.40445566e+00,-2.89887786e+00, 3.16658854e+00, 7.51660228e-01,
   5.40044641e+00, 2.62686992e+00, 6.28664780e+00,-2.65702367e+00,
  -1.41841149e+00,-1.03667223e+00, 2.89819169e+00,-1.33743584e+00,
   8.16940308e-01, 4.42606115e+00, 4.41966105e+00,-1.66950297e+00,
   1.73931980e+00, 2.21261382e+00,-8.37482512e-03,-2.42747760e+00,
   6.39844835e-01, 9.04192865e-01, 5.18407726e+00, 2.57816696e+00,
  -1.61558747e+00, 2.34351540e+00,-1.52921304e-01,-8.54227960e-01,
  -4.96740055e+00, 1.83588731e+00, 5.22089064e-01,-1.66921401e+00,
   2.27568340e+00,-4.50630523e-02,-4.81356096e+00, 2.11164379e+00,
  -2.48775649e+00,-8.64789426e-01,-7.04327822e+00,-4.39491940e+00},
 {-1.30178757e+01,-3.20708036e-01, 2.55833983e+00,-1.27349865e+00,
  -1.76497006e+00, 1.26859105e+00, 1.74694264e+00,-1.52342520e+01,
   4.99076748e+00,-4.73837471e+00,-1.10713318e-01, 9.69004250e+00,
   1.23253429e+00,-1.93492050e+01, 6.17128706e+00, 2.17505284e-02,
   3.93036342e+00, 1.08878469e+00,-2.43039627e+01, 7.09773445e+00,
  -1.26355410e+00,-9.02273464e+00,-1.29594088e+00,-2.25790143e+00,
  -3.17743397e+00, 1.74940026e+00, 7.76633739e-01,-1.29184237e+01,
  -3.03228045e+00, 2.78892934e-01, 2.52893257e+00,-9.29796696e+00,
   7.65451938e-02,-1.09649754e+00,-1.53548086e+00, 5.89471817e-01,
  -2.36981893e+00,-1.08613133e+00,-2.05808473e+00,-7.39052105e+00,
  -8.55637455e+00, 1.31328881e-01, 3.38181353e+00, 5.61299992e+00,
  -3.14244956e-01, 4.49966967e-01,-1.08659697e+00, 4.98582304e-01,
  -3.71135688e+00, 3.09387422e+00,-9.99454498e-01, 2.00245047e+00,
  -4.28583336e+00,-1.10368788e+00,-2.97173929e+00,-5.61905956e+00,
  -2.64911461e+00, 1.36984110e+00, 2.79998279e+00,-1.95149615e-01,
  -2.26927042e+00,-1.48155260e+00, 1.22789168e+00,-6.79711723e+00,
   8.11587632e-01,-3.65020066e-01,-1.63924074e+00, 3.18542123e-01,
  -5.54594040e+00, 3.28339839e+00,-8.11662102e+00,-2.56908932e+01,
   1.61348450e+00,-1.40624123e+01,-3.76019120e+00, 9.29907322e-01,
  -2.48176098e-01,-2.28623176e+00,-3.91905844e-01, 5.52305639e-01,
   7.63755322e-01,-1.11339979e-01, 8.54056656e-01,-1.02487364e+01,
   4.10616189e-01, 5.59837282e-01,-9.29675043e-01,-2.70239282e+00,
   3.81157488e-01, 6.31209564e+00, 1.64808109e-01, 1.02252710e+00,
  -3.76145911e+00,-4.75341856e-01, 4.83609796e-01,-8.88555586e-01,
  -2.46573400e+00, 6.63829625e-01, 3.59101152e+00, 4.33871180e-01,
  -3.57743883e+00, 6.40178585e+00,-1.82439458e+00,-3.82148814e+00,
  -1.27151048e+00,-1.12837915e+01,-7.75605774e+00,-3.37393188e+00,
   3.28350139e+00,-6.59685326e+00,-4.37670851e+00,-3.85291278e-01,
   1.75977862e+00,-6.58294916e+00,-6.42385244e-01,-1.38589458e+01,
   4.19230223e+00,-2.37018704e-01,-1.75622499e+00,-4.14566040e+00,
   3.30890036e+00,-3.07693348e+01,-1.64900374e+00,-1.32623684e+00,
   7.07433745e-02, 2.79158503e-01,-1.97237349e+00, 5.91281796e+00},
 {-1.28250733e-01,-7.40634724e-02,-4.86670025e-02,-8.56481344e-02,
  -6.98267967e-02,-7.59754889e-03,-1.99104119e-02,-1.68654397e-02,
   4.14566882e-02,-6.80383295e-02,-5.17713800e-02,-4.44248877e-02,
  -4.86277863e-02,-3.88888014e-03,-7.23067299e-02,-4.84980978e-02,
  -3.24760489e-02, 5.57625480e-02, 1.23717845e-03,-3.99393365e-02,
  -1.00113623e-01,-5.65890782e-03,-1.14425376e-01,-1.77020393e-02,
  -2.74070818e-03,-9.16426182e-02,-1.00855038e-01,-1.35237444e-02,
  -8.36213976e-02,-8.12391117e-02,-1.12532809e-01, 5.53812422e-02,
  -5.28434329e-02,-1.23797596e-01,-1.25956386e-01,-4.61623557e-02,
  -1.03367537e-01,-1.25395376e-02,-2.23985612e-02, 1.77359879e-02,
  -3.44001763e-02,-9.06247050e-02,-1.57831144e-02, 5.65646999e-02,
  -1.51657471e-02,-8.33342876e-03,-7.58226588e-02, 1.28337592e-02,
  -1.74267776e-02,-1.45169437e-01, 1.79788861e-02,-1.53506786e-01,
  -9.07187685e-02,-6.58888742e-02,-6.18921369e-02,-5.33504970e-02,
  -1.09446362e-01,-6.55104220e-02,-3.21321003e-02,-8.80678743e-02,
  -2.76238732e-02, 9.01097152e-03, 5.22815296e-03,-1.49581164e-01,
  -7.10691065e-02,-1.91735476e-02, 1.83623526e-02, 1.59773733e-02,
  -2.64961030e-02, 4.53786440e-02,-4.63124476e-02, 2.02154443e-02,
   2.36423202e-02,-1.30479321e-01,-3.41983922e-02,-6.31548651e-03,
  -3.06919143e-02, 4.46981937e-02,-7.69948959e-02, 2.74085160e-02,
  -4.83282842e-02,-9.86653268e-02, 3.88488248e-02,-4.29391190e-02,
   2.03484315e-02,-2.28862371e-02,-1.51539641e-02, 2.82941423e-02,
  -9.37188882e-03,-3.40954997e-02,-6.59485832e-02,-1.34187013e-01,
  -3.17255147e-02,-1.13165803e-01,-4.24965285e-02,-1.08296715e-01,
  -4.18952703e-02,-1.04627766e-01,-2.32707616e-02, 3.21164615e-02,
  -9.54946131e-02, 2.09016595e-02,-6.86215907e-02,-3.17299068e-02,
   2.97195604e-03,-3.38520743e-02, 5.22459894e-02,-7.66724795e-02,
  -5.91144860e-02,-1.35395348e-01,-1.17526442e-01, 4.67247814e-02,
   3.68218943e-02,-6.89936504e-02,-5.22017069e-02,-1.21554703e-01,
   1.14745693e-02,-6.32815901e-03,-2.25154813e-02,-9.89214852e-02,
   2.15784051e-02,-9.23599675e-03,-1.02109089e-02,-4.18393053e-02,
  -1.29485533e-01,-1.11945318e-02,-1.77564397e-02, 1.09390356e-03},
 { 1.77847314e+00, 1.00997460e+00,-3.36232215e-01,-6.51599550e+00,
  -5.32227099e-01,-1.40889645e+01, 3.68854713e+00, 2.61527300e+00,
  -3.91322756e+00,-9.08049166e-01, 9.37379301e-01,-1.02193403e+01,
   3.05190980e-01, 4.23008025e-01,-5.08611393e+00,-5.82038462e-01,
  -7.12986350e-01,-8.58598411e-01,-1.73476398e+00, 2.08973908e+00,
  -1.12095535e+00, 2.63220263e+00, 1.04807577e+01,-1.45369673e+00,
   1.76005948e+00, 9.66412902e-01,-5.16013801e-01,-4.12976313e+00,
  -2.59698224e+00, 4.29351687e-01,-3.02076221e+00,-1.20085144e+00,
   5.65870285e+00,-2.30072808e+00, 1.77299440e+00,-1.59932709e+00,
  -3.11050510e+00, 8.93087417e-04, 1.20854962e+00, 7.77881920e-01,
   2.39299870e+00, 4.12695222e-02, 1.78429022e-01,-2.02638078e+00,
  -2.21471858e+00,-1.86070347e+00,-1.04547367e+01, 4.02497149e+00,
  -1.14621651e+00,-4.71056938e+00, 4.84663868e+00,-8.70810091e-01,
   2.10698128e+00,-9.35757235e-02,-2.44229245e+00, 6.14668965e-01,
   2.58050752e+00,-1.14280300e+01,-9.78570938e+00, 2.19601297e+00,
   6.27175987e-01, 2.68685293e+00, 7.97049713e+00,-4.49739981e+00,
   4.34875298e+00,-1.18232119e+00, 6.97943735e+00,-9.40454483e-01,
  -3.61133873e-01,-1.53431106e+00,-4.61380243e+00,-6.33345413e+00,
   5.51462460e+00, 1.52449620e+00, 4.32054579e-01,-1.33342304e+01,
  -9.31083083e-01, 1.11038816e+00,-4.38887656e-01,-2.88767871e-02,
  -1.85700214e+00, 7.63491774e+00, 8.97287965e-01, 2.09202743e+00,
  -1.43222451e+00,-3.62038398e+00, 1.34832812e-02,-3.25235516e-01,
  -2.48908371e-01, 4.97071552e+00,-8.57916653e-01,-1.96065664e-01,
   4.33972168e+00, 1.31358302e+00,-6.80105782e+00,-3.04396987e+00,
   4.73378092e-01, 8.03238869e-01, 4.49524373e-02,-1.04479086e+00,
   6.90268636e-01,-4.00528097e+00, 6.50102973e-01,-6.45920187e-02,
  -3.48657322e+00,-3.48915935e+00,-1.11980247e+00,-2.47490120e+00,
  -2.00927186e+00, 5.27305937e+00, 3.56184006e+00,-5.23202324e+00,
   1.61722052e+00, 2.62398839e+00, 1.61337185e+01,-3.93266320e-01,
   1.57282889e+00,-1.38496742e+01, 4.25653249e-01, 1.71579742e+00,
  -3.94184899e+00,-5.78541934e-01,-1.59185290e+00,-9.40011120e+00,
  -1.39909995e+00, 3.88583326e+00,-1.00526743e+01,-4.81480503e+00},
 {-1.44706205e-01,-2.40320969e+00,-1.20869255e+01,-6.67827225e+01,
   5.82861185e-01,-7.66011357e-01, 1.64194047e+00,-2.80956447e-01,
   1.44184649e-01,-1.03178628e-01, 8.31580162e+00, 9.23453122e-02,
   3.21062833e-01,-8.52088183e-02,-8.44492793e-01, 1.45694509e-01,
  -2.79835552e-01, 4.39857817e+00,-1.17835835e-01,-8.91252905e-02,
  -4.21471335e-02,-2.07336918e-01,-2.57729149e+00, 2.46876374e-01,
   5.54713368e-01,-4.90154058e-01, 3.49821988e-03,-3.31606597e-01,
   5.35989590e-02,-8.06713760e-01, 5.59747696e-01, 1.51150316e-01,
   6.69934869e-01, 8.50025564e-02, 2.15881765e-02, 4.86272955e+00,
   2.12696016e-01,-3.13066697e+00, 9.25572574e-01,-1.03128359e-01,
  -9.56056546e-03,-4.30958652e+00,-7.87273496e-02,-5.89410961e-01,
   8.04073513e-02, 1.22698414e+00,-4.91054088e-01,-2.37806350e-01,
   2.41597697e-01,-2.68847160e-02,-5.88871054e-02, 5.28664514e-02,
  -1.80535600e-01,-6.75660515e+00, 2.12445974e-01, 8.79821405e-02,
  -8.90354738e-02, 1.52220383e-01,-3.13919544e+00, 4.59318304e+00,
   1.89567059e-01, 6.84872121e-02, 2.43901219e-02, 5.68033047e-02,
  -2.55880952e-01,-8.34627342e+00, 7.92909503e-01, 9.56204906e-02,
  -1.87480712e+00,-1.53463766e-01, 3.01620752e-01,-1.63947701e-01,
   2.08750919e-01,-1.87852606e-01,-3.05258751e-01,-2.33808845e-01,
  -7.23736644e-01,-1.65314451e-01, 1.49966508e-01, 2.79581356e+00,
   5.17043877e+00,-1.03991404e+01, 7.20482874e+00,-9.49808210e-02,
  -3.37443519e+00, 1.14908673e-01, 5.05648899e+00, 3.05491042e+00,
   7.76173651e-01,-1.09441534e-01, 4.25925963e-02,-7.57403898e+00,
   4.32534575e-01,-1.83584249e+00, 2.98580676e-01,-4.85775423e+00,
  -1.78030208e-01,-2.87444830e+00,-5.63408947e+00,-1.98126626e+00,
   1.16155341e-01, 2.19794884e-01, 5.44554901e+00,-6.27259207e+00,
  -1.96593516e-02, 5.03023922e-01,-2.86623351e-02,-9.34567973e-02,
   5.74331903e+00, 2.63685752e-02, 4.58051634e+00,-1.05053157e-01,
  -8.09529305e-01, 2.27717352e+00,-1.50760915e-02,-1.31515622e-01,
  -2.58523047e-01, 4.96087670e-01,-1.01747966e+00,-1.40236780e-01,
   8.69529247e-01,-2.37889607e-02,-4.92830276e+00,-9.44660977e-02,
  -1.09624648e+00,-1.63996927e-02,-8.37514973e+00, 1.45452631e+00},
 {-1.55756271e+00, 1.41299948e-01,-1.50532789e+01, 4.21771574e+00,
  -1.48471308e+01,-2.06139336e+01, 6.81469965e+00,-3.28620052e+00,
   2.97100401e+00,-3.46308500e-01, 2.45649648e+00,-5.35843836e-04,
  -1.03964007e+00,-1.23391104e+00,-6.41286039e+00, 1.80716860e+00,
   2.92149067e+00, 1.14045124e+01, 8.70059058e-03,-9.55292642e-01,
   4.76640761e-02,-5.66416931e+00,-2.89335561e+00, 4.96727020e-01,
  -1.51915658e+00,-1.00564556e+01,-4.89371061e-01,-1.27707613e+00,
  -3.04039866e-02,-5.91897345e+00,-5.71361065e-01,-2.20343307e-01,
  -8.52897823e-01,-1.02359858e+01, 1.05814107e-01,-1.43067968e+00,
   2.90801883e-01,-5.16657209e+00, 1.99238908e+00, 6.72256994e+00,
  -1.18269587e+00,-2.56709766e+00,-1.21209967e+00,-2.53006458e+00,
   1.24202108e+00, 5.03372097e+00,-2.00541639e+00, 4.64561403e-01,
   2.75387597e+00, 1.49268499e-02,-8.17009330e-01, 6.52025998e-01,
  -1.80226296e-01,-9.79704094e+00, 2.08571577e+00,-3.66708308e-01,
  -1.09964061e+00, 8.66370618e-01,-3.27378321e+00, 8.80707836e+00,
  -7.81261683e-01,-3.05670643e+00,-1.62407482e+00,-3.35198665e+00,
  -4.96583271e+00,-5.51520777e+00,-1.03210535e+01,-4.63721842e-01,
  -1.16513872e+00, 1.10203016e+00, 5.30381060e+00, 6.79703474e-01,
  -1.42066264e+00,-1.98718536e+00,-2.45632267e+01,-2.98811525e-01,
  -1.16030538e+00,-9.51454282e-01, 3.81907493e-01, 6.15915358e-01,
   1.69864857e+00, 6.70084953e-01,-7.90803507e-02,-2.26422620e+00,
   5.32621002e+00, 7.54035473e-01, 1.62967682e+00, 3.62242746e+00,
  -2.93656135e+00,-3.55367279e+00, 5.74693298e+00, 3.09140533e-01,
   9.12066746e+00, 6.34316504e-01, 5.16274309e+00,-3.23610520e+00,
  -7.19175935e-01,-5.96683216e+00,-1.12306416e+00,-4.11370277e-01,
   5.78872561e-01, 3.06838870e+00, 2.83899097e+01,-3.08494711e+00,
   1.71800482e+00, 3.99145508e+00,-9.67158079e-02, 1.00765479e+00,
   2.20090961e+00,-8.19787502e-01,-2.20586252e+00, 2.88584733e+00,
   5.82616210e-01,-2.22608849e-01,-4.35121584e+00,-1.31125212e+00,
  -4.44042146e-01, 4.87947434e-01, 1.57533735e-01,-6.01939964e+00,
   4.23688459e+00, 1.01710953e-01,-1.04330790e+00, 3.57156491e+00,
  -2.24080467e+00,-1.36954117e+00,-1.57848823e+00, 7.03346878e-02},
 {-1.48927765e+01, 5.20079017e-01, 2.62185359e+00,-4.91446829e+00,
  -2.32478046e+00,-1.27833927e+00, 5.09765744e-01,-1.96105933e+00,
   6.34105349e+00,-3.80586171e+00,-1.93498299e-01,-4.48932648e+00,
   5.21317244e-01,-1.06891489e+00, 1.85375690e+00,-3.44256687e+00,
   1.14853941e-01, 4.50324923e-01,-2.05162926e+01, 1.16448545e+01,
   6.67118654e-02, 8.74219537e-01,-3.03628945e+00, 7.47917128e+00,
  -3.58548433e-01, 1.95729345e-01, 2.75111169e-01,-7.67920017e-02,
   1.86805713e+00, 1.31370378e+00, 3.37741882e-01, 1.22732711e+00,
   4.82060814e+00,-7.14046180e-01, 4.80733252e+00, 5.97166777e-01,
  -3.53423500e+00,-3.52472693e-01,-3.67862558e+00,-2.78227240e-01,
   1.05814266e+00,-8.77362669e-01,-4.45103168e+00, 2.42425013e+00,
  -3.51069164e+00, 3.12607360e+00,-2.61494994e+00,-5.56104124e-01,
  -2.38923144e+00,-1.41400015e+00, 3.06111932e+00, 2.76064968e+00,
   2.20960736e+00, 2.02542377e+00,-3.10263896e+00,-4.30945015e+00,
  -7.71853983e-01,-1.11554050e+00,-8.91189426e-02,-5.88235974e-01,
  -9.35456008e-02, 2.86757851e+00, 5.44159746e+00, 1.78067279e+00,
   2.76298690e+00,-1.25080884e+00, 3.52363205e+00,-4.78972197e+00,
   7.48629689e-01,-1.62023699e+00, 6.44707108e+00,-1.07416372e+01,
  -7.86871290e+00, 1.80189919e+00,-1.54990256e+00,-1.38567209e+00,
  -6.94284105e+00,-1.71648514e+00, 2.42902830e-01, 3.28271866e-01,
   2.43088198e+00,-1.09171951e+00, 1.04341733e+00,-4.26082134e+00,
  -1.23264074e+00,-1.39563584e+00,-3.59734520e-02,-6.96655273e+00,
  -1.32048025e+01,-3.05199575e+00,-4.85700989e+00, 2.33930087e+00,
   2.37358809e+00,-6.96798849e+00,-1.00718021e+00, 3.55746113e-02,
   1.04811513e+00,-7.21230209e-01, 2.97241139e+00, 4.45426941e-01,
   1.21317255e+00, 3.76224995e+00,-2.63463950e+00,-2.15086842e+00,
  -1.39605987e+00, 1.76342666e+00,-9.95864749e-01, 1.53962898e+00,
   4.40659428e+00, 1.06078422e+00,-5.12206268e+00, 1.58713973e+00,
   1.42859113e+00,-1.71746767e+00, 9.65407342e-02,-9.52161121e+00,
  -7.73730874e-02,-4.20038033e+00,-4.17927599e+00, 3.51014942e-01,
   7.86353588e+00,-1.61160564e+01,-3.15492916e+00, 5.05172253e+00,
  -1.30621386e+00, 3.22666764e+00, 1.00791633e+00, 6.21215868e+00},
 {-4.26350498e+00,-1.25578284e+00, 4.34185362e+00,-4.06370401e+00,
  -2.49905920e+00,-3.65613747e+00, 2.79977530e-01,-2.87538648e+00,
   1.59990764e+00,-9.26818728e-01, 1.85983717e+00, 2.85225391e+00,
   5.84394872e-01,-3.32071829e+00,-4.34345579e+00,-1.68109179e+00,
   3.70444357e-01,-1.22092342e+00, 1.59153438e+00, 2.08277225e-01,
  -2.12814164e+00, 5.52617669e-01,-2.69067335e+00,-1.70839083e+00,
  -2.76685953e+00,-3.16921020e+00,-1.07367790e+00, 2.27243468e-01,
  -4.68559921e-01,-1.93789613e+00, 1.81905663e+00,-1.77051330e+00,
  -9.52131689e-01,-4.19934303e-01, 3.45250636e-01, 1.04860246e-01,
  -1.19181383e+00, 1.11676621e+00,-1.08377671e+00, 4.31007290e+00,
  -2.12324142e+00,-3.22896183e-01, 1.77666083e-01,-2.09991431e+00,
   1.29120708e+00, 2.06189707e-01,-3.10871780e-01,-9.17430341e-01,
  -1.91091263e+00,-4.54026014e-01,-5.36331892e+00, 1.33863449e+00,
  -5.50946808e+00, 3.56756592e+00, 2.88954115e+00,-3.53302032e-01,
  -2.67801821e-01,-3.20305991e+00, 1.52368152e+00, 1.19910204e+00,
   5.17608225e-01, 1.88348627e+00,-1.29256451e+00,-2.12677813e+00,
  -5.20655251e+00, 9.06571209e-01,-8.24640656e+00,-1.20039690e+00,
   7.18149990e-02, 2.75945544e-01, 6.45562744e+00, 4.92296517e-01,
  -5.51097441e+00,-3.02190399e+00,-5.42065763e+00,-2.12744668e-01,
   3.33953261e+00,-3.13075542e+00,-8.02166581e-01, 1.01578617e+00,
   1.45198429e+00,-4.38051462e+00, 1.41998816e+00,-4.10315800e+00,
   7.45757639e-01, 6.84821606e-01,-1.42771602e+00, 3.09032512e+00,
  -1.11978884e+01,-8.48618221e+00, 1.07103119e+01, 5.31849480e+00,
   4.89936781e+00, 2.52952576e+00, 4.51658630e+00,-4.30762815e+00,
  -2.07491064e+00, 3.87584662e+00,-2.56372190e+00, 1.50080764e+00,
   6.12500668e-01, 5.47192812e+00, 3.03966731e-01, 7.07001877e+00,
   7.12851667e+00, 3.37912035e+00,-3.94566894e-01, 4.17557907e+00,
   3.71081376e+00,-8.73599470e-01, 5.02015543e+00, 4.16385508e+00,
   4.14684504e-01,-2.15599704e+00,-1.95666504e+00,-2.10130072e+00,
  -2.17139292e+00, 1.47809696e+00,-3.95316815e+00,-2.73863363e+00,
   2.86588478e+00, 1.26918107e-02,-6.33210993e+00, 5.72028828e+00,
  -7.93564498e-01,-2.01967812e+00,-5.09567070e+00,-6.89448977e+00},
 {-1.78893059e-01,-5.09840608e-01, 1.34769573e+01, 3.01464200e+00,
  -8.71627852e-02, 1.23915114e-01,-9.67141092e-01, 1.44890189e-01,
  -1.31494686e-01, 5.69451340e-02,-6.31748247e+00,-1.26111042e-03,
  -5.22628844e-01, 5.37027009e-02, 7.80682489e-02,-2.37219587e-01,
   5.79204679e-01,-1.27693596e+01, 1.02672363e-02, 1.30858263e-02,
   3.68765406e-02, 1.75411612e-01,-1.28879178e+00,-3.50648522e-01,
   1.28527462e-01, 2.07825646e-01,-1.97598413e-02, 1.45905748e-01,
   4.04102951e-02, 2.24718615e-01, 3.26281905e-01, 5.89884855e-02,
   6.26178741e-01,-6.43365383e-02,-1.31454512e-01,-2.41877627e+00,
   4.34165671e-02,-8.28085959e-01,-2.59441328e+00,-1.27852380e-01,
   5.08511737e-02,-1.69838834e+00, 4.82405394e-01, 1.78276944e+00,
  -7.92508796e-02, 1.34161246e+00,-1.37582153e-01, 2.37092227e-01,
  -1.59949705e-01, 3.22910175e-02,-2.04914883e-01,-1.75072514e-02,
  -6.02103062e-02, 1.85606107e-01, 1.33411244e-01,-4.00106795e-02,
   2.25523293e-01,-4.48586307e-02,-2.30140381e+01,-1.15110788e+01,
  -2.96462923e-01,-2.89457738e-01,-1.66308433e-01, 5.66106960e-02,
   9.15634155e-01, 8.00581169e+00,-1.84562877e-02, 8.88604373e-02,
   4.60334122e-01, 1.80383563e-01,-4.99628991e-01,-3.01105864e-02,
  -6.21376336e-01, 1.97459340e-01, 2.35709697e-01,-3.22205126e-01,
   5.95465243e-01,-2.26484891e-03, 5.24776518e-01,-3.51048350e+00,
   3.63516665e+00,-1.81134433e-01,-1.20252657e+01, 6.62349984e-02,
   1.26843762e+00,-9.50457081e-02,-1.04178011e+00, 4.48793459e+00,
   7.92874992e-02, 1.95049495e-01, 2.63122260e-04,-4.90773916e+00,
  -1.37737021e-01, 1.37604445e-01,-2.44537398e-01,-2.13942957e+00,
   4.41038124e-02,-8.60838592e-01,-8.30223083e+00, 1.74528551e+00,
  -1.22325413e-01, 2.11179126e-02,-1.54010887e+01, 1.61900005e+01,
  -1.27888441e-01, 4.59973030e-02, 1.74746872e-03,-1.91029236e-01,
   1.50752604e+00,-8.44333470e-02,-3.30836034e+00, 7.77389714e-03,
   3.00147676e+00, 4.35817808e-01,-9.55990776e-02, 7.22201392e-02,
  -1.22680202e-01,-8.77383173e-01, 4.02796459e+00,-3.23284417e-01,
   4.26414385e-02, 7.75595605e-02, 8.96077510e-03,-1.82343706e-01,
  -8.45361233e+00, 4.87170629e-02,-2.51801224e+01,-1.00160293e-01},
 { 3.88048925e-02, 1.82922468e-01, 2.61700839e-01, 1.79919612e+00,
  -5.40426731e+00,-6.20572472e+00, 1.20033455e+00, 1.56698287e-01,
   2.32360423e-01, 6.17387565e-03,-4.51793432e-01, 2.89980233e-01,
   2.92443514e-01, 9.03040022e-02, 1.40242946e+00,-1.02223325e+00,
  -2.98421264e+00,-4.94479895e+00,-6.77355826e-01, 2.10078835e-01,
  -9.97763336e-01, 6.61154604e+00,-6.35578573e-01, 6.04611993e-01,
   1.34978339e-01,-4.91867930e-01,-2.10525393e-02, 4.49705029e+00,
  -8.18231478e-02,-5.70993066e-01,-1.36078620e+00,-5.36913931e-01,
   2.59752810e-01,-1.85013151e+00, 1.54105723e-01,-1.43413610e+01,
   5.78382611e-01, 5.56472361e-01,-2.15567970e+00,-4.33937967e-01,
   1.84864640e-01, 6.35645837e-02, 1.73113316e-01,-1.93752420e+00,
  -1.00761540e-01,-2.73643661e+00,-8.55246925e+00,-4.31555547e-02,
  -6.98398924e+00,-1.53554499e-01, 5.62834084e-01, 7.07877353e-02,
   1.71182211e-02, 8.84482384e+00,-1.95421204e-01, 1.98699370e-01,
  -2.47653991e-01,-2.35018268e-01, 1.87336858e-02, 1.00089941e+01,
   2.04225445e+00, 2.25392103e+00, 6.92175448e-01, 5.36822677e-01,
   6.94755077e-01, 9.34100342e+00,-3.54467511e+00, 2.66121745e-01,
   1.00845470e+01,-8.25803041e-01,-8.36389005e-01,-1.32026393e-02,
   6.11954391e-01, 2.54185289e-01,-2.05929160e+00,-4.29843180e-02,
   2.88377976e+00,-2.07966280e+00, 8.59775901e-01, 1.94984436e+00,
   3.77086364e-03,-3.35460842e-01, 1.87256718e+00, 2.14499280e-01,
  -1.62717152e+01,-3.16025615e-01,-1.09271741e+00,-1.49261391e+00,
   1.22152555e+00, 1.21413171e+00, 4.53835344e+00, 1.47802329e+00,
   4.30903816e+00, 3.23455364e-01,-4.03288543e-01, 2.56188512e+00,
  -1.44280398e+00,-1.54822779e+00, 6.43133402e-01,-2.28923440e+00,
  -8.36660489e-02,-5.29196739e-01,-4.66969728e+00, 3.83158231e+00,
  -1.22944951e+00, 7.28760123e-01, 1.07026748e-01,-2.89825827e-01,
   8.75819683e-01,-2.10410595e-01, 3.58189774e+00,-1.18768163e-01,
  -3.91523615e-02,-6.66629434e-01, 1.59605634e+00, 1.25365719e-01,
   9.37473416e-01, 8.46200526e-01, 4.10670131e-01, 2.14879346e+00,
  -9.73526239e-01,-4.84659262e-02,-5.26458311e+00,-1.39156008e+00,
  -2.71124721e+00, 1.80986479e-01, 4.23339695e-01,-2.42664528e+00},
 { 1.12126842e-02,-1.56399927e+01,-1.57147369e+01, 2.44432640e+00,
   6.95747852e-01, 2.05289578e+00, 2.12078953e+00, 4.69837874e-01,
  -4.93713915e-02,-2.14228049e-01,-2.12533236e+00, 1.25666320e+00,
  -5.91031194e-01, 3.64613906e-02, 8.33991230e-01,-9.10132217e+00,
  -2.16684842e+00,-4.39111137e+00, 2.06806704e-01, 4.37909253e-02,
   4.20993865e-01,-5.05773485e-01,-9.69944298e-01,-6.35330856e-01,
  -2.32255116e-01, 4.18863706e-02,-2.38312148e-02, 8.75957459e-02,
  -3.53342816e-02,-1.25307485e-01, 1.91519582e+00,-6.15141511e-01,
  -4.84639965e-02,-1.10447153e-01, 2.19713151e-03, 2.80242491e+00,
  -1.58918276e-01,-1.17846441e+00, 1.20245743e+00, 1.76724732e-01,
   1.70928277e-02, 1.95973545e-01,-1.10476412e-01,-2.71855056e-01,
  -8.97116587e-02,-4.33406115e+00, 5.84471561e-02, 4.53596413e-01,
   3.58357519e-01,-1.11940846e-01,-9.97694969e-01,-2.64312681e-02,
  -7.83393323e-01, 7.15679646e+00,-1.79757401e-01,-6.26701117e-02,
  -2.87236929e-01, 3.99068855e-02,-2.61233568e+00, 8.71954250e+00,
  -2.21982517e+01, 2.82580107e-01,-1.08922184e+00,-2.99488138e-02,
   4.49243963e-01,-4.42946386e+00, 6.56398907e-02,-1.30554616e-01,
  -7.99947858e-01,-1.27125907e+00,-9.74899471e-01, 8.02254975e-02,
   2.17185712e+00, 6.68053329e-02,-9.73999977e-01, 1.99368633e-02,
  -5.95413566e-01, 1.00689054e+00, 6.51023030e-01, 2.66006708e+00,
  -6.03944492e+00,-5.45640230e+00, 7.05109310e+00, 3.33578289e-02,
   5.65785289e-01,-4.41598669e-02, 2.15305614e+00,-3.36717749e+00,
   1.93418965e-01,-1.36161357e-01,-1.07951021e+00, 1.26683235e-01,
  -1.44078299e-01,-1.91341359e-02,-5.36376089e-02, 4.87954712e+00,
   1.48743093e+00, 1.60447788e+00,-2.11567450e+00, 1.68781114e+00,
   7.07644522e-02,-7.94912651e-02, 1.59330492e+01,-1.03873348e+01,
   1.72421902e-01, 4.76985246e-01, 8.55597928e-02,-1.37212109e-02,
  -5.46755648e+00,-1.28897158e-02, 9.31058824e-01,-8.26366339e-03,
  -9.35266685e+00,-1.16743371e-01,-4.63834524e-01, 1.02523789e-01,
   4.95160133e-01,-1.08413386e+00,-2.58728838e+00, 9.87184703e-01,
   1.47393225e-02, 9.35019739e-03, 1.58865318e-01, 1.42639324e-01,
  -8.25928569e-01, 4.49857861e-02,-7.73300791e+00,-2.51806110e-01},
 {-1.70988960e+01, 9.17842239e-02, 2.44775102e-01,-1.02031924e-01,
  -1.37949371e+00,-2.59432197e+00,-1.35723505e+01,-1.44499063e-01,
  -3.19033623e+00,-1.84062874e+00, 1.17680386e-01, 1.42802439e+01,
   1.01371715e-02,-5.05091310e-01, 4.31987333e+00,-4.01400626e-01,
  -8.23734224e-01,-2.13526988e+00, 2.89610475e-02, 7.33851373e-01,
   3.57911468e-01, 9.12747383e-01,-3.58921695e+00,-1.10200249e-01,
   5.70055664e-01, 2.83893547e-03,-1.64376438e+00,-1.01553567e-01,
  -5.51206017e+00, 5.71135163e-01,-2.40362585e-01, 9.22871876e+00,
  -1.75852356e+01,-2.28612870e-01, 1.93371922e-01, 3.08353733e-02,
   2.67760158e-01, 1.37537401e-02,-5.64360321e-01, 4.04715585e-03,
   2.40531707e+00,-1.20743477e+00,-3.10767150e+00, 2.53947139e-01,
  -2.37116361e+00, 2.68700957e+00,-2.01077536e-01, 2.05279899e+00,
  -1.31608653e+00,-1.41346127e-01,-3.40097636e-01, 1.03241003e+00,
   5.65800786e-01,-1.90260038e-01,-1.56881094e+01,-8.79050255e+00,
   2.66453719e+00,-3.09851747e-02,-2.34352922e+00,-3.63618076e-01,
   2.04723671e-01,-6.00130081e-01, 5.81498718e+00,-2.87731946e-01,
   4.19554615e+00, 2.17610076e-02, 1.78450227e-01, 7.57177770e-02,
   1.49612546e+00,-3.87561232e-01, 6.94888020e+00,-3.73486748e+01,
  -9.02046204e+00, 9.19200838e-01, 9.29024816e-01,-1.12449002e+00,
  -9.95713830e-01, 6.40580833e-01,-4.40048687e-02, 3.14563848e-02,
  -6.72070831e-02,-6.68796539e-01,-1.68227315e-01, 3.38996291e-01,
  -2.12672278e-01, 3.09087777e+00,-9.46349278e-02, 2.89916769e-02,
  -4.13285822e-01, 9.87580657e-01,-2.05960885e-01, 4.05148417e-01,
   1.02421068e-01,-8.43214393e-02,-5.86423779e+00,-8.52216840e-01,
   4.92439151e-01,-7.37584755e-02, 5.90830147e-01, 2.47620530e-02,
   3.70294976e+00, 4.63219833e+00, 2.27746320e+00,-2.53567785e-01,
   5.64019457e-02,-1.24858093e+01,-8.53847027e-01, 2.09385797e-01,
  -3.11259210e-01, 1.42776400e-01,-1.61054745e-01,-1.31868811e+01,
  -1.24644406e-01,-1.60865843e-01,-1.57749462e+01, 3.26603130e-02,
  -3.49607348e-01,-1.52385030e-02, 9.89326909e-02,-9.93082076e-02,
   4.99037218e+00, 1.34514546e+00, 9.78722200e-02, 5.70594263e+00,
  -1.74764514e-01, 2.57280207e+00, 4.03069928e-02, 1.24848805e-01},
 {-1.44066632e-01, 8.78316835e-02, 3.06335181e-01,-3.57280709e-02,
  -1.14124298e+00,-2.63738608e+00, 2.48349619e+00, 1.67237401e+00,
  -1.00345345e+01,-8.19001019e-01,-1.27630889e-01, 2.94758868e+00,
   3.52728702e-02, 7.85909891e-01, 1.29693890e+01,-3.68758798e-01,
  -1.99438334e-01,-2.28441906e+00,-3.04863811e+00, 5.64149427e+00,
   3.51094306e-01, 1.11623478e+00, 1.23241496e+00, 2.58727670e-01,
   5.95086098e-01, 2.88758352e-02, 8.43190730e-01,-1.17389746e-01,
  -5.27782536e+00, 4.88734156e-01,-1.99316904e-01, 1.21611297e+00,
   7.67312431e+00,-3.02590966e-01,-1.26238739e+00,-4.16964032e-02,
   2.43098065e-01, 4.50412408e-02,-4.64565396e-01, 2.76321489e-02,
   1.64373815e+00,-1.18668032e+00, 8.57983530e-01,-3.33271337e+00,
  -3.09396696e+00, 1.77511561e+00,-1.90069020e-01, 4.10933876e+00,
  -1.50695086e+00,-1.02303767e+00,-3.23024094e-01,-5.10455072e-01,
   6.13548517e-01,-1.39969304e-01,-2.09606194e+00, 5.10884237e+00,
   3.18139100e+00,-8.72821733e-02,-2.04392552e+00, 1.40838218e+00,
   2.46827826e-01,-8.05518925e-01, 1.17653513e+01,-4.11101490e-01,
   1.17271948e+00,-4.39134054e-02,-3.96805584e-01, 1.62148178e-01,
   1.54027748e+00,-1.94081247e-01,-4.10847569e+00, 4.69633996e-01,
   3.60688472e+00, 1.27200520e+00, 7.76254773e-01, 1.42473972e+00,
  -1.02592051e+00, 5.95528185e-01,-1.46121979e-02, 1.59228090e-02,
  -5.76779582e-02,-5.64651608e-01,-6.99569732e-02,-1.77975464e+01,
  -1.05521195e-01,-1.08634293e+00,-4.19149816e-04,-1.52696669e-01,
  -4.67208862e-01, 2.38746405e+00,-2.98388690e-01, 1.65314376e-01,
   2.05950052e-01,-4.43209521e-02,-6.86925459e+00,-2.03676963e+00,
   1.86610177e-01, 9.58241969e-02, 7.72699237e-01, 2.08804950e-01,
   6.71824217e-01,-6.81295693e-01, 1.56490624e+00, 2.62923222e-02,
  -9.93421137e-01,-9.68020535e+00,-3.09507847e-01, 1.94509894e-01,
  -2.85016805e-01, 2.16639757e-01,-2.47227669e-01,-1.12139022e+00,
  -1.28807202e-01,-5.61865456e-02, 2.90382195e+00, 1.50714087e+00,
   3.11960292e+00,-1.74171126e+00,-2.20406458e-01,-5.30875802e-01,
  -9.06641102e+00, 9.65964854e-01,-1.78361490e-01, 8.31040287e+00,
  -1.41646266e-01,-7.47089535e-02,-5.86353689e-02,-4.92199063e-02},
 {-1.89257070e-01,-1.78443536e-01, 3.02280694e-01, 6.56711459e-01,
   1.86701787e+00, 3.53240180e+00,-1.03309145e+01,-3.19240427e+00,
  -2.80235958e+00, 1.18993962e+00,-1.56271920e-01, 4.32006407e+00,
  -1.62219889e-02,-3.51073861e+00, 7.15440941e+00, 3.98703158e-01,
   2.23779283e-03, 7.08619952e-01, 1.52649975e+00,-2.61819720e+00,
  -4.09742683e-01,-7.27419794e-01,-8.37476969e-01,-5.99444389e-01,
  -8.35577250e-01, 4.60639000e-02,-1.31423557e+00, 3.36059332e-01,
  -5.07882118e+00,-8.14281166e-01, 1.47492439e-01,-8.46572399e-01,
   2.05949521e+00, 4.01385128e-01,-6.13282397e-02, 1.97978646e-01,
  -4.37418073e-01, 9.94738117e-02,-1.79228556e+00,-1.40895501e-01,
  -2.07564902e+00,-5.46966732e-01, 2.68795681e+00, 1.50820279e+00,
  -2.07203984e+00, 2.76725650e+00, 2.23635659e-01,-1.20105278e+00,
   1.17903030e+00, 1.15861392e+00, 4.18732762e-01, 8.13120127e-01,
  -9.28314328e-01,-1.47206903e-01, 9.81823742e-01,-3.51954246e+00,
   1.40413511e+00, 1.21213228e-01, 2.72239470e+00,-6.27680600e-01,
   2.32843440e-02, 9.40346599e-01,-1.95968032e+00, 6.21667087e-01,
   7.81760991e-01,-1.80385336e-01, 4.10985380e-01,-1.32359684e-01,
  -1.97810268e+00, 4.35702890e-01, 3.24542356e+00,-7.06947625e-01,
   2.09913611e+00,-1.31953061e+00,-1.42156184e+00,-1.01866436e+00,
   3.74618340e+00,-7.03595281e-01,-2.01480910e-02,-4.61866008e-03,
   8.72737244e-02, 7.55889952e-01,-1.46604121e-01,-5.14443159e+00,
   2.65211940e-01, 2.24059865e-01,-9.15538296e-02,-7.49476030e-02,
   7.77093291e-01,-1.31881704e+01, 3.31757069e-01, 2.50398040e-01,
  -5.31539142e-01, 2.23344281e-01,-1.93393719e+00, 1.84559119e+00,
  -2.68665314e-01,-4.75719832e-02, 1.61694914e-01,-2.88461179e-01,
   2.48730850e+00, 1.27841008e+00,-2.06541634e+00,-6.46232367e-02,
   1.56691618e+01, 3.28835416e+00, 3.18580866e-01,-4.43304986e-01,
   3.26529533e-01,-2.44043380e-01, 2.87897855e-01, 1.24275398e+00,
   1.46581098e-01, 3.04953754e-01,-9.66536224e-01,-2.11220789e+00,
   3.97678685e+00, 6.54043674e-01, 3.59809726e-01,-8.91661763e-01,
   4.47574902e+00, 5.65931082e+00, 1.96597710e-01, 8.54641914e+00,
   1.51217386e-01,-3.51522267e-01,-2.17626646e-01, 1.67751908e-01},
 {-3.02716398e+00, 1.31435072e+00, 1.05926876e+01, 4.45833302e+00,
   5.09214699e-01, 2.08998108e+00, 5.70655870e+00,-4.39570189e+00,
   1.82269764e+00,-1.97183251e-01, 2.02812269e-01, 1.23318338e+00,
  -6.80163503e-01,-2.18860245e+00,-5.73557758e+00,-2.33919755e-01,
   1.87860274e+00, 7.00356960e+00, 1.68328321e+00,-1.65272498e+00,
  -3.05230665e+00,-3.13359809e+00,-4.20427179e+00,-1.94412947e-01,
  -3.21944547e+00,-3.09451175e+00,-9.38856125e-01, 8.53850603e-01,
   1.22826803e+00,-5.62115049e+00, 7.45379591e+00,-5.45399547e-01,
  -1.57525480e+00, 2.83607602e+00, 1.42992139e-01, 1.86722353e-01,
   7.92012072e+00, 3.68100953e+00, 2.17228031e+00,-4.73090601e+00,
  -1.84138131e+00, 4.32152367e+00,-9.39388335e-01,-1.03254547e+01,
   1.53900814e+00, 2.59248161e+00,-8.82896721e-01,-2.27520347e+00,
  -1.98955178e-01, 2.04057112e-01, 4.76140308e+00, 1.23981452e+00,
  -1.35180199e+00,-2.27889061e+00, 2.52583051e+00,-2.11715400e-01,
  -3.56098413e-01, 1.12709844e+00, 6.59097880e-02,-1.15877485e+01,
  -5.53359175e+00, 8.95209980e+00,-1.18730307e+00, 2.50280589e-01,
  -6.54560661e+00, 8.63163233e-01,-7.05851936e+00, 6.59709692e+00,
  -5.26539373e+00, 1.64153361e+00, 7.13582134e+00, 1.27831173e+00,
  -4.27802896e+00,-2.18569446e+00,-2.01766324e+00,-5.47083974e-01,
  -8.64895403e-01,-1.60695064e+00,-1.60226766e-02, 1.28185308e+00,
   1.53888538e-01, 3.40596914e+00,-3.67256403e+00,-3.72288465e+00,
   1.18448758e+00, 9.60749984e-01,-2.28783226e+00, 1.11052096e+00,
   6.07445002e-01,-7.89747000e+00,-1.55055571e+00, 5.00356531e+00,
  -8.27310753e+00,-3.97386217e+00, 4.91909027e+00,-6.98677731e+00,
  -3.00390887e+00, 1.59026384e-01, 3.20075333e-01, 9.76706564e-01,
   1.80473790e-01, 4.67640972e+00,-9.82192230e+00, 8.49189568e+00,
   6.76531744e+00, 4.12388468e+00, 5.51416457e-01,-1.75545061e+00,
   2.67543125e+00, 1.34839141e+00,-5.02488422e+00, 2.40302730e+00,
  -5.55561733e+00,-3.80482602e+00,-3.66091561e+00,-1.26880455e+00,
  -1.43091607e+00, 3.86448085e-01,-5.92036784e-01,-5.38821745e+00,
   4.77231884e+00, 6.09208882e-01,-1.09639716e+00, 5.58645344e+00,
   1.46965289e+00,-2.10149503e+00, 2.00686717e+00,-2.04238248e+00},
 { 5.88947423e-02, 1.15206599e-01,-1.32220974e+01,-2.89612919e-01,
  -4.52375673e-02,-5.53182650e+00, 2.77072930e+00,-7.04645962e-02,
   9.06707346e-03, 1.97373964e-02, 1.56756490e-01,-2.14042693e-01,
  -2.34260559e+00,-9.06916894e-03,-1.13421967e-02,-1.64846871e-02,
  -4.76319283e-01,-7.98216283e-01, 2.70825122e-02, 9.45697259e-03,
  -3.43110897e-02, 1.26447342e-03, 4.47757803e-02,-2.05866136e-02,
   2.64566001e-02,-1.07409339e-02, 1.91485099e-02,-3.09613496e-02,
   1.39467254e-01,-6.87046647e-02,-1.62990627e+01, 2.59590223e-02,
  -3.33432943e-01,-4.83048661e-03, 4.70007434e-02,-1.35428703e+00,
   4.72685486e-01, 4.59687084e-01, 8.03451538e-02, 9.49311885e-04,
  -2.29542572e-02, 6.63934499e-02, 3.91522981e-02, 2.76189268e-01,
   1.58594996e-02,-2.45997214e+00,-3.87395477e+00,-9.79745984e-02,
   5.61543144e-02, 3.07933167e-02,-3.24792974e-02,-2.59388261e-03,
  -1.78665277e-02,-7.36728132e-01, 9.30091273e-03, 2.23198682e-02,
  -6.38923347e-02, 3.24978406e-04,-6.73561171e-02,-8.94240260e-01,
   4.80499649e+00, 7.15396702e-01,-1.40109763e-01, 7.77802197e-03,
   1.49279656e-02,-6.56314468e+00,-2.45302105e+00,-7.92866689e-04,
  -6.77222443e+00, 1.30251767e-02, 1.94637813e-02, 1.85384657e-02,
   1.09676942e-01,-3.06486357e-02, 4.44755331e-02,-1.69373125e-01,
   4.86982256e-01,-2.08591707e-02, 1.75171888e+00,-9.72138569e-02,
   1.77840665e-01, 1.03725098e-01,-3.11894119e-01,-9.16035101e-03,
  -1.70917952e+00,-5.19433506e-02, 2.62435985e+00,-1.27198696e-01,
  -5.67455068e-02,-4.40734401e-02, 7.06003921e-04,-3.40988845e-01,
   3.97541039e-02,-2.32406426e-02, 5.37813157e-02,-2.06831306e-01,
  -2.52364632e-02, 1.29617348e-01,-3.03535312e-01,-4.80020666e+00,
  -4.98428009e-02,-2.19632946e-02,-6.16878319e+00,-5.24633706e-01,
   4.70307693e-02, 9.91791859e-02, 1.67869460e-02, 1.77157316e-02,
  -2.78512363e+01, 1.40779986e-04,-2.22347960e-01,-6.99421838e-02,
   3.87218818e-02, 2.41700196e+00,-7.93284595e-01,-1.03949057e-02,
  -7.69692212e-02,-1.18445054e-01,-6.82972968e-01, 4.17655498e-01,
  -3.40918183e-01,-2.27064360e-03,-1.05593872e+00,-1.57152951e-01,
   4.62793522e-02,-3.95727111e-03,-3.27429548e-02,-1.57820721e+01},
 { 5.66806364e+00,-2.69109225e+00, 2.47694731e+00,-3.21708727e+00,
  -1.44655734e-01, 2.78303576e+00,-5.57265234e+00, 1.80417132e+00,
  -3.08169627e+00,-2.74185991e+00, 2.20885801e+00, 1.26774800e+00,
   8.72925162e-01, 2.27818418e+00, 9.91913605e+00,-2.87118483e+00,
  -4.15804005e+00,-1.86736321e+00,-1.82680416e+00, 1.95538986e+00,
  -2.70694947e+00, 1.43832505e-01,-8.82044137e-01, 1.46796143e+00,
  -1.70367169e+00,-4.75366545e+00,-6.67177856e-01, 5.62356472e+00,
   1.08942628e+00, 7.97335029e-01,-7.62458658e+00, 1.26595128e+00,
   3.92877817e+00,-5.13185501e+00,-1.73843294e-01,-3.71578068e-01,
   5.98479509e+00, 1.73706138e+00,-1.06261039e+00,-9.90192443e-02,
   1.28444934e+00, 5.20320714e-01, 9.87064123e-01,-1.09602082e+00,
  -1.77365482e+00, 3.16325116e+00, 1.39622009e+00,-2.45906636e-01,
  -1.29501581e+00,-1.77772963e+00, 2.66607285e+00, 1.01079300e-01,
   9.75821465e-02, 3.81136209e-01,-6.82896197e-01, 1.04896176e+00,
   1.38383615e+00, 1.03912458e+01, 3.60336185e+00, 3.10843349e+00,
   2.20308566e+00, 1.81959283e+00,-9.60364938e-01,-4.79735404e-01,
   8.08653927e+00,-8.74963105e-01,-1.27885497e+00, 5.70969296e+00,
  -4.06272459e+00,-2.45667601e+00,-5.89804983e+00,-4.13501120e+00,
   4.15396643e+00, 1.14456522e+00, 3.01213288e+00, 5.87374091e-01,
  -2.36178136e+00, 1.08871794e+00, 6.71976626e-01,-1.24567020e+00,
  -8.07082057e-01, 3.30125022e+00, 2.19609880e+00, 1.29248834e+00,
   2.71931618e-01,-4.97214079e-01,-3.05724323e-01,-8.23089004e-01,
   3.51938695e-01, 6.56812716e+00,-7.06077814e+00,-1.40021369e-01,
  -4.50954342e+00,-4.02871895e+00,-6.40801096e+00,-2.96396613e+00,
  -2.18332386e+00,-1.52847260e-01, 7.97099173e-01, 1.97407699e+00,
   3.44914734e-01,-5.02124357e+00, 4.62317896e+00, 2.95712471e+00,
  -5.98598862e+00,-2.40096378e+00,-1.94639647e+00,-7.34834671e+00,
   6.80325890e+00, 3.65952921e+00, 1.14032793e+00,-3.42255235e+00,
   2.82172471e-01, 1.67043936e+00,-1.12055123e+00, 1.13157737e+00,
   3.43752933e+00,-1.10934582e+01,-5.10899258e+00, 2.04283309e+00,
  -3.28331590e+00,-6.38236463e-01,-9.88964653e+00,-4.77560043e+00,
   6.33722425e-01, 1.82393491e+00,-5.09824228e+00,-3.06092572e+00},
 { 5.58620036e-01, 2.68235296e-01,-4.74089473e-01,-1.00808904e-01,
  -2.80959272e+00,-5.70140505e+00, 2.12091947e+00, 6.73646402e+00,
  -3.10062790e+00,-1.15565360e+00,-1.02634378e-01, 2.20279384e+00,
   4.07872349e-02, 5.61827469e+00,-9.22995806e-01,-1.53535688e+00,
   4.67588574e-01,-3.26940566e-01, 5.44514298e-01, 1.57470691e+00,
   1.14044297e+00, 9.88512814e-01, 6.88720584e-01, 3.48848510e+00,
   1.12247300e+00,-1.59553766e+00, 7.62834489e-01,-4.56263751e-01,
  -7.93662429e-01, 1.40945089e+00, 2.65178084e-01, 1.89887428e+00,
   3.98364925e+00,-5.69546998e-01, 4.61830187e+00,-5.87035641e-02,
   1.48509371e+00,-4.48240191e-01,-1.25914022e-01, 3.83299023e-01,
   2.38825870e+00,-8.46978784e-01,-2.15018797e+00, 8.31757784e-02,
  -7.24051178e-01,-2.62809753e-01,-1.09481537e+00,-6.24372587e-02,
  -2.75751567e+00,-1.79322255e+00,-1.11555803e+00,-8.62819254e-01,
   1.37242877e+00, 1.05826549e-01,-4.83693981e+00,-1.02754676e+00,
  -4.96094179e+00,-2.31839076e-01,-4.86495352e+00,-1.10565555e+00,
  -1.32633030e-01,-1.39580774e+00,-5.91155887e-01,-6.11152947e-01,
   2.07397103e+00, 9.73677710e-02,-1.73338091e+00, 7.02156350e-02,
   2.63463402e+00,-1.04628122e+00,-4.33399010e+00, 1.14198732e+00,
   3.77697325e+00, 1.74087763e+00, 2.27172399e+00,-4.02649927e+00,
  -7.61933982e-01, 3.03159922e-01,-2.70857457e-02,-1.07301988e-01,
   2.28586257e-01,-1.04878139e+00,-1.85730010e-01, 4.09720898e+00,
  -2.20458642e-01,-3.82391405e+00, 5.03362298e-01, 8.03489923e-01,
  -1.28595030e+00, 8.22639751e+00,-4.07604367e-01, 1.28093374e+00,
   6.18237674e-01,-3.27569276e-01,-5.06014967e+00,-9.17228460e-01,
  -4.50819492e-01,-3.28278214e-01, 6.04660928e-01,-4.97828834e-02,
   1.39231527e+00,-1.56315756e+00, 3.25114393e+00,-3.20081055e-01,
  -7.24915123e+00,-1.27133913e+01,-3.08101922e-01, 4.17496353e-01,
  -4.42335933e-01,-2.23930568e-01,-4.37495202e-01,-3.40885568e+00,
  -7.28766084e-01, 2.42805019e-01,-1.47463760e+01, 2.85583568e+00,
  -4.40350771e-01,-4.83895212e-01,-1.80224717e-01,-8.63602832e-02,
  -3.63460422e+00,-1.94499874e+00,-7.50140965e-01,-4.36943674e+00,
  -2.22633004e-01, 3.64676297e-01,-7.47248411e-01,-1.13612330e+00},
 {-1.22652254e+01, 3.52302641e-01,-9.04024661e-01,-2.89289474e-01,
  -2.45311522e+00,-6.41499662e+00, 1.02955551e+01,-7.15236759e+00,
  -6.39339399e+00,-4.01400042e+00, 4.17916365e-02,-3.10491967e+00,
   1.02840751e-01,-1.08340287e+00, 5.31939030e+00,-1.27073884e+00,
   4.74787295e-01, 9.04556751e-01, 5.21128595e-01, 1.78766000e+00,
   9.46114302e-01, 1.09109628e+00,-2.03274822e+00,-6.18649960e+00,
   1.27618778e+00,-1.75375450e+00,-2.63576102e+00,-5.31784773e-01,
   5.57318640e+00, 1.09473956e+00, 7.92628467e-01,-2.92294502e+00,
   6.08278894e+00,-1.23632991e+00, 1.26653874e+00, 1.48938626e-01,
   1.34421873e+00,-4.78385508e-01, 1.60861146e+00, 4.24898006e-02,
   4.88524055e+00,-6.14832388e-03, 2.92559004e+00,-7.95181930e-01,
  -5.27785110e+00,-2.50824809e+00,-1.02287734e+00, 6.22912943e-01,
  -2.44802189e+00, 9.19807076e-01,-7.69744217e-01, 1.80048680e+00,
   1.48155296e+00, 3.02438498e-01,-4.91410351e+00, 2.78282475e+00,
   6.01178217e+00,-2.30330706e-01,-5.02074099e+00,-1.30134952e+00,
  -7.68480152e-02,-1.32728577e+00, 8.42644882e+00,-5.86608231e-01,
   7.60276890e+00, 7.82450289e-02,-3.34084243e-01,-3.90768424e-02,
   3.38097245e-01,-1.54692876e+00,-3.93208528e+00,-1.14796295e+01,
   2.52262497e+00, 2.19557667e+00, 2.00390100e+00, 2.82335520e+00,
   1.69753742e+00, 8.19188356e-01, 9.52803791e-02, 6.07451238e-02,
   3.03853571e-01,-9.48008955e-01, 1.40776450e-03, 1.47150576e+00,
  -6.85516834e-01,-6.80098438e+00, 7.93214142e-01, 5.97765863e-01,
  -1.57791936e+00, 2.86001229e+00,-5.23455143e-01, 6.40660703e-01,
   7.80890465e-01,-2.15541735e-01,-1.19785595e+01,-1.07707810e+00,
   1.53329289e+00,-2.67349839e-01,-6.81109667e-01,-1.90291733e-01,
  -1.80497825e+00,-1.74660702e+01, 5.88714314e+00, 3.99452418e-01,
  -7.55182803e-01, 1.21590662e+01,-1.22665262e+00, 4.57624823e-01,
  -6.57518744e-01,-6.75720796e-02,-3.14621031e-01,-6.89730978e+00,
  -1.40418911e+00, 1.54106274e-01,-2.55565929e+01, 8.57012510e-01,
   7.97370625e+00,-7.28011274e+00,-2.15167239e-01, 7.77080536e-01,
  -3.73847008e+00, 3.02286482e+00,-3.58308405e-01,-1.19608450e+01,
   2.65198112e-01, 5.29377699e+00,-7.12725461e-01,-8.17996681e-01},
 { 5.61499739e+00,-1.58141866e-01,-3.60476039e-02, 8.12232614e-01,
   2.98882318e+00, 5.04675007e+00,-1.93167782e+00,-1.60591698e+01,
   6.17107916e+00, 2.63782358e+00,-3.46333236e-01, 3.83813500e+00,
  -7.82803167e-04, 1.11025918e+00,-4.03090298e-01, 6.99818015e-01,
   4.83303815e-01, 1.13468075e+00, 1.01131797e-01,-1.85700166e+00,
  -6.54264987e-01,-1.79814982e+00,-7.58365488e+00, 8.99624705e-01,
  -1.46023905e+00,-2.57087629e-02, 3.29309535e+00, 3.59113187e-01,
  -4.14037037e+00,-1.14003778e+00, 7.69146919e-01,-6.25393963e+00,
  -1.56480560e+01, 6.03765905e-01, 1.08901453e+00, 9.01099443e-02,
  -5.09982228e-01, 2.45514348e-01, 2.71580124e+00,-9.45410226e-03,
  -4.79476404e+00, 1.33665812e+00, 5.10278416e+00, 5.19983292e+00,
   4.48736763e+00,-2.46796918e+00, 2.90917009e-01,-2.18288732e+00,
   2.52193594e+00, 9.73567903e-01, 5.85292339e-01,-2.06425858e+00,
  -1.30617070e+00,-7.63339326e-02,-1.30592957e+01,-9.29595757e+00,
  -4.87095833e+00, 1.01614475e-01, 4.79477358e+00,-1.48498011e+00,
  -3.49834636e-02, 1.27032304e+00,-3.12297845e+00, 6.94494307e-01,
  -8.10971642e+00,-1.41820416e-01,-1.12750804e+00,-1.84656844e-01,
  -3.53701591e+00, 8.67926180e-01,-5.55106103e-01, 9.77809238e+00,
  -1.68798943e+01,-1.48912799e+00,-2.16371131e+00,-6.11211681e+00,
   2.64479613e+00,-1.15592790e+00,-1.50809251e-02,-1.54041231e-01,
   4.25295606e-02, 1.39958072e+00, 1.97858766e-01,-4.80973125e-01,
   4.45198685e-01,-8.91673279e+00, 4.13315836e-04,-3.08233619e-01,
   9.96549904e-01,-2.16355896e+00, 4.20602173e-01, 6.58530414e-01,
  -5.33908725e-01, 2.88937122e-01, 1.10074167e+01, 4.74929714e+00,
  -8.02943170e-01, 1.17582260e-02,-6.04495585e-01,-2.30302602e-01,
   2.58214521e+00, 4.89413977e+00,-2.42941689e+00,-3.99808913e-01,
   4.57211792e-01, 1.95945988e+01, 1.99851286e+00,-6.22502327e-01,
   5.00420511e-01,-3.68922204e-01, 2.02990487e-01,-8.18157482e+00,
   1.69813842e-01, 3.77691001e-01,-7.59659171e-01, 1.69842392e-01,
  -1.33668098e+01, 1.03974843e+00, 6.91551715e-02, 1.82224274e+00,
   1.63813603e+00,-2.14779282e+00,-2.35776991e-01, 8.29719353e+00,
   1.53948352e-01,-4.93432283e+00,-4.59925652e-01,-9.35312137e-02},
 {-4.35334492e+00, 8.89071077e-02,-3.02008533e+01,-2.56607456e+01,
   1.99849224e+00,-5.02577734e+00, 1.28064799e+00,-3.04623127e+00,
   1.55898714e+00, 5.72100163e-01,-1.69236994e+00,-1.48053217e+00,
  -9.66119051e-01,-2.48319936e+00,-4.11266041e+00,-1.87066138e+00,
  -7.42834759e+00, 2.08680987e+00, 1.72444141e+00,-4.90235090e-01,
  -2.43306327e+00,-2.15414333e+00, 1.34299922e+00,-4.58185136e-01,
  -2.71446872e+00, 3.65604711e+00,-1.08233297e+00, 4.88478041e+00,
  -1.50037408e+00,-1.99667561e+00, 2.21672520e-01,-7.59058058e-01,
  -6.25228107e-01,-1.95488811e-01, 9.64216888e-01,-1.11756778e+00,
   3.56761646e+00,-4.53394413e-01,-6.45979583e-01,-8.02467346e+00,
  -1.03663194e+00, 2.71993369e-01, 4.16428030e-01, 3.04233527e+00,
   1.43979716e+00, 5.04042530e+00,-2.87069035e+00, 1.51982605e+00,
  -1.91260386e+00, 5.23690104e-01,-1.87013698e+00, 5.28721094e-01,
  -1.12434280e+00, 2.39944935e+00, 2.74028516e+00,-9.57843304e-01,
  -1.03107408e-01,-2.82840610e+00,-1.40226454e-01, 2.51898289e+00,
   2.28657913e+00,-2.40453982e+00,-7.29009986e-01,-1.14760571e+01,
  -4.04653740e+00, 8.73764575e-01, 1.42359793e-01, 2.36229420e+00,
  -1.39265280e+01, 2.39422631e+00, 6.25300503e+00, 1.50353062e+00,
  -3.38202429e+00,-2.33078694e+00, 8.88126075e-01,-6.01681054e-01,
   1.16898501e+00, 3.35657454e+00, 1.14827895e+00,-1.74069500e+00,
  -2.93368492e-02, 2.10756149e+01,-1.08166778e+00,-2.59011650e+00,
  -1.45368421e+00,-9.80244160e-01, 4.66606760e+00, 2.59919941e-01,
   5.16291237e+00,-6.65745020e+00,-4.45221519e+00, 4.84875584e+00,
  -3.67756915e+00,-2.83057833e+00, 3.01541781e+00,-3.73694038e+00,
  -5.11360264e+00,-8.15272808e-01,-2.15688825e+00,-1.59975255e+00,
   2.40759820e-01, 5.75275993e+00, 1.14771814e+01,-9.07909012e+00,
   5.75710773e+00, 4.99011230e+00, 2.61924624e-01,-5.43277550e+00,
   6.37093961e-01,-5.48637295e+00, 9.52775288e+00, 2.49998665e+00,
  -8.48691082e+00,-1.32129085e+00,-2.38235021e+00,-1.49738395e+00,
  -1.32779634e+00, 6.18290722e-01,-2.59110403e+00, 1.54494023e+00,
   4.55656672e+00,-9.35677662e-02,-5.24046993e+00, 3.61433840e+00,
   3.90027165e+00,-2.05214214e+00,-1.96735168e+00,-6.08532476e+00},
 {-1.09910231e+01,-1.04900211e-01,-4.50385690e-01,-5.07515907e+00,
   1.13095701e+00, 4.97525483e-01,-1.07097321e+01,-3.66389227e+00,
   5.12715387e+00,-7.85939837e+00,-4.50035363e-01, 6.21435881e-01,
  -6.91396594e-02,-1.41332932e+01, 2.07264090e+00, 8.56712103e-01,
  -1.38342714e+00, 1.26956367e+00,-3.23856468e+01, 5.95429325e+00,
  -4.87318993e-01,-4.23591537e-03, 4.62409735e+00, 6.29258013e+00,
   1.82887721e+00,-2.45711040e+00,-4.81219202e-01, 2.79121906e-01,
  -5.86627051e-02, 1.73402891e-01,-1.38396609e+00,-8.05329609e+00,
   2.05592847e+00,-3.09805536e+00, 3.18786812e+00, 1.82520270e+00,
  -3.35450482e+00,-3.41266811e-01, 3.99728775e-01, 1.80177271e+00,
  -3.38870430e+00,-3.02931952e+00,-6.60216570e-01, 1.29635978e+00,
  -5.13304546e-02,-3.30615759e+00, 1.44504622e-01, 1.44195735e+00,
  -1.95607686e+00, 2.68479657e+00, 3.98168415e-01,-1.15832150e-01,
   1.26538658e+00,-1.05720758e+00, 1.38132179e+00,-1.83568592e+01,
  -6.17073655e-01, 9.22749233e+00, 9.76924896e-01, 2.72740078e+00,
  -8.08006167e-01, 1.21806324e+00,-2.41356343e-01, 4.08272219e+00,
  -1.35269368e+00,-3.33021969e-01,-4.24377948e-01,-6.10109472e+00,
   1.94500768e+00,-4.16252327e+00, 8.49130535e+00,-1.18374519e+01,
  -3.59602022e+00,-1.76473701e+00, 2.84512714e-02,-9.42057908e-01,
  -7.65299225e+00,-6.42582059e-01, 7.97117472e-01, 7.55724728e-01,
   7.18140006e-01, 6.45709658e+00, 1.22406960e+00,-4.88481331e+00,
  -1.53214836e+00,-1.81028497e+00, 7.41125226e-01,-1.36388934e+00,
  -4.87187147e+00,-7.28627300e+00,-2.32270861e+00,-1.28623080e+00,
   1.26604116e+00,-3.64626098e+00, 1.65981913e+00, 4.94026279e+00,
   2.21655965e+00,-7.15852380e-01, 8.49039793e-01,-4.59198922e-01,
   5.29877126e-01, 9.93954277e+00,-9.88413572e-01, 2.06122115e-01,
   1.42491663e+00, 5.93152523e-01,-7.83454800e+00,-2.36286259e+00,
   2.57440138e+00, 2.40921950e+00,-4.32192236e-01, 4.25507498e+00,
  -1.71213591e+00, 1.32034338e+00, 5.58499527e+00,-1.20912418e+01,
   2.63530314e-01,-4.30206585e+00, 2.81768680e-01, 4.09465933e+00,
   3.76983953e+00,-2.43589230e+01,-3.35185242e+00, 1.37537088e+01,
   6.20344698e-01, 4.52468216e-01,-5.42615175e+00, 2.34455800e+00}};

const float b2[sz_hid_2] = { -9.060342  , -6.928094  , -0.10378592,  0.3823175 , -0.1650089 ,
  -8.528711  ,-11.724041  ,-18.905865  , -2.9033358 , 12.990404  ,
  -2.4763324 , -5.9878488 , -0.07984941,-12.382991  , -5.3084693 ,
  -3.747182  , -6.2538576 , -4.6828556 ,  0.7544678 ,-10.06456   ,
  -1.4234529 ,  2.1667879 , -5.4124384 , 11.783295  , -2.4126272 ,
   1.5196325 ,-15.875542  ,-18.478756  ,  0.2949218 , -5.5257983 ,
   4.1262627 , 11.263659  };

const float w3[sz_act][sz_hid_2] = {{ 5.8847582e-01, 3.0113178e-01, 1.4631692e-01,-9.1571780e-03,
   5.7183031e-02,-6.1951857e-03,-8.3285468e-03, 8.9291126e-02,
  -1.2286523e-02, 1.2249713e-03,-1.2761283e-01, 1.1418579e+00,
   7.8415141e-02,-2.2516388e-01, 3.1375028e-03,-5.4037753e-03,
  -4.1435638e-01,-4.6586972e-02, 3.2038828e-03,-3.4267541e-03,
  -2.6618014e-03, 7.9214893e-02, 8.9278065e-02,-9.6428327e-02,
   3.8272105e-03,-5.9155729e-03, 8.2656108e-02, 1.2223871e-01,
   9.5371827e-02,-6.4900324e-02, 6.0905956e-02,-6.2218100e-01},
 {-2.9309876e-02, 2.5689367e-02, 1.0377084e-01,-1.7272824e-01,
   4.4011444e-02,-1.4622347e-01, 1.7401227e-01, 9.3806274e-02,
  -1.1096708e-01,-2.0316584e-01,-7.7288155e-03, 2.8109094e-02,
  -7.0558593e-02, 1.1123908e-02, 1.5629020e-01,-1.4242360e-01,
   1.1072194e-02,-2.2009709e-01,-1.1728676e-01, 1.7016400e-01,
   1.5903065e-01, 1.3415253e-03,-2.1349958e-03,-4.4343732e-03,
   1.6823077e-01,-1.6161570e-01,-1.3589388e-01,-1.9964362e-04,
   9.0895325e-04, 2.0837672e-03, 2.0499448e-01,-8.2221078e-03}};

const float b3[sz_act] = {-0.02523338, 0.2676245 };

