const float w1[sz_hid_1][sz_obs] = {{ 6.19691014e-02, 3.66191082e-02, 2.23982722e-01,-3.52223325e+00,
  -2.36035538e+00,-8.08617711e-01,-4.47192118e-02, 1.62845516e+00,
  -4.85162176e-02},
 {-1.05285067e-02,-6.69209193e-03, 8.23163986e-01, 1.08220661e+00,
  -7.70159817e+00,-7.73243308e-01, 2.18885150e-02, 9.33072567e+00,
   4.16619740e-02},
 {-5.87217987e-01, 4.47843361e+00, 4.95942640e+00, 3.09855133e-01,
  -1.15778315e+00, 3.13548088e-01,-4.44240046e+00, 1.34386444e+00,
   8.81978571e-01},
 { 1.31934620e-02,-1.66357565e-03, 3.39696109e-01, 5.92503500e+00,
   3.21159124e+00, 9.84683633e-01,-1.79216471e-02,-1.17272568e+01,
   1.70342475e-02},
 {-2.63499469e-02,-1.82703864e-02, 1.62805903e+00,-2.25429311e-01,
   7.32804716e-01, 6.36808276e-01, 4.16135304e-02, 5.73177958e+00,
  -2.35633636e+00},
 { 2.43136138e-01, 3.65320444e-02, 1.26134462e+01, 5.95470704e-02,
  -1.31105050e-01, 2.09596381e-01,-4.39363688e-01, 1.05493903e-01,
  -1.03651389e-01},
 {-1.29760280e-02, 3.09439208e-02, 2.25734651e-01, 2.33225513e+00,
   2.80265689e+00,-2.52545238e-01,-9.42272454e-05, 9.80570984e+00,
  -1.00688785e-01},
 {-1.75895363e-01, 1.74384061e-02, 2.64137006e+00,-3.49770451e+00,
  -1.66938365e+00,-1.64839280e+00, 1.41045690e-01,-3.39049602e+00,
  -2.39712691e+00},
 { 7.22625554e-02, 5.93849681e-02, 2.18434781e-01, 2.56870937e+00,
   3.09729600e+00,-1.58352280e+00,-1.07596233e-01,-1.47910345e+00,
   1.71389031e+00},
 { 2.82661080e+00, 8.39093089e-01, 7.54888344e+00,-1.38093373e-02,
   2.85863131e-02, 3.32458541e-02,-4.16706228e+00,-2.74030939e-02,
   2.49335319e-02},
 { 5.04744864e+00, 9.02187467e-01, 1.90891642e-02,-3.56888608e-03,
   1.46640453e-03,-2.25034896e-02, 1.07678013e+01, 3.19249257e-02,
  -7.24487880e-04},
 {-6.65739030e-02, 4.34174836e-02,-3.64326930e+00,-4.01706600e+00,
  -1.81184483e+00,-2.63301802e+00, 1.58167988e-01, 2.20687938e+00,
   2.98418999e+00},
 { 6.46836460e-02, 5.00483476e-02, 4.16780472e+00,-3.14650798e+00,
  -1.66625452e+00, 1.39531910e+00,-6.45180196e-02,-2.06412864e+00,
  -3.44448948e+00},
 {-2.15425700e-01, 1.26480296e-01, 1.40937924e+00, 2.10908890e+00,
   3.48912573e+00,-1.03123808e+00, 3.90658855e-01,-5.15718269e+00,
  -4.31379271e+00},
 {-4.40564543e-01, 4.30973864e+00, 2.08515382e+00,-2.97899753e-01,
   5.33144057e-01,-3.03798825e-01,-5.14532471e+00,-6.69659197e-01,
  -2.11677328e-01},
 { 9.53821599e-01, 1.60251606e+00,-3.35016990e+00,-1.86686587e+00,
   1.00884974e+00, 1.83392155e+00, 4.02155590e+00, 4.23563033e-01,
  -2.19636464e+00},
 {-1.02545571e+00,-4.09666479e-01,-5.46231747e+00,-3.11815944e-02,
  -8.87275022e-03,-1.26907825e-01,-5.13185740e+00, 1.32355541e-02,
   1.64558627e-02},
 { 1.11264568e-02, 1.65852401e-02,-2.31796861e-01, 2.33091593e+00,
   6.72090471e-01,-2.66268873e+00,-1.56667887e-03,-7.67956614e-01,
  -2.51712275e+00},
 {-9.56425741e-02, 1.83013752e-01,-7.08116817e+00,-3.11441533e-02,
   2.51375937e+00,-5.72376885e-02, 6.87717423e-02,-5.11599779e-01,
  -4.75952244e+00},
 { 1.85236428e-02, 5.57635538e-03, 1.19317589e+01,-2.09964477e-02,
  -2.48119439e-04,-7.16037229e-02, 6.61765486e-02, 2.18783151e-02,
  -1.93776600e-02},
 {-1.61467474e-02,-6.28195703e-03,-4.36024964e-01, 2.71992278e+00,
  -2.07980990e+00, 4.58795279e-01, 7.43361237e-03,-1.00686598e+01,
  -1.00005688e-02},
 { 3.67855597e+00, 4.81636107e-01,-3.95075631e+00,-5.84290847e-02,
  -6.34836629e-02,-4.27233661e-03, 7.93053865e+00, 4.99708988e-02,
   1.97989005e-03},
 { 2.47716129e-01, 2.70091867e+00, 6.91762924e-01, 1.59185398e-02,
  -3.54150403e-03,-5.69742955e-02,-1.49743974e+00, 5.20920800e-03,
   1.87100228e-02},
 { 1.82203934e-01,-2.92060450e-02,-2.67782326e+01, 2.52080243e-03,
   1.83262210e-03,-1.99285764e-02, 5.97570837e-01,-5.35842925e-02,
  -2.18344685e-02},
 {-1.97956324e+00,-1.57264978e-01,-2.77938652e+00,-3.93019766e-02,
   5.96901169e-03, 1.18002146e-02, 4.08561420e+00,-5.11285476e-02,
   1.28054945e-02},
 {-5.42505309e-02, 3.08127850e-01,-5.66546440e+00,-7.73888350e-01,
  -2.25346780e+00, 1.09533034e-02, 4.30791348e-01, 4.32639569e-01,
   4.95579147e+00},
 {-1.58559668e+00,-4.64292383e+00,-1.32174420e+00, 5.38124256e-02,
   9.86697711e-03, 2.01624945e-01, 2.60516739e+00, 2.61147887e-01,
   2.83200014e-02},
 { 3.30001879e+00,-1.43386960e+00, 9.91794527e-01, 5.65479398e-02,
   7.28576332e-02, 6.00457424e-03,-9.44925213e+00,-6.78619072e-02,
  -3.60393971e-02},
 {-2.33419742e-02, 1.29170381e-02,-1.30284560e+00, 1.00051379e+00,
  -1.56753480e+00,-2.08775610e-01, 1.44267846e-02, 1.40850461e+00,
   3.38770294e+00},
 {-1.24085853e-02, 8.70715640e-03,-1.61421680e+00, 2.63714719e+00,
  -5.09303761e+00, 1.48437798e+00, 4.06346954e-02, 2.58817744e+00,
  -3.04954350e-01},
 {-3.38854641e-02, 3.49908695e-02, 2.24572793e-01,-2.12716198e+00,
   6.60844266e-01, 2.60137469e-01,-9.20665916e-03,-4.50011522e-01,
  -5.39069660e-02},
 { 1.81539488e+00,-1.99475467e+00, 3.05866338e-02,-6.02382654e-03,
  -1.92579310e-02,-1.52642757e-01, 5.84554291e+00, 1.88096873e-02,
   3.29220481e-02},
 { 2.24820022e-02,-2.25343592e-02, 5.09389830e+00, 2.94484830e+00,
   2.10416603e+00, 4.65991110e-01,-2.25666421e-03,-4.74903774e+00,
   3.12525678e+00},
 {-1.35367765e-04,-4.68982905e-02,-2.24935746e+00,-1.99956572e+00,
   1.31646407e+00, 3.33640933e-01, 5.73613532e-02, 3.49932551e+00,
   3.25162792e+00},
 { 2.60877497e-02,-5.86052239e-02,-5.02345450e-02,-2.64208698e+00,
  -5.01992416e+00,-1.04940867e+00, 6.88653886e-02,-3.72009468e+00,
  -9.42619145e-02},
 {-1.41606026e-03, 1.18115349e-02,-2.41107130e+00, 1.02816427e+00,
   1.18273115e+00, 1.60898829e+00,-4.16399166e-03,-3.84292626e+00,
  -2.31746888e+00},
 {-7.96616822e-02, 8.67658556e-02,-5.23299026e+00,-2.42113519e+00,
  -1.30333722e+00, 3.91270161e-01,-5.12198918e-02,-2.95861721e+00,
   3.69461894e+00},
 { 1.65200941e-02, 2.97673158e-02, 4.36368275e+00,-1.66450727e+00,
   2.83536863e+00,-1.78248733e-01,-4.85556722e-02,-2.11394525e+00,
   7.96893314e-02},
 {-7.58201629e-02,-5.41470163e-02,-3.81244063e-01,-4.85995913e+00,
   1.14477134e+00, 1.04198074e+00, 3.49669121e-02, 8.78686607e-02,
   3.33410645e+00},
 { 3.43238163e+00,-2.64382076e+00,-2.73741937e+00, 2.22584885e-02,
  -1.37842272e-03,-1.87643152e-02, 1.07683344e+01, 6.23750361e-03,
  -1.37821920e-02},
 {-2.25963965e-02, 3.48516740e-02,-5.47809839e-01, 2.48905635e+00,
   6.07009768e-01,-2.40999269e+00, 7.93138891e-03,-1.08950603e+00,
   2.85714459e+00},
 {-2.22971980e-02, 1.63282398e-02,-4.02455777e-01, 7.19689131e-02,
  -2.02206150e-02,-7.52480984e+00, 6.79071201e-03, 1.04516268e-01,
   3.93418185e-02},
 { 8.14518332e-01,-3.20491385e+00,-4.22072077e+00,-3.38084325e-02,
  -3.03142387e-02,-1.03341945e-01, 5.80409098e+00, 1.19322455e-02,
  -2.06888076e-02},
 { 5.97826838e-02,-1.00997545e-01, 9.08145523e+00,-1.11079955e+00,
   7.46179700e-01, 1.13940942e+00, 2.21895948e-01,-6.96055353e-01,
   2.81619406e+00},
 { 7.20408499e-01, 3.45773026e-02,-8.46909046e+00, 7.38556907e-02,
   1.40276089e-01, 2.04197451e-01,-4.53820556e-01,-1.20726742e-01,
  -8.92641321e-02},
 { 6.92830384e-02, 1.50663257e-02,-7.75735825e-02,-1.29565740e+00,
   6.11325741e-01,-1.21557486e+00, 2.42453255e-02, 3.54668498e+00,
  -4.63306457e-02},
 {-3.84881580e-03, 5.82336150e-02,-1.49781227e+01, 7.64004467e-03,
  -1.76364705e-02,-8.05067830e-03,-6.02044687e-02, 2.10548431e-04,
   9.29131079e-03},
 { 3.88721681e+00, 2.53022504e+00, 4.01747990e+00,-5.32611553e-03,
  -1.15089547e-02,-6.36010915e-02,-5.76457930e+00, 4.68761101e-02,
  -1.30526638e-02},
 { 3.10010600e+00, 1.92631197e+00,-2.25711584e+00,-2.79853437e-02,
   1.55510036e-02, 1.17969252e-02,-2.50988150e+00, 2.32786685e-02,
  -8.07672553e-03},
 {-4.37565231e+00,-1.42176425e+00,-9.55797791e-01,-1.94587652e-02,
   1.38928860e-01,-3.13294716e-02, 1.40087032e+00,-7.25848526e-02,
   2.40188166e-02},
 { 4.33574438e+00, 2.35400915e+00, 3.84209943e+00,-4.73881490e-04,
   3.46366316e-02, 3.18143442e-02,-1.23849802e+01,-6.59121722e-02,
   3.25225703e-02},
 {-1.50974527e-01,-4.61668931e-02,-9.64298606e-01, 4.25791264e+00,
  -6.66335940e-01, 5.53845614e-02, 8.02843571e-02,-3.07421356e-01,
  -3.60470843e+00},
 {-5.28003313e-02, 1.97604463e-01, 1.05563128e+00,-2.71004200e+00,
  -3.70044798e-01,-2.84662604e+00, 5.39396331e-02, 3.01155877e+00,
  -4.72095823e+00},
 {-5.34165166e-02, 1.36433512e-01,-4.48369312e+00, 2.57487512e+00,
   9.34133172e-01, 9.87469435e-01,-2.43018735e-02,-2.21604419e+00,
  -3.48513055e+00},
 { 5.17636873e-02,-6.71611913e-03, 3.58103573e-01,-1.16785407e+00,
   1.03908455e+00, 1.82066953e+00, 2.78237373e-01,-5.92165852e+00,
  -8.76302365e-03},
 {-3.94286960e-02, 4.64766286e-02,-1.09134507e+00, 2.35143766e-01,
   3.98436260e+00, 1.13260472e+00,-6.79251850e-02,-7.29786903e-02,
   1.61394298e+00},
 { 3.13541245e+00,-1.70961201e+00, 1.73873687e+00, 1.84290465e-02,
  -1.46056954e-02, 6.73019737e-02,-9.78615379e+00, 2.60349810e-02,
   3.23448470e-03},
 { 2.23351383e+00, 2.66599345e+00, 3.24153996e+00,-6.46521896e-02,
  -9.32838023e-03, 1.67232305e-01,-5.98620319e+00, 1.19484309e-02,
  -1.98162179e-02},
 { 2.92537753e-02, 1.09762453e-01,-1.52950525e+00, 2.17827782e-01,
  -6.55396163e-01, 8.62522200e-02,-6.58017769e-02, 2.88385558e+00,
   1.22858405e+00},
 { 3.52233338e+00,-2.20375395e+00,-3.60802412e+00, 1.33473888e-01,
  -6.19650185e-02, 1.82577163e-01, 6.02070808e+00, 1.75861761e-01,
  -1.88872933e-01},
 {-3.27076912e-02,-1.74011309e-02,-2.86497653e-01, 2.95643401e+00,
   3.30442834e+00, 2.18394756e+00,-9.90421325e-02, 2.22185659e+00,
  -6.77818596e-01},
 {-2.39367411e-02,-7.49560222e-02, 2.80849028e+00,-1.73731756e+00,
   6.92731857e-01,-2.68067956e+00, 1.15737237e-01, 3.95683575e+00,
   3.45062590e+00},
 {-1.37709409e-01, 4.43798974e-02,-1.32390106e+00,-2.36037445e+00,
  -1.03930736e+00,-2.50783587e+00, 2.30146777e-02,-1.25005949e+00,
   3.15560222e+00},
 {-2.40761042e+00,-1.02578807e+00, 4.51167107e+00, 4.66307439e-02,
   1.10767290e-01, 8.98961723e-02,-4.62707663e+00,-2.95954030e-02,
  -9.89589393e-02},
 { 5.16530462e-02,-6.83603957e-02,-6.51490152e-01,-5.45855798e-03,
  -3.95933485e+00,-1.40516353e+00, 3.24739628e-02, 5.32984447e+00,
   5.99355698e-01},
 {-2.64684726e-02, 7.62901455e-02, 2.79052734e+00, 2.38972020e+00,
   3.48259926e-01, 1.14463198e+00, 3.43758799e-03,-5.29386282e-01,
   2.38605356e+00},
 { 3.08685703e-03, 5.57696540e-03,-1.19930938e-01, 3.42891383e+00,
  -2.68291616e+00, 5.42381382e+00, 1.09342253e-02,-1.00036297e+01,
   3.60165276e-02},
 { 5.41969202e-03, 5.85767068e-02, 1.23834515e+00,-4.79512103e-02,
  -1.31906092e+00, 3.24287653e-01,-1.04616567e-01,-1.61881793e+00,
  -2.49245358e+00},
 { 1.21579695e+00,-6.12616420e-01, 1.92751522e+01,-2.59813871e-02,
   1.18555538e-02, 2.80837510e-02,-3.08827877e+00, 2.55881120e-02,
  -4.07197513e-03},
 { 1.09683514e-01, 8.25787485e-02, 1.20372318e-01, 5.87045145e+00,
   4.92184311e-01, 8.55506122e-01, 4.52984037e-04,-9.86362457e+00,
   9.30582173e-03},
 { 2.58699679e+00, 1.99440312e+00,-1.83233988e+00,-2.15175562e-02,
  -2.59662722e-03, 3.58020030e-02, 9.05751610e+00,-2.82289945e-02,
   2.81745344e-02},
 { 6.62105083e-02, 4.13757451e-02,-4.21808672e+00, 2.85605335e+00,
   2.75491714e+00, 1.99874568e+00, 1.56979170e-02,-4.81185627e+00,
   2.54224467e+00},
 { 2.18617678e-01,-1.00894254e-02, 6.24617004e+00, 4.15248051e-02,
   2.10484934e+00, 1.38596237e-01, 4.62660827e-02, 6.89857826e-03,
   5.15471792e+00},
 { 5.09805186e-03, 2.27438621e-02, 2.36577463e+00, 9.86501813e-01,
   5.02300024e-01, 4.80585158e-01, 4.85733896e-02,-2.71613598e+00,
   4.10887289e+00},
 { 1.59445608e+00, 9.69017982e-01,-1.90847087e+00, 1.15103006e+00,
  -8.77043903e-01, 2.78881043e-01,-3.93427277e+00, 7.11317584e-02,
   2.91647053e+00},
 {-1.30829227e+00, 2.03742599e+00, 1.16299808e+00, 3.60136330e-02,
   1.19918277e-02,-5.69694228e-02,-5.50850487e+00,-5.30276000e-02,
   2.44915597e-02},
 { 3.87200788e-02,-2.08124146e-02, 7.66027093e-01, 2.66387749e+00,
   5.99293756e+00, 1.57298708e+00, 2.95915194e-02,-1.46896582e+01,
  -1.06283594e-02},
 {-6.56378688e-04, 7.56516494e-03,-1.51433766e-01,-4.70818095e-02,
  -4.57940772e-02, 5.27289009e+00,-9.14483913e-04,-4.21089418e-02,
  -4.07877425e-03},
 {-6.81931198e-01,-1.11894739e+00, 1.47283041e+00, 6.66430220e-03,
   4.53200415e-02,-4.46181633e-02,-2.47295785e+00,-6.99970648e-02,
   1.56148542e-02},
 { 1.39691699e-02, 2.43434180e-02,-1.66886061e-01,-4.48066682e-01,
  -4.91334486e+00, 7.09564567e-01,-1.66299623e-02,-1.49434614e+00,
   1.90086529e-01},
 { 1.24256575e+00,-2.26484203e+00,-3.20862603e+00, 1.77494101e-02,
  -8.77963230e-02,-1.65082738e-01, 5.66805935e+00, 5.01505733e-02,
  -9.03090909e-02},
 { 7.43443012e-01, 2.42177635e-01, 5.50908661e+00,-2.80134350e-01,
   3.43831241e-01,-5.17025352e-01, 2.58712888e+00,-7.21471727e-01,
  -1.08373165e+00},
 {-1.24620218e-02, 1.08305581e-01,-1.76056933e+00, 1.19490072e-01,
   6.55305862e-01,-3.62065248e-02,-1.04673002e-02,-1.08216965e+00,
  -4.08828354e+00},
 { 2.56150365e-02,-9.61484164e-02,-3.31362128e+00, 1.28943527e+00,
   2.05301070e+00,-2.54365420e+00, 8.24744478e-02,-5.49642324e+00,
   2.94421196e+00},
 {-4.56348620e-02,-2.63668019e-02, 6.10267353e+00, 1.03169632e+00,
  -2.10309315e+00, 1.60378504e+00,-4.06030156e-02,-1.73390067e+00,
  -7.66583264e-01},
 { 4.83047771e+00, 3.96891379e+00, 1.64595902e+00,-1.46565093e-02,
   1.19860033e-02,-5.93515262e-02,-9.67678738e+00,-1.29787037e-02,
   8.36953172e-04},
 { 1.96582362e-01,-1.86810446e+00, 9.53566742e+00, 8.14907253e-04,
   8.88279523e-04,-6.29908144e-02,-4.83003664e+00,-1.37782516e-02,
  -4.08754349e-02},
 {-1.08021133e-01, 2.66504669e+00,-1.02680101e+01,-8.55831355e-02,
   1.70975532e-02,-3.68225455e-01, 5.32932234e+00, 1.41424701e-01,
   1.39995471e-01},
 { 7.72315836e+00,-6.90103024e-02,-3.72303057e+00,-5.64508885e-02,
   4.19763029e-02,-5.90274632e-02, 3.51432514e+00,-5.52848242e-02,
  -7.16863200e-02},
 { 1.21396315e+00, 3.97827220e+00,-1.95714903e+00,-2.68185418e-02,
   6.34007454e-02,-2.26234972e-01,-2.59696245e+00,-6.85920194e-02,
  -7.26168975e-03},
 { 2.13765027e-03,-7.71841453e-03, 2.76143670e-01, 3.45022416e+00,
  -1.84498274e+00,-1.18573435e-01, 3.32201682e-02, 7.83416843e+00,
  -1.09664015e-01},
 { 4.51397430e-03, 4.27698828e-02, 3.77256560e+00, 1.40465534e+00,
   2.11879596e-01,-1.35900468e-01,-3.05732097e-02,-1.91419351e+00,
  -2.72393250e+00},
 { 3.28759241e+00,-1.82270741e+00, 3.67135906e+00,-4.58116718e-02,
   3.33149359e-02,-1.19623296e-01,-9.51225758e+00,-3.33452895e-02,
   3.19876373e-02},
 { 1.21905915e-02, 1.34725701e-02,-1.71062499e-01, 4.33697891e+00,
   7.58926272e-01,-1.34265363e+00,-8.21794756e-03, 1.15778246e+01,
  -1.05373442e-01},
 { 1.64325796e-02,-6.96828635e-03, 1.33434370e-01,-1.61820912e+00,
  -3.18415225e-01, 9.80753124e-01,-1.26827788e-02,-2.24180532e+00,
   2.92888377e-02},
 {-3.32113957e+00,-3.06817484e+00,-6.12910700e+00, 3.54329608e-02,
  -3.26608159e-02,-5.65923452e-02, 3.87240005e+00,-3.51998955e-02,
   5.71276583e-02},
 { 1.42451793e-01, 1.52222261e-01,-2.73433328e+00, 2.78873920e+00,
  -4.78578711e+00,-1.40032864e+00, 2.94377387e-01, 6.00221872e+00,
   2.37477803e+00},
 {-8.16676468e-02, 1.32670686e-01, 2.99414039e+00, 2.94068265e+00,
  -1.23770273e+00, 5.46912253e-01,-5.26262596e-02, 4.17010593e+00,
  -3.37995386e+00},
 {-1.36365425e-02, 2.13212799e-02,-8.37641537e-01, 1.59965381e-02,
   4.99478817e+00,-2.00592017e+00,-7.52557740e-02, 7.42083549e+00,
   1.11012854e-01},
 { 3.72690195e-03,-5.62476702e-02, 1.50872493e+00,-2.35299662e-01,
   1.70663452e+00, 1.94586992e-01, 6.63793311e-02, 7.43846607e+00,
   2.51062274e+00},
 { 1.69070382e-02,-2.10296586e-02, 1.54140189e-01, 1.27450812e+00,
  -1.16340411e+00, 1.41713738e+00, 4.60561505e-03, 3.93062425e+00,
  -2.11282134e+00},
 { 3.61958705e-02, 1.33632645e-02,-2.22557336e-01, 4.08758497e+00,
  -9.88402888e-02, 7.62492537e-01,-1.81623120e-02,-1.19003515e+01,
   3.02591510e-02},
 { 2.26539783e-02, 6.17583990e-02,-4.28895426e+00,-2.88435960e+00,
   3.73575306e+00,-2.25406885e-02,-3.07130683e-02,-1.57931340e+00,
   6.14448562e-02},
 { 3.50858457e-03,-2.73052249e-02, 7.52469599e-01, 4.54065371e+00,
  -1.64925659e+00, 2.23198462e+00, 2.48974450e-02,-9.71114159e+00,
   2.64539495e-02},
 { 1.49191022e-02,-1.96443312e-02,-1.25291955e+00,-4.15449053e-01,
   4.03196239e+00, 9.43646669e-01,-3.01461890e-02,-3.78907132e+00,
   1.02565177e-01},
 { 3.46061850e+00,-3.29952240e-01, 3.91237438e-01, 5.73839508e-02,
   1.57390088e-01, 3.17540258e-01,-8.06521702e+00,-1.62384704e-01,
   8.85408148e-02},
 {-8.55251253e-02,-1.50637841e-02,-1.04711318e+00, 2.34454894e+00,
  -1.25561619e+00, 3.38788581e+00, 8.48931000e-02, 2.61661983e+00,
   3.44956374e+00},
 { 3.67955118e-02, 6.48816302e-03,-8.37083757e-01,-3.05149674e+00,
   9.49037433e-01, 2.15777159e+00, 3.96461412e-02,-2.16558203e-01,
  -3.76630998e+00},
 { 1.25119183e-02, 1.02192134e-01, 7.12262201e+00,-1.27248693e+00,
   2.26709127e+00,-2.24046016e+00,-4.58910018e-02, 2.13062692e+00,
   2.98067546e+00},
 { 3.85953760e+00,-7.44193196e-01, 3.36445069e+00,-1.03888577e-02,
  -3.19097750e-02, 2.11234186e-02,-9.10848236e+00, 1.37458265e-01,
   2.36548763e-02},
 {-2.28311438e-02, 7.30448822e-03, 4.24332291e-01, 1.29908729e+00,
   3.29712963e+00, 6.13099396e-01,-2.63954746e-03,-6.78115273e+00,
  -1.66374460e-01},
 { 4.85031307e-02,-5.18294945e-02,-3.99177170e+00, 3.71675539e+00,
  -2.13458109e+00, 1.27892363e+00, 1.51999682e-01,-2.02338910e+00,
   1.99292707e+00},
 { 4.48614731e-02,-1.14541529e-02, 9.70242620e-01, 2.85540438e+00,
  -1.27754581e+00,-1.17206144e+01,-3.40638943e-02, 6.89162254e+00,
   8.74533877e-02},
 {-4.44825273e-03, 1.91237219e-02, 1.74842969e-01, 4.09838915e+00,
  -2.54120064e+00,-7.31807351e-01,-1.93652604e-02, 4.88016987e+00,
   6.79150149e-02},
 {-1.76144969e+00, 3.89775491e+00, 1.18405712e+00,-3.22103896e-03,
   9.56650183e-04, 5.38869761e-02,-2.97685289e+00, 7.04117268e-02,
  -1.68505497e-02},
 { 1.00897819e-01,-2.57960826e-01,-1.74041309e+01, 8.70476514e-02,
   3.72968428e-02, 7.86127225e-02,-1.58246115e-01, 9.50456187e-02,
  -2.63902247e-02},
 {-5.67466468e-02, 1.79184356e-03, 6.39152050e+00,-3.43177295e+00,
   1.44707298e+00, 3.47399116e-01,-5.59149571e-02, 4.02659893e-01,
   4.96378946e+00},
 { 2.85244212e-02, 3.38240378e-02,-4.72115612e+00,-3.05987358e+00,
   1.95776165e+00,-7.72324562e-01,-6.52749240e-02, 3.40594769e+00,
  -4.00377178e+00},
 {-3.06804888e-02,-9.11142398e-03, 9.19611096e-01, 5.46189594e+00,
  -2.55062938e+00,-1.20706892e+00,-4.69891680e-03, 1.23591137e+01,
  -2.63050273e-02},
 { 7.01401429e-03, 1.17494032e-01, 2.11061740e+00, 4.90952462e-01,
   2.25477204e-01, 9.00762007e-02, 1.14469593e-02,-1.21558942e-01,
  -4.58603239e+00},
 { 2.10968137e+00,-3.15694404e+00,-4.19567490e+00,-6.01716107e-04,
  -4.49289642e-02,-8.29001665e-02, 4.08587170e+00, 5.45358993e-02,
  -2.14403984e-03},
 {-1.57461822e+00, 1.52109206e+00, 3.55949068e+00,-8.11820757e-03,
  -6.53026775e-02, 9.30313170e-02,-4.11466551e+00, 1.22960679e-01,
  -1.67071447e-02},
 { 2.47764158e+00, 2.29015803e+00,-2.09589076e+00,-2.57195882e-03,
  -3.90284648e-03,-3.91274542e-02, 1.00150032e+01,-1.95408538e-02,
   1.46520752e-02},
 {-2.55998397e+00, 1.25830328e+00,-7.42580700e+00,-3.97347622e-02,
  -1.01902440e-01,-3.73434812e-01,-1.16209857e-01, 3.30351032e-02,
   2.24235415e-01},
 {-2.78127333e-03,-2.62569878e-02,-9.72167301e+00,-2.67075944e+00,
  -2.85132498e-01,-1.99319732e+00, 1.41884223e-01,-1.64793462e-01,
  -3.40700841e+00},
 { 3.89435983e+00, 1.97343206e+00,-5.58751583e+00,-3.26055847e-02,
  -2.90267970e-02,-3.14304717e-02, 1.02634134e+01, 7.14632794e-02,
  -3.04652955e-02},
 { 2.06774678e-02, 1.34197548e-01, 3.47043872e+00, 4.27877760e+00,
  -4.37838048e-01,-7.80332446e-01, 1.52025968e-01, 8.04310513e+00,
  -3.11039877e+00},
 { 4.44291878e+00,-1.27933812e+00,-5.31900311e+00,-3.90556790e-02,
   3.17214541e-02, 4.74947430e-02,-2.67209220e+00, 6.89571574e-02,
  -1.08891450e-01}};

const float b1[sz_hid_1] = {-2.0256686e+00,-3.5767753e+00,-6.6024051e+00,-5.2517037e+00,
 -5.3062224e+00,-1.6958137e+00,-7.4789667e+00,-7.9473567e+00,
 -3.1419225e+00,-2.3390870e+00,-6.8962793e+00,-5.9518824e+00,
 -5.4178300e+00,-6.2443008e+00,-6.3953190e+00,-7.2753086e+00,
 -4.6293750e+00,-2.1565979e+00,-7.1359763e+00,-9.5127903e-02,
 -7.0586023e+00,-5.4256587e+00, 6.2123173e-01, 8.0677682e-01,
 -1.7272003e+00,-7.2856507e+00,-3.7733507e+00,-6.3709273e+00,
 -9.5137733e-01,-3.6592693e+00,-7.2254211e-01,-1.8461571e+00,
 -4.7032547e+00,-5.2956743e+00,-6.7386885e+00,-9.3239915e-01,
 -6.1254196e+00,-2.0080655e+00,-5.7946019e+00,-2.7083783e+00,
 -2.8151047e+00,-9.4537532e-01,-2.7931318e+00,-5.2928238e+00,
 -2.0774157e+00,-1.0153815e+00, 3.7420853e-03,-3.6396458e+00,
 -2.2332160e+00,-2.7760010e+00,-3.6653538e+00,-6.3907771e+00,
 -5.9621286e+00,-4.0232010e+00,-3.8496573e+00,-3.9728076e+00,
 -6.0590196e+00,-3.3055441e+00,-7.6292896e-01,-3.8845761e+00,
 -4.9958129e+00,-5.1204877e+00,-4.5637703e+00,-4.4437871e+00,
 -5.5585403e+00,-2.2079740e+00,-5.6048360e+00,-1.7136420e+00,
 -1.8363334e+00,-6.6161828e+00,-6.8173795e+00,-4.1055684e+00,
 -6.8817129e+00,-1.5197122e+00,-5.9435019e+00,-4.1941333e+00,
 -7.5591326e-01,-6.3085622e-01,-6.4411171e-02,-2.2166729e+00,
 -5.4063916e+00,-3.5147502e+00,-8.0713326e-01,-4.5371284e+00,
 -3.9619091e+00,-4.9262242e+00,-4.7848659e+00,-5.9743967e+00,
 -8.0166483e+00,-1.4037479e+00,-3.6765025e+00,-1.3675560e+00,
 -5.0326915e+00,-5.9150143e+00,-1.0199865e+00,-6.5408740e+00,
 -6.9086032e+00,-4.3334036e+00,-7.8209095e+00,-7.2180691e+00,
 -1.5681356e+00,-5.7418022e+00,-3.8561203e+00,-6.7049689e+00,
 -2.3223643e+00,-6.2054615e+00,-3.6473050e+00,-3.9746804e+00,
 -7.2361317e+00,-5.8396297e+00,-1.9496357e+00,-5.5954766e+00,
 -4.5354187e-01,-8.0554384e-01,-2.9369142e+00,-1.4293541e+00,
 -8.9851427e+00,-6.4416022e+00,-3.2721524e+00,-1.0563688e+00,
 -2.2441208e-01,-2.1925454e+00,-7.2652321e+00,-3.8221591e+00,
 -5.9300094e+00,-5.2961831e+00,-8.6156292e+00,-3.2295017e+00};

const float w2[sz_hid_2][sz_hid_1] = {{-2.09074393e-01, 1.15904033e+00,-2.41621637e+00,-2.00700617e+00,
   1.08377953e+01,-1.09851825e+00,-7.83610821e-01,-7.66497731e-01,
  -3.32002103e-01,-1.47739008e-01, 1.27490610e-01,-1.77050133e+01,
  -1.94717884e-01,-4.74873638e+00, 1.11921012e+00, 2.22562838e+00,
   9.00204360e-01,-1.75338435e+00, 5.69318771e+00, 1.27539921e+00,
   3.08326793e+00,-3.22055435e+00,-1.71473467e+00,-7.11122572e-01,
  -4.44125950e-01, 1.23530424e+00,-2.21820760e+00, 3.71426672e-01,
   2.89934063e+00,-4.47719425e-01, 3.54056716e-01,-1.56878674e+00,
  -3.97380686e+00,-1.11436749e+01, 1.67755747e+00, 6.07507341e-02,
  -1.48691267e-01,-3.43796194e-01, 2.02944660e+00, 7.61445284e-01,
   4.48996115e+00,-1.81457007e+00,-1.15117419e+00, 2.68520880e+00,
   1.23142719e+00,-3.98301888e+00,-1.59072185e+00, 2.62371659e+00,
   6.55080855e-01,-2.24422604e-01,-2.40608001e+00,-1.09398546e+01,
  -3.54013634e+00,-7.91401052e+00, 4.30834681e-01,-2.47733995e-01,
  -2.21708512e+00, 2.82679248e+00, 5.09442663e+00,-1.74837840e+00,
  -2.65505624e+00,-2.05920525e+01,-2.16459007e+01,-1.13100564e+00,
   7.08734751e+00, 1.73649341e-01, 2.16057253e+00, 3.53635192e-01,
   2.11754695e-01, 1.26248512e+01,-6.86621237e+00,-7.26139009e-01,
  -2.04827480e+01,-4.52774906e+00,-2.94511437e+00, 2.56804132e+00,
  -5.54869175e-01, 1.56967774e-01, 2.23917747e+00, 1.12795258e+00,
   7.18699992e-01, 1.70972025e+00, 4.96169999e-02,-7.37926006e-01,
  -1.90173185e+00,-5.91959417e-01,-9.21392068e-02, 7.08648086e-01,
  -1.11230150e-01,-3.82511795e-01,-2.75948811e+00, 6.09236896e-01,
  -2.39841866e+00, 9.74852026e-01, 1.70560634e+00,-9.82144196e-03,
  -5.19908905e+00, 1.25154555e-01, 9.21588516e+00,-8.00651073e+00,
  -7.74047041e+00, 9.01690578e+00,-7.37843215e-01,-1.48216724e+01,
  -1.77668011e+00, 3.62209034e+00, 2.31383109e+00, 6.27317071e-01,
  -1.21139736e+01, 2.67007542e+00,-1.05907238e+00, 2.49545828e-01,
  -3.65118384e-01,-2.50928193e-01, 1.29460716e+00, 1.29720640e+00,
   8.26540375e+00, 3.39084148e+00, 4.34561014e+00,-5.90149105e-01,
   1.46666276e+00, 9.23467338e-01, 3.35092664e+00, 4.88946706e-01,
  -4.20493507e+00, 3.31406617e+00, 9.08365786e-01,-9.57461745e-02},
 {-2.53698472e-02,-7.07189739e-02, 2.00456452e+00,-6.17622323e-02,
   1.41582370e+00, 8.45487937e-02, 9.25973117e-01,-3.46096420e+00,
   1.74967438e-01, 7.73316622e-02, 1.20970631e+00, 3.96145374e-01,
  -3.12829942e-01, 9.05834436e-01, 3.08881521e+00, 1.56015170e+00,
   3.84355283e+00, 7.07673728e-02, 1.26771975e+00,-7.91589260e-01,
  -4.08506066e-01,-7.61361742e+00,-2.44572830e+00,-3.25447226e+00,
  -2.93790035e+01, 9.70830441e-01,-5.92207527e+00,-6.83728790e+00,
   6.27557158e-01,-1.77045584e-01,-6.54946566e-02,-1.02488470e+01,
  -2.50155902e+00, 2.28535581e+00,-1.34812504e-01, 6.85042024e-01,
   3.41528535e-01, 6.37586415e-02,-1.69741178e+00, 4.29844522e+00,
  -2.45940372e-01, 3.21906328e-01, 4.29903412e+00, 9.69601452e-01,
   3.96743107e+00,-2.94961840e-01, 3.67288756e+00, 8.36237907e-01,
  -1.67454004e+00,-3.01521683e+00,-9.32405949e+00, 1.09905267e+00,
  -9.19359684e-01, 1.71724737e+00,-4.20617968e-01,-2.11814910e-01,
  -2.13773537e+00, 8.37888241e+00, 9.41054463e-01,-4.53870249e+00,
  -1.93255514e-01, 1.36379492e+00, 3.08694005e-01, 8.15632463e-01,
  -5.44295251e-01, 5.89136258e-02,-1.70072854e-01,-9.80788529e-01,
   2.11979121e-01, 1.21460235e+00,-4.94561863e+00,-3.89253050e-01,
  -1.05354297e+00,-8.27116609e-01, 7.82632887e-01, 8.62389374e+00,
   1.01423807e-01, 2.23638237e-01, 1.78833795e+00, 4.23652567e-02,
  -2.30020714e+00,-2.49098480e-01, 4.04166609e-01, 4.16612118e-01,
  -1.23767090e+00,-1.28870165e+00,-4.69673109e+00,-5.10701084e+00,
   5.24215221e+00,-1.27476358e+00, 8.53608966e-01, 5.99007547e-01,
  -2.49213648e+00, 1.36196628e-01, 3.21392626e-01, 5.30276632e+00,
  -2.07353282e+00,-3.19469738e+00,-3.14117968e-01,-5.05056858e+00,
  -1.65656352e+00, 5.90943210e-02, 9.73196849e-02,-7.24739730e-02,
  -4.82470930e-01, 2.06467686e+01, 1.05879486e+00, 3.59202266e-01,
  -2.64849162e+00,-4.58871746e+00,-2.73134977e-01,-8.32260489e-01,
  -1.93374962e-01,-1.67800307e-01,-1.55023587e+00, 1.69753480e+00,
   6.70533657e+00, 1.71833336e-01,-3.70802432e-02,-2.88413107e-01,
   2.21317196e+00, 1.77917695e+00, 2.10901332e+00, 2.57570052e+00,
  -2.19726395e-02, 4.50504494e+00, 6.58869803e-01, 2.06471419e+00},
 {-9.29926857e-02, 1.25459237e-02,-2.40784548e-02,-2.76602618e-02,
   6.64461702e-02,-1.00491673e-01, 2.43990030e-02, 2.76212972e-02,
  -4.38737310e-02,-2.26482772e-03, 1.57537498e-02,-8.84638056e-02,
  -7.50161707e-02, 1.48939351e-02,-9.66263413e-02,-3.71470191e-02,
   7.28083625e-02, 1.07050873e-02,-6.83348998e-02,-2.83446889e-02,
  -9.35663581e-02,-7.14157969e-02,-9.69851986e-02,-1.01535425e-01,
  -3.02965119e-02,-6.48243353e-02,-5.64383194e-02,-1.81040853e-01,
  -1.40571520e-02,-5.71326651e-02,-8.43500867e-02,-7.38521591e-02,
  -9.63455588e-02,-5.71282394e-03,-8.71601924e-02,-7.35467896e-02,
   6.25519305e-02,-7.44111650e-03,-1.02944903e-01,-6.27446324e-02,
  -4.38724943e-02,-6.71978146e-02,-1.51196541e-02, 4.61558700e-02,
  -7.91608170e-02,-3.62171009e-02,-1.20432325e-01, 4.30054293e-04,
   1.41203951e-03,-1.08087339e-01,-5.55195063e-02,-9.51780565e-03,
  -2.87770610e-02,-1.06556304e-02, 1.31005817e-03,-2.38398444e-02,
  -4.55010869e-02,-4.52080853e-02, 5.45134023e-03,-3.54423076e-02,
  -1.19051740e-01,-5.35465442e-02,-5.98169398e-03,-3.43936868e-02,
  -1.05421022e-01, 2.08843984e-02,-2.58324705e-02,-1.14089958e-02,
  -3.94886583e-02,-5.96202537e-02, 2.93191336e-02,-4.50420007e-02,
  -6.26323223e-02,-8.77276715e-03, 1.07415405e-03,-3.13309729e-02,
  -1.03418440e-01,-1.77490246e-02,-1.68797269e-01,-6.68280199e-02,
  -1.51253294e-03,-4.22972441e-02,-1.64331540e-01,-3.85539606e-02,
  -3.21835540e-02,-1.11903302e-01,-5.90694994e-02, 1.58160813e-02,
   5.68170696e-02,-2.15395377e-03, 1.79594904e-02,-8.50473717e-03,
   6.02000356e-02, 1.48157952e-02,-5.90308830e-02,-5.43470792e-02,
   6.99914843e-02,-3.52830440e-02,-1.40440211e-01,-9.99659598e-02,
   1.33315381e-02, 7.31939971e-02, 5.90073317e-02,-8.62892158e-03,
   1.10722473e-02,-8.93166885e-02,-7.58357719e-02,-1.88160002e-01,
   4.60622832e-03,-3.39070000e-02,-8.68171230e-02,-1.49289258e-02,
  -9.01555866e-02,-8.00100267e-02,-2.89564449e-02,-5.63670062e-02,
  -6.83673173e-02,-1.02786653e-01,-3.41619998e-02, 3.62096839e-02,
   7.93101918e-03,-1.44249469e-01,-1.00409314e-02,-2.25194339e-02,
  -1.20773055e-01,-1.07169695e-01,-4.89187017e-02, 4.22274601e-03},
 {-5.38779259e-01, 3.00473714e+00, 1.42936921e+00,-4.58178473e+00,
   5.57264805e+00,-9.25556123e-01, 4.55144501e+00,-4.35479393e+01,
  -8.06809235e+00, 2.45383725e-01,-8.76537144e-01, 5.01818240e-01,
   6.28366232e+00,-4.26905060e+00, 4.35421854e-01,-3.56617260e+00,
  -1.69696316e-01,-3.29421133e-01,-1.04767656e+01,-5.42509139e-01,
   4.38765526e+00, 3.01983261e+00, 6.89721048e-01, 5.14699936e-01,
   6.35309577e-01,-9.43339825e+00, 5.56282103e-01,-4.22185135e+00,
  -9.42487419e-02,-4.38927889e+00, 9.83286381e-01, 1.07416129e+00,
   3.10185885e+00, 7.18795109e+00, 1.40703869e+00, 1.90766424e-01,
  -3.38322520e-01,-8.59041631e-01, 3.68932188e-01,-1.12317050e+00,
  -1.47136867e+00,-8.61829281e-01, 2.15922046e+00,-1.92200279e+00,
  -7.61864424e-01, 2.43063259e+00, 3.01233288e-02,-3.18471581e-01,
   2.12012112e-01,-4.68172021e-02, 1.45808470e+00,-9.99630928e+00,
  -1.23668852e+01, 1.87819123e+00, 1.74969226e-01,-9.29166615e-01,
   2.57528424e+00,-7.83717871e-01, 4.10432959e+00, 1.10767078e+00,
  -2.22880993e+01,-5.12250853e+00, 7.52241462e-02, 1.76302600e+00,
  -3.49608541e+00,-6.59485960e+00, 1.99461067e+00,-5.91149998e+00,
  -2.56510496e-01, 8.87230873e+00, 8.94089508e+00, 2.83149934e+00,
   8.64135265e+00, 6.54138178e-02, 7.63864338e-01,-1.69084382e+00,
  -1.63619041e-01, 1.96967793e+00,-2.25095558e+00, 8.77988279e-01,
  -1.57358468e+00, 1.43649423e+00,-9.18845081e+00,-5.17746031e-01,
   1.62447929e+00,-1.50301516e+00, 2.57556736e-01, 3.13219652e-02,
   1.09141481e+00, 1.22537717e-01, 7.95126915e+00,-2.93384463e-01,
   2.77371860e+00,-1.06443186e+01, 4.18509543e-01, 1.12906717e-01,
   6.40349293e+00, 7.40047836e+00,-6.20270014e+00,-3.90212464e+00,
  -3.03696418e+00, 6.44613504e+00, 1.32150292e+00,-1.21277180e+01,
  -1.35770369e+00, 1.88389754e+00,-1.67682781e+01,-9.18685198e-01,
   2.07201242e+00,-3.07607985e+00,-8.73352349e-01,-9.78427008e-02,
  -5.49399734e-01, 2.94636297e+00,-1.17242360e+00,-9.04950738e-01,
   6.12716532e+00,-2.66979551e+00,-3.15581179e+00, 5.73288059e+00,
  -1.41703141e+00,-9.67427969e-01,-7.68683529e+00,-7.42530406e-01,
   1.65198171e+00,-1.73267114e+00, 1.24542265e+01, 5.34815967e-01},
 { 4.30460262e+00, 3.86420190e-01, 4.00070286e+00, 1.24937439e+00,
  -2.26585960e+00, 8.64865124e-01, 4.03416395e+00, 4.66289431e-01,
   1.29383564e+00, 6.00719333e-01,-1.09590721e+00,-2.26801624e+01,
  -1.63861692e+00, 4.86751127e+00,-2.64072418e+00,-4.10974711e-01,
  -9.66494381e-02,-7.33296299e+00, 9.59448278e-01, 9.12242010e-02,
   2.89953232e+00, 6.37278509e+00, 1.45663404e+00, 1.00705636e+00,
   1.56896424e+00,-1.00207167e+01, 1.50535190e+00,-5.95016718e+00,
   5.95667028e+00, 1.45340919e+00, 7.94544458e+00, 2.50062823e+00,
  -1.43069029e+01,-1.29546900e+01, 9.97017547e-02, 2.76418018e+00,
  -2.59381127e+00, 1.16425180e+00,-3.62209511e+00,-4.38783216e+00,
   1.45463753e+00,-2.58510900e+00, 6.87377644e+00, 1.02363312e+00,
  -1.86126649e+00,-5.52546740e+00,-9.58955109e-01,-4.73131865e-01,
  -1.10318267e+00, 1.22686779e+00, 2.42782950e+00, 4.83283377e+00,
   7.56078959e+00,-4.05713654e+00,-3.54044962e+00,-7.89436436e+00,
   3.19174314e+00,-3.91128421e+00, 4.04076862e+00, 1.59898913e+00,
  -1.18390250e+00,-1.04153929e+01, 1.75408435e+00, 4.35390329e+00,
  -9.85789657e-01,-3.63789964e+00,-2.16168118e+00, 1.32632387e+00,
  -2.71651238e-01, 5.88853073e+00, 1.32091045e+01,-1.38200426e+00,
  -1.52432737e+01,-9.94799614e-01, 1.74191463e+00,-3.66088200e+00,
  -1.61977613e+00,-5.73983550e-01,-5.90873766e+00,-1.34688151e+00,
   3.13264322e+00, 1.50872397e+00, 7.59892941e-01, 3.38936043e+00,
  -9.00137997e+00,-1.63276350e+00, 6.37199521e-01,-6.84032679e-01,
   4.63997030e+00, 2.13210011e+00,-1.53787875e+00,-1.28095210e+00,
   8.84901428e+00,-4.69026148e-01, 4.33305836e+00,-3.76290351e-01,
  -7.00792742e+00,-3.87277961e+00, 3.12821007e+00, 1.75121820e+00,
  -3.62051225e+00,-4.75824451e+00,-2.00961566e+00, 6.57909632e-01,
   3.04519582e+00, 2.82609725e+00, 8.78446996e-01, 4.12017852e-01,
  -1.59289277e+00,-9.61848831e+00, 1.18693292e+00,-2.42822790e+00,
   8.11022162e-01,-3.38208646e-01,-1.30194139e+00,-1.21288538e-01,
  -2.24471798e+01,-4.25264120e+00, 1.39305091e+00, 1.33389676e+00,
  -3.79595733e+00,-3.59931231e+00,-1.43045435e+01, 1.41962135e+00,
   3.54274839e-01,-5.00507212e+00, 1.68796170e+00, 2.45896912e+00},
 { 3.69727403e-01, 2.36134812e-01, 3.57147527e+00, 3.68853092e-01,
   2.00024867e+00, 4.19710070e-01, 8.43798339e-01,-3.08307767e+00,
   3.19078356e-01, 1.50260544e+00,-3.88519740e+00, 1.51946044e+00,
   4.35694307e-01, 6.82652533e-01, 1.83090758e+00, 5.15221417e-01,
  -2.97347736e+00, 5.35676956e-01, 8.52120996e-01, 2.15096426e+00,
   7.97315538e-01,-3.92333722e+00,-1.50414038e+00,-2.72534037e+00,
   2.71403551e+00,-2.38247126e-01,-2.24181151e+00,-5.29212093e+00,
   4.05462861e-01,-3.30882668e-01, 1.00878084e+00,-1.69758451e+00,
  -2.84863949e-01,-4.29512501e-01,-8.58440280e-01, 6.39140666e-01,
   3.57082456e-01,-9.13942009e-02,-6.34321260e+00, 1.93264186e+00,
  -1.77394569e+00, 6.07493460e-01,-4.14852571e+00, 1.01586723e+00,
   4.11575508e+00,-1.63595641e+00, 4.45742035e+00, 8.40779722e-01,
   6.11015499e-01,-1.99607992e+00, 1.11189179e-01, 1.42175210e+00,
  -2.14313960e+00,-1.03622682e-01,-1.40556514e+00,-1.25265288e+00,
   5.69208384e+00,-2.10282564e+00, 1.52151704e+00,-1.86721456e+00,
  -4.37707126e-01, 3.70805562e-01, 8.39941859e-01, 2.09829760e+00,
  -2.87489772e+00, 2.08548814e-01,-1.90964505e-01,-8.78635526e-01,
  -1.25154352e+00, 1.85530245e-01,-2.54951692e+00, 1.60597786e-01,
   6.44966543e-01,-7.47592866e-01, 1.80560911e+00, 3.79057121e+00,
  -1.97854146e-01, 6.91290975e-01, 3.03315377e+00,-7.90531635e-02,
  -7.17298031e-01, 1.48615491e+00, 3.78515691e-01,-1.20103233e-01,
  -4.82088357e-01, 6.63368762e-01, 1.21997023e+00,-4.52765584e-01,
  -7.06404877e+00, 1.36600995e+00, 5.62486887e-01,-2.42281437e-01,
   7.72932291e-01,-2.91061848e-01, 5.91395020e-01, 7.87539601e-01,
   1.51859808e+00,-2.96862197e+00, 8.61501098e-01,-2.21244049e+00,
  -1.61339438e+00,-4.77246702e-01, 2.28495717e-01, 7.81271815e-01,
  -7.59997815e-02, 5.67594349e-01, 1.41960251e+00, 9.13318574e-01,
  -1.23167895e-01,-4.01293135e+00, 4.41576183e-01,-2.32102931e-01,
  -1.42383277e-01,-2.82622486e-01, 1.40704322e+00,-1.72477853e+00,
  -9.89241123e-01, 7.61058182e-03,-4.25907783e-02,-4.43688124e-01,
   2.93598175e+00,-1.85121021e+01, 1.02127028e+00, 3.19622707e+00,
   6.55604184e-01, 9.62344074e+00, 2.36283875e+00, 2.42610979e+00},
 {-9.09757316e-02,-7.59822056e-02, 6.88010216e-01,-1.93666667e-01,
   7.50233948e-01,-4.07146502e+00, 5.79605579e-01,-5.30761898e-01,
   4.36114818e-02, 5.98666131e-01, 5.95801926e+00, 5.40026091e-02,
   4.96562906e-02,-3.31016108e-02, 1.38326764e+00, 3.00260127e-01,
   2.25901628e+00, 3.19800586e-01,-3.04918885e+00,-3.62208986e+00,
  -3.87386233e-01,-1.32642612e+01,-1.53573668e+00, 3.91120458e+00,
  -1.43079889e+00,-6.54540181e-01,-9.06368852e-01, 2.20656782e-01,
   1.39970690e-01,-4.73296233e-02,-1.77396104e-01,-1.85355651e+00,
  -4.22237329e-02, 3.74337025e-02,-3.98008600e-02,-1.89031556e-01,
  -1.60329133e-01,-2.91033536e-01,-3.74314308e-01, 2.07177043e+00,
  -3.03160906e-01, 1.53192997e-01,-1.79434586e+00,-1.56803811e+00,
   5.23119116e+00,-1.28527200e-02, 2.71052933e+00,-9.43713665e-01,
  -6.58508122e-01,-6.39450312e-01,-4.65282536e+00, 1.42780662e-01,
  -1.12693593e-01, 1.88056305e-01, 2.57627498e-02,-4.37247343e-02,
  -2.62095881e+00, 2.02476692e+00, 2.60041684e-01,-2.57165766e+00,
  -6.13605939e-02, 6.36113405e-01, 4.66384292e-01,-8.90329480e-02,
   1.33466911e+00, 3.20582777e-01, 4.49165180e-02,-7.24399909e-02,
   6.90403819e-01, 1.50989383e-01,-3.61262560e+00,-3.48830700e-01,
  -1.01081312e+00,-1.41724706e-01, 1.82767487e+00, 3.52731085e+00,
  -1.28787421e-02, 5.03120869e-02, 2.89583683e+00,-8.90992507e-02,
   2.01898789e+00,-3.35473299e+00,-8.20789766e-03, 9.97202843e-02,
   8.66538107e-01, 1.85978258e+00, 6.69168711e+00, 1.15915798e-01,
  -1.24139719e-01,-9.03708756e-01, 1.40602782e-01, 1.54520810e-01,
  -2.79901552e+00, 6.28118291e-02, 1.93397373e-01,-5.31634331e-01,
  -1.11399841e+00,-3.39073509e-01,-1.43557921e-01,-8.43679547e-01,
  -5.12327492e-01, 1.53996527e-01, 9.44764093e-02,-1.67166349e-02,
   9.46475938e-02, 8.31665611e+00, 2.23102331e-01, 2.43000224e-01,
   5.59825039e+00,-1.56420064e+00, 6.26414269e-03,-3.65164071e-01,
  -7.92134330e-02,-4.69520092e-02, 2.33105540e+00,-8.73218155e+00,
   5.25477678e-02,-2.83059746e-01, 6.08560517e-02,-2.41811331e-02,
   1.43500304e+00, 1.48413670e+00, 3.94465852e+00,-7.44373989e+00,
   8.22003931e-02, 2.66484046e+00,-1.47917128e+00, 4.85393792e-01},
 {-1.70919883e+00,-1.13946378e+00,-1.41475749e+00,-3.50281572e+00,
  -2.56459451e+00,-6.01451695e-01, 1.51215422e+00, 9.57893467e+00,
  -1.06238830e+00, 1.40473321e-01, 3.00740749e-01,-2.68701941e-01,
  -3.36255884e+00, 1.76376894e-01,-1.36131847e+00,-9.34069633e+00,
   5.26043952e-01, 1.05865741e+00,-2.12746549e+00, 9.18055177e-01,
   1.06542234e+01,-2.06328154e+00,-1.08715713e+00, 3.80839854e-02,
  -8.06595445e-01, 2.19738793e+00,-5.65338969e-01, 3.37674809e+00,
   1.64774865e-01, 4.21975523e-01, 1.56748310e-01,-1.56019700e+00,
  -3.39026380e+00,-2.07127666e+00,-2.60785103e+00,-2.47628665e+00,
  -2.23240256e+00,-2.82188702e+00,-2.48962134e-01, 1.04571378e+00,
   3.19864392e+00, 4.21041632e+00,-6.22109234e-01, 1.37821078e+00,
   1.10379446e+00, 9.42455605e-02,-9.31830287e-01, 6.43953264e-01,
  -2.54441857e-01,-1.03682525e-01,-1.87098432e+00,-3.45851183e-01,
   1.62231445e-01,-1.13412929e+00, 7.98126698e+00, 1.56980097e-01,
  -1.82095468e+00, 1.91594803e+00, 5.31278253e-01,-1.32224762e+00,
   3.22122835e-02, 1.35127342e+00,-4.60475111e+00,-3.71211052e-01,
  -1.14035070e+00,-4.89394712e+00,-1.86774433e+00, 7.80660808e-01,
   1.27544090e-01, 5.63718176e+00,-5.22244835e+00, 4.39299107e+00,
  -5.35688353e+00,-4.76975329e-02,-2.82217216e+00, 1.82428348e+00,
  -3.55626488e+00, 1.46709871e+00, 8.50889325e-01, 2.93296695e+00,
   4.03763950e-01, 3.75320375e-01,-1.01267803e+00, 8.95189881e-01,
   5.85858822e-01, 1.55373538e+00, 1.04938917e-01,-1.23912565e-01,
   1.16453457e+00,-3.23293060e-01,-4.81194639e+00, 1.08403099e+00,
  -9.76080835e-01, 5.23693943e+00,-6.94292212e+00,-2.38635421e-01,
  -5.31862068e+00, 1.20128000e+00, 3.33783245e+00, 7.97457457e-01,
  -2.08727911e-01,-7.07074833e+00,-3.97238088e+00,-2.92649484e+00,
  -5.12897778e+00,-1.85327029e+00,-3.03479028e+00,-9.98551655e+00,
   6.54392779e-01, 1.44871175e+00, 1.20674992e+01, 3.37034512e+00,
  -3.35364044e-01, 2.70749855e+00, 9.78195548e-01,-1.46921813e-01,
   1.89518619e+00,-6.14262260e-02, 3.71518636e+00, 8.62184584e-01,
   6.95825636e-01, 6.15665376e-01, 3.59374571e+00, 4.86865282e-01,
   5.18618250e+00, 1.54599500e+00,-5.99376345e+00,-8.59204680e-02},
 { 2.00188184e+00, 9.12414730e-01,-7.86790907e-01, 3.69098401e+00,
   2.09517694e+00,-8.00224781e-01,-6.07811689e+00, 1.22833908e+00,
   3.09525043e-01,-1.25397757e-01, 5.04793942e-01, 3.91841626e+00,
  -1.90302830e+01,-2.47198391e+01,-3.62802625e+00, 1.20912671e-01,
   4.12321568e-01,-4.88774538e+00,-4.30892086e+00, 2.07231879e+00,
  -6.61811447e+00,-2.64440775e+00,-1.09720373e+00,-2.16058299e-01,
  -8.20005178e-01, 4.89492893e+00,-5.55062890e-01, 5.81713009e+00,
  -1.47978222e+00,-1.65479553e+00,-1.75965381e+00,-1.75842714e+00,
   5.21047771e-01, 2.67773390e+00,-4.32893410e+01,-1.79726624e+00,
  -1.78538072e+00,-7.36522532e+00,-1.60987911e+01, 1.38901794e+00,
  -7.10239947e-01,-6.60798967e-01,-1.71938062e+00, 2.48209810e+00,
   1.38446283e+00, 7.58481622e-02,-1.15427732e+00, 1.01524484e+00,
  -2.37149805e-01,-8.01860467e-02,-2.70719671e+00, 2.86249161e+00,
  -7.83572733e-01, 1.61165333e+01,-2.11939297e+01,-4.59782630e-02,
  -2.97974873e+00, 1.09122968e+00,-1.01035798e+00,-1.96500123e+00,
  -3.59149724e-01,-3.25837791e-01,-1.60219536e+01,-1.06399810e+00,
   9.73611927e+00, 3.99123877e-01, 1.24284101e+00,-5.37991905e+00,
   3.45697582e-01,-1.27194386e+01,-7.86970139e+00,-2.26240084e-01,
  -1.43724060e+00, 1.29857290e+00,-5.13556361e-01, 2.53069520e+00,
   3.83357787e+00, 3.37623453e+00, 2.25816584e+00,-3.61254120e+00,
   1.24627960e+00, 5.64248562e-01, 1.76689589e+00, 4.48378992e+00,
  -3.01895797e-01, 2.90712094e+00,-4.84590232e-01,-5.93049705e-01,
   1.68475997e+00,-5.59688747e-01, 3.11648822e+00,-6.24751377e+00,
  -2.39583421e+00,-4.69349527e+00,-4.08106518e+00,-2.15030968e-01,
  -8.53060436e+00,-4.42780972e+00,-2.37214828e+00,-4.78743792e+00,
   8.45174730e-01, 7.51443052e+00, 2.87395334e+00, 3.62034774e+00,
  -3.58872747e+00,-5.03585482e+00, 3.46707910e-01, 6.57032371e-01,
  -1.14788990e-02, 3.61372542e+00,-1.57694283e+01,-2.96830863e-01,
  -1.93586335e-01,-2.19986510e+00, 1.52381325e+00,-1.24654055e-01,
   2.26300597e+00,-1.17892945e+00,-4.40931940e+00,-1.71618605e+00,
   1.35203898e+00, 1.34120953e+00, 5.05694294e+00, 1.39169633e-01,
   1.93381476e+00, 2.46534896e+00, 8.79220295e+00,-1.70877390e-02},
 { 1.85200405e+00, 1.28696740e+00, 3.82016683e+00, 3.05151725e+00,
   2.02022886e+00, 1.73937988e+00,-8.47574532e-01, 2.09365921e+01,
  -1.57050312e+00,-2.96833128e-01,-1.76609683e+00, 1.03701460e+00,
  -1.17742777e+01,-4.16466534e-01, 3.52736562e-01, 1.09930634e+00,
  -7.52065480e-01,-8.86822283e-01,-4.23494244e+00,-1.65416634e+00,
  -1.31655970e+01, 5.53437901e+00, 1.73016870e+00, 1.35120213e-01,
   1.06330490e+00, 1.11577606e+01, 4.66010690e-01,-3.71268940e+00,
  -2.27545476e+00,-1.42158163e+00,-9.36834514e-01, 1.54662037e+00,
  -3.43065530e-01, 3.28568220e+00,-2.72541256e+01, 2.79575753e+00,
  -1.19508276e+01, 2.26228547e+00, 6.81291819e-01,-1.57123959e+00,
  -1.23216619e+01,-1.05122817e+00, 1.88101208e+00, 6.04630804e+00,
  -3.28756779e-01, 2.88179368e-01, 9.94270563e-01,-1.05562007e+00,
   1.22917406e-01, 3.79346192e-01, 3.67376518e+00, 3.42946470e-01,
  -7.69088602e+00, 9.81042922e-01,-3.10969505e+01, 3.27879399e-01,
   2.29824615e+00,-2.49902987e+00,-3.10677618e-01, 2.08265209e+00,
  -2.12123379e-01,-1.26016021e+00, 2.89360547e+00, 6.68968141e-01,
   5.80801153e+00,-5.30929744e-01, 9.57422912e-01,-6.79320037e-01,
  -3.68602931e-01,-6.59507847e+00, 8.64931679e+00,-7.30170155e+00,
  -1.94894299e-01, 1.81671274e+00,-1.95468736e+00,-3.12795687e+00,
   3.96440387e+00, 2.17036295e+00,-1.88454378e+00,-3.63505840e+00,
  -2.14307666e+00,-1.12795091e+00, 3.66141379e-01, 4.51393604e+00,
  -1.61707497e+00,-2.97478104e+00, 6.66505173e-02,-8.50068256e-02,
   3.34145278e-01, 4.40123379e-01, 2.24194258e-01,-1.54707479e+00,
   2.32780886e+00,-4.51837015e+00,-4.98393726e+00, 5.26685178e-01,
   3.84964347e-01,-1.13257909e+00,-4.15799522e+00,-1.67620480e+00,
   1.05873294e-01, 9.05372334e+00, 1.55340505e+00, 2.57930803e+00,
  -8.21945953e+00, 4.78803778e+00, 5.61631799e-01,-4.81498867e-01,
  -1.03398876e+01,-4.61277246e+00,-1.08890696e+01,-2.71447873e+00,
   1.86516717e-01,-2.30496979e+00,-1.99320114e+00,-3.55412096e-01,
   8.18361473e+00,-2.78125000e+00,-4.48282814e+00,-2.68916965e-01,
  -1.36532331e+00,-1.56710601e+00,-7.02934456e+00, 1.04264030e-02,
  -4.97628212e-01,-2.80618215e+00, 2.87093192e-01,-2.66442835e-01},
 { 4.05292325e-02,-2.23843027e-02, 3.92170817e-01, 6.64462298e-02,
  -5.35733461e-01,-5.54613495e+00,-5.10594174e-02, 2.59412795e-01,
  -5.11653461e-02, 4.66548055e-01, 2.34342170e+00,-1.36300281e-01,
   7.67634064e-02, 9.87084582e-02, 1.18941128e+00, 6.02481937e+00,
   3.54816854e-01,-1.90839574e-01,-3.03129673e+00,-9.38591838e-01,
   1.97845370e-01,-1.37636271e+01,-1.59361267e+00, 1.97521305e+00,
  -8.37792301e+00,-4.74922638e-03,-4.00915003e+00,-2.11869860e+00,
   4.02637944e-02, 1.01283416e-01, 2.75287386e-02,-8.66081059e-01,
  -1.48411021e-01, 6.27489164e-02,-8.68816972e-02,-5.14194444e-02,
   1.34147242e-01,-2.32539997e-01, 2.30382591e-01, 4.47638655e+00,
   1.52928099e-01, 1.60270184e-01,-3.30027962e+01, 2.67021561e+00,
  -9.31030273e-01, 2.71583144e-02,-1.90716588e+00,-1.67887545e+00,
   2.91014457e+00,-5.66722810e-01, 5.14903784e-01,-2.39871796e-02,
   7.79008493e-02, 1.62181050e-01,-2.27902643e-02, 9.44784954e-02,
   1.16234803e+00,-1.03392029e+00,-8.11119229e-02,-1.10131073e+01,
   1.59327328e-01,-4.03053761e-01,-2.58612305e-01, 1.00782382e+00,
  -1.93696484e-01,-1.24058336e-01, 3.74517627e-02, 1.88240199e-04,
   3.75293922e+00, 4.00900662e-01,-4.36357927e+00, 5.75858951e-02,
   2.32116684e-01, 2.47312393e-02,-1.08214390e+00, 5.20635307e-01,
   3.77353057e-02, 1.58834755e-01, 1.77311385e+00,-1.50413206e-03,
   2.24485922e+00, 1.57378960e+00,-3.64433974e-02,-2.16355607e-01,
   8.31237376e-01, 2.52847266e+00, 3.44646406e+00, 3.56390882e+00,
  -1.22024441e+01,-9.82643366e-01, 5.06297231e-01, 1.21877313e-01,
   1.58875608e+00,-1.49479762e-01,-1.12828307e-01, 2.38993530e+01,
  -5.95434844e-01,-1.10356495e-01,-1.12352334e-01, 4.29768413e-01,
   2.66743034e-01,-3.25116776e-02,-2.06120744e-01,-2.69705415e-01,
   2.68024579e-02, 1.98063362e+00, 2.67059337e-02,-1.83552444e-01,
   1.07133400e+00,-4.63010931e+00, 2.66104136e-02,-8.23644400e-02,
   3.84508781e-02,-1.58193670e-02,-5.89570045e-01,-1.50072062e+00,
   4.02459049e+00, 2.69724727e-01, 1.15581490e-02,-5.54989725e-02,
  -2.82024115e-01,-2.98963070e-01, 6.17896795e+00,-6.90558624e+00,
   1.10436988e+00, 2.36144543e-01,-1.76924691e-01, 1.64283001e+00},
 { 2.74511009e-01,-3.76350713e+00, 8.58198032e-02,-1.15592718e-01,
  -1.78346682e+00, 2.58876890e-01, 1.10794859e+01, 1.59520298e-01,
  -2.78721142e+00,-8.12824536e-03,-2.51395345e-01,-4.27841139e+00,
   8.81530493e-02,-4.50853199e-01,-1.32613644e-01,-7.51975954e-01,
  -8.45264569e-02, 1.01183414e-01, 3.23816228e+00,-1.04224876e-01,
  -5.79410255e-01, 4.80708599e-01, 9.46173072e-02,-3.73939499e-02,
   7.96996281e-02,-1.64051741e-01,-3.41943987e-02,-5.78633845e-01,
  -5.60770445e-02, 4.08180565e-01,-1.69681072e-01, 1.75438881e-01,
   4.44277763e-01, 6.41213477e-01,-2.60427654e-01, 1.75856382e-01,
   1.41426012e-01,-2.78591007e-01, 1.31544784e-01,-1.12365283e-01,
   1.84565425e-01,-1.07771695e+00, 6.10635839e-02, 5.20026445e-01,
   9.22661368e-03, 9.20658708e-01, 1.58022508e-01,-2.75820699e-02,
   4.24595438e-02, 8.52658763e-04, 1.52247667e-01, 4.33635414e-01,
   4.99846029e+00, 3.33184868e-01,-6.73366860e-02, 6.39513445e+00,
   2.52976239e-01,-5.71511760e-02,-1.20822942e+00, 2.87511259e-01,
   1.59405959e+00, 5.52215159e-01,-1.93784490e-01, 8.94977599e-02,
   5.48318577e+00,-2.22052746e-02, 4.48044920e+00,-2.45648343e-02,
  -1.09710526e-02,-3.03842330e+00, 4.59121168e-01,-5.98673105e-01,
   2.18096161e+00,-1.18013760e-02, 2.89538264e-01,-1.50928706e-01,
   1.05460501e+00, 1.45555747e+00,-1.21799134e-01, 2.97731280e-01,
  -4.32798028e-01, 2.57563055e-01,-1.34344727e-01,-8.42220411e-02,
  -3.85660946e-01,-2.05735996e-01, 3.88408974e-02,-1.13565244e-01,
  -3.06644589e-01, 7.53476322e-02,-3.62630874e-01,-1.80588976e-01,
   1.42093450e-01, 3.20012689e+00,-4.46989052e-02, 8.58827755e-02,
   6.59026957e+00,-1.03441811e+00,-5.33397436e+00,-1.22876444e+01,
   5.60355186e-02,-1.30095541e+00,-2.92290032e-01, 7.55069554e-01,
  -2.92256624e-01,-5.35990119e-01, 5.13198040e-02,-6.41648397e-02,
   1.07700515e+00, 4.94880438e-01,-3.32926035e-01, 1.44469380e-01,
  -8.33860319e-03, 1.88326526e+00,-1.29520103e-01,-1.11973630e-02,
  -5.94777393e+00,-8.43688393e+00,-6.65349364e-01, 1.36341184e-01,
  -6.83460832e-02,-5.17066307e-02,-3.00559431e-01, 1.83434606e-01,
  -6.84962034e-01,-1.51906252e-01,-1.59400082e+01, 3.97668146e-02},
 { 3.27205896e+00, 3.41820645e+00,-6.51457459e-02, 2.07797527e+00,
   3.69624209e+00,-2.78653830e-01,-1.43161571e+00,-6.33549976e+00,
   1.33061260e-01,-2.01548055e-01,-1.51678145e-01,-1.28824317e+00,
  -1.18472815e+01,-8.78912067e+00,-3.10786796e+00, 2.47108057e-01,
  -5.40444851e-01,-2.53948951e+00,-4.74465466e+00, 3.69692445e-01,
  -7.68799162e+00,-2.46929908e+00,-1.23269391e+00,-3.09992343e-01,
  -1.98373628e+00,-2.48723583e+01, 9.77125049e-01, 9.25426102e+00,
  -6.53804600e-01,-2.60508895e-01, 1.59701242e+01,-2.31399846e+00,
  -7.14692771e-01, 7.83173132e+00,-2.94279022e+01, 3.60685658e+00,
  -3.93056641e+01, 1.80260137e-01,-1.06780577e+00, 2.25862455e+00,
  -1.87465847e+00, 1.52645278e+00,-1.28074384e+00, 2.55945772e-01,
   2.07501960e+00,-4.81471777e+00, 2.46565008e+00, 2.91001588e-01,
   9.70093071e-01, 3.56631160e-01,-1.16747713e+00,-2.18660998e+00,
  -1.80498672e+00,-1.86999428e+00,-4.35785675e+01,-1.62756145e+00,
  -3.93033361e+00, 1.76682949e+00,-4.39659548e+00,-2.04228804e-01,
  -4.42959976e+00,-4.50377321e+00,-2.25156212e+00,-1.70950007e+00,
   3.66599178e+00, 7.44157028e+00, 2.22413111e+00,-7.26617098e+00,
   3.02879542e-01,-1.96579206e+00,-5.09764528e+00,-7.06157744e-01,
  -5.50609779e+00, 1.00967479e+00,-4.39017391e+00, 1.05251217e+00,
   8.31730738e-02,-6.61532998e-01, 2.20691442e+00,-5.26628017e+00,
  -5.42814910e-01,-3.34127471e-02,-4.47483093e-01, 8.27212259e-02,
  -2.32570362e+00, 1.96693969e+00,-6.49820209e-01, 1.31380126e-01,
  -1.23721898e-01,-1.10742390e+00, 4.30290699e+00,-3.56214499e+00,
  -3.11696362e+00,-5.02316046e+00,-4.56484947e+01,-5.67714810e-01,
   1.15020978e+00, 1.91164756e+00, 2.39251718e-01,-1.23916645e+01,
  -2.34213066e+00, 3.14679670e+00,-1.21687388e+00, 2.18445802e+00,
   3.50928593e+00,-4.91438198e+00,-8.22439551e-01, 3.57989478e+00,
  -7.40637481e-01, 2.08453894e+00,-3.62603760e+00,-4.71761513e+00,
   2.10134208e-01,-2.24598122e+00, 1.58539999e+00,-1.52613211e+00,
  -9.62334156e+00,-5.29558134e+00,-2.58704257e+00, 3.60197473e+00,
   4.81354743e-01, 9.33324993e-01, 4.72739649e+00, 6.76657408e-02,
   2.03191495e+00, 1.45794713e+00, 3.47649884e+00,-1.07181573e+00},
 { 4.55924702e+00,-2.05090523e+00,-1.95661724e+00, 1.30451691e+00,
   6.47682250e-01,-2.34526753e+00,-4.94254065e+00,-8.87483776e-01,
   5.82630038e-01,-2.47153354e+00,-1.78138685e+00, 9.64104748e+00,
  -1.14329414e+01,-1.95596385e+00,-2.96686912e+00, 1.73784435e+00,
   4.07388985e-01, 2.40120506e+00,-5.72417545e+00, 1.40830529e+00,
  -3.83327627e+00, 1.31375849e-01,-3.55386209e+00,-3.73072362e+00,
  -2.96594119e+00,-1.16278381e+01, 2.51489830e+00, 1.14598885e+01,
  -2.00146937e+00, 3.44968009e+00, 4.73033047e+00,-1.78710032e+00,
   1.99632466e+00,-4.19212770e+00,-1.77588689e+00,-7.94662654e-01,
  -3.80974126e+00, 4.64126498e-01,-1.66455197e+00, 3.60148501e+00,
  -3.13886261e+00, 2.18883917e-01,-4.70879936e+00,-2.79782057e-01,
   2.86038780e+00,-4.67805433e+00, 2.46896791e+00, 1.31481826e+00,
  -1.53824413e+00, 1.14174771e+00,-2.50421834e+00,-6.55291677e-01,
  -5.79301775e-01,-1.85173285e+00,-1.84495497e+00, 1.15065062e+00,
  -6.34269524e+00, 6.68609047e+00,-8.59860897e-01,-8.25575709e-01,
  -5.75027752e+00,-2.60714035e+01, 2.00731015e+00,-5.03701830e+00,
  -2.69981194e+01,-5.91065168e-01,-1.75863767e+00,-2.92089200e+00,
   1.07673120e+00,-1.26615763e+00,-4.90850830e+00, 1.79618156e+00,
  -1.84595051e+01, 6.20545006e+00,-1.54761362e+00, 2.01339102e+00,
  -1.29855776e+00, 8.43325377e-01, 1.69104934e+00,-1.01724339e+00,
   3.68748474e+00,-6.34319067e-01,-8.04653263e+00,-1.51927149e+00,
   3.10292649e+00, 1.80891681e+00,-6.39425159e-01, 5.49445808e-01,
  -5.77288008e+00,-2.25352454e+00,-1.95452464e+00,-3.34153986e+00,
  -4.14643955e+00, 1.02337897e+00, 1.48614395e+00, 1.53108299e-01,
  -1.30977840e+01, 2.12154651e+00,-3.92476469e-01,-4.37093735e+00,
   9.43194687e-01,-2.06080341e+00, 1.42820036e+00, 3.32650924e+00,
   2.08392382e+00,-1.58943915e+00,-6.78647041e-01, 2.45357251e+00,
   4.38143396e+00, 2.40097833e+00, 8.27753127e-01, 2.23215437e+00,
   1.76062360e-01, 1.37054324e+00, 2.52171803e+00, 2.42283225e+00,
   9.38813269e-01,-9.10620689e-01,-8.92938614e-01, 9.91696358e+00,
  -5.48255205e-01, 4.08657503e+00, 4.86962652e+00, 3.48469210e+00,
  -4.26724195e+00, 2.39194465e+00, 5.50356770e+00, 7.19674230e-01},
 { 3.92304564e+00,-9.99166012e-01,-1.90982729e-01,-1.03296316e+00,
   1.55437171e-01,-1.29553542e-01,-7.23068857e+00, 6.13947868e-01,
   7.20921099e-01,-7.69233763e-01, 4.20636803e-01, 2.65195757e-01,
   1.07230639e+00,-4.31533337e-01,-1.49056447e+00, 4.48581010e-01,
  -4.07534719e-01, 1.31094575e-01, 4.10751772e+00, 1.14501238e+00,
   6.77075338e+00,-3.47148585e+00,-2.11303353e+00,-4.39810246e-01,
  -1.13227332e+00,-3.11132646e+00, 2.24719495e-01, 1.73758876e+00,
   3.95670421e-02, 8.43258858e-01,-1.82713962e+00,-8.23262453e-01,
  -5.08016229e-01, 2.36773562e+00, 2.53690720e+00,-1.28431010e+00,
  -2.55401582e-02,-6.73307538e-01, 6.75461948e-01, 9.38828349e-01,
  -1.96070099e+00,-7.22157061e-02,-1.04933453e+00, 4.90970522e-01,
   1.93420184e+00,-2.70608974e+00, 7.74541140e-01, 4.28431392e-01,
   5.89797914e-01,-1.29177868e+00,-6.17945850e-01,-3.46022516e-01,
  -3.82815933e+00,-2.22861958e+00, 2.08049130e+00,-7.08941364e+00,
  -3.56896019e+00, 1.81633174e+00, 4.79489851e+00,-1.00764477e+00,
  -9.04536068e-01,-4.59801340e+00,-1.86204866e-01,-2.00075269e+00,
  -2.66054845e+00,-6.95036829e-01, 4.20507342e-01,-2.12331009e+00,
  -1.75076932e-01,-3.39301884e-01,-1.63772976e+00,-3.23563910e+00,
  -1.57656503e+00, 1.43172467e+00,-8.03965747e-01, 8.88451755e-01,
  -2.15388775e+00,-4.60366189e-01, 1.23858321e+00,-2.10938716e+00,
  -2.19330025e+00,-2.87209433e-02,-1.39373553e+00, 3.16720915e+00,
  -1.18261969e+00, 7.50723720e-01, 3.31031799e-01, 2.11053059e-01,
  -5.46298981e-01,-4.84945476e-01, 2.59617782e+00,-1.22644889e+00,
  -2.70307875e+00,-4.91459608e+00, 4.29990149e+00, 1.82568580e-01,
  -2.69076884e-01, 1.16749692e+00, 9.65404868e-01,-3.03245854e+00,
  -2.35948801e+00,-8.46440971e-01, 5.47797918e-01,-5.88362992e-01,
   3.59436035e+00, 9.08944309e-01,-2.65899467e+00,-2.83467263e-01,
  -3.03686810e+00, 3.29374552e+00,-2.13799024e+00, 5.67273200e-01,
   4.30857062e-01, 2.02017650e-01, 6.27517700e-01, 2.09843025e-01,
  -3.54602528e+00,-1.60202408e+01, 8.63198221e-01, 5.25954437e+00,
   8.25679898e-01, 1.89592659e+00, 1.00528705e+00, 6.37556791e-01,
  -7.24584246e+00, 2.02106476e+00, 3.08224654e+00,-1.83633244e+00},
 {-4.65852953e-02,-8.46351981e-02,-6.24702796e-02,-9.93346348e-02,
  -9.15337279e-02,-1.96006969e-02,-2.43603289e-02,-1.23166293e-01,
   8.44229385e-03, 1.56248352e-02, 6.29198626e-02, 2.00355463e-02,
  -1.04419909e-01,-5.85282631e-02,-1.21760473e-01,-8.37840233e-03,
  -5.12982300e-03,-4.00949977e-02, 3.23519297e-02,-2.28435360e-02,
  -9.99916419e-02, 2.04903223e-02,-3.99980582e-02,-2.05946919e-02,
  -8.61738771e-02,-6.35037646e-02,-1.90451778e-02, 1.57508045e-03,
   9.89204645e-03,-1.56459827e-02, 5.52879320e-03,-3.01466137e-03,
   6.28101826e-03,-8.71531144e-02, 2.19195057e-02,-9.18917507e-02,
  -5.66909611e-02, 2.74534095e-02,-1.42454216e-03,-5.84366657e-02,
  -1.22599695e-02,-9.36178863e-02,-2.93983631e-02, 1.79612674e-02,
  -5.81053225e-03,-1.22144453e-01,-1.03207834e-01,-3.19601339e-03,
  -6.71722665e-02, 3.93309677e-03, 2.50154417e-02,-3.78335565e-02,
  -6.08139820e-02,-9.67260674e-02, 2.94965599e-03, 2.35901065e-02,
  -5.41568436e-02,-1.16766520e-01,-1.20418817e-01,-1.54110556e-02,
  -4.20377031e-02,-6.73034340e-02,-9.75452885e-02,-6.99511170e-02,
   7.89205078e-03, 2.69736769e-03,-9.39196274e-02,-9.60957780e-02,
  -1.44216523e-01, 3.19403480e-03,-4.43834588e-02,-4.16723639e-02,
  -3.84874828e-02,-1.41509786e-01,-1.07280873e-01,-1.20109797e-01,
  -8.12704265e-02, 1.22507103e-03,-1.31883487e-01,-3.91510390e-02,
  -5.23362681e-02, 7.09684566e-02,-7.24957138e-02, 5.16588576e-02,
  -1.35108739e-01,-1.13527752e-01,-1.67687726e-03,-6.16656244e-02,
  -1.08691084e-03,-1.14360355e-01, 2.93152705e-02, 3.14253643e-02,
  -3.10707968e-02,-4.98202741e-02, 5.09163328e-02, 4.01557051e-02,
  -1.49624482e-01,-2.96241120e-02,-9.67408568e-02, 9.55077354e-03,
  -5.07334769e-02,-2.72689816e-02,-6.94286600e-02,-6.94935098e-02,
  -3.84690426e-02, 4.38030474e-02,-5.89978620e-02,-3.50428633e-02,
   4.90814112e-02, 2.15111244e-02,-4.05936167e-02, 1.94052607e-02,
  -1.28884306e-02, 2.66263355e-02,-2.19200160e-02,-1.02662601e-01,
  -9.66209397e-02,-1.09608797e-02,-2.08078069e-03,-1.41845971e-01,
   4.34037820e-02,-1.04146861e-01, 2.66511068e-02, 5.45700304e-02,
  -7.09206390e-04,-3.90493348e-02,-7.73413479e-03,-6.74023852e-02},
 { 5.88217238e-03, 9.12671164e-03, 5.97604036e+00, 1.27962008e-01,
  -7.24919140e-01, 1.32831681e+00,-2.26218671e-01, 3.57832044e-01,
  -9.38518643e-02,-5.56021869e-01,-3.15554190e+00,-1.15562186e-01,
  -2.25398457e-03,-1.33403555e-01, 9.88734245e+00,-3.12002689e-01,
  -2.53390646e+00,-2.85105199e-01, 2.47419763e+00, 2.32104564e+00,
   3.63805234e-01, 8.58878708e+00, 1.91380250e+00,-3.23537612e+00,
   2.09929466e+00, 6.50063217e-01, 1.11829185e+00,-7.00926065e+00,
  -9.80797410e-02, 6.89298287e-02, 1.06545575e-01, 2.26169896e+00,
   7.62411058e-02,-2.43634149e-01, 1.38579551e-02, 1.20270066e-01,
   9.07868743e-02,-1.95175096e-01, 3.11929584e-01,-2.87379551e+00,
   1.60840109e-01, 2.22377598e-01, 2.19036460e+00, 1.71417868e+00,
   1.59609899e-01, 2.69830395e-02, 8.71592045e+00, 1.47309589e+00,
   8.07830513e-01, 6.39028490e-01, 4.81857014e+00,-1.06158450e-01,
   2.93578953e-02,-2.57518947e-01,-9.07839015e-02,-1.45408849e-03,
   2.63663507e+00,-5.59800100e+00,-1.68467388e-01, 5.72288704e+00,
   1.21108979e-01,-5.52596867e-01,-3.53961647e-01,-4.09949839e-01,
  -8.93686175e-01,-2.05446243e-01,-2.55239941e-02, 4.67621125e-02,
   4.36843663e-01, 2.29893923e-01, 4.55635643e+00, 3.04219395e-01,
   8.79223704e-01, 7.36677423e-02,-4.29720134e-01,-3.64912758e+01,
   5.18843625e-03, 2.98100531e-01,-2.18058848e+00, 4.05714102e-02,
  -6.25909853e+00, 3.33954310e+00,-3.56194712e-02,-1.49799958e-01,
  -2.07506835e-01,-5.05825758e+00,-4.48028326e+00, 1.84670806e-01,
   6.58831072e+00, 1.13084304e+00,-4.66318093e-02,-1.34647684e-02,
   1.86342168e+00,-2.17969138e-02,-1.37666941e-01, 2.30397296e+00,
   9.38394427e-01, 3.05368632e-01,-1.75172482e-02, 9.43597019e-01,
   4.17458713e-01,-2.83416584e-02,-8.33738074e-02,-3.81375924e-02,
   1.75116748e-01, 4.91748381e+00,-2.22581327e-01,-2.52452493e-01,
   1.30571008e+00, 7.96426654e-01, 3.02304067e-02, 2.60152608e-01,
   4.23054285e-02, 2.99355518e-02,-2.61177182e+00,-3.30315900e+00,
  -1.30230474e+00, 3.90765011e-01, 9.29052103e-03, 2.12744884e-02,
  -1.22209823e+00,-1.68657970e+00,-8.64038849e+00,-5.20385802e-01,
   4.88900512e-01,-3.10054946e+00,-8.83037806e-01,-5.22413135e-01},
 {-7.65791237e-02,-1.13966770e-01,-4.25596461e-02,-3.70933861e-02,
  -7.44471475e-02,-7.30332499e-03,-6.65459558e-02,-1.44387826e-01,
  -3.03185992e-02,-6.66185766e-02,-6.43889010e-02,-5.46155274e-02,
  -1.15634866e-01,-3.11835557e-02,-1.27478123e-01,-4.13543433e-02,
  -8.99309963e-02,-1.16144039e-01,-8.06326121e-02,-6.28584996e-02,
   6.64080307e-02,-1.31313458e-01,-4.03182432e-02,-2.55314391e-02,
   1.16067827e-02,-8.77092928e-02,-8.43615979e-02,-8.63403305e-02,
  -4.25285660e-02,-1.72749326e-01,-1.50192231e-01,-5.06887324e-02,
  -1.13434047e-01,-4.48424816e-02,-4.83205281e-02, 1.99950114e-03,
  -4.69610514e-03,-1.55430092e-02,-8.50117591e-04,-1.08530685e-01,
  -1.39931262e-01, 1.92043297e-02,-7.63225183e-02,-5.86279444e-02,
  -2.16465201e-02,-7.83098768e-03,-2.82236394e-02,-9.05549452e-02,
  -7.56251216e-02,-9.49157923e-02,-4.07065861e-02,-2.44392548e-03,
   3.46450768e-02,-3.48765738e-02,-4.26057950e-02,-1.30099813e-02,
  -4.57028300e-02,-8.21380466e-02,-9.52065215e-02,-2.16323286e-02,
  -8.75478387e-02,-1.09084425e-02,-2.39982884e-02,-1.39160408e-02,
   6.83349231e-03,-4.29906212e-02,-9.52170044e-02,-1.94327384e-02,
  -4.20852602e-02, 5.73912114e-02,-2.52097100e-03, 4.08101417e-02,
   8.85601807e-03,-9.26882476e-02,-5.75902238e-02,-7.71179497e-02,
  -3.55616920e-02, 2.98844613e-02,-1.01624355e-01,-1.20495267e-01,
  -1.24450527e-01,-1.50546385e-02,-5.25627621e-02,-1.04441181e-01,
  -7.42100477e-02, 8.73593688e-02,-1.13203125e-02,-7.14936778e-02,
  -2.65761446e-02, 5.65426573e-02,-9.65947956e-02,-9.38861631e-03,
  -5.34574687e-02,-2.22470146e-02, 8.78200494e-03,-3.41859385e-02,
  -5.48396520e-02,-1.04834549e-02,-1.28865734e-01,-7.68029466e-02,
   5.04957652e-03,-8.91286656e-02,-4.98782322e-02,-1.32518634e-01,
  -5.18369861e-02,-7.78452531e-02,-7.00042844e-02, 6.45864829e-02,
   6.82045370e-02,-1.10517135e-02,-6.49053156e-02,-1.30399048e-01,
  -9.49978754e-02,-1.41826361e-01,-5.46557158e-02,-3.07096317e-02,
  -5.78858145e-02, 1.16929278e-01,-1.43042818e-01,-7.21593052e-02,
   1.16203623e-02,-1.01611726e-01,-7.05617107e-03,-4.65405956e-02,
  -7.41456300e-02,-1.50571289e-02,-2.40632147e-02,-3.17117572e-02},
 {-6.15167879e-02, 1.14862211e-01,-8.11684966e-01, 6.46462202e-01,
   1.46567953e+00,-5.84136915e+00, 1.89699620e-01,-1.30065746e+01,
  -4.12702680e-01,-2.38576150e+00, 1.30772817e+00, 1.28156528e-01,
   1.83160424e-01,-9.46026266e-01,-9.91907418e-02,-1.70812592e-01,
  -2.82024741e+00, 1.09888375e+00,-2.07040146e-01, 8.33575964e-01,
   9.98084024e-02, 1.13281667e-01,-5.13882935e-01,-1.53917640e-01,
  -3.05925541e+01, 9.61035073e-01, 2.73886561e+00, 3.16123080e+00,
   7.00197592e-02,-7.31571391e-02, 1.03408134e+00,-3.00302841e-02,
  -8.65079343e-01,-2.83046007e-01,-7.33841479e-01, 2.13327467e-01,
  -4.72288340e-01,-2.84286082e-01,-5.04783154e+00, 2.10433030e+00,
  -2.09347725e+00, 5.63345075e-01,-3.85030603e+00,-2.03462020e-01,
  -4.40418482e+00,-8.28972757e-01, 4.18487263e+00,-3.70528638e-01,
  -1.10477793e+00, 3.78171039e+00,-2.25930023e+00,-4.51311398e+00,
  -2.35120273e+00, 4.79529321e-01,-1.66064775e+00,-1.31423667e-01,
  -7.98148012e+00, 1.70353115e+00, 1.04133928e+00,-1.05790746e+00,
  -5.31759441e-01, 3.32075179e-01, 1.10008314e-01,-3.32541919e+00,
  -1.24897921e+00, 6.73131198e-02,-4.07694578e-02,-2.39006206e-01,
   3.27827549e+00,-6.12784147e-01,-4.45654535e+00, 4.40769136e-01,
   1.08700430e+00,-4.21781898e-01,-3.58108950e+00, 4.21836710e+00,
  -1.82709526e-02, 6.46456063e-01, 3.60997581e+00, 5.06254286e-02,
  -2.30992317e+01, 2.93762398e+00, 7.12293267e-01, 7.46268868e-01,
   7.10724294e-02, 3.75623465e+00,-1.31281063e-01,-7.29524994e+00,
   4.83932257e+00,-2.93020439e+00, 1.10188413e+00,-5.23088634e-01,
  -4.99260187e+00, 5.87981880e-01, 7.12011084e-02, 3.93423653e+00,
  -4.53878582e-01,-1.83912385e+00, 6.56025946e-01,-2.69987869e+00,
  -1.27608013e+00, 1.74652472e-01,-1.36850268e-01, 6.77169800e-01,
  -2.44691461e-01, 9.25995350e+00, 7.27976918e-01, 2.18010798e-01,
  -9.09926295e-01, 3.14906597e+00, 7.24461019e-01,-5.99352837e-01,
  -1.64484873e-01,-1.22783393e-01, 1.93529129e+00,-2.35417080e+00,
   7.88902855e+00,-2.13936046e-01, 6.32301793e-02,-5.56133270e-01,
   1.86103630e+00, 1.06636906e+00, 5.96135616e-01, 6.35934830e+00,
   1.88858852e-01,-1.98678815e+00, 3.50417405e-01,-2.31190825e+00},
 { 1.98108840e+00, 8.26690483e+00, 4.20522571e-01, 1.78478229e+00,
   2.28789997e+00, 1.29301119e+00, 9.28298664e+00,-4.16554604e-03,
   3.68015933e+00, 1.53869137e-01,-1.36661482e+00,-2.24874735e+00,
  -9.51964021e-01,-2.65758610e+00, 1.17478585e+00, 1.03517413e+00,
  -6.67638004e-01,-1.20395651e+01,-5.37432957e+00,-1.11388457e+00,
  -4.41225433e+00, 3.67693591e+00, 1.23366702e+00, 2.61141807e-01,
   8.14269781e-01, 1.92096865e+00, 1.40053675e-01,-3.26069856e+00,
  -5.94763160e-01,-9.16067410e+00, 6.92171693e-01, 8.98414314e-01,
   1.60811901e+00,-1.66360779e+01,-7.46154726e-01, 1.69308734e+00,
  -4.77888012e+00, 1.58725965e+00,-4.49277544e+00,-9.67328250e-01,
   3.34598041e+00, 4.18803072e+00, 1.64488816e+00,-1.52067232e+00,
  -8.01706910e-01,-5.90119362e+01, 5.50260603e-01,-1.08588707e+00,
  -9.42899808e-02, 2.04349056e-01, 2.19137812e+00, 5.82349825e+00,
   5.25241756e+00,-1.40717998e-02,-5.05801998e-02,-5.31623220e+00,
   2.12422919e+00,-1.11368001e+00,-2.96184206e+00, 1.55902219e+00,
  -1.79946117e+01, 5.14270926e+00, 5.66141844e+00, 9.50576782e-01,
  -4.54749441e+00, 2.54992390e+00,-1.61734080e+00, 8.37794781e-01,
  -4.26701456e-01, 3.35265779e+00, 9.31007004e+00,-1.02548182e+00,
  -1.75971889e+00,-5.83857358e-01, 2.65034765e-01,-1.94467664e+00,
  -1.07081747e+00, 2.08590817e+00,-1.70436871e+00,-1.61416233e+00,
  -1.43487656e+00, 3.50078046e-01,-4.08516467e-01,-2.61859703e+00,
  -3.47992778e+00,-1.81795871e+00, 5.63494563e-01,-9.79445219e-01,
  -3.67737204e-01, 2.26463243e-01, 1.20218229e+01,-4.73658025e-01,
   2.20295620e+00,-5.70848405e-01, 8.07687268e-02,-1.92962691e-01,
   5.49918413e+00, 1.64772224e+00,-1.03081303e+01,-3.19536419e+01,
  -3.02814126e+00,-2.31807899e+00, 1.88349473e+00, 2.95520425e+00,
  -3.85491960e-02, 3.32778168e+00,-2.51259518e+00,-3.15731317e-01,
   7.56542397e+00,-3.90780902e+00, 5.03177702e-01,-3.81939143e-01,
  -2.34238958e+00,-2.60210574e-01,-1.51260805e+00,-2.88626820e-01,
  -1.42745037e+01,-2.68719234e+01,-5.89083147e+00, 8.53369609e-02,
  -1.06385100e+00,-1.06947720e+00,-7.52565527e+00, 4.95810986e-01,
   1.75371230e+00,-1.86263573e+00, 3.87077665e+00, 1.19354673e-01},
 {-1.54048014e+00,-8.81694913e-01, 3.34903777e-01,-3.59632325e+00,
   4.80611861e-01,-8.25111926e-01, 3.77464247e+00,-1.30911903e+01,
   6.52803481e-01, 2.54132412e-02,-1.27494693e+00,-3.19298410e+00,
   3.27058554e-01, 7.51439691e-01, 2.25363469e+00,-2.21860707e-01,
  -8.65479052e-01,-1.48151648e+00,-3.48583412e+00,-1.53681135e+00,
  -6.69196987e+00, 4.24321270e+00, 1.29029071e+00, 2.93086857e-01,
   7.18420744e-01,-8.88772905e-02, 3.78569067e-01,-3.62692618e+00,
   2.48448634e+00,-2.21707001e-02, 9.88042474e-01, 1.23627317e+00,
  -8.43737662e-01,-6.43214560e+00,-1.54521179e+01,-6.69180107e+00,
  -8.60880756e+00, 3.64501214e+00,-1.51651192e+01,-1.14229095e+00,
   1.90445200e-01, 2.39690351e+00, 1.84541631e+00,-1.17361152e+00,
  -9.55582380e-01,-4.31800187e-01, 1.04416049e+00,-1.16623843e+00,
   7.45228827e-02, 1.96097717e-01, 3.03750181e+00,-8.34384251e+00,
  -2.33508870e-02,-6.30911589e+00,-4.44291191e+01,-2.06281573e-01,
   2.56604385e+00,-2.14043093e+00, 4.43686455e-01, 1.99526799e+00,
  -2.28123164e+00,-7.16462910e-01, 3.92555141e+00, 8.89380455e-01,
  -9.32689190e+00,-1.00040302e-01,-1.23033106e+00, 2.37599421e+00,
  -3.70523542e-01, 1.33162003e+01, 7.62770319e+00, 1.13453627e-01,
   1.58872783e+00,-2.16471696e+00, 1.02546012e+00,-2.67166328e+00,
  -3.89795184e+00, 1.67109799e+00,-2.18805170e+00, 3.46255875e+00,
  -1.76384044e+00,-4.98476446e-01,-1.33110237e+00, 8.93413162e+00,
   2.74376249e+00,-2.28632236e+00,-2.33157247e-01,-2.33303517e-01,
  -5.60641468e-01, 3.68090391e-01,-6.21535015e+00, 3.39789748e+00,
   2.53961062e+00, 4.23744059e+00, 2.29082870e+00, 2.09539741e-01,
  -7.77009487e+00,-5.86676502e+00, 2.82695436e+00,-1.07260542e+01,
  -1.37094700e+00,-7.25730801e+00,-4.47437143e+00,-1.75472963e+00,
   9.07148075e+00, 3.25120163e+00,-2.71278769e-01,-1.71110785e+00,
   6.02918291e+00,-3.95602751e+00,-7.88752377e-01, 2.17786610e-01,
   1.89952981e-02, 2.19509029e+00,-1.67373121e+00,-1.34121001e-01,
   1.97697186e+00, 1.62187719e+00, 4.04959011e+00, 1.30005729e+00,
  -1.37954462e+00,-1.32095194e+00,-5.92342377e+00,-1.80934966e-01,
   6.71318471e-01,-2.48340178e+00,-5.20872402e+00,-8.92941281e-02},
 {-3.54604530e+00, 5.96954040e-02,-1.68639195e+00, 7.09469840e-02,
   1.89923406e+00,-2.09521174e+00,-1.45838666e+00, 5.35474968e+00,
   8.75286579e-01,-4.34664583e+00, 2.12636495e+00,-2.68759608e+00,
  -1.04277439e+01,-1.19249701e+00, 1.67628133e+00,-2.61461616e+00,
  -9.32539582e-01, 8.64104807e-01,-2.70079212e+01,-2.99483323e+00,
  -5.20254421e+00, 1.00386744e+01,-6.39787734e-01, 3.94053906e-01,
  -4.92210418e-01,-1.37924576e+01, 1.87758338e+00, 1.09314775e+00,
   2.33918166e+00,-2.49995184e+00,-5.74171126e-01, 2.05532289e+00,
  -3.86744905e+00, 6.38056993e-01, 4.14995813e+00,-6.98923922e+00,
   6.17932796e+00,-5.14369249e+00, 2.39137602e+00,-1.64296401e+00,
   6.12274122e+00,-1.68452203e+00, 2.69700766e+00,-2.08918324e+01,
  -3.53044838e-01, 6.33890271e-01, 3.16521811e+00, 4.58940172e+00,
  -2.51831937e+00, 5.10026634e-01, 1.87487736e-01, 5.93653822e+00,
   4.82927382e-01, 1.16283588e+01, 2.42866635e+00,-8.36831510e-01,
   3.58157128e-01, 5.32173204e+00, 5.96058130e+00, 1.88010836e+00,
   2.13846374e+00, 1.98058343e+00, 3.74555469e+00, 4.24897909e+00,
   7.45107126e+00,-1.61507535e+00, 7.90837467e-01, 9.60081339e-01,
  -2.51501751e+00,-4.90379190e+00,-6.45614207e-01, 7.31374145e-01,
   9.14617825e+00,-5.02665281e+00,-2.78686523e+00,-1.60970998e+00,
   1.01836812e+00, 2.23808318e-01,-4.73218012e+00, 1.47696531e+00,
  -1.34222507e+00, 6.34572887e+00, 7.38631630e+00,-1.05096149e+00,
  -2.09200382e+00,-4.05058336e+00, 7.32618749e-01,-2.81477380e+00,
   6.02366447e+00, 1.49893308e+00,-4.62706041e+00,-2.59361434e+00,
  -3.30038927e-02, 1.01673365e+00,-1.02767897e+00, 1.01374972e+00,
  -5.45020247e+00, 1.43757716e-01,-7.72923291e-01,-2.02201509e+00,
   5.09193838e-01, 3.70813251e+00,-1.27765954e+00,-5.79057837e+00,
   1.08134353e+00,-5.31596470e+00,-5.40345860e+00,-1.02742064e+00,
   5.09332609e+00, 6.10641098e+00,-3.45259726e-01, 6.69116640e+00,
   8.94163996e-02,-9.53653455e-01, 6.22672617e-01,-1.37194479e+00,
   2.27607703e+00, 6.56261969e+00, 3.20968121e-01,-8.12736130e+00,
  -3.09689355e+00,-8.38211700e-02,-5.28873301e+00,-1.47369790e+00,
  -2.09606528e+00,-7.41902113e+00,-5.22159147e+00, 1.01040828e+00},
 { 1.04121423e+00,-1.92042398e+00,-2.03110412e-01, 1.62143242e+00,
  -3.34801865e+00, 1.40902483e+00,-1.87326598e+00, 1.93527031e+00,
   1.75249529e+00,-2.09318948e+00, 1.50686932e+00, 3.46228075e+00,
  -9.31601048e-01,-3.87201548e+00, 3.37477660e+00, 2.08721733e+00,
  -4.82983321e-01, 3.81936699e-01,-6.94088840e+00,-4.52421522e+00,
  -3.80203986e+00, 2.75511122e+00, 1.37648925e-01, 1.79224181e+00,
   3.24320108e-01,-1.04896517e+01, 9.19038892e-01,-2.24399281e+00,
   7.77177620e+00, 2.17544049e-01, 8.52977562e+00, 1.42355490e+00,
  -2.93029070e+00,-3.03773046e+00, 3.97854376e+00, 8.46828520e-01,
  -1.66077290e+01,-3.94160330e-01, 5.50592327e+00,-2.61163473e+00,
   1.03831828e+00, 6.72928035e-01, 2.24232769e+00,-2.14712396e-01,
  -7.59074628e-01,-6.13321781e-01, 7.74807096e-01, 6.24661827e+00,
  -9.40519035e-01, 1.25558996e+00, 1.77826822e+00,-1.13353145e+00,
  -2.69656241e-01, 2.25735497e+00,-3.38935781e+00,-2.96431351e+00,
   1.99005878e+00,-1.09819078e+00, 5.57282782e+00, 3.36018872e+00,
  -5.26262712e+00,-4.59540749e+00,-3.56028271e+00,-2.49852434e-01,
  -1.05819213e+00, 1.63462448e+00, 2.83680081e-01,-9.02022302e-01,
   1.03941607e+00, 1.53403378e+00,-7.06458628e-01,-8.79901230e-01,
  -6.37682486e+00,-5.96725655e+00,-1.12228775e+00,-4.53721970e-01,
  -1.91273317e-01, 1.22451115e+00,-2.69760942e+00,-2.46168852e+00,
  -2.32473397e+00,-5.84491193e-02, 7.98918152e+00,-1.69138694e+00,
  -4.70241690e+00,-3.82717156e+00, 1.83453429e+00,-4.96137291e-01,
   2.32021761e+00, 6.80693984e-01,-2.08358383e+00,-7.65928149e-01,
   1.39137638e+00, 2.08057666e+00,-2.06245470e+00, 6.84166908e-01,
  -1.38027203e+00, 4.92064416e-01,-1.04939485e+00,-9.23743248e+00,
  -2.02287054e+00,-4.67481709e+00, 3.45657444e+00, 4.91506433e+00,
   9.62570310e-01, 8.40721488e-01, 9.31276977e-01,-2.94269204e+00,
   3.16036510e+00, 1.18159793e-01, 4.48837787e-01,-4.31082487e+00,
  -2.66272545e-01, 8.12062621e-01,-1.49807498e-01,-3.01990771e+00,
   1.42559254e+00,-8.52676487e+00,-8.32437694e-01,-3.20950222e+00,
  -1.43792474e+00,-6.14353836e-01,-1.54982120e-01,-1.74227285e+00,
   4.84432802e-02,-3.27259207e+00, 1.21171486e+00,-1.92456886e-01},
 { 3.16897899e-01, 8.40955824e-02,-2.66299362e+01, 8.39279518e-02,
  -4.15535271e-01,-1.44564950e+00, 4.81830463e-02, 3.10539007e+00,
   4.74398537e-03, 1.98448551e+00,-6.40320206e+00,-6.64702654e-01,
   9.51672941e-02,-5.89322329e+00,-7.51459026e+00,-7.73582411e+00,
  -1.59129322e+00, 6.65830402e-03,-6.08344746e+00, 3.15972424e+00,
   1.77428997e+00, 4.39169645e+00, 3.20513415e+00, 2.62836623e+00,
   3.58683085e+00,-3.14794970e+00,-5.26227988e-02,-4.43544817e+00,
   2.56193094e-02, 1.41458854e-01, 6.21784151e-01,-5.90318162e-03,
  -7.65581250e-01, 9.54478458e-02, 2.01373026e-01,-2.29859933e-01,
   1.93662301e-01,-1.88117370e-01,-1.22588527e+00,-4.37306690e+00,
  -3.06531787e-01, 2.44105026e-01, 6.00507832e+00,-2.28815913e+00,
  -8.93902898e-01, 6.03879988e-02,-7.41245076e-02, 8.80493760e-01,
   1.77316085e-01, 5.56819975e-01, 7.11839914e+00,-2.24418640e+00,
   7.62840688e-01,-1.20145321e+00, 5.44006489e-02, 3.45497072e-01,
   5.34414721e+00,-2.16512632e+00,-7.40374565e-01,-2.59493780e+00,
  -1.84771299e-01,-5.86987436e-01,-2.70500946e+00, 1.08349240e+00,
   7.50279784e-01, 1.16895452e-01, 4.57875580e-02, 8.91744792e-02,
  -1.52867961e+00, 1.65336788e-01, 2.89319336e-01, 4.18444872e-02,
   2.16672465e-01, 2.25978717e-02,-1.39707851e+00,-5.25314331e+00,
  -1.05440225e-02, 6.65618360e-01,-2.07086325e+00, 1.20944321e-01,
   9.76527405e+00, 1.23087111e+01, 3.14634711e-01, 5.26807547e-01,
  -3.35824162e-01,-9.00535870e+00, 2.18365455e+00, 8.90512407e-01,
   1.10311613e+01, 2.58418655e+00, 3.45500261e-01, 6.15500137e-02,
   2.21734285e+00, 1.54756501e-01,-6.92716837e-01,-1.08404756e+00,
  -4.00571156e+00, 1.02225363e+00, 1.48726761e-01, 5.72025597e-01,
   2.34793872e-01,-8.70974600e-01, 4.62949365e-01,-3.20693880e-01,
   3.83788288e-01, 2.80893588e+00,-1.87955117e+00,-3.41090608e+00,
  -3.78122902e+00,-6.81887150e+00, 3.18845510e-01,-7.62715161e-01,
  -9.54335649e-03, 6.50164112e-02,-4.67902946e+00,-4.17037535e+00,
   6.94836855e+00,-6.24592423e-01, 1.32944196e-01,-2.69762784e-01,
  -1.49479747e+00,-3.60827303e+00,-1.83744678e+01,-3.40037966e+00,
  -2.11620167e-01,-6.73022747e+00, 1.73231626e+00,-1.58810484e+00},
 {-9.73667353e-02, 1.45889914e+00,-6.61332607e+00, 1.64063603e-01,
  -1.16199839e+00,-1.53324336e-01, 1.10056913e+00,-1.24694966e-01,
   1.05015385e+00,-4.87453985e+00,-4.30152798e+00,-2.10398006e+00,
   2.08252645e+00,-1.68273914e+00,-8.35618877e+00, 5.09217405e+00,
  -2.62043071e+00,-2.74583173e+00,-3.30685616e+00, 1.10805130e+00,
   3.51018667e+00, 7.71428156e+00,-1.26768219e+00, 1.17382431e+00,
  -3.82814751e+01, 6.65607214e+00, 9.72942352e+00, 3.79664826e+00,
  -4.60452700e+00, 2.31238425e-01, 2.46790862e+00, 2.08511782e+00,
   4.96606559e-01, 6.86919034e-01,-1.71222222e+00,-2.32106805e+00,
   2.81366658e+00, 2.60715294e+00,-4.39683104e+00, 6.75318316e-02,
  -2.70613939e-01, 3.15338194e-01,-2.82618737e+00,-2.51191854e+00,
   1.79595244e+00,-3.43327761e+00, 3.19743490e+00, 5.98976231e+00,
  -5.54770756e+00, 1.53251381e+01,-1.25914884e+00,-4.88097906e+00,
  -8.92422318e-01, 2.51240134e+00, 6.34232581e-01, 3.92788219e+00,
  -1.46252394e+00, 9.19099998e+00, 4.01559919e-01, 2.59302092e+00,
   2.49226832e+00,-8.65568873e-03,-3.84741640e+00,-2.07451153e+01,
  -1.68225455e+00,-2.11205751e-01,-1.22108035e-01, 5.33973265e+00,
  -1.59068704e+00, 1.77943647e-01, 2.98185730e+00,-6.40273765e-02,
   2.70118618e+00,-2.53688979e+00,-3.21364188e+00,-3.54541659e+00,
  -1.59457409e+00, 1.12488759e+00, 1.79986823e+00, 1.36655614e-01,
  -1.01380482e+01, 3.17465949e+00, 3.25981021e-01, 9.73884225e-01,
   1.04848444e+00, 1.39674544e+00,-9.43404317e-01, 3.84677839e+00,
  -1.01145077e+00,-5.37071562e+00, 4.03766966e+00,-2.00779513e-01,
  -6.87544155e+00, 6.53575733e-02,-3.92347980e+00, 6.94455087e-01,
   9.10255671e-01, 8.16871762e-01, 2.32186365e+00, 1.09058070e+00,
  -2.19307113e+00, 1.46951866e+00, 1.33085644e+00, 7.67912269e-02,
   3.86369014e+00, 1.33381450e+00,-1.97722387e+00,-4.03367996e+00,
  -2.05120474e-01, 7.44771957e+00, 5.49000025e-01, 1.96055675e+00,
   4.48961437e-01, 6.11723423e-01, 1.06840353e+01,-5.22173786e+00,
   4.39524126e+00, 2.78976893e+00,-1.74044096e+00,-4.66078091e+00,
   2.66447711e+00, 5.65261841e+00,-4.71133560e-01,-5.07974434e+00,
   3.11489797e+00,-1.40146852e+00, 6.26323104e-01,-7.69908190e+00},
 {-6.23120129e-01,-3.02723050e-01, 1.13688982e+00, 3.30825949e+00,
  -6.35958147e+00, 2.22648621e+00, 2.80416989e+00,-3.31909394e+00,
  -5.03788328e+00, 1.27749348e+00,-8.68227124e-01, 1.25889897e+00,
  -1.56335771e+00, 1.29837263e+00, 3.50009036e+00, 6.96224356e+00,
   2.34770060e-01,-4.80891514e+00, 2.54445672e+00,-5.15914619e-01,
  -6.30651760e+00, 3.44055724e+00, 7.39341736e-01, 2.86333829e-01,
   2.45644259e+00, 3.44516873e-01,-8.78252566e-01,-7.79596233e+00,
  -2.89519000e+00, 2.49513721e+00, 1.42329276e+00, 9.62262928e-01,
   2.58526236e-01,-7.88461864e-02,-1.07279596e+01,-7.32935429e-01,
  -1.01305701e-01, 5.89147270e-01, 7.70056188e-01,-2.29977417e+00,
  -1.26381121e+01,-4.64797878e+00, 3.52890372e+00, 4.51198742e-02,
   1.33887231e-01,-2.51310635e+00,-1.02862227e+00,-1.23248267e+00,
   1.63756043e-01,-6.19333029e-01, 1.55025327e+00, 2.85056448e+00,
  -5.67519760e+00,-4.03549433e+00,-4.82381678e+00, 1.46006310e+00,
   7.72696257e-01,-1.91162121e+00, 3.15477395e+00,-6.03227019e-01,
  -3.49143219e+00, 1.48179114e+00,-1.77057552e+00, 3.80386829e+00,
   9.02181625e+00,-5.56632853e+00,-3.39057040e+00,-1.85616851e+00,
  -9.78514552e-01, 7.02528429e+00, 1.03515434e+01,-5.19472837e-01,
  -3.15388322e+00, 3.05246711e+00, 1.79694021e+00,-1.13215268e+00,
  -2.29409385e+00, 5.78266919e-01,-2.72738957e+00, 6.77582502e-01,
   2.45902514e+00, 3.28489900e-01, 3.44295073e+00,-6.20938949e-02,
   1.91344345e+00,-2.58163476e+00,-5.25060780e-02,-1.05515289e+00,
  -6.54089689e-01, 1.49895668e+00,-5.93378258e+00,-3.52847539e-02,
   5.87819099e+00,-1.17758282e-01, 9.93124390e+00,-4.66497362e-01,
  -3.60363984e+00, 2.48961806e+00, 3.39351797e+00, 9.29297328e-01,
  -1.83322275e+00,-6.16463995e+00,-9.70659614e-01, 5.27019453e+00,
   1.29731834e+00, 6.39432669e+00,-1.68415809e+00, 1.68355834e+00,
   1.19901931e+00,-4.31537056e+00, 5.76259327e+00,-7.75171304e-03,
  -1.14631236e+00, 2.14960694e+00,-1.64535356e+00, 3.93087029e-01,
   2.44551682e+00,-2.56553292e+00, 3.37011266e+00, 1.34001446e+00,
  -1.34339523e+00,-2.63304758e+00,-1.02974501e+01, 5.06409705e-01,
   3.53350431e-01,-1.31557214e+00, 1.49815547e+00, 8.30069482e-01},
 { 5.18863089e-02,-2.80214055e-03,-5.15132472e-02, 6.59531504e-02,
   4.70797643e-02,-1.06617734e-01,-1.12133674e-01,-8.75691250e-02,
  -7.74323195e-02,-1.12940148e-01, 7.46060535e-02,-2.86204778e-02,
   6.75810501e-03,-6.40678331e-02,-1.27930209e-01, 2.66643818e-02,
  -1.41060827e-02,-5.45254014e-02,-6.84455261e-02,-3.51820067e-02,
  -2.07776800e-01, 5.03553264e-02,-1.83817018e-02,-2.96491478e-02,
  -5.03557688e-03, 3.15594710e-02,-1.29996836e-01,-1.38246179e-01,
  -4.63082232e-02,-1.40366452e-02,-3.10647972e-02,-2.69109942e-03,
  -9.28229839e-03,-2.60463059e-02, 4.07825075e-02,-5.89946397e-02,
  -3.60571854e-02,-1.13326721e-01,-8.88477340e-02,-1.22166127e-01,
  -3.89048993e-03, 2.05600634e-02, 2.15869974e-02,-7.09366724e-02,
  -5.71531951e-02,-7.87119418e-02,-4.67849933e-02,-1.18682869e-01,
  -1.71039581e-01,-5.04080579e-02,-6.25061095e-02,-3.05420849e-02,
  -6.12200610e-02, 7.18932552e-03,-1.08772397e-01,-7.74402767e-02,
  -1.22201547e-01,-1.05902523e-01,-1.59256551e-02,-4.47247028e-02,
  -5.51395155e-02,-7.28375241e-02,-1.22879736e-01,-9.70962569e-02,
   7.46569410e-03,-1.38961077e-01,-9.13428888e-02, 1.16799260e-03,
  -6.89454423e-03,-8.89924541e-02,-2.27846410e-02,-3.02228145e-02,
  -5.77722564e-02,-1.41453311e-01,-6.98541403e-02,-1.31637141e-01,
  -1.13131784e-01,-7.83250257e-02,-5.80182225e-02, 4.26030438e-03,
  -4.46544997e-02,-4.59200628e-02,-5.37221581e-02, 1.02247801e-02,
  -7.85624981e-02,-8.14773440e-02,-8.43108073e-02,-1.42702371e-01,
   6.16131071e-03,-1.84148088e-01,-9.60491598e-02,-7.37144500e-02,
   3.34087946e-02,-1.00276195e-01, 1.36403702e-02, 1.61089581e-02,
  -1.65710345e-01, 1.76464245e-02,-6.08998537e-02,-1.10212207e-01,
  -1.02338776e-01, 1.06180180e-02,-1.02895893e-01,-5.92023395e-02,
  -1.28398284e-01,-1.16269067e-01,-1.30341174e-02,-7.91177228e-02,
  -8.26109946e-02,-9.55991389e-04,-1.09070085e-01,-5.93590923e-02,
  -2.33875886e-02,-1.29471540e-01,-2.79836114e-02,-1.40866280e-01,
   7.27799430e-04,-2.31196824e-02,-4.56574187e-03,-1.13086067e-01,
  -7.74431452e-02,-2.63369326e-02,-1.54842157e-02,-5.73421270e-02,
  -1.48855925e-01,-9.82111841e-02,-9.72939655e-02, 2.51242444e-02},
 {-1.08149767e+00, 3.17879349e-01, 9.09353161e+00, 9.99905884e-01,
   2.99241853e+00,-4.55345488e+00, 8.17155838e-01,-2.60572767e+00,
  -3.29954684e-01, 4.69639152e-01,-1.17771358e+01,-1.02376044e+00,
   5.83597600e-01, 1.25840783e+00, 1.29247665e+00,-4.00934076e+00,
   1.23396838e+00, 7.40374386e-01, 2.12455541e-01,-1.68690717e+00,
  -5.63896187e-02, 7.14704657e+00, 5.19189656e-01, 1.08169234e+00,
   3.53556228e+00,-2.58402967e+00,-1.77192271e+00,-4.24579906e+00,
   8.78321052e-01, 3.06523651e-01,-6.54529631e-01,-2.25700792e-02,
  -1.19700980e+00, 4.97339107e-02, 3.56615841e-01, 1.34562999e-01,
   1.17263722e+00,-1.30211687e+00,-1.08075476e+00,-1.91985905e+00,
  -1.95749795e+00, 2.89362311e-01, 2.00653625e+00,-4.72471428e+00,
  -4.09661770e-01,-6.64636314e-01, 1.22295249e+00, 3.37262750e+00,
   2.90126109e+00,-1.66750479e+00,-7.57586062e-01, 1.08213151e+00,
  -9.38609421e-01,-8.79682899e-01,-6.64510429e-01,-9.98154461e-01,
   2.72293115e+00, 1.33490741e+00, 3.07534122e+00,-3.60050774e+00,
   1.87238574e-01, 2.28946900e+00, 3.53804320e-01, 3.34759068e+00,
   2.09977150e+00, 1.15068173e+00, 1.02308430e-01,-4.84346390e-01,
  -3.70269895e+00, 2.06982985e-01,-1.30596695e+01,-7.68067464e-02,
   8.95798588e+00,-4.74366903e-01, 3.45578957e+00, 7.01094627e-01,
   5.59131145e-01, 5.20135999e-01, 2.89318347e+00,-1.74696729e-01,
   4.57116365e+00,-5.77256346e+00, 1.95733953e+00, 1.97852239e-01,
  -4.46824694e+00,-4.59920502e+00, 8.18790793e-01, 4.35597801e+00,
   1.89963686e+00, 1.89605415e+00,-3.80052626e-01, 6.36607766e-01,
   3.53188336e-01,-1.08274400e+00,-3.01029593e-01, 1.40514851e+00,
  -1.26084518e+00,-1.37164041e-01,-7.42628157e-01,-2.38849711e+00,
  -8.66086185e-01,-1.76120147e-01,-2.58701205e-01,-8.88826609e-01,
   5.44054329e-01,-3.45567727e+00, 7.15390801e-01, 3.93092573e-01,
  -6.43325853e+00, 2.43024397e+00,-6.12750053e-01, 3.39720339e-01,
   2.07205236e-01,-2.74193317e-01,-9.24699306e-01,-2.72873116e+00,
  -7.26873064e+00, 9.11205053e-01, 8.27365518e-02,-1.20616567e+00,
   3.42271298e-01,-3.87794948e+00, 1.24564762e+01,-1.56384778e+00,
  -4.97091115e-01,-8.17087293e-01, 2.44349527e+00, 3.18950510e+00},
 { 5.54137111e-01, 4.50303316e-01,-5.68783209e-02, 1.34478903e+00,
   4.08253163e-01,-2.41518870e-01,-1.03410149e+00,-2.07218409e+00,
  -5.65979928e-02, 8.14638510e-02, 7.37241283e-02, 1.08777821e-01,
   2.33308768e+00, 7.54097570e-03, 1.50319055e-01, 1.57145634e-01,
  -1.15140239e-02, 8.33034590e-02, 4.95982856e-01, 5.01804985e-02,
   5.50302315e+00, 6.68668970e-02, 4.93368730e-02,-1.70581117e-02,
   2.02213749e-02, 8.69642913e-01,-2.41471808e-02, 2.56681532e-01,
   3.96277709e-03,-1.63863540e-01,-3.75192553e-01, 5.04738986e-02,
   3.17763150e-01,-2.73709834e-01,-2.66105671e+01,-1.91398442e-01,
  -2.27573204e+00, 7.26079881e-01,-4.76274379e-02,-2.62440629e-02,
   9.84002352e-02, 1.41993761e+00,-2.46217614e-03, 5.06869435e-01,
  -5.22618353e-01, 1.05427720e-01, 1.16205551e-02,-7.42569566e-02,
   2.25631800e-02,-2.37246491e-02,-1.78925712e-02, 1.65262043e-01,
  -2.55057495e-02, 2.40814447e-01,-2.51119061e+01, 1.27052963e-02,
   3.12265009e-02,-1.32482693e-01, 4.38338704e-02,-8.35119709e-02,
  -5.12545556e-02, 9.20506418e-02, 5.15117073e+00, 6.08348772e-02,
  -1.81105003e-01, 1.34889543e-01,-4.36332989e+00,-1.37591764e-01,
   1.48212388e-02, 7.66155052e+00,-3.59890789e-01,-2.72329062e-01,
  -1.71441346e-01,-8.24251845e-02,-2.72973359e-01,-3.67317311e-02,
   1.63973737e+00, 3.13264990e+00,-4.15949076e-02,-4.81835514e-01,
   2.99855351e-01, 3.50889981e-01, 2.28621550e-02,-3.72863269e+00,
  -2.67138213e-01, 9.63743255e-02,-3.30701633e-03, 1.99486176e-03,
   3.50776277e-02, 7.49650374e-02, 1.43706357e+00,-3.86404134e-02,
   5.50632551e-02,-1.67794120e+00,-5.26226959e+01, 4.34052525e-03,
   2.28865361e+00,-2.23636284e-01,-1.02420402e+00, 2.02516094e-01,
  -1.63332731e-01,-6.50718498e+00, 2.05356717e-01,-2.63572550e+00,
   2.90158176e+00,-4.02322888e-01,-2.57191099e-02,-6.95566311e-02,
  -6.91263616e-01,-6.31502569e-02,-2.98170066e+00,-2.28274345e-01,
  -1.77788019e+00,-1.25637281e+00, 2.40598470e-02, 2.03081388e-02,
  -1.52803290e+00,-1.20244361e-01,-4.50528920e-01, 6.46712035e-02,
  -1.02969166e-02, 1.78592000e-02, 1.35049582e-01,-1.62946567e-01,
  -5.06780446e-01,-8.46326947e-02, 4.15193272e+00, 1.92191228e-02},
 { 2.78210807e+00, 8.89899194e-01, 3.16953897e+00, 5.98363340e-01,
  -9.31568050e+00,-3.92045760e+00, 1.29156387e+00,-7.38732636e-01,
   3.29501486e+00, 3.01974297e+00, 1.58189392e+00,-1.38314879e+00,
  -8.05067599e-01,-6.70161009e-01, 2.93117905e+00,-8.62011731e-01,
  -1.54829311e+00,-1.40215087e+00, 5.06615353e+00, 2.66854191e+00,
  -4.63127995e+00, 3.01031470e+00, 2.01506615e+00,-2.79894084e-01,
   1.88567269e+00,-1.49705306e-01, 1.93013525e+00,-1.13318062e+01,
  -1.28389728e+00,-4.86109883e-01, 2.37947226e+00, 4.09944916e+00,
   1.29073989e+00, 2.33585507e-01,-3.23574471e+00,-2.12345815e+00,
   8.63613486e-01, 2.75298864e-01,-9.75804254e-02,-3.07345295e+00,
   2.93132186e+00, 1.08974755e-01, 1.73440003e+00, 5.41958332e-01,
   3.89203095e+00,-3.64444256e-01, 2.22243571e+00,-1.40317655e+00,
   7.63206333e-02, 2.34110728e-01, 4.37074232e+00,-3.82737070e-01,
   2.93400145e+00,-4.61018205e-01,-4.83204842e+00,-1.35055888e+00,
   1.07522631e+01,-4.17112064e+00,-8.89914417e+00, 5.56662142e-01,
  -2.14546633e+00, 9.07432958e-02,-2.56623173e+00, 2.68846321e+00,
  -1.12370253e+00,-3.88166451e+00,-1.21309176e-01, 2.72900641e-01,
   4.73493099e-01, 9.86946523e-01, 3.83632970e+00,-1.67554522e+00,
  -8.91630745e+00, 2.90436745e+00, 3.60468936e+00,-4.05995512e+00,
  -3.92554440e-02, 1.54228318e+00,-3.82202554e+00,-7.71294117e-01,
   4.81748724e+00,-4.11082792e+00,-3.15610862e+00,-2.31555033e+00,
   4.02780235e-01,-3.35917473e+00, 1.90208876e+00,-1.75352955e+00,
   2.00732780e+00, 1.08189547e+00, 5.59650719e-01,-2.04955077e+00,
   3.63898849e+00,-2.59012818e+00, 2.57895684e+00, 3.35424161e+00,
   4.09256554e+00, 3.14842153e+00, 3.99316907e-01, 1.02548838e+01,
   1.47612786e+00,-3.94841164e-01, 2.69699502e+00, 2.36058211e+00,
   3.14885378e+00, 6.34623909e+00,-9.03380156e-01,-1.35146153e+00,
  -8.21594894e-01,-1.20949068e+01,-6.11072183e-01, 5.24718094e+00,
  -6.89751953e-02, 1.00340354e+00,-3.66381693e+00,-4.21002769e+00,
  -3.31280208e+00, 1.83789241e+00,-8.66368175e-01, 4.84990978e+00,
  -3.70459223e+00,-2.70385838e+00,-1.08067286e+00, 3.64707589e+00,
  -5.82243824e+00,-3.25382757e+00, 2.26776075e+00, 1.32074845e+00},
 {-1.92826247e+00, 2.44504523e+00,-2.04280162e+00, 3.58024836e+00,
  -1.80029564e+01,-9.54205275e-01,-1.15324030e+01,-6.21897459e-01,
  -9.72048092e+00,-2.25731343e-01,-6.22369163e-02, 8.32216167e+00,
  -5.28551579e+00, 1.88609505e+00, 1.05599749e+00,-2.41231918e+00,
   1.01278734e+00, 9.43666756e-01, 9.69078732e+00, 5.62850773e-01,
  -6.74823284e+00,-3.56830382e+00,-1.45267689e+00,-3.32812309e-01,
  -4.83337998e-01, 2.57560432e-01,-3.29336166e+00,-1.08060765e+00,
  -3.84657979e-01, 2.17955971e+00, 2.07490635e+00,-1.23631299e+00,
  -2.08704138e+00, 1.10239363e+01, 7.20155478e-01,-2.28802830e-01,
  -1.04908216e+00, 1.84609413e+00,-1.40552866e+00, 8.65969300e-01,
  -1.97060490e+01, 2.87421703e+00,-1.46460700e+00, 4.24717951e+00,
   3.44767869e-02,-1.42870235e+01,-8.41270208e-01, 1.89355326e+00,
   7.07469881e-01,-4.06407118e-01,-2.45036936e+00, 2.03116608e+00,
  -1.57568097e+00, 1.17638361e+00, 5.17540537e-02, 3.47533703e-01,
  -2.09549379e+00, 2.97933316e+00, 7.18725109e+00,-1.97306347e+00,
  -8.95084763e+00,-1.93806589e+00, 1.08578849e+00,-1.04767907e+00,
  -2.72833514e+00,-6.86109209e+00,-2.00004911e+00,-1.64582849e-01,
   1.21653147e-01, 1.10442839e+01,-4.91319656e+00, 1.26451886e+00,
  -6.15280628e+00, 3.72325957e-01, 1.81078643e-01, 2.38686299e+00,
  -1.05878639e+00, 1.27487671e+00, 2.18941593e+00,-4.80394393e-01,
   1.25308311e+00, 1.46691489e+00,-5.64139962e-01, 5.89499593e-01,
  -1.83467889e+00,-1.22236989e-01, 3.54908705e-02, 4.65476811e-01,
  -3.42210144e-01,-2.90532649e-01, 3.43792796e+00, 4.34813410e-01,
  -2.33334160e+00,-1.28979816e+01, 1.62903368e+00, 4.72525656e-02,
   1.05392694e+01,-2.64519882e+00,-1.27904396e+01,-5.73659515e+00,
  -1.89486587e+00,-6.57166862e+00, 1.05406868e+00,-1.29999518e+00,
   7.26640344e-01, 4.64435148e+00,-2.46035709e+01,-1.97511501e+01,
  -1.07666845e+01, 2.48156810e+00, 1.95995021e+00,-2.19151378e+00,
  -3.42655391e-01,-2.02104402e+00, 1.33204782e+00, 2.88728029e-01,
  -5.97206211e+00,-7.28387833e+00,-2.82992482e+00, 1.47499338e-01,
   1.46652031e+00, 1.00193405e+00, 2.95625734e+00,-1.21758938e+00,
   1.21973324e+00, 3.06707692e+00, 1.02404728e+01, 1.02798447e-01},
 {-1.64451599e+00, 1.60872626e+00,-4.27627039e+00,-2.69275665e-01,
  -2.27549005e+00,-3.60936332e+00, 4.02483225e-01,-2.28237391e+00,
  -2.67401624e+00,-5.66531992e+00,-4.73648119e+00,-2.78239280e-01,
   6.20871246e-01, 1.78568792e+00,-1.98946977e+00, 2.28152466e+00,
   4.70767170e-02,-1.24661970e+00, 7.31819344e+00, 3.59318399e+00,
   1.17937088e+00, 1.54583569e+01, 2.93990111e+00, 1.72514528e-01,
  -2.58852696e+00, 9.40786076e+00, 5.49855089e+00,-1.12486601e+00,
  -4.28656757e-01,-1.70192790e+00, 2.89647031e+00, 3.96802592e+00,
   5.75484574e-01,-2.42453384e+00, 8.56674761e-02, 8.87220383e-01,
  -2.32520342e+00,-1.30746746e+00,-4.08505058e+00,-5.62080956e+00,
  -2.59059668e+00, 4.22590792e-01, 1.01791582e+01,-2.09465837e+00,
   2.40135479e+00,-1.11511791e+00,-4.94761437e-01, 5.53900814e+00,
  -2.21491361e+00, 6.32315445e+00, 4.99730825e+00,-8.88682842e+00,
  -2.29994583e+00,-1.77825177e+00,-1.00114083e+00,-8.84059548e-01,
   5.38687897e+00,-5.58136606e+00,-3.30664420e+00, 4.61708164e+00,
   2.67531347e+00,-2.47568972e-02,-1.65763414e+00, 2.48043850e-01,
  -8.72385621e-01,-1.18732679e+00, 2.79042095e-01,-4.25080490e+00,
  -8.93080354e-01, 1.76292169e+00, 2.48908787e+01,-2.13039875e+00,
  -1.29216051e+00,-1.39332724e+00,-3.08771038e+00,-3.97204876e+00,
  -6.85146034e-01, 9.50667500e-01,-1.26086597e+01, 9.05080378e-01,
   2.94211364e+00, 4.81600571e+00,-4.21647787e+00, 1.45608521e+00,
  -3.48474050e+00,-7.84109235e-01,-3.51281595e+00,-8.72644901e+00,
   1.08928719e+01,-4.33109474e+00, 2.02243042e+00,-1.76911438e+00,
   2.10428429e+00, 1.52890182e+00,-1.01753151e+00,-1.05796814e+01,
  -1.19390823e-01,-1.39101374e+00,-3.58929127e-01, 1.25094426e+00,
  -5.08364201e-01, 3.02883744e-01,-6.44392431e-01, 1.44600725e+00,
   2.12018180e+00,-3.29219031e+00,-1.42260134e+00,-2.62200594e+00,
  -7.25201070e-02, 7.86930501e-01, 6.70413256e-01, 1.85753927e-01,
   2.00350419e-01,-8.44106495e-01, 9.38904572e+00,-4.22363430e-01,
   1.45676394e+01, 6.40808702e-01,-1.00249016e+00, 2.25887370e+00,
  -4.99161768e+00,-1.28058882e+01,-2.27882671e+01, 1.90366495e+00,
  -9.24476445e-01,-1.00943708e+01,-1.19213976e-01,-5.46461058e+00}};

const float b2[sz_hid_2] = {-14.65545   ,  1.9997661 , -0.09730431,-10.627187  ,-18.551252  ,
 -14.349039  , -3.4360082 , -7.100381  ,  7.1637893 ,  6.767451  ,
  -9.776009  , -6.9152265 , -2.0215952 ,-13.373785  , -6.38099   ,
  -0.1391562 ,  2.1859076 , -0.19939627, -1.1907948 ,  7.983148  ,
  -7.37877   ,-17.998705  ,-15.513559  , -4.252511  , -7.686204  ,
 -13.877715  , -0.12889045,-17.511822  ,  8.681898  , -8.549927  ,
   5.5243263 ,  6.0538845 };

const float w3[sz_act][sz_hid_2] = {{-0.00903141, 0.12331861, 0.06792714, 0.01289289, 0.03455234, 0.14460126,
   0.07232695,-0.00536332,-0.00622809, 0.01004271,-0.1174521 , 0.00076272,
  -0.03614902,-0.22982012, 0.01608101,-0.0184703 ,-0.09305595, 0.11049001,
   0.17204478,-0.00129097, 0.0103048 , 0.08085573, 0.14380328,-0.1228071 ,
   0.49453756, 0.01142505, 0.04232942, 0.1549666 , 0.00090223,-0.18802235,
  -0.0141908 ,-0.40719056},
 {-0.07919073,-0.0016    , 0.10947878,-0.12935288, 0.20178774, 0.00947032,
   0.00124778, 0.10116992,-0.06887941,-0.07290753,-0.00404024,-0.10979912,
  -0.14153151, 0.01557211, 0.16533981, 0.00368104,-0.00128116,-0.06506845,
   0.00515919, 0.13817826, 0.07671366,-0.00093287, 0.00068995, 0.00098265,
  -0.00064687,-0.18566462,-0.05213569, 0.004487  ,-0.11757965, 0.00253001,
   0.10993734,-0.01085298}};

const float b3[sz_act] = {-0.01653528, 0.40010244};

