const float w1[sz_hid_1][sz_obs] = {{ 3.48961473e-01, 3.02006125e-01,-8.92757893e+00,-1.10331394e-01,
   7.67092779e-02, 2.76074018e-02, 4.55794215e-01,-7.67110437e-02,
  -2.32000649e-02},
 {-1.69626549e-02,-6.03446998e-02, 6.69288111e+00,-3.63946366e+00,
   1.37362278e+00, 3.68962288e-01,-1.23027496e-01, 5.27186203e+00,
   5.38816214e+00},
 { 1.57594085e-02,-4.18487303e-02,-3.58604813e+00, 2.16949487e+00,
   1.54535186e+00, 1.53984338e-01, 1.13729246e-01,-3.55416369e+00,
   4.40674257e+00},
 { 3.09440717e-02,-3.37477475e-02,-7.64234662e-01, 5.54220080e-01,
   1.15880442e+00, 4.37296391e-01, 1.69887636e-02,-2.66433811e+00,
  -3.32054806e+00},
 { 1.70431852e-01,-2.33311391e+00,-1.56141186e+00,-4.81115840e-02,
   9.73386224e-03, 7.81626999e-02, 3.61501789e+00,-4.36461754e-02,
  -1.88713670e-02},
 {-1.96126521e-01, 1.07692993e+00,-1.99627900e+00,-1.15344289e-03,
  -1.37506297e-03, 3.38971689e-02, 2.56144810e+00, 7.76637765e-03,
   2.36319210e-02},
 { 1.37337716e-04,-1.33948764e-02, 2.50706345e-01,-7.65792668e-01,
  -3.15776849e+00,-2.64338553e-01,-3.59453671e-02, 2.38340116e+00,
  -5.70819974e-02},
 { 5.59165049e+00,-2.80266404e+00,-3.33674192e+00,-1.07590714e-02,
  -1.63308773e-02, 6.75149411e-02, 2.00711131e+00, 4.12076674e-02,
  -5.00881374e-02},
 { 2.15869927e+00, 1.00643408e+00,-9.06174755e+00, 1.56070362e-03,
  -4.20878595e-03, 3.05661634e-02, 7.09568501e+00,-1.04991468e-02,
   1.66887161e-03},
 {-1.02283014e-02, 7.03855529e-02, 3.14472541e-02,-1.78037858e+00,
   2.04937398e-01, 1.35741711e+00, 2.09099930e-02,-3.06645298e+00,
  -3.83972563e-02},
 {-2.72183064e-02,-7.18894554e-03,-1.67345583e-01, 3.58461094e+00,
  -4.36496830e+00,-2.80777550e+00, 2.02854183e-02, 1.38756771e+01,
   7.22944289e-02},
 { 4.44443636e-02,-4.50398922e-02,-3.68766546e+00,-2.69755125e+00,
  -8.39118898e-01, 1.46913407e-02,-1.10766992e-01, 3.67714024e+00,
   5.26490831e+00},
 {-1.11299763e-02,-1.62251201e-02,-3.06424707e-01, 4.10226917e+00,
  -1.30164766e+00, 7.49456644e-01, 1.49605619e-02,-1.11805449e+01,
   4.73438278e-02},
 {-7.55339786e-02,-8.73613954e-02,-5.43571520e+00,-1.90467262e+00,
  -3.86608601e-01,-1.49328575e-01,-3.96759622e-02,-2.24538517e+00,
  -3.69651556e+00},
 { 7.97952712e-02,-7.83918947e-02,-2.98014116e+00, 3.10780334e+00,
  -9.22155559e-01, 5.08938909e-01, 8.75284970e-02,-6.74736142e-01,
  -4.38409901e+00},
 { 1.36470214e-01, 1.65480580e-02,-6.23442568e-02,-7.29461253e-01,
  -2.68013310e+00, 4.34687026e-02, 1.38715476e-01, 2.98381567e+00,
  -3.17461729e+00},
 { 1.79595554e+00, 8.97813320e-01, 3.53771996e+00, 4.73028887e-03,
  -2.24229433e-02,-6.57149404e-02,-1.96452093e+00, 1.19813755e-02,
   4.82391426e-03},
 { 3.94329429e+00,-1.35106266e+00, 4.20128155e+00, 2.09283344e-02,
   3.14973071e-02, 6.83008656e-02,-1.03638210e+01,-3.79334614e-02,
   1.98010821e-03},
 {-2.69081648e-02,-2.01042555e-02, 2.63445115e+00, 3.90490460e+00,
   2.59468071e-02,-1.69073546e+00,-8.16049874e-02, 1.61733782e+00,
   2.31679177e+00},
 { 1.19676113e-01, 9.07721072e-02,-4.15380374e-02,-1.31057715e+00,
  -7.72075939e+00,-5.46216440e+00,-2.26684868e-01, 2.43178892e+00,
  -1.82894838e+00},
 { 3.45299649e-03,-1.73688605e-02, 6.38034418e-02, 4.49087095e+00,
   2.81224489e+00, 2.31401348e+00,-1.87674593e-02,-1.32896643e+01,
   3.98546178e-03},
 { 1.35471034e+00,-2.40847969e+00, 2.30216980e+00, 1.07037760e-01,
  -1.94448289e-02,-2.98223291e-02,-7.89044380e+00, 1.27283670e-02,
   1.35206999e-02},
 {-3.10147762e-01,-1.54474333e-01,-7.98687887e+00, 1.41485594e-02,
  -2.46963557e-02, 2.59126455e-01,-1.00170267e+00, 6.64003119e-02,
  -2.28647981e-02},
 { 5.51468134e-02, 7.29251513e-03, 5.56942081e+00, 1.02144325e+00,
   1.17272747e+00, 5.94421625e-01,-3.24168541e-02,-3.76932907e+00,
  -1.50485992e+00},
 {-3.03479750e-02,-1.15897715e-01, 2.94944000e+00, 2.71012497e+00,
   9.72513199e-01,-1.09148398e-01, 1.05407834e-01,-4.79774475e+00,
   4.47491550e+00},
 { 2.82448673e+00, 2.06757450e+00,-2.58221126e+00,-1.17183439e-01,
  -2.25008596e-02,-4.85754125e-02, 8.80187988e+00,-6.06538616e-02,
   6.04574978e-02},
 { 8.78173947e-01,-2.18830442e+00, 3.30737162e+00, 8.10541562e-04,
  -2.11436879e-02,-9.47619677e-02,-5.64952040e+00, 3.56665067e-02,
  -3.54799069e-02},
 {-7.47706652e-01,-4.46861935e+00,-3.26122642e+00,-2.35362232e-01,
   1.61878854e-01, 1.13682665e-01, 4.17207813e+00,-1.79224148e-01,
  -1.20639049e-01},
 { 1.31724501e+00,-3.53953552e+00,-1.11252129e+00, 2.48482525e-02,
   1.35357287e-02,-3.88805121e-02, 2.36113191e+00,-1.55523932e-02,
  -3.05937184e-03},
 {-7.08595908e-04,-2.32024584e-02, 1.00814901e-01, 3.86712217e+00,
  -3.52444911e+00,-5.94579577e-01,-2.38269456e-02, 8.46777821e+00,
  -1.55228451e-01},
 { 9.70014557e-03, 6.18787855e-03, 1.65937290e-01,-6.36272430e-01,
  -4.97503251e-01, 2.81050444e-01,-4.11289046e-04, 2.60646391e+00,
   1.25477481e+00},
 { 9.13317278e-02,-7.18604550e-02, 3.17153144e+00, 6.03478670e-01,
  -2.65488553e+00,-6.11305714e-01,-2.94528250e-02,-1.44483125e+00,
  -3.99181771e+00},
 { 9.77538526e-02,-3.16394456e-02,-7.63835981e-02, 1.26658845e+00,
   8.67608845e-01,-3.60426617e+00, 8.78532976e-03,-2.72941613e+00,
   2.71308064e-01},
 {-1.18661731e-01, 5.71136624e-02,-2.02243614e+00,-1.25888741e+00,
   8.97934556e-01,-2.25785542e+00,-1.86852396e-01, 1.93736923e+00,
   2.21454883e+00},
 { 1.10627308e-01,-1.18448645e-01, 1.09450159e+01, 6.62114173e-02,
  -1.37916422e-02,-9.49703008e-02,-9.72249825e-03,-5.77029921e-02,
  -5.29622054e-03},
 { 5.69451116e-02,-8.35811049e-02, 1.11015868e+00,-5.72746575e-01,
  -2.40271354e+00,-1.84297407e+00,-4.84498702e-02,-4.35143328e+00,
   2.50842500e+00},
 { 8.26196015e-01, 3.34150743e+00,-6.08237600e+00, 2.03353073e-02,
   7.71255195e-02, 1.27924502e-01, 6.60023069e+00,-1.58991396e-01,
   6.98519424e-02},
 {-2.91444683e+00, 3.17202985e-01,-8.57985735e-01,-1.13090845e-02,
  -6.96908012e-02, 2.22882424e-02, 1.11276484e+00, 4.42297608e-02,
  -6.95759291e-03},
 { 1.00986814e+00,-2.14766693e+00,-3.13123584e+00,-2.31750980e-02,
  -3.92797478e-02,-6.56499937e-02,-3.66226292e+00,-5.98467747e-03,
  -1.89895593e-02},
 { 4.58935499e+00,-1.48254204e+00,-4.44604063e+00,-8.40207096e-03,
  -3.49951386e-02,-9.89760458e-02, 1.08970451e+01, 2.82146223e-02,
   1.82679072e-02},
 {-3.63531566e+00,-2.49803782e+00,-9.53261316e-01,-1.94743909e-02,
   1.55249769e-02,-7.07849339e-02, 2.28194070e+00,-3.50530930e-02,
  -1.95419770e-02},
 { 1.41130425e-02,-2.74507888e-02, 1.80953518e-02, 4.33832550e+00,
   4.81684446e+00, 1.26665998e+00,-3.57040167e-02,-8.34604645e+00,
  -7.16597289e-02},
 { 2.66957339e-02, 3.70488092e-02,-1.37532830e-01, 7.06735328e-02,
   1.23038910e-01, 1.30653534e+01,-3.33315991e-02, 3.51567641e-02,
   2.62042414e-02},
 {-5.52066788e-02,-1.04696639e-02,-3.36143517e+00,-2.89010406e+00,
  -1.32620180e+00, 1.21500099e+00,-1.30158952e-02,-2.16414356e+00,
   3.05852818e+00},
 {-9.05846059e-02, 6.72578961e-02, 4.66833401e+00,-3.20198202e+00,
   9.57726121e-01, 3.48207784e+00, 4.87147830e-02,-4.99130070e-01,
   2.49055004e+00},
 { 6.43908791e-03, 6.81402208e-03,-3.26772153e-01, 5.03099871e+00,
   8.58981609e-01,-7.64018953e-01,-3.39178406e-02, 1.34614086e+01,
   9.50187817e-03},
 {-5.34740686e-02,-1.05855592e-01, 2.47775340e+00,-1.13127656e-01,
  -1.07782650e+00, 7.89121389e-02, 3.06531303e-02,-6.78920746e+00,
  -2.43984079e+00},
 { 5.71325682e-02,-1.38090476e-02, 4.35736895e+00,-4.51465517e-01,
   2.40679860e+00, 1.83453691e+00, 7.90293664e-02,-5.23654652e+00,
   4.83630562e+00},
 { 2.41467857e+00, 2.51013112e+00,-2.92312002e+00,-8.29548668e-03,
  -1.33621162e-02,-1.30465450e-02, 9.98742867e+00, 4.50449809e-03,
   1.43471528e-02},
 { 3.65275219e-02,-4.01745038e-03,-2.30655596e-02,-3.85292679e-01,
   4.35053730e+00,-1.79338562e+00, 2.06425227e-02, 7.13388968e+00,
   1.95704371e-01},
 {-6.42877538e-03, 3.57378908e-02,-5.89058129e-03,-2.87774414e-01,
  -3.81624293e+00, 1.52271569e+00, 5.36616519e-02,-8.36189270e+00,
  -9.72024351e-02},
 {-8.77205580e-02,-1.93133309e-01, 7.65359759e-01, 7.83703446e-01,
   3.96225080e-02, 7.16216117e-02, 2.87741035e-01,-1.93847799e+00,
   4.93495512e+00},
 {-4.42897511e+00, 2.41356444e+00, 9.79108036e-01, 1.16880974e-02,
  -1.15461955e-02,-2.87955496e-02,-2.39201283e+00,-3.11068483e-02,
   5.21239918e-03},
 {-5.83400205e-03,-1.65091008e-02, 4.12248993e+00,-3.22913837e+00,
  -1.73194122e+00, 1.97262025e+00, 1.07017197e-02,-2.54615259e+00,
  -1.35853469e+00},
 { 2.45980136e-02, 3.23444931e-03, 3.22756886e+00, 2.10413313e+00,
   1.48125970e+00, 4.84619707e-01, 5.92089295e-02,-3.35320020e+00,
   4.02143955e+00},
 { 8.07822123e-03,-7.69441103e-05,-8.51582348e-01, 3.22962213e+00,
   3.93844509e+00, 3.92295152e-01, 5.46915829e-02,-3.94161868e+00,
   1.56235442e-01},
 { 1.16795778e+00,-2.49792790e+00,-3.04471993e+00, 4.65189852e-02,
  -1.97531711e-02, 9.38181132e-02, 4.12322998e+00,-2.89631635e-02,
   8.65271315e-02},
 {-1.44335348e-02, 8.31037574e-03, 4.98040199e-01, 6.61414087e-01,
   2.21416444e-01, 4.78543788e-01, 3.61385196e-02, 7.10325336e+00,
   1.77326536e+00},
 {-3.91938239e-02, 1.76628664e-01,-7.22003818e-01,-2.28389549e+00,
  -8.63170385e-01, 5.42162275e+00,-1.78814128e-01,-2.39565372e+00,
  -3.67984593e-01},
 {-2.75425352e-02, 5.48987091e-02, 1.91224456e-01,-2.67830968e+00,
  -4.63291979e+00,-3.44492030e+00, 4.86083031e-02, 2.24094343e+00,
   4.65985012e+00},
 {-1.06210470e-01, 1.52701163e+00, 2.80549496e-01,-2.76540928e-02,
  -1.32056302e-04,-6.68595806e-02,-1.61535454e+00,-4.15259264e-02,
   3.38385487e-03},
 {-4.39505950e-02,-4.12666053e-02, 4.58149815e+00,-2.86277485e+00,
   1.46997738e+00, 1.34249473e+00,-1.68902278e-02, 3.85334700e-01,
  -2.03372717e+00},
 {-3.28910723e-02, 3.97948027e-02, 2.95789742e+00, 3.44406533e+00,
  -1.63117599e+00,-4.02916819e-01, 1.67026669e-01, 5.41532278e+00,
  -4.19237328e+00},
 {-1.15996562e-02, 2.64269765e-02, 6.30544376e+00, 2.61090064e+00,
   1.57173645e+00,-1.22652280e+00,-1.06856413e-01,-3.48176169e+00,
   4.74057150e+00},
 { 3.85249667e-02,-1.86276175e-02, 3.20418000e+00,-3.54162550e+00,
  -2.81482100e-01,-1.56727165e-01, 1.36690080e-01, 4.04843664e+00,
  -3.99474597e+00},
 { 2.14085722e+00, 3.65038657e+00, 4.84510756e+00, 8.32012892e-02,
   1.18471542e-02, 4.18772362e-02,-5.00097942e+00,-1.14215836e-01,
   7.31453672e-02},
 {-2.39854921e-02, 1.19258249e-02,-1.52591050e-01,-1.81419289e+00,
   2.53299618e+00, 9.63515699e-01, 1.20824408e-02,-2.99588680e+00,
  -8.70376751e-02},
 { 1.09705651e+00,-2.32617068e+00,-1.39291751e+00,-1.62177216e-02,
   2.29101907e-02, 1.09110124e-01, 2.45142031e+00,-5.06801009e-02,
   2.92805042e-02},
 {-3.12643163e-02, 1.37478588e-02,-1.69263437e-01, 3.97239995e+00,
  -2.50897098e+00,-6.00928843e-01,-1.92910191e-02, 4.35507774e+00,
  -4.04045321e-02},
 { 5.67922741e-02,-3.22656031e-03,-3.90071750e-01,-1.64584661e+00,
   2.96933079e+00, 1.38656008e+00,-8.18805844e-02,-6.83125734e+00,
   1.84223652e-01},
 { 2.95424914e+00, 2.22092462e+00,-1.49272227e+00,-3.05727422e-02,
   3.68510634e-02, 1.54762328e-01, 4.71355391e+00,-2.63440851e-02,
  -5.71028367e-02},
 { 3.69918329e-04,-1.16056642e-02, 3.80520105e+00, 3.65962934e+00,
   1.34971559e+00, 7.12946616e-03, 1.18005507e-01,-1.97238052e+00,
  -3.76100564e+00},
 {-2.05663498e-02,-3.32038142e-02,-1.05312422e-01, 3.90906191e+00,
   2.52577448e+00,-4.19104576e+00, 2.26818956e-02, 1.10398264e+01,
   9.78452265e-02},
 {-8.49987641e-02,-1.46223322e-01,-4.47370338e+00, 1.34594932e-01,
  -4.92812634e+00, 2.31679916e+00,-1.89638771e-02, 2.74478531e+00,
   3.96849179e+00},
 { 3.92041132e-02,-2.14866698e-01, 2.94402385e+00, 1.57642019e+00,
  -1.76261473e+00, 3.47861695e+00, 2.31449515e-01, 2.96455503e+00,
  -4.63066912e+00},
 { 5.24834916e-02,-3.35896835e-02,-3.09769707e+01, 2.68639950e-03,
   2.27086861e-02,-2.67275661e-01, 1.29762720e-02,-6.56390563e-03,
  -5.46982177e-02},
 { 1.78604853e+00, 9.74483848e-01,-3.18490672e+00,-7.54122157e-03,
   3.18182707e-02, 4.04479587e-03, 2.62064815e+00,-7.67169753e-04,
  -1.72535125e-02},
 {-4.30760950e-01, 2.57144630e-01, 2.92869657e-01,-6.80791512e-02,
   6.86123781e-03, 8.00220445e-02,-2.21798992e+00, 6.35609999e-02,
  -3.34529392e-02},
 { 4.51366343e-02, 1.16460389e-02,-3.77631783e-01, 3.85298938e-01,
  -3.92123997e-01,-4.79202271e-01,-3.17856111e-03, 3.04648328e+00,
  -8.74169707e-01},
 { 4.65556048e-02,-8.23299065e-02,-1.76420045e+00,-5.41355848e-01,
  -2.21356481e-01, 2.18001574e-01, 9.28885788e-02,-6.41655540e+00,
   2.87274790e+00},
 {-8.43328144e-03,-6.07958948e-03,-1.17270362e+00,-1.41958654e+00,
  -1.95056105e+00, 1.28982413e+00,-2.12942064e-01,-7.01462686e-01,
  -3.79535079e+00},
 { 3.58034301e+00,-2.36724305e+00,-3.43225217e+00, 1.47687510e-01,
  -1.62443548e-01,-2.65701059e-02, 5.59188700e+00, 2.26755083e-01,
   4.25411016e-02},
 { 4.81018424e-03,-2.00213473e-02,-1.63438737e+00, 1.70105970e+00,
  -1.49832201e+00, 2.79015508e-02,-7.40960315e-02, 3.90492630e+00,
   3.64138341e+00},
 {-3.83546751e-04,-2.11955849e-02, 1.54781318e+00,-1.77961850e+00,
   4.88605112e-01,-6.16189301e-01, 2.71192938e-02,-1.09938598e+00,
   2.47275543e+00},
 {-1.09047449e+00, 3.65573335e+00, 3.60395885e+00,-1.58054307e-02,
   3.58559936e-02, 1.53963253e-01,-6.62484550e+00,-1.73456725e-02,
  -4.85373065e-02},
 { 4.73693796e-02, 5.07913902e-02,-3.84517741e+00,-1.82688463e+00,
   9.95503306e-01, 4.89301495e-02, 1.43893152e-01, 4.70774603e+00,
   2.57886863e+00},
 { 3.14489889e+00,-7.63469458e-01, 4.26800013e+00, 9.39975977e-02,
  -1.54236048e-01, 7.30106235e-02,-6.72482443e+00, 7.90864527e-02,
  -5.15069962e-02},
 {-7.29523192e-04, 5.36677167e-02, 3.67578447e-01, 2.04476309e+00,
  -5.50230503e-01, 5.04977131e+00,-1.96868880e-03,-5.01137257e+00,
  -8.37836694e-03},
 {-1.36824203e+00, 4.97044134e+00, 1.99171662e+00,-7.65846074e-02,
  -2.56300401e-02, 6.43354580e-02,-4.13157368e+00, 6.17528670e-02,
  -1.59659721e-02},
 { 2.07604003e+00, 3.16827226e+00, 1.17399061e+00, 4.99186926e-02,
  -4.98828012e-03, 1.08903702e-02,-4.59462786e+00, 7.66904801e-02,
  -1.00529129e-02},
 {-2.24223919e-02, 1.03876060e-02,-1.04691967e-01,-2.04729795e+00,
  -2.54164052e+00, 3.41122329e-01,-6.49631545e-02, 6.64875793e+00,
  -2.41607457e-01},
 { 3.06518531e+00, 2.89497066e+00, 1.31944668e+00, 1.16158342e+00,
  -3.64516944e-01,-4.99175102e-01,-2.80367661e+00, 2.31719160e+00,
  -3.06929374e+00},
 { 1.64670125e-02, 2.44945148e-03, 6.89974070e-01, 4.17396879e+00,
   1.75182354e+00,-1.01324809e+00, 1.54457204e-02, 1.22888498e+01,
   1.48792109e-02},
 {-1.18447030e+00, 2.04118633e+00, 7.21245289e+00, 8.26489180e-02,
  -1.65287986e-01,-4.11304012e-02, 2.47353539e-01, 1.51810944e-01,
  -1.53033182e-01},
 { 8.28777775e-02,-9.60252360e-02, 3.53683376e+00,-1.25025943e-01,
  -1.81763923e+00, 4.36171919e-01, 7.49676898e-02, 3.75931358e+00,
  -4.76031399e+00},
 {-2.07096320e-02, 4.63334396e-02,-3.45525885e+00, 2.80227661e+00,
   2.98744535e+00,-6.36571705e-01, 9.84916538e-02,-6.50122023e+00,
  -4.13917875e+00},
 { 1.30677775e-01,-3.80455516e-02, 3.00358558e+00, 2.03655171e+00,
  -1.25307524e+00,-9.60731626e-01,-2.22202297e-02,-3.37194920e-01,
  -3.93682575e+00},
 { 1.90861747e-02, 5.37580289e-02,-1.27517402e+00, 8.15304875e-01,
  -2.43175054e+00, 3.96927267e-01,-7.58548304e-02, 2.66674161e+00,
  -2.89382672e+00},
 { 2.80153938e-02,-3.94319370e-02, 3.16869140e-01, 1.59573093e-01,
  -1.09554745e-01,-8.94909763e+00, 3.32858004e-02, 2.80842155e-01,
  -2.16367599e-02},
 { 3.22809148e+00, 6.28056824e-01, 2.57456094e-01, 8.41860473e-03,
   1.31865940e-03, 1.08277826e-02, 6.99571037e+00,-5.53500839e-03,
   3.15691270e-02},
 {-1.68720949e+00, 1.17222369e+00,-3.55159998e+00, 2.30410825e-02,
   4.47798260e-02, 4.73395213e-02, 4.41566849e+00, 1.24471737e-02,
  -6.32427679e-03},
 {-1.60912305e-01,-7.36192092e-02,-2.15014076e+00, 3.58688831e+00,
   5.35275412e+00, 1.41574967e+00, 4.10263091e-02,-8.05760002e+00,
  -3.81319070e+00},
 { 3.07437253e+00,-2.01209641e+00,-3.09454155e+00,-2.78455913e-02,
  -4.17463519e-02,-1.81999207e-02, 8.25559330e+00,-2.60641309e-03,
   6.10375516e-02},
 { 1.84989534e-02, 2.53187548e-02, 3.11409569e+00, 2.34055209e+00,
  -2.45095205e+00, 3.39012051e+00,-8.54600444e-02, 4.08772707e+00,
   2.96286941e+00},
 { 2.42015216e-02,-8.91007408e-02, 1.00623016e+01,-3.98920357e-01,
  -9.10373271e-01, 2.83104420e-01, 1.73652545e-02, 1.86938643e+00,
   2.28369117e+00},
 { 1.10953664e-02,-1.34884287e-02, 9.70718116e-02, 3.96274185e+00,
  -9.84809771e-02, 4.34898213e-03, 5.70319071e-02,-1.01040545e+01,
   1.04730301e-01},
 { 5.10884571e+00, 1.26934707e-01, 3.82700849e+00,-1.03065949e-02,
   2.87229493e-02,-7.60491006e-03,-8.00947762e+00, 2.77875308e-02,
  -8.80301185e-03},
 { 2.97756225e-01, 2.36114830e-01, 4.10874176e+00, 1.20560420e+00,
  -6.10333323e-01, 3.40328634e-01,-2.86026269e-01, 7.19964552e+00,
  -2.12307358e+00},
 { 3.42449594e+00,-1.16230822e+00, 9.86722469e-01,-2.09107008e-02,
  -2.26471741e-02, 9.34669562e-03,-8.93595505e+00,-2.12455951e-02,
   1.14285178e-03},
 {-1.99205633e-02, 5.93122654e-02,-6.23628139e+00,-7.82143697e-03,
  -2.52898075e-02,-7.82877356e-02,-5.59856854e-02,-5.71201905e-04,
  -8.23761970e-02},
 { 2.59976578e+00, 3.05803490e+00, 3.20584369e+00, 7.07011321e-04,
   4.13192483e-03,-1.20509295e-02,-7.87515879e+00, 1.35700423e-02,
  -3.46623622e-02},
 { 2.79897666e+00, 7.44229853e-02,-1.13161097e+01, 2.56446004e-03,
   1.67934923e-03,-9.34217349e-02,-4.17266417e+00,-3.04525755e-02,
  -2.58272514e-02},
 { 2.89060140e+00,-1.74075353e+00, 1.45022964e+00, 9.43397346e-04,
  -7.29140732e-03, 1.26172528e-02,-9.14433289e+00, 1.56387836e-02,
  -4.18521976e-03},
 {-9.33226757e-03, 2.77534127e-04,-1.08176485e-01,-9.06246066e-01,
  -5.60277319e+00,-7.02852905e-01, 7.74207991e-03, 4.04131079e+00,
   1.34257704e-01},
 { 2.08517671e-01, 7.50480816e-02, 1.45310140e+00, 3.63170886e+00,
  -8.97323310e-01, 1.22265947e+00,-1.10837266e-01,-6.14645433e+00,
   1.74434423e+00},
 {-1.68079460e+00,-1.49142635e+00,-3.60663295e+00, 3.32817174e-02,
   3.54198068e-02, 1.35969371e-01, 5.25837612e+00, 4.14936803e-02,
  -5.59182242e-02},
 {-2.08708439e-02,-2.46925489e-03, 2.50066370e-01, 2.99872661e+00,
  -6.66366911e+00,-1.02770936e+00, 4.27673990e-03, 9.19227242e-01,
   4.88558933e-02},
 {-1.54381782e-01,-8.66464921e-04,-4.53550696e-01, 4.83842993e+00,
   2.92148018e+00,-4.43356991e+00,-2.64525618e-02,-7.04037762e+00,
  -1.06776312e-01},
 { 4.49627042e-02, 2.04844400e-03, 6.57385683e+00,-3.56344080e+00,
  -1.28122604e+00,-1.86089730e+00, 4.63275686e-02,-1.41330481e-01,
   3.05397534e+00},
 { 7.60046951e-03,-2.30118092e-02,-1.89347804e+00, 7.96926141e-01,
   1.01286209e+00, 2.42275521e-01, 5.28983325e-02, 7.04124832e+00,
  -1.82622218e+00},
 {-8.51796381e-03,-1.21169044e-02,-2.61332206e-02, 1.25515902e+00,
   3.98658824e+00, 2.51257086e+00, 2.14585047e-02, 1.57548141e+00,
   5.55790588e-02},
 {-2.94104964e-02, 8.02376419e-02,-4.93426895e+00,-4.88744926e+00,
   1.31734133e+00, 5.64372540e-01,-3.87005396e-02, 4.56104851e+00,
  -4.32035065e+00},
 { 2.04652190e+00,-6.16392553e-01,-1.88536549e+00,-4.66119498e-02,
   1.23197936e-01, 8.77305627e-01,-6.35716438e+00,-2.71452785e-01,
   1.95852652e-01},
 {-2.32395604e-02,-8.64818972e-03, 7.16046715e+00,-9.51308291e-03,
  -9.20375250e-03, 6.42773733e-02,-7.07793562e-03,-4.02113609e-03,
   5.54074012e-02},
 {-1.29382336e+00,-1.62494576e+00, 6.78188384e-01,-1.96394103e-06,
  -1.28469039e-02, 1.25650978e-02,-1.83722234e+00,-9.32272407e-04,
  -9.23611037e-03},
 { 1.18536111e-02, 5.86352758e-02, 2.51416177e-01, 8.26359212e-01,
  -4.02062082e+00, 7.80057348e-03, 5.08708544e-02,-7.19965839e+00,
   1.53080851e-01},
 {-2.58715381e-03, 2.10288763e-02, 2.18247361e-02,-8.29125524e-01,
   4.18959171e-01,-1.04057586e+00,-9.00809374e-03, 1.83394217e+00,
  -1.29595563e-01},
 {-5.06389933e-03, 2.57184077e-02, 2.17803657e-01,-2.75671792e+00,
  -1.66578519e+00, 4.01363105e-01,-3.29841021e-03, 2.35633397e+00,
  -5.57157099e-02}};

const float b1[sz_hid_1] = {-1.1465509 ,-8.51224   ,-2.5752544 ,-1.4712561 ,-1.1093135 , 0.18422145,
 -0.47324955,-5.6477346 ,-4.173371  ,-1.4902327 ,-2.0072105 ,-5.1441603 ,
 -6.1559157 ,-4.818705  ,-4.117638  ,-5.4193935 ,-0.22463717,-5.3012176 ,
 -4.0573497 ,-8.893706  ,-3.552158  ,-6.88977   ,-1.074933  ,-2.3752005 ,
 -6.280793  ,-6.7292995 ,-3.2174678 ,-4.6600356 ,-1.1661131 ,-1.6674943 ,
 -0.7317926 ,-6.260561  ,-2.1474051 ,-3.1558452 ,-0.89092356,-6.2218513 ,
 -7.3562527 ,-2.0788844 ,-2.5724585 ,-3.6496284 ,-3.6004252 ,-5.148685  ,
  1.7839383 ,-4.55331   ,-5.2441792 ,-7.0359826 ,-6.7222433 ,-6.191931  ,
 -6.8867598 ,-6.998357  ,-8.209601  ,-3.9637876 ,-4.189662  ,-4.84358   ,
 -2.3551047 ,-1.3109366 ,-4.7862463 ,-6.4154744 ,-5.553154  ,-8.223643  ,
 -0.20065926,-4.9811735 ,-4.9239683 ,-4.623785  ,-5.5309153 ,-6.0543103 ,
 -1.0246927 , 0.41215968, 0.4796861 ,-6.014696  ,-4.262129  ,-5.310556  ,
 -6.069012  ,-7.812957  ,-5.51945   , 0.94551307,-0.31675285,-0.6498249 ,
 -0.46538445,-7.439236  ,-5.0018997 ,-5.8991113 ,-2.9799395 ,-1.8987058 ,
 -5.942846  ,-8.367487  ,-5.1703563 ,-1.0635607 ,-4.7278275 ,-2.677728  ,
 -5.8706336 ,-7.8773518 ,-7.3062797 ,-4.021432  ,-4.835028  ,-4.5081887 ,
 -2.9173605 ,-1.5464993 , 1.0096946 ,-3.821486  ,-2.828795  ,-8.798021  ,
 -3.5780153 ,-5.880666  ,-1.6168512 ,-5.5559516 ,-6.0150533 ,-6.198303  ,
 -5.9287376 ,-0.1833648 ,-1.1474235 ,-2.4269168 ,-5.7725935 ,-3.0977283 ,
 -6.8678446 ,-4.6293807 ,-6.145113  ,-5.34999   ,-5.9659643 ,-6.6217737 ,
 -3.2126882 ,-7.993993  ,-5.4742064 ,-0.16562544, 0.7119414 ,-8.155383  ,
 -0.5255094 ,-1.4895544 };

const float w2[sz_hid_2][sz_hid_1] = {{-1.19956896e-01,-3.59010720e+00,-2.19895267e+00,-7.47570872e-01,
  -2.04254910e-01, 4.57619697e-01,-5.97705650e+00, 1.08692110e-01,
  -3.89857218e-02,-2.18748817e+01,-3.96796203e+00, 3.32967138e+00,
  -2.30843925e+00, 5.42248392e+00, 2.79032898e+00, 4.63701814e-01,
   1.90202042e-01,-2.44506076e-02,-7.07231760e-01, 4.07319307e+00,
   9.83039570e+00, 3.20933014e-01, 2.61767983e-01,-3.69019461e+00,
   1.09254527e+00,-3.34876776e-01, 5.36515057e-01, 1.58503994e-01,
   1.52490335e-02,-4.41456127e+00, 1.41209710e+00,-1.55060410e+00,
  -1.44204724e+00,-3.07216138e-01,-4.13342565e-01,-1.77429924e+01,
   3.78937930e-01,-9.05452147e-02, 1.66458696e-01,-2.13593841e-01,
   1.26111321e-02,-1.38446655e+01, 1.91103280e-01,-2.88159046e+01,
  -4.19662803e-01,-1.02419815e+01,-1.79801826e+01,-7.38931179e+00,
  -5.20929918e-02,-6.09915435e-01,-4.40993958e+01,-9.55987096e-01,
   1.81366857e-02,-2.78248940e+01, 2.31220675e+00, 2.27754140e+00,
  -1.10685992e+00, 2.13608932e+00,-1.22391748e+01, 6.42827320e+00,
  -1.58938885e-01, 6.11304879e-01,-2.58364201e+00, 1.33686054e+00,
   2.75583673e+00,-2.23596916e-02, 2.26364255e+00, 1.09178066e-01,
  -3.34502244e+00,-5.54141273e+01, 1.07260738e-02,-1.68133471e-02,
  -2.44770432e+00, 7.72972584e+00,-1.93289176e-01, 2.70375945e-02,
  -7.53849884e-03, 1.56156942e-01, 9.03111458e-01,-2.18690701e+01,
  -9.86477184e+00, 5.02575278e-01,-1.12290525e+00, 6.35315359e-01,
  -4.42038178e-02, 2.51817393e+00,-7.79344976e-01,-1.55249923e-01,
  -2.61404723e-01,-1.97856531e-01, 1.24641275e+01, 8.10293853e-02,
  -4.19962263e+00, 1.14202350e-02, 1.10871390e-01, 2.26161814e+00,
  -2.08662820e+00, 3.70092809e-01, 7.34890521e-01,-1.96184590e-02,
  -7.07379803e-02,-8.32462463e+01,-3.35071385e-02, 2.26051837e-01,
   1.06293964e+00,-1.36654377e+01, 3.00455570e-01, 1.75909638e+00,
  -2.75300145e-01,-1.74581200e-01, 2.40145579e-01, 8.58554393e-02,
  -3.61028463e-01,-1.68911648e+01,-2.87379646e+00, 3.58374327e-01,
  -1.84582603e+00,-2.21847558e+00, 9.24686491e-01,-9.40113366e-01,
  -4.68107639e-03,-2.47773290e+00, 8.90898332e-02, 3.12630922e-01,
  -4.55024652e-02,-1.71535931e+01,-2.93808007e+00, 2.68922782e+00},
 { 1.68727684e+00,-1.89179137e-01,-9.69192886e-04, 2.76682734e-01,
  -6.53498363e+00,-9.11028802e-01,-1.92682087e-01, 3.94306588e+00,
   1.67183506e+00, 5.00619352e-01, 3.57686937e-01, 7.65092596e-02,
   9.28992927e-01, 1.25766009e-01, 3.66109997e-01,-9.23236656e+00,
  -2.54430747e+00,-1.19579153e+01, 2.97954172e-01,-1.56937569e-01,
  -4.44977164e-01, 5.16882849e+00, 2.56077886e+00, 1.18047857e+00,
   2.12292805e-01,-1.23114357e+01,-1.66049385e+00,-1.09916601e+01,
   2.29773688e+00,-3.99010209e-03,-8.48297656e-01,-5.82327962e-01,
  -3.86704504e-01,-2.90632159e-01,-4.83924675e+00, 6.77448034e-01,
  -5.00939465e+00,-8.99387550e+00,-1.52258456e-01, 9.62149715e+00,
  -3.31736064e+00, 1.35013258e+00, 1.07436486e-01,-1.05980605e-01,
  -6.47625387e-01, 4.98916030e-01,-2.59102464e+00,-1.06916583e+00,
   6.10665321e+00,-5.58988214e-01,-8.08598921e-02,-3.37854236e-01,
   4.73478651e+00,-7.56567195e-02,-4.01417255e-01,-2.34897137e-01,
  -4.53290710e+01,-1.86036801e+00, 1.67121321e-01, 6.30477548e-01,
  -9.07303512e-01, 8.70732963e-01,-1.86908317e+00,-7.80968308e-01,
  -7.72136390e-01, 2.14825416e+00, 2.69084811e-01, 5.12514162e+00,
   1.32632554e-01, 4.69575673e-02, 2.57801056e+00, 7.52290428e-01,
   3.06304336e-01,-1.76745105e+00,-1.30200410e+00,-2.16819263e+00,
  -9.27446067e-01, 6.27791941e-01,-1.08279276e+00, 2.19863272e+00,
   9.79513884e-01,-5.86721182e+00, 1.30697095e+00,-3.04531813e-01,
   4.10260439e+00,-1.24462986e+00,-3.84142590e+00,-2.04081759e-01,
   2.24411440e+00, 8.35311413e+00,-3.19692820e-01, 3.25606036e+00,
  -7.53483117e-01,-1.19449770e+00,-1.26522291e+00, 8.94769490e-01,
   3.17878544e-01,-5.82360387e-01,-2.02203747e-02, 3.40444684e+00,
   3.51280951e+00,-1.81883526e+00,-1.19342241e+01, 1.18600011e+00,
   1.18248314e-01,-5.29269241e-02, 1.12304430e+01, 1.89223683e+00,
   1.03186607e+01, 7.82242966e+00,-3.92421770e+00, 8.17387551e-02,
  -8.10625744e+00, 2.51089603e-01, 7.04443812e-01, 4.80248213e+00,
   4.18111868e-02, 1.91978842e-01,-2.60920376e-01, 3.93152618e+00,
   4.11149040e-02, 3.29892874e-01, 4.29760170e+00, 2.36237431e+00,
   5.20699024e+00, 6.41536951e-01, 1.21948099e+00,-1.76130965e-01},
 {-3.25907990e-02,-1.19349289e+01, 1.43805301e+00, 3.35365868e+00,
   3.34724188e+00, 1.80784523e+00, 4.84024668e+00,-8.87646019e-01,
  -6.23693287e-01, 5.19518900e+00, 1.42919207e+00,-6.62785387e+00,
  -1.05333824e+01, 2.60389018e+00,-3.02907920e+00,-1.53689370e-01,
   1.11901391e+00, 3.14956141e+00,-8.08103532e-02, 1.88412237e+00,
  -3.17565989e+00,-3.61593246e+00,-5.99905670e-01,-1.77332103e+00,
  -4.23177242e+00, 7.06125116e+00, 1.32620001e+00, 1.60267973e+00,
  -1.17710578e+00, 1.32166970e+00, 1.87437102e-01,-6.74936235e-01,
   5.67678154e-01, 6.50264311e+00, 1.25106350e-01,-3.22209287e+00,
   1.18181634e+00, 1.27655733e+00, 6.91662356e-02,-2.81752157e+00,
  -1.25946209e-01,-8.83152485e-01, 1.14459984e-01,-5.09685326e+00,
  -2.87054920e+00, 3.33510995e+00,-1.98727703e+00,-2.98115873e+00,
  -3.12998652e+00, 3.08431339e+00,-7.81535482e+00,-5.21383584e-01,
  -1.52938032e+00,-2.52189803e+00,-1.26770234e+00,-8.61545742e-01,
   1.16070533e+00,-7.22154570e+00,-5.05588949e-01,-2.29922199e+01,
   1.59486443e-01, 1.06094036e+01,-8.30041122e+00,-1.69263637e+00,
   1.06373081e+01,-1.73487771e+00, 2.54560661e+00,-8.94193113e-01,
   4.60111886e-01, 1.52973700e+00,-1.29440951e+00, 3.10027003e+00,
   9.07351434e-01, 4.25179625e+00,-6.95461416e+00, 1.22646153e-01,
  -4.36586440e-01, 1.68498069e-01,-1.81237926e+01,-3.63849378e+00,
  -1.16240692e+00, 3.07214880e+00, 2.45256901e+00, 3.02459788e+00,
  -1.38998127e+00,-2.64404130e+00, 1.47144294e+00, 1.80233255e-01,
  -1.08451617e+00,-2.42399621e+00,-9.88165188e+00,-7.30987215e+00,
  -3.72837210e+00, 2.76681423e+00, 5.87647772e+00,-1.92402506e+00,
   1.18890321e+00,-2.03925920e+00, 2.77918667e-01,-9.48957384e-01,
  -1.70291936e+00, 2.74330783e+00, 1.95115650e+00,-2.40058675e-01,
  -2.17112231e+00, 4.14405489e+00,-3.82789803e+00, 5.29396057e+00,
  -4.17136383e+00, 2.17237663e+00, 1.36936986e+00, 5.53037152e-02,
   2.05188608e+00, 2.75133133e+00, 9.46370602e+00,-7.28473127e-01,
   6.17152739e+00, 1.28171146e+00, 7.61052418e+00,-6.82606983e+00,
  -4.84218538e-01,-4.15763378e+00, 1.65457368e+00,-3.25204372e+00,
  -1.78257632e+00, 1.74284058e+01,-1.75464668e+01, 2.85336757e+00},
 {-3.96585256e-01,-4.37642527e+00, 1.10322773e-01,-1.43045172e-01,
  -2.72731453e-01,-4.09266591e-01, 2.94764284e-02, 2.65916020e-01,
   5.54787107e-02,-8.95367205e-01,-2.59080815e+00, 4.74904597e-01,
   1.77366829e+01,-1.24410522e+00, 5.64538717e-01,-2.77414560e+00,
  -2.40957558e-01,-2.16045246e-01, 1.41649038e-01, 4.07591581e+00,
   4.64269638e-01,-1.59817374e+00,-1.56385675e-01,-2.86909729e-01,
   1.62666678e+00,-4.05107215e-02,-3.84642601e-01,-1.64385661e-01,
   1.84924558e-01, 9.36621130e-01, 1.61409295e+00,-6.01850390e-01,
   7.61723459e-01, 2.35466695e+00, 3.83906424e-01,-8.01272392e-01,
  -6.96592331e-01,-4.71504331e-02, 3.57593261e-02, 2.18429446e-01,
   7.24744648e-02,-9.20264530e+00, 1.43106967e-01, 2.28135288e-01,
  -6.22839737e+00,-9.98407555e+00, 2.11064816e+00,-3.76049615e-02,
  -7.32116168e-04, 1.10943127e+00, 1.05926561e+01, 1.84969276e-01,
   1.97776526e-01, 7.15421280e-04, 1.61383882e-01, 9.53754663e-01,
   7.24133104e-02, 1.49567862e+01,-2.03477192e+00,-3.27732891e-01,
   2.55282614e-02, 4.52861214e+00,-4.39134789e+00, 1.07982016e+00,
   5.52133322e-01, 7.19515443e-01,-3.17332238e-01,-3.19155529e-02,
   1.08788216e+00,-1.95133996e+00,-6.11681081e-02,-1.54619160e+01,
  -5.62668324e+00,-1.98058546e+00, 2.20193958e+00,-1.50239050e-01,
   7.52230883e-02, 1.62043229e-01, 1.45953536e+00, 1.10349822e+00,
   8.99641290e-02,-6.58696175e-01,-2.71120286e+00,-2.81617284e-01,
   1.16179451e-01, 4.93850660e+00, 7.82792151e-01, 1.03757679e+00,
   3.10631767e-02, 9.95604172e-02, 6.45092297e+00,-2.75909209e+00,
  -7.09092474e+00,-4.75407064e-01, 6.37573838e-01,-4.62674797e-01,
  -6.46144375e-02, 9.40268487e-03, 8.39678943e-01, 2.75391750e-02,
   4.56823297e-02,-1.06146727e+01,-1.07488796e-01, 6.97643384e-02,
   1.77754136e-03,-9.98045158e+00,-5.03546119e-01,-2.80635834e-01,
   3.25545609e-01,-2.54601717e-01,-1.84292480e-01,-1.31555334e-01,
  -1.30374515e-02,-2.16065240e+00, 1.28073192e+00, 4.84505184e-02,
  -7.23660994e+00,-4.83080959e+00,-4.32230949e+00, 2.32604361e+00,
   1.33263416e+01,-2.38828254e+00, 7.92767525e-01, 3.08406681e-01,
   1.64534479e-01,-2.86390572e+01, 4.13805294e+00, 5.58830309e+00},
 { 3.28535796e-03,-1.12546270e-03,-2.52022501e-02,-8.54085460e-02,
  -1.06132487e-02,-4.17110771e-02,-5.17880768e-02,-7.88893700e-02,
  -6.66385740e-02,-7.36393705e-02,-1.15076385e-01,-1.23463813e-02,
  -9.51673388e-02, 2.78519075e-02,-1.33116081e-01,-3.96489538e-02,
  -5.17758727e-02, 1.08871227e-02,-8.12793374e-02,-3.82340737e-02,
  -1.87516063e-02, 4.86451387e-02, 2.35576672e-03,-7.28304759e-02,
   5.73566295e-02, 1.38108432e-02,-1.89770362e-03,-1.41198605e-01,
  -7.42452741e-02,-7.48166367e-02,-3.32332551e-02,-9.87780914e-02,
  -1.17593013e-01,-8.55565295e-02,-4.75234948e-02,-1.48923108e-02,
  -9.25735682e-02,-7.52470922e-03,-1.26654550e-01,-1.59730732e-01,
  -1.00961544e-01,-4.91089113e-02,-8.15700293e-02,-1.07114777e-01,
   4.65499200e-02, 1.25882654e-02, 2.15922878e-03, 9.30672139e-03,
  -6.16001152e-02,-9.04124901e-02,-6.59672767e-02,-4.03828546e-02,
  -1.32086307e-01,-1.18756019e-01,-3.84522453e-02,-1.90957766e-02,
   1.25654293e-02,-9.65256691e-02,-1.80044677e-02,-5.03677018e-02,
  -5.56853926e-03,-7.80120213e-03, 1.99467503e-02,-4.09631133e-02,
   6.74192831e-02,-8.11343826e-03,-6.60244673e-02, 1.49823707e-02,
  -9.74575132e-02, 1.01843076e-02, 2.34629996e-02,-2.77061015e-03,
  -9.80282500e-02,-6.92871585e-02,-3.61897610e-02,-2.48563234e-02,
  -6.76447973e-02, 1.51170101e-02, 2.57865805e-02,-4.95150387e-02,
  -4.24869508e-02,-2.78198235e-02,-7.65045686e-03,-9.66048315e-02,
  -4.40771393e-02,-1.41626760e-01,-5.03771380e-02,-5.03572710e-02,
   6.41420931e-02,-1.07032798e-01,-8.35948214e-02,-1.46361098e-01,
   7.35780923e-03,-5.20886667e-02,-4.92253862e-02,-8.63539129e-02,
  -9.59311277e-02,-1.10752717e-01,-5.75667992e-02,-1.35755036e-02,
   2.07357220e-02,-9.53249335e-02,-1.52186766e-01,-1.06767811e-01,
  -6.28568232e-02,-8.82327110e-02,-4.64683995e-02, 3.78289185e-02,
  -1.58200436e-03,-1.05820838e-02,-8.57617185e-02,-4.64395992e-02,
  -4.78347838e-02,-7.97490254e-02,-2.77431142e-02,-5.47914840e-02,
  -1.26234025e-01, 2.98724528e-02,-3.57807688e-02,-1.14872858e-01,
   5.32958210e-02,-6.51644990e-02, 1.24842515e-02, 1.06523801e-02,
  -3.26796658e-02,-2.89643202e-02,-5.70607446e-02, 1.69665888e-02},
 { 6.42864883e-01,-2.13609715e+01, 1.75546753e+00,-6.41036272e+00,
  -2.68294764e+00,-1.20642209e+00,-1.18157275e-01,-1.69125640e+00,
   1.94460675e-01, 1.71700644e+00,-2.27093720e+00,-4.60720348e+00,
   1.24413598e+00,-9.65266800e+00, 9.60312963e-01,-2.60301900e+00,
  -1.99334812e+00,-7.19290400e+00,-4.39755358e-02, 2.03469753e+00,
   2.23952746e+00, 8.84256744e+00,-1.78488553e+00,-4.56756020e+00,
  -3.06705296e-01,-3.25052667e+00,-2.66744703e-01,-3.66933298e+00,
   4.82709944e-01,-9.96666074e-01,-6.19527149e+00,-1.40220671e+01,
   2.88811028e-01,-6.46539092e-01,-2.69584775e+00,-1.59608984e+00,
  -2.32103324e+00,-3.69794178e+00, 3.74320006e+00, 3.71559596e+00,
  -2.65792274e+00, 1.53670704e+00, 1.18340328e-01,-1.78138530e+00,
   2.33940530e+00,-4.59082603e+00,-1.49170866e+01,-8.63392949e-01,
   1.54123425e+00,-7.34130192e+00,-1.79791126e+01,-3.37968707e+00,
   2.39530754e+00,-7.97117329e+00, 2.08647537e+00,-2.83080387e+00,
   3.41573536e-01,-1.00161400e+01, 2.09691405e-01,-6.51782036e-01,
  -1.14098001e+00,-3.12070274e+00,-5.21142626e+00, 4.29990721e+00,
   5.67696381e+00, 4.46114349e+00, 1.03547966e+00, 7.99210012e-01,
   6.52796328e-01,-6.26627970e+00, 6.41837180e-01,-1.67683220e+01,
   9.12239134e-01,-5.00311279e+00, 4.20634222e+00,-6.98877156e-01,
  -1.59637821e+00,-7.48658776e-01, 1.27430124e+01,-1.00679884e+01,
   3.22401023e+00,-3.03174555e-01,-9.90812242e-01, 6.86019611e+00,
   1.50052571e+00,-4.56729317e+00,-1.70726287e+00, 1.60430670e-01,
   1.93335307e+00, 3.77658367e+00, 6.95440114e-01,-2.64217138e+00,
   9.41465497e-01,-9.09570992e-01, 7.81401396e-01, 4.29002941e-01,
  -6.42232895e+00,-2.32058525e+00,-1.37988910e-01, 9.39866006e-01,
   1.08248961e+00,-1.86687088e+00,-3.78621030e+00, 2.90059161e+00,
  -5.03524899e-01,-5.77535439e+00, 8.33674526e+00, 2.52350187e+00,
   5.08647728e+00, 6.41991091e+00,-2.30328369e+00, 3.33130732e-02,
  -7.92300844e+00, 7.02034593e-01,-2.16834754e-01, 4.42461824e+00,
   4.71827149e-01, 7.40598142e-01, 3.33587003e+00,-5.72587824e+00,
   6.53788447e-01,-5.03446388e+00, 3.47537088e+00, 3.82806778e+00,
   5.67674577e-01,-2.00158906e+00,-4.24503088e+00, 5.66937065e+00},
 { 2.14295197e+00, 5.34353435e-01, 1.97492170e+00,-4.58634615e+00,
   2.47850275e+00,-1.94919147e+01, 2.88470179e-01, 5.34333348e-01,
  -8.51555884e-01,-3.63055992e+00, 3.43517184e-01,-1.34500250e-01,
   2.12482858e+00, 1.46327162e+00, 3.60086679e+00,-7.41723359e-01,
  -7.17840815e+00,-2.15859437e+00,-3.94023985e-01,-3.32545221e-01,
  -5.33656664e-02, 2.40851927e+00,-4.08269310e+00, 1.00264490e-01,
   1.82000667e-01,-3.23994726e-01,-2.75691433e+01, 5.66810894e+00,
  -1.49247766e+00, 4.62143794e-02,-8.24729204e-01, 6.03197908e+00,
  -4.89422709e-01,-1.63932538e+00, 1.87700853e-01,-8.97377074e-01,
   4.78466892e+00, 7.58617783e+00,-4.25552034e+00, 3.14459324e+00,
   4.93811560e+00,-1.76167116e-02, 1.50251403e-01, 1.39328241e+00,
  -2.02599809e-01, 4.15108979e-01, 8.83698761e-01,-1.34308398e+00,
   9.04206574e-01, 5.77852011e-01, 1.85778940e+00,-2.32186604e+00,
   7.14107800e+00, 7.72867680e-01,-4.27004188e-01, 5.91888964e-01,
  -1.19014645e+01, 1.11185765e+00, 8.93991828e-01,-3.51993942e+00,
  -4.05292632e-03,-6.79221916e+00,-3.12840164e-01,-1.64757419e+00,
   3.38768244e-01, 9.01181126e+00, 1.55263329e+00,-1.05810225e+00,
  -1.81154943e+00,-2.60356754e-01, 9.48796272e+00,-5.08737206e-01,
   9.66022074e-01, 1.31927684e-01, 1.15538552e-01, 1.19102228e+00,
  -1.60439956e+00,-9.85301971e+00,-4.94158936e+00, 6.42725134e+00,
   3.45536619e-02, 2.19243407e+00,-1.02033429e-01, 1.13622947e-02,
  -1.01282282e+01, 9.76414394e+00, 1.01247673e+01,-3.65964293e-01,
   1.50755987e+01, 1.07231741e+01, 2.70234394e+00, 3.41882253e+00,
   2.03452182e+00,-2.08440328e+00,-1.48301399e+00,-8.15619409e-01,
  -2.15265083e+00, 2.47879195e+00, 6.50925756e-01,-6.17393255e-01,
  -1.54986038e+01, 1.92988491e+00,-7.28503466e-01, 4.94209267e-02,
  -2.28349710e+00,-2.06380677e+00, 5.91275692e+00,-6.99634612e-01,
   1.20993483e+00, 2.21818972e+00,-6.87263441e+00,-2.79193211e+00,
  -3.98818731e+00, 1.18736637e+00, 4.77557808e-01,-5.19046326e+01,
   1.88215828e+00, 3.08135714e-05,-1.91482723e+00,-8.33380044e-01,
   1.00719619e+00, 1.13237882e+00,-1.82860148e+00, 2.57907414e+00,
  -2.82562470e+00,-2.07288980e+00,-1.07501423e+00,-7.87910283e-01},
 { 6.49563521e-02,-3.03436399e+00, 2.94815987e-01,-8.55532646e-01,
  -4.26926404e-01,-2.56206900e-01, 3.77014947e+00, 8.08003768e-02,
  -1.77017838e-01, 1.05958772e+00,-1.85026252e+00, 5.61173010e+00,
  -1.65645351e+01, 1.88774526e-01,-1.32582545e+00, 2.14192796e+00,
   3.39465588e-01,-1.07406080e+00, 2.05777973e-01, 1.35723734e+00,
  -4.25795746e+00, 1.72534120e+00,-9.56998020e-02,-8.70797485e-02,
   1.25715876e+00,-2.52316332e+00, 4.13638979e-01,-2.43643060e-01,
   5.02348840e-01, 2.90282917e+00,-4.66642952e+00,-1.84825361e+00,
   5.05960894e+00,-9.45261955e+00, 5.41391410e-02, 1.86199939e+00,
  -4.08537835e-02,-1.00391127e-01,-8.09871927e-02, 7.61276424e-01,
   3.99598449e-01, 6.01166105e+00, 2.86395341e-01,-2.05423355e+00,
   1.06416082e+00,-1.88719535e+00,-6.55755854e+00, 2.54782748e+00,
   1.98927283e+00,-3.44452324e+01,-2.68162918e+00,-8.51152837e-01,
   4.84041601e-01,-8.85573551e-02,-5.60516536e-01,-2.62928271e+00,
  -1.92455697e+00, 6.60100877e-01,-2.20683193e+00, 1.16961241e+00,
   1.47245109e-01, 4.93004417e+00, 3.21167994e+00,-1.56604779e+00,
  -4.71690798e+00, 4.00802456e-02, 4.56974077e+00, 1.77608669e-01,
  -7.65029490e-01, 3.57303452e+00, 5.35603702e-01,-9.40268815e-01,
   8.11558366e-01,-7.37852049e+00, 1.61110508e+00, 2.03012273e-01,
   1.50329694e-02,-5.79747930e-02, 4.83382672e-01,-4.73290825e+00,
  -2.72444010e+00, 4.43667829e-01,-2.39976001e+00, 1.70300174e+00,
   1.42789736e-01,-6.01427889e+00,-1.21098125e+00,-1.84161639e+00,
   4.94289666e-01, 7.05237150e-01,-1.79795170e+01,-3.71448159e-01,
   2.75961208e+00, 2.22622052e-01,-6.98643875e+00,-2.58794284e+00,
   1.07191515e+00,-4.47013110e-01, 4.48004641e-02,-1.09848656e-01,
   2.27604508e-01, 8.44085312e+00,-9.31991577e-01, 1.49975836e+00,
  -8.85352612e-01, 6.20691586e+00, 2.35894704e+00, 7.46162534e-01,
   3.41694981e-01,-2.65590757e-01,-5.21822691e-01,-2.59795170e-02,
  -1.30238438e+00, 3.99245691e+00, 9.81232882e-01,-2.17245430e-01,
   7.16733980e+00,-3.01123619e+00, 1.38333464e+00,-3.25456238e+00,
  -1.81161106e+00,-2.77848697e+00, 6.06384456e-01,-3.08234900e-01,
   4.10966337e-01, 1.71957111e+01,-5.82638588e+01, 7.42661476e+00},
 {-2.00770721e-01,-3.59100723e+00,-4.08522940e+00, 3.15365195e-02,
  -1.08255172e+00,-5.16530909e-02,-7.45808184e-01,-6.28220022e-01,
  -3.12740743e-01,-1.64166794e+01,-1.51766211e-01, 3.24936318e+00,
  -2.18818283e+01, 6.07555389e+00, 2.40647674e+00, 1.84309804e+00,
  -1.36708394e-02,-4.68623668e-01, 1.58323514e+00, 7.54917526e+00,
   4.16877651e+00, 3.06768894e-01,-6.52130365e-01,-2.80207729e+00,
   1.56294382e+00,-6.50521815e-01, 3.55593145e-01, 2.56719083e-01,
   1.24206230e-01,-7.72059500e-01, 2.22445440e+00, 3.06283712e+00,
  -3.55930710e+00,-1.58572510e-01,-1.01032424e+00,-1.08676281e+01,
  -8.86162817e-01,-1.88855734e-02,-7.74734793e-03, 2.17350554e-02,
   3.33842158e-01,-1.15057964e+01,-8.41815770e-02,-1.02615957e+01,
   7.77975097e-02,-1.09439583e+01,-8.52705956e+00, 5.78295660e+00,
   2.57551610e-01,-6.11743164e+00,-1.97872579e+00,-1.58754575e+00,
   9.22600180e-02, 4.39214230e+00, 3.43838501e+00, 3.25494695e+00,
  -6.77628517e-01, 1.42666698e+00,-2.98234320e+00,-1.45447512e+01,
   5.23696691e-02, 1.34675789e+00, 1.67854488e+00, 2.71576226e-01,
   3.56631112e+00, 4.49625790e-01, 8.21070957e+00, 5.46608388e-01,
  -2.52651262e+00,-4.65745010e+01,-2.44337246e-02,-4.51459694e+00,
  -3.48532557e+00,-8.15285206e+00,-1.42721367e+00, 2.94400841e-01,
   3.29899997e-01, 6.46312118e-01, 5.76177657e-01, 4.32633591e+00,
  -2.23676133e+00, 1.84019947e+00,-9.84972119e-02,-1.26492393e+00,
   2.67288715e-01,-2.95035560e-02,-2.74264097e-01, 1.29007339e+00,
  -6.34119213e-02, 5.07222652e-01,-1.53113949e+00, 5.69089353e-01,
  -4.04118633e+00,-3.63167487e-02,-3.57167006e-01, 2.42470503e-01,
  -3.47585082e+00, 9.18983102e-01, 6.39936328e-02, 3.16528410e-01,
   2.92306423e-01, 9.77614641e-01,-2.70756692e-01, 1.90579927e+00,
   1.65465951e+00, 2.11083527e+01, 6.33940101e-01, 5.45395136e-01,
   1.13746536e+00, 1.82798550e-01,-1.79941162e-01,-6.21072762e-02,
  -7.00276613e-01, 2.33407927e+00,-1.57794446e-01, 3.72140706e-01,
   6.73721313e+00,-8.10103989e+00,-1.77645111e+00,-3.49362731e+00,
   4.56524706e+00,-2.60504794e+00,-1.93161055e-01,-3.62606980e-02,
   1.02836162e-01,-9.64359856e+00, 2.16445875e+00, 2.89041638e+00},
 { 7.08016157e-02,-2.51244605e-01,-7.40593448e-02,-3.90118808e-02,
   8.89440179e-02, 1.03389286e-01, 3.12427022e-02, 2.73895077e-02,
   2.07932182e-02,-1.04045212e+00,-2.72601217e-01, 2.51243293e-01,
   3.27880114e-01,-1.66929096e-01, 7.55356345e-03, 2.77995944e-01,
   1.41870333e-02, 6.64709359e-02, 5.86131355e-03, 2.39359570e+00,
   6.27696276e-01,-2.18606502e-01,-2.98529416e-02,-9.62396711e-02,
   1.29131317e-01, 2.03873515e-02, 9.08153690e-03, 8.22891190e-04,
  -5.84762841e-02,-3.13853592e-01, 1.72107205e-01, 5.10313064e-02,
  -5.07530737e+00,-4.20593992e-02,-1.36858627e-01, 3.34798847e-03,
  -6.47045672e-02, 7.03673065e-02, 3.20079289e-02,-7.17532933e-02,
  -1.07500507e-02,-2.98490262e+00, 2.97582483e+00, 4.54781465e-02,
   6.79820077e-03,-1.11446607e+00, 2.35459149e-01,-4.57831696e-02,
  -2.53953412e-02,-2.29588941e-01, 1.76282787e+00,-5.90515370e-03,
  -7.00528128e-03,-1.12815453e-02, 6.71440884e-02, 8.39231908e-02,
   4.34912682e-01, 1.65203318e-01, 1.00663877e+00, 2.34785471e-02,
   2.96858582e-03, 9.16066915e-02,-3.41463611e-02, 1.33912144e-02,
   1.99910507e-01, 2.05378503e-01, 7.10425898e-02, 1.27542783e-02,
   4.05987352e-02,-9.04020891e-02,-1.68360788e-02, 8.81198328e-03,
  -3.04046664e-02,-4.32383120e-01, 7.59430677e-02, 2.22875481e-03,
  -1.35511253e-03, 3.73015553e-02, 7.71288350e-02, 1.93631724e-01,
   1.65355392e-02, 7.03391209e-02,-4.00098711e-02,-1.98997688e-02,
  -3.77598368e-02, 6.71362504e-02, 5.18164337e-01,-1.01761743e-01,
  -1.36745358e-02,-1.47243381e-01, 5.82337022e-01, 2.81985234e-02,
  -3.77763063e-01, 1.82173047e-02,-8.00070688e-02, 2.73521431e-02,
  -8.33206810e-03, 4.75055538e-02, 3.30124021e-01,-5.31574935e-02,
   4.20556962e-03, 4.29353285e+00, 3.41501832e-02, 3.46496820e+00,
   4.25792262e-02,-4.95114982e-01,-2.12624773e-01, 3.88887748e-02,
  -8.91615748e-02, 1.41214207e-01, 2.37190984e-02, 2.64181639e-03,
   3.76333445e-02, 3.58468235e-01, 1.12963934e+01,-6.35674875e-03,
  -5.10842860e-01,-8.22877809e-02,-2.34605402e-01, 3.39074433e-02,
   2.64990985e-01,-1.57196462e-01, 5.54699153e-02,-9.99434292e-02,
   3.25796679e-02, 4.11412954e+00, 2.90158451e-01, 2.95790672e-01},
 { 5.52275777e-01, 2.98745751e+00, 2.51496530e+00, 3.19383472e-01,
   1.19598508e-01,-3.90101045e-01,-3.65845585e+00,-3.14120680e-01,
  -3.24415892e-01, 8.62988591e-01, 2.66608810e+00,-2.66450214e+00,
  -3.93388534e+00,-4.08155775e+00,-1.39524996e+00,-1.34311581e+00,
  -5.28642461e-02,-4.04664248e-01,-5.14446020e-01,-2.82171345e+01,
  -7.00192070e+00, 2.20757976e-01,-4.31810319e-01, 3.12799478e+00,
  -5.64247036e+00, 5.39796174e-01,-6.27202272e-01,-4.94261608e-02,
   1.21214397e-01, 2.12570786e+00,-9.65766490e-01,-1.44289541e+00,
   3.19941664e+00,-2.34687075e-01, 4.55530323e-02, 2.28653669e+00,
  -2.85736561e-01, 9.43298265e-02,-2.53194541e-01, 1.42321095e-01,
  -3.12028266e-02, 1.23691711e+01, 9.45842862e-01, 2.72923613e+00,
   3.51545990e-01, 7.88386869e+00,-5.50186777e+00,-4.59860897e+00,
   2.27721944e-01, 1.40029848e+00,-2.69575983e-01, 2.75822639e-01,
   1.18402615e-01,-7.46991920e+00,-2.61740065e+00,-2.57764578e+00,
   2.46401434e-03,-1.32306886e+00,-4.86247826e+00, 6.65784061e-01,
   2.39701852e-01,-7.63830841e-01, 6.83815122e-01,-2.98695475e-01,
  -2.70134044e+00,-2.80743986e-01, 1.09877717e+00,-2.07359809e-02,
   3.88930321e+00,-2.03276515e+00,-2.31579766e-01, 2.64880729e+00,
   3.28718615e+00, 1.30229449e+00,-1.89569223e+00,-2.82296017e-02,
   4.34777066e-02,-2.83752590e-01,-3.33798856e-01, 8.68523693e+00,
   4.21796560e+00, 1.48530111e-01, 4.40598369e-01,-1.87687919e-01,
   9.61128548e-02,-1.48892298e+01,-1.50520340e-01,-7.57314563e-01,
   2.88352638e-01, 7.01256752e-01,-2.51886630e+00,-4.38026190e-01,
   4.04737043e+00, 4.64078225e-02, 5.99454939e-01,-2.77941561e+00,
   1.31831717e+00,-6.52537942e-01, 2.68768549e-01, 1.67487755e-01,
   1.41105860e-01,-1.34575109e+01, 8.81524906e-02,-1.51068461e+00,
  -9.55049157e-01, 1.36759014e+01, 3.24157238e-01,-7.15298748e+00,
   9.49723244e-01, 2.49012470e-01,-3.21862608e-01,-1.64729863e-01,
   4.80606288e-01,-6.87317896e+00,-1.56884730e+00,-2.51306802e-01,
  -3.34051681e+00,-6.69266164e-01, 4.39493942e+00,-2.00642198e-02,
  -1.18110752e+00, 2.40564084e+00,-9.88007069e-01,-2.06880942e-02,
   3.26662272e-01, 5.93436420e-01, 1.17743576e+00,-1.41530132e+00},
 { 7.95910478e-01,-2.28031683e+00, 1.81905866e-01, 6.48753214e+00,
  -3.12713718e+00,-7.91909790e+00, 2.18075585e+00,-3.01115942e+00,
   6.43669844e-01,-6.12603951e+00, 8.52016330e-01,-2.05992436e+00,
  -1.46749229e+01, 5.87499475e+00,-3.91694212e+00, 3.01681787e-01,
  -2.67890835e+00,-2.37703967e+00, 1.32236660e+00, 4.06561792e-01,
  -2.89456964e+00, 1.10683846e+00, 2.39696217e+00,-1.02354777e+00,
  -6.69405890e+00,-9.66620731e+00,-3.41618943e+00,-4.68598127e+00,
   2.57841730e+00,-2.60558128e+00,-2.73454285e+00, 1.43080020e+00,
  -5.04987144e+00,-1.62045822e+01, 3.21847975e-01,-2.94192123e+00,
  -4.67651081e+00,-5.47492790e+00,-1.33413446e+00, 3.13751578e+00,
  -9.87621069e-01, 2.71005964e+00,-1.02647796e-01,-4.48389435e+00,
  -2.43756866e+00, 9.81504023e-01,-6.49916601e+00, 2.31684780e+00,
   5.94779825e+00,-1.27274456e+01,-3.52176781e+01,-4.21726418e+00,
   1.18356740e+00, 3.43691468e+00, 1.05273712e+00,-5.29670811e+00,
  -1.47553480e+00,-5.50983787e-01,-2.21687341e+00,-1.48207827e+01,
  -8.84299099e-01, 5.41359663e+00,-2.45979548e-01,-1.52941382e+00,
  -2.24678755e+00, 5.31415462e+00, 6.21919632e+00, 1.21693468e+00,
   2.47896194e+00, 3.05991578e+00, 3.97355676e+00, 1.75061381e+00,
   1.49013132e-01, 6.53878897e-02, 1.04587638e+00,-5.01701951e-01,
   4.04635859e+00, 4.67437601e+00,-1.90568113e+00,-4.70603228e+00,
  -3.73006105e+00, 1.86540353e+00, 6.97929096e+00,-1.02586775e+01,
   1.65845469e-01, 6.74643278e+00,-1.79425836e+00, 4.17459071e-01,
   4.23860025e+00, 1.33687282e+00,-4.26118517e+00, 5.35523558e+00,
  -2.26808175e-01,-3.80280167e-01, 4.48251915e+00,-3.53918338e+00,
  -2.21518779e+00,-3.87001133e+00,-1.01997936e+00, 1.07875752e+00,
   6.98075914e+00, 9.70222855e+00,-5.47486305e+00,-2.37609267e+00,
  -5.48687637e-01, 7.18705034e+00, 2.47173500e+00, 2.01186806e-01,
   1.73665822e+00, 9.04684439e-02,-3.58707881e+00,-8.38553846e-01,
  -1.28155398e+00, 2.80642247e+00, 3.92245340e+00, 3.74965286e+00,
   7.84930229e-01,-2.52716255e+00, 3.68624425e+00,-3.56296301e+00,
  -1.54107302e-01, 7.78109491e-01, 3.84201169e+00,-1.95160136e-01,
   1.68882930e+00,-8.14881611e+00, 7.90234327e+00, 2.48569274e+00},
 {-4.79370862e-01,-1.03445506e+00,-2.21744037e+00, 2.13405991e+00,
   3.60109806e+00, 2.60074902e+00, 3.81246269e-01,-9.13892388e-01,
  -9.84374762e-01,-2.78149880e-02,-1.60577905e+00, 3.48442125e+00,
   1.37249804e+00,-2.61926484e+00, 1.34489083e+00,-8.44908905e+00,
   1.30485439e+00, 3.72108817e+00,-2.49687552e+00,-3.19603562e+00,
   3.53254855e-01,-4.18457556e+00,-1.11624348e+00, 2.72480273e+00,
  -5.64148569e+00, 9.60561180e+00, 2.18589091e+00, 1.48920524e+00,
  -4.24420506e-01,-1.90412402e-01, 7.64554739e+00, 1.29434359e+00,
  -5.69903851e-01,-1.76300490e+00,-1.41456783e+00, 3.70973611e+00,
   2.01540065e+00, 1.01420569e+00, 1.78280509e+00,-3.49579859e+00,
   8.02328706e-01, 2.95900917e+00, 3.89391899e-01, 2.84624267e+00,
   1.75855589e+00,-6.88552439e-01,-3.56295800e+00,-3.96008420e+00,
  -7.12080002e+00,-3.40658569e+00, 5.55370140e+00,-1.36925888e+00,
  -1.09067285e+00, 2.23879099e+00, 7.93490857e-02, 1.95414770e+00,
   3.19692284e-01,-2.09529138e+00,-1.73514156e+01, 2.23856735e+00,
  -1.37915230e+00, 2.34825921e+00,-6.89267278e-01,-2.35990554e-01,
  -2.08671734e-01,-1.14497638e+00,-1.92280054e+00,-2.53047204e+00,
   1.71040535e+00,-1.79076023e+01,-2.09445167e+00,-6.42448783e-01,
  -7.42642403e-01,-1.18103266e+01,-6.89444423e-01, 6.82713091e-01,
  -1.00761557e+00, 2.22024727e+00, 2.01397014e+00, 7.41825819e-01,
  -1.58623189e-01, 3.27448320e+00,-1.52106357e+00,-2.50906610e+00,
  -1.31933701e+00,-1.13244629e+00, 7.40299463e-01, 3.96890104e-01,
  -2.04481959e+00,-2.14088035e+00,-1.33787739e+00, 1.79416370e+00,
   1.98212886e+00,-2.05320753e-02,-4.83813477e+00,-6.51418507e-01,
  -2.02430534e+00, 2.26309228e+00, 1.41294551e+00,-8.13791454e-01,
  -2.04540420e+00,-4.73012877e+00, 3.58416915e+00,-1.79110360e+00,
   3.14116143e-02, 1.76378876e-01,-3.99679089e+00,-1.16301861e+01,
  -5.65800714e+00, 8.21238682e-02, 1.66360998e+00, 3.49877477e-02,
   2.67222571e+00, 3.06406975e-01,-4.28546143e+00,-5.80298066e-01,
  -3.75105357e+00, 7.28180707e-01,-4.48568630e+00,-2.56071663e+00,
   1.01071858e+00,-1.85284996e+00, 6.21490359e-01, 1.35850894e+00,
  -3.85182810e+00,-4.27170897e+00, 2.56725168e+00,-1.74775147e+00},
 {-1.19034135e+00,-8.06395435e+00, 1.47756982e+00,-3.20240617e+00,
  -3.74255991e+00,-3.59199357e+00, 1.95232436e-01, 3.60404754e+00,
   1.77937174e+00, 3.64697480e+00,-9.34171081e-01, 3.85790515e+00,
   8.99383605e-01,-7.07566643e+00,-5.75892091e-01,-6.00438404e+00,
  -2.69358158e+00,-9.25927067e+00,-2.26696253e+00, 6.67263448e-01,
  -3.45283628e-01, 1.19499407e+01, 2.20840859e+00,-9.30041015e-01,
  -2.70005792e-01,-8.29917049e+00,-3.69457054e+00,-9.67286205e+00,
   8.30075204e-01, 2.59580702e-01,-6.90955734e+00,-2.00682602e+01,
  -2.56549764e+00,-7.42905474e+00,-6.72367811e-01,-1.72672069e+00,
  -4.01331139e+00,-4.73825979e+00, 3.98271704e+00, 4.41914988e+00,
  -2.73730302e+00, 4.62538630e-01, 5.31260073e-01,-1.12995255e+00,
   9.31523681e-01, 7.78236210e-01,-9.07782650e+00,-9.94752765e-01,
   4.76637363e+00,-1.43835564e+01,-2.26227975e+00,-1.93011093e+00,
   4.44211626e+00,-2.79812622e+00, 2.91737533e+00, 1.83395177e-01,
  -1.24378347e+01,-1.80176806e+00, 6.93956017e-02, 2.06595603e-02,
  -1.17216909e+00, 2.03498578e+00,-2.97430485e-01,-3.47972423e-01,
   4.51176971e-01, 4.50260115e+00, 2.25864947e-01, 2.99562860e+00,
  -1.16641354e-03,-1.73459411e+00, 2.41257858e+00, 3.62193179e+00,
   1.84792531e+00,-1.12700968e+01, 6.01068020e-01,-1.16159630e+00,
   1.54465926e+00, 9.45551991e-01, 7.23862505e+00,-3.60820484e+00,
  -3.01111245e+00,-2.55064034e+00,-5.86408615e-01, 3.38953161e+00,
   1.45129514e+00,-7.52007103e+00,-9.49245244e-02,-1.36108387e+00,
   4.05682325e+00, 6.41203833e+00,-4.81281042e+00, 7.49859750e-01,
  -3.23896360e+00,-1.33333731e+00, 4.78988600e+00,-2.20177412e+00,
   2.31659722e+00, 3.28660178e+00, 3.08623970e-01, 9.31135058e-01,
   3.83162427e+00, 1.97707140e+00,-6.15796280e+00,-1.72639620e+00,
   9.38830674e-01,-2.09986016e-01, 1.03915319e+01, 5.79283655e-01,
   6.56601524e+00, 2.37250042e+00,-4.29542303e+00,-1.70780611e+00,
  -6.27426338e+00,-2.74256915e-01, 1.39901459e+00, 3.68663406e+00,
  -3.66258645e+00,-4.30584177e-02, 9.81850207e-01,-5.89904976e+00,
  -1.32508028e+00,-2.00161672e+00, 5.51423311e+00, 1.32120216e+00,
   2.81703925e+00,-3.81925970e-01, 2.14349013e-02,-1.07126677e+00},
 {-4.39682633e-01,-5.21233797e+00, 5.59301329e+00, 3.27279478e-01,
   2.02025867e+00, 7.02035999e+00, 7.81906724e-01,-1.14259414e-01,
  -5.70238590e-01,-4.37621117e+00,-1.40806019e+00,-3.24984384e+00,
   3.59012818e+00, 2.92169380e+00, 1.90279806e+00,-4.39658999e-01,
   2.12499928e+00, 2.85622191e+00,-4.56997108e+00, 8.61887550e+00,
   2.18388462e+00,-5.77244139e+00,-1.32720661e+00,-4.39790785e-01,
   3.31265068e+00, 9.34259987e+00, 7.55536747e+00, 3.68843460e+00,
  -1.36484957e+00,-7.45084763e-01,-5.36565113e+00, 4.32710457e+00,
  -5.39113045e-01, 3.62606812e+00, 5.11688411e-01,-5.39496183e+00,
   1.24436951e+00, 1.55900776e+00, 2.26270890e+00,-3.06389141e+00,
   4.15855503e+00,-1.66468883e+00,-3.74359220e-01,-4.26093578e+00,
   1.49010599e+00,-7.76662970e+00, 4.40794373e+00,-4.45782042e+00,
  -7.05948734e+00,-1.27555170e+01, 1.22356110e+01,-6.00043631e+00,
  -8.90131950e-01,-9.83036220e-01, 1.40752351e+00, 1.01447076e-01,
   1.70069563e+00,-3.23061037e+00,-2.00185947e+01,-2.08522282e+01,
  -2.35432196e+00, 4.78542423e+00, 1.20501721e+00, 3.88815284e+00,
   1.02025878e+00,-4.48576641e+00,-1.50347328e+00,-1.26162207e+00,
   1.12695649e-01,-3.57981706e+00,-4.11414766e+00,-2.82915854e+00,
   2.45145917e-01,-3.50951123e+00, 5.19985929e-02, 4.74608570e-01,
  -3.90459585e+00, 1.95983267e+00, 3.53750992e+00, 9.18970776e+00,
  -7.98007905e-01, 4.45773363e+00,-2.32832146e+00,-6.91589475e-01,
  -1.58227956e+00,-1.05570817e+00,-1.74606478e+00,-3.35135609e-01,
  -6.78431940e+00,-1.09170139e+00, 5.95850897e+00, 1.30143011e+00,
  -2.14578795e+00, 8.36280107e-01,-2.28992641e-01,-1.66542161e+00,
  -3.35325313e+00, 2.81939149e-01, 3.56699944e-01,-4.38561916e-01,
  -5.74709272e+00,-2.75523901e+00, 1.73179984e+00, 2.70123315e+00,
  -2.12666810e-01,-7.76548433e+00,-4.64293671e+00, 6.40455842e-01,
  -3.43237615e+00,-2.34694362e-01, 3.03270316e+00,-5.42245470e-02,
   3.31675299e-02,-1.52521953e-01, 7.66712427e-01,-2.95432353e+00,
   8.61359239e-02, 7.06344545e-01,-2.96356916e+00,-9.75554657e+00,
   1.54026330e+00, 8.23576748e-01, 1.15276170e+00,-4.09533203e-01,
  -5.88235331e+00,-9.11234951e+00, 3.87571359e+00, 1.76542950e+00},
 {-5.94072878e-01,-3.73441911e+00, 1.51881456e-01,-1.61772311e+00,
  -1.79538941e+00,-3.66918945e+00, 1.70431042e+00, 2.70818204e-01,
   1.02636766e+00,-2.00311012e+01, 1.02127600e+00,-1.39420688e+00,
  -1.51402593e+00,-3.25158954e+00,-3.67481232e+00,-2.43410364e-01,
  -7.41529882e-01,-3.63913703e+00, 5.48365116e-01,-1.21236410e+01,
   1.48326921e+00, 7.33825445e+00, 1.12428057e+00, 6.62684500e-01,
  -2.83979595e-01,-9.31444645e+00,-1.79993069e+00,-1.53051484e+00,
   9.61080730e-01,-1.56593001e+00,-3.24217772e+00,-1.36666288e+01,
   1.26051068e+00, 1.69957089e+00,-1.71009731e+00,-9.99574947e+00,
  -1.21936691e+00,-2.25245285e+00,-1.45282960e+00, 4.30568695e+00,
  -2.13479209e+00, 4.46645737e+00, 2.14998469e-01,-4.52593756e+00,
  -1.95815432e+00,-3.75663728e-01,-9.41235638e+00,-1.36518526e+01,
   6.91826916e+00, 1.07054226e-01,-1.00596869e+00,-2.33163476e+00,
   1.56180906e+00,-1.55261927e+01, 4.01842737e+00,-4.13871080e-01,
  -4.56668186e+00, 1.16365813e-02,-8.97585773e+00,-2.52609468e+00,
   1.85064769e+00, 1.26935363e+00,-1.11047173e+00,-1.02622724e+00,
   1.21856701e+00, 5.85157692e-01, 6.36041451e+00, 1.24248517e+00,
   3.86034638e-01,-1.89172497e+01, 1.68366742e+00, 6.77003026e-01,
   3.38460028e-01, 1.14653826e+01,-6.51810050e-01,-5.73499024e-01,
  -2.61971001e-02,-3.20887685e-01, 1.21883774e+00,-4.44971323e+00,
   2.53268242e+00,-5.33623099e-01,-9.45554733e-01, 4.90898705e+00,
   5.03401101e-01,-1.68687582e+00, 4.82114494e-01,-9.43904459e-01,
   2.23196673e+00, 3.48428655e+00,-2.55433178e+00,-4.65188980e-01,
   2.43691683e+00, 1.87119134e-02,-1.96008429e-01,-2.15021443e+00,
  -2.57106376e+00,-3.79953074e+00,-1.35152698e-01, 2.55285144e-01,
   1.95360208e+00,-8.17000294e+00,-4.74147797e+00, 3.62749600e+00,
   1.30244538e-01, 5.67774916e+00, 5.15471458e+00,-1.53301907e+00,
   5.18378878e+00, 2.67105460e+00,-2.67068410e+00,-4.46943283e-01,
  -5.66282845e+00,-1.88424811e-01,-3.09314775e+00, 1.21733868e+00,
  -7.03791201e-01, 6.67019844e-01, 2.61672497e+00, 5.50773048e+00,
  -1.01571953e+00,-4.12810773e-01, 9.75783110e-01, 1.55710983e+00,
   2.62864685e+00, 1.50474459e-01,-1.07692266e+00, 1.75426018e+00},
 {-6.27337551e+00,-1.72133520e-01,-6.51463345e-02,-1.71260804e-01,
   9.88257790e+00, 4.73042870e+00, 3.44532765e-02,-7.42417634e-01,
  -3.05116773e+00, 1.15974031e-01,-2.22157136e-01,-1.90466307e-02,
   3.56737614e-01,-2.48932377e-01,-7.71355778e-02, 6.55639827e-01,
   2.45086479e+00, 8.89613819e+00,-2.44232163e-01,-5.24429321e-01,
  -2.04051122e-01,-6.68764877e+00, 7.84385920e-01,-2.20007785e-02,
  -1.21247625e+00, 1.34985886e+01, 2.49200797e+00, 3.33077717e+00,
  -3.03606820e+00, 2.32130975e-01, 3.24732393e-01, 2.60262072e-01,
  -1.41907558e-01, 2.04924732e-01,-3.04365540e+00,-6.43622577e-01,
  -4.35567904e+00, 2.70641518e+00, 9.63404715e-01,-7.62804651e+00,
   1.71876818e-01, 1.30381155e+00, 2.25937068e-02, 1.43423304e-01,
   1.01071429e+00, 3.99134964e-01, 9.97572005e-01, 1.04469575e-01,
  -9.11441898e+00,-1.35025317e-02,-2.33570412e-01, 3.89583945e-01,
  -2.90803504e+00, 8.04545078e-03, 3.12953115e-01,-3.05321254e-02,
  -2.22592741e-01, 9.13032651e-01,-2.18048692e-01, 3.25886125e-04,
  -1.99482119e+00, 1.09466350e+00, 3.68494987e-01, 4.99685049e-01,
   1.69059746e-02,-1.84394131e+01, 5.30025065e-02,-2.80160761e+00,
  -1.57692153e-02,-1.38969511e-01,-1.22051549e+00, 1.80074975e-01,
  -1.64200008e-01, 1.66560602e+00,-4.55177389e-03, 1.47016013e+00,
  -4.20170814e-01, 2.58336514e-01, 1.93994477e-01,-1.17119181e+00,
  -3.00501555e-01, 5.18261242e+00,-8.37424278e-01, 4.86694090e-02,
  -3.62970161e+00,-4.60660815e-01, 2.54967594e+00, 3.28698158e-02,
  -3.55255437e+00,-2.92914081e+00, 1.14822891e-02, 7.30508375e+00,
  -8.36830959e-02, 3.73934174e+00, 8.66644621e-01,-5.08526981e-01,
  -2.07518950e-01, 1.45129353e-01, 9.00422856e-02,-4.36017227e+00,
  -5.91117239e+00,-1.64778459e+00, 8.56767178e+00,-6.52079046e-01,
   1.09159835e-01, 6.02284856e-02,-5.03053856e+00,-1.02288151e+00,
  -1.45932198e+01,-1.50864732e+00, 3.77593255e+00, 5.43044209e-01,
   5.94329548e+00,-2.14895517e-01, 4.64875746e+00,-3.62662959e+00,
  -2.89900213e-01, 2.61360288e-01, 4.38825041e-01,-2.93678951e+00,
  -5.81691712e-02,-7.27790594e-02, 1.20616496e+00, 5.27720213e+00,
  -4.45752716e+00, 3.24474633e-01,-3.39167379e-02, 5.10041080e-02},
 {-5.12032583e-02,-3.39225531e-02,-1.07447527e-01,-4.29235920e-02,
  -1.05025485e-01,-3.06393411e-02,-2.57048681e-02,-1.32294998e-01,
  -5.16114794e-02,-5.30812666e-02,-3.64322215e-02,-8.59146267e-02,
  -7.48478100e-02, 1.99761745e-02,-1.14615038e-01,-2.42794771e-02,
  -7.25316778e-02,-4.51892689e-02,-1.96264833e-02,-5.42165712e-02,
  -8.86773393e-02,-6.38031289e-02,-2.73993704e-02, 2.90241325e-03,
   1.59589555e-02,-3.96297239e-02, 1.79851223e-02,-8.35450292e-02,
   5.76496385e-02,-9.22186524e-02,-1.10695258e-01,-7.93399513e-02,
  -1.32407293e-01,-1.93476751e-02,-7.00303763e-02,-3.41933779e-02,
  -4.12963890e-02,-7.18369558e-02,-4.87105101e-02,-6.91945627e-02,
  -1.23773783e-01, 1.30239530e-02,-9.37783420e-02,-4.96283248e-02,
   2.61532106e-02,-2.63044052e-02,-8.48171860e-02,-9.03879926e-02,
  -7.56251216e-02,-5.24672167e-03,-3.67297903e-02, 1.05488366e-02,
  -5.46603799e-02,-3.17473188e-02,-1.42455935e-01,-4.33883145e-02,
  -6.81591928e-02,-6.71463460e-02,-2.73686182e-02, 4.62083519e-03,
  -1.59674153e-01,-2.06413702e-03, 6.15019277e-02,-6.59862347e-03,
   3.48604061e-02,-2.68607028e-02,-8.64916146e-02,-8.32440555e-02,
  -8.47204104e-02,-4.98080030e-02,-1.92757957e-02, 3.18077691e-02,
  -6.49976125e-03,-7.79155716e-02,-7.82230273e-02,-9.03239176e-02,
  -7.24442676e-02,-1.69654321e-02,-1.59238651e-02,-1.42154172e-01,
  -7.64822438e-02, 3.63210402e-03,-1.08971514e-01,-9.84636247e-02,
  -8.16159695e-02, 1.44048091e-02,-4.19168510e-02,-8.15013498e-02,
  -5.96809462e-02, 3.70761426e-03,-3.10109463e-02,-1.43962977e-02,
  -4.18120027e-02, 2.49278694e-02, 3.99270356e-02, 4.58677858e-03,
  -4.00415882e-02,-4.51680012e-02,-1.10183455e-01,-6.80514127e-02,
   5.09731881e-02,-7.77624026e-02,-1.02856234e-01,-1.18323900e-01,
  -1.14225158e-02,-1.27633065e-01,-9.32831913e-02,-5.21762995e-03,
  -1.12154298e-02, 3.47513868e-03, 5.96270431e-04,-7.51106218e-02,
  -8.09891671e-02,-1.19226940e-01,-9.73472074e-02,-1.83716640e-02,
  -7.10676089e-02, 2.79851202e-02,-6.44313097e-02,-7.54314959e-02,
   3.06686591e-02,-9.30978358e-02, 1.32631063e-02, 2.29593273e-03,
  -9.72427949e-02, 2.45789755e-02,-7.24589825e-02,-8.45390856e-02},
 { 1.37550390e+00,-5.04141331e+00,-1.64757967e-02, 2.54238605e+00,
   6.34506845e+00, 3.18992591e+00,-3.03865105e-01,-4.56620902e-01,
  -9.70323324e-01,-1.69090538e+01, 9.60976660e-01, 3.29572511e+00,
  -5.08832407e+00,-8.04445553e+00,-5.55837095e-01,-4.35778618e+00,
   1.38604271e+00, 2.74584746e+00,-7.27307606e+00,-7.81123161e-01,
   1.82469070e+00,-1.51224065e+00,-1.61139166e+00,-8.69666994e-01,
  -2.22432175e+01, 1.35516367e+01, 8.08898735e+00, 5.13774061e+00,
  -2.71961379e+00, 2.82513428e+00,-3.23239422e+00,-6.04421425e+00,
  -2.87363791e+00,-2.40473866e+00, 9.21853483e-01,-1.42718449e+01,
   4.28017282e+00, 5.61889505e+00,-2.83139080e-01,-5.44557858e+00,
   4.16249895e+00, 1.96299005e+00,-1.43757534e+00,-6.00592661e+00,
   4.56362772e+00,-1.40116942e+00,-2.14965209e-01, 8.25603962e+00,
  -7.43400526e+00,-2.53508110e+01, 5.32926226e+00,-1.76966534e+01,
   7.92552412e-01,-3.04647613e+00,-3.41035748e+00,-2.07215309e+00,
   7.90082157e-01, 2.55727386e+00, 3.78813553e+00, 1.95300125e-03,
   3.20369864e+00, 2.67761970e+00,-2.00450945e+00,-2.20039821e+00,
  -8.62426567e+00,-4.03180242e-01, 6.76009846e+00,-4.13679123e+00,
  -2.51455665e+00,-2.96805267e+01,-4.46681690e+00, 1.24840152e+00,
   1.34590065e+00,-2.14240837e+00, 9.28805923e+00, 3.43822330e-01,
  -4.60867929e+00,-8.93695354e+00,-1.13722694e+00, 1.01333513e+01,
   1.18420172e+00, 3.44929790e+00,-3.69148925e-02, 1.12318020e+01,
  -1.38885367e+00,-2.00274992e+00,-4.71025372e+00,-3.30932647e-01,
  -3.16110778e+00,-1.79232681e+00,-7.94542217e+00,-1.30290353e+00,
   4.07814121e+00, 1.41884542e+00,-6.34346962e+00, 4.68364286e+00,
  -3.29235315e-01, 1.06527947e-01,-2.05484605e+00, 4.16630805e-02,
  -6.21128607e+00,-4.96685505e+00, 7.68388462e+00,-4.78984690e+00,
  -1.37714911e+00, 3.57538581e+00,-2.85749817e+00, 2.33741117e+00,
  -3.12477279e+00,-2.53607512e-01, 1.65422642e+00, 4.30323988e-01,
   2.83078837e+00, 1.92605782e+00,-5.31830728e-01,-6.91721821e+00,
   5.54648256e+00, 1.24274862e+00, 2.33003926e+00,-5.94611216e+00,
  -1.34391308e+00,-1.65012026e+00, 1.96475577e+00,-4.53419417e-01,
  -5.20906115e+00,-2.40688992e+00,-1.58919871e+00, 8.41841125e+00},
 { 5.12322783e-01,-1.94252402e-01, 4.86236811e-01, 1.66736379e-01,
   1.24036476e-01,-4.57750291e-01,-6.15750328e-02, 5.22709990e+00,
   2.36489058e+00, 9.28644061e-01, 2.28932470e-01,-5.61219677e-02,
   5.95230103e-01,-2.56585982e-02,-2.35384047e-01,-6.58215284e+00,
  -1.11421051e+01,-1.19652691e+01, 4.35029268e-01,-9.07358170e-01,
  -5.17121434e-01,-9.78151441e-01, 6.07222462e+00, 6.80491567e-01,
  -8.73859978e+00,-1.05478230e+01,-1.47334301e+00, 2.33760405e+00,
  -1.74416161e+00,-7.11080581e-02,-5.30468881e-01,-1.56843830e-02,
  -9.20345187e-02,-4.37511116e-01,-1.94397688e+00, 1.03777814e+00,
  -2.46833086e+00, 4.06842172e-01,-2.06436062e+00, 2.73664165e+00,
  -1.35414049e-01,-5.18578053e-01, 1.68457359e-01,-6.50290698e-02,
  -1.45896867e-01, 7.61325002e-01,-2.02214956e+00,-6.20327771e-01,
   1.83388920e+01,-1.71236634e-01,-8.72310027e-02,-1.77484110e-01,
  -2.22459030e+01,-3.23510259e-01,-7.35328436e-01,-5.06039988e-03,
   1.57574546e+00,-1.73172688e+00,-7.15983689e-01, 6.34741962e-01,
  -6.51557875e+00, 1.11473215e+00,-1.90083063e+00,-1.03958392e+00,
  -6.31087601e-01,-1.19995070e+00, 2.57980466e-01,-3.49963903e+00,
   2.62856007e-01, 3.72630030e-01, 2.52282500e+00, 8.47914398e-01,
   1.78378835e-01, 3.55407685e-01,-1.70568645e+00,-2.06840253e+00,
   7.44783785e-03, 1.38754759e+01,-8.01019788e-01, 8.51699829e-01,
   7.75993764e-01, 6.42273378e+00, 1.12587953e+00,-6.52575016e-01,
  -1.19410574e+00,-3.70441723e+00, 5.99665821e-01,-1.78807285e-02,
  -7.94041395e+00,-5.37746239e+00, 1.58452585e-01,-1.49461298e+01,
  -7.31045008e-01, 1.40922618e+00,-1.91047633e+00, 7.63831913e-01,
   6.88895822e-01,-5.38387179e-01, 2.07024485e-01,-2.18976326e+01,
   7.73785949e-01,-2.19502345e-01,-2.15020561e+00, 1.82538837e-01,
   1.01136878e-01, 3.51327993e-02,-5.39685535e+00, 7.60533333e-01,
  -8.82351017e+00, 8.78698921e+00, 4.41893578e+00,-3.61095190e-01,
  -1.47066426e+00, 4.31586713e-01,-3.21109033e+00, 2.86552846e-01,
   4.14395146e-02,-3.03125024e-01,-6.59450591e-01, 5.09757280e+00,
   2.30373502e-01,-1.10801414e-01,-1.34935322e+01, 5.52661037e+00,
  -7.54722643e+00,-4.06728655e-01, 1.44818890e+00,-3.33061486e-01},
 {-1.42832696e-01, 4.00689423e-01, 9.43697512e-01, 4.42773849e-01,
  -3.75951499e-01,-1.22344948e-01,-1.15319145e+00,-1.53669208e-01,
   3.94420266e-01, 3.71250081e+00, 7.87589729e-01,-7.58965611e-01,
   1.07179153e+00, 4.82433987e+00,-3.98120642e-01, 1.28358078e+00,
  -3.03098768e-01, 1.01197183e-01,-7.30461061e-01,-4.07639354e-01,
  -1.49108219e+00, 2.34096553e-02, 5.81397891e-01, 9.10492837e-01,
   2.50260979e-01,-2.13038802e-01,-1.63990498e-01,-4.33059484e-02,
   1.01794250e-01, 7.00832844e-01,-9.68513072e-01, 1.69929647e+00,
  -1.63329673e+00, 6.06581509e-01,-1.37341619e-01, 2.08853388e+00,
  -2.35575899e-01,-1.72670007e-01,-4.61200960e-02, 1.17422886e-01,
  -2.96819746e-01, 2.54768226e-02,-1.03715155e-02,-3.83858347e+00,
  -6.67694616e+00, 2.08956623e+00,-4.13411236e+00, 4.72530699e+00,
  -1.22464344e-01, 8.01291764e-01,-3.60422111e+00, 2.86873370e-01,
   1.46190599e-01,-1.98548949e+00,-8.19436193e-01,-2.49244366e-02,
  -3.81830096e-01,-5.02139032e-01,-2.06452942e+00, 6.90684199e-01,
  -7.43830681e-01,-1.74976915e-01,-9.71597552e-01,-9.43816975e-02,
  -7.11033881e-01,-1.46751851e-01,-5.01046360e-01,-1.69296965e-01,
   1.07121570e-02,-5.88372588e-01, 1.07764654e-01, 1.72301149e+00,
   1.47360846e-01, 1.98420286e-01,-3.49100447e+00,-1.00493610e-01,
   8.17168951e-02, 6.84374664e-03,-2.14557096e-01,-6.16522312e+00,
  -2.08149099e+00,-4.15041208e-01, 1.52738556e-01, 7.55019426e-01,
   3.08748811e-01,-9.59577918e-01, 6.91726478e-03, 7.09440768e-01,
  -4.65731835e-04,-7.52892345e-02,-4.32946086e-01,-1.81575108e+00,
   1.31687200e+00, 2.70183533e-02, 1.19872963e+00,-8.01715195e-01,
   5.33116639e-01,-4.10217017e-01, 2.75822353e+00, 8.87359753e-02,
   5.10114655e-02, 7.49736547e+00,-1.82986662e-01,-1.27159309e+00,
  -1.26227170e-01, 1.14504683e+00, 7.93402642e-02,-1.56493688e+00,
   6.43994883e-02,-1.36362299e-01,-1.92681774e-02, 5.87466769e-02,
  -8.40362310e-02,-1.12897611e+00,-3.96647382e+00, 6.02601647e-01,
  -5.04808617e+00,-3.82980444e-02, 2.48238778e+00,-2.13111329e+00,
  -8.57017219e-01, 5.15578389e-01,-2.67026663e-01, 3.25399101e-01,
  -8.92764889e-03,-2.08222532e+00,-1.51981831e-01,-1.01427391e-01},
 {-5.09318829e+00,-1.38263202e+00, 5.94409406e-01, 4.88566488e-01,
   2.95134497e+00,-4.09231262e+01, 1.19362712e+00,-4.14728355e+00,
  -2.63646269e+00,-2.47388721e+00,-5.02767503e-01,-1.67287219e+00,
   9.32727158e-01,-5.31516647e+00, 1.03988695e+00, 3.48078537e+00,
  -3.28359008e+00,-4.40026999e+00, 9.19781864e-01,-1.95145264e-01,
   2.36572146e-01, 2.74119306e+00, 1.93002343e+00, 1.66693360e-01,
  -1.04535913e+00, 4.07593918e+00,-6.12731886e+00, 5.95414352e+00,
  -6.07940331e-02, 9.16920066e-01, 1.55625904e+00, 4.41088772e+00,
  -5.98597646e-01, 1.20092487e+00,-2.95003206e-01,-1.55303836e+00,
   4.86607939e-01, 1.39550562e+01,-6.75780296e+00, 2.15116286e+00,
   4.44896173e+00, 3.58935267e-01,-6.41345009e-02, 1.29190817e-01,
   6.05928600e-01, 1.53899014e+00,-4.02916956e+00, 3.65337193e-01,
   2.20772052e+00,-6.14050686e-01, 1.08300686e+00,-3.39691550e-01,
  -2.12678599e+00, 3.38789485e-02,-2.02898622e+00,-3.54275614e-01,
  -1.76695576e+01,-2.10981917e+00, 6.23317361e-01, 2.08126616e+00,
   5.21314335e+00,-1.46738040e+00,-1.22945058e+00,-1.85954332e-01,
   4.49337482e-01, 3.04750395e+00, 8.31306219e-01,-1.82425964e+00,
  -9.19406638e-02,-7.76456475e-01, 9.34876427e-02,-3.66207153e-01,
  -3.43903378e-02, 1.60029423e+00, 7.16719568e-01,-2.66977102e-01,
  -4.68212128e+01,-1.89050877e+00,-2.87334299e+00,-4.57555866e+00,
   5.38347101e+00, 1.34570560e+01, 8.19615066e-01, 1.09911788e+00,
   1.55871902e-02, 4.43147421e-01, 3.76224422e+00,-4.12461944e-02,
   3.49142218e+00, 2.09670019e+00,-7.59826601e-01, 1.18271112e+00,
   2.09939145e-02,-1.82340086e-01,-4.43067837e+00, 6.16025567e-01,
  -2.26391721e+00, 6.71937987e-02, 1.18525840e-01,-7.47779250e-01,
  -1.86976075e+00,-1.20867401e-01,-2.41320324e+00,-1.07120228e+00,
  -5.79146981e-01, 7.30951130e-01, 2.77874184e+00,-3.93065631e-01,
   3.41630697e+00, 5.29691982e+00,-2.43855143e+00, 3.41723353e-01,
  -3.33488345e+00,-2.60951936e-01,-7.57366121e-01,-3.95387802e+01,
   1.05548632e+00, 5.20324945e-01,-7.58031964e-01, 1.19769216e+00,
   8.93758178e-01,-1.98918402e+00, 8.65427876e+00, 2.39288497e+00,
  -2.33093143e-01, 1.50794864e+00, 5.93875289e-01, 6.31731927e-01},
 {-4.40471792e+00,-3.31875347e-02, 6.25849236e-03, 1.45356460e-02,
  -8.04971695e+00,-6.35082674e+00, 1.84621233e-02, 3.58031601e-01,
   1.09848797e+00,-1.30098596e-01,-1.33471908e-02, 6.10639304e-02,
   4.25862428e-03, 1.44429109e-03, 1.02955233e-02,-1.66877210e-01,
  -7.42742002e-01,-2.05980945e+00, 5.81654999e-03,-3.32255751e-01,
   1.37889132e-01, 2.02687502e+00, 4.88528050e-02, 1.13069616e-01,
   1.46528006e-01, 5.15921593e+00,-2.95597851e-01,-1.69576206e+01,
   7.24694669e-01,-4.65081111e-02,-7.94314779e-03, 9.15097911e-03,
   2.44469941e-01,-4.99847047e-02, 1.05014575e+00, 6.23335727e-02,
   7.67381525e+00,-8.24256897e+00,-4.96212691e-01, 1.61820078e+00,
  -8.26795864e+00,-7.51725078e-01, 8.10815301e-03,-1.30881444e-02,
   1.56946972e-01,-6.88194633e-02,-1.77658886e-01,-1.03547595e-01,
   1.31768966e+00,-1.19971186e-02, 1.68525010e-01,-3.56113203e-02,
   6.77337468e-01, 2.43915934e-02,-3.05763073e-02, 2.89690755e-02,
  -1.61474934e+01,-3.11422851e-02,-3.23229611e-01, 2.97963563e-02,
   6.76427305e-01,-9.04294178e-02,-6.62164986e-02,-5.75241027e-03,
   8.21729302e-02, 1.06242495e+01,-2.96539813e-02, 4.77749616e-01,
   1.18557820e-02,-3.33752632e-02,-2.22389436e+00, 1.23121673e-02,
   3.97423245e-02, 5.25308514e+00, 1.21901929e-01, 2.39154911e+00,
  -1.12267055e-01, 2.38066554e-01,-7.09990552e-03, 2.25858971e-01,
   4.61281203e-02, 6.90631509e-01, 3.17190289e-02,-2.39894167e-02,
   8.14120293e-01,-6.18907772e-02,-1.12556458e+01,-6.43176064e-02,
   3.02657306e-01,-5.00804377e+00, 2.89390460e-02,-1.06470413e+01,
  -1.80073585e-02,-2.68098688e+00,-3.17097008e-01, 4.35881615e-02,
   2.12325472e-02,-1.54231861e-02,-1.86278876e-02,-1.98097563e+00,
  -2.58775091e+00, 8.72178435e-01,-3.99502468e+00, 5.67831323e-02,
  -7.65937520e-03,-5.41270785e-02, 4.67968369e+00, 2.79298961e-01,
  -5.17027807e+00, 3.57268572e-01,-1.12151098e+00,-4.06174719e-01,
  -1.15498996e+00, 3.71916592e-02, 5.79370451e+00,-4.38461602e-01,
  -2.28244513e-02, 1.62582472e-02,-7.23705441e-02, 6.42605186e-01,
   4.88286559e-03,-6.89020380e-02, 2.82891417e+00,-6.12989426e-01,
   6.65893674e-01, 1.20451105e+00, 5.89734204e-02,-8.92629754e-03},
 { 2.28495097e+00, 1.91098249e+00,-2.98393297e+00, 3.68503295e-02,
   5.91350031e+00, 1.06673622e+00, 2.75806308e-01, 4.16106081e+00,
   3.13759661e+00,-4.34304571e+00, 5.21047413e-01,-2.67033648e+00,
   2.01271510e+00,-2.66146684e+00,-2.65336633e+00, 5.23653650e+00,
  -2.51179934e+00,-3.00627589e+00,-1.49266374e+00,-2.80808067e+00,
  -4.54784244e-01, 6.36950350e+00, 1.59673738e+00,-1.47929919e+00,
  -4.78147459e+00, 6.35257244e+00, 1.33426762e+00, 8.35981464e+00,
  -2.57032490e+00,-2.73413688e-01,-5.75742817e+00,-1.70518863e+00,
  -2.19402507e-01,-3.08249688e+00,-4.43218231e+00, 4.45547724e+00,
   1.10192251e+01, 1.18245459e+01, 1.35751641e+00,-8.07604074e-01,
   7.93402624e+00,-4.09804165e-01, 4.08786684e-01,-5.43148398e-01,
  -2.61845064e+00, 2.82952726e-01,-2.14871931e+00,-2.52836514e+00,
  -2.81172395e+00, 1.14188051e+00, 4.53638124e+00,-1.41495258e-01,
   1.04376048e-01, 3.23639774e+00, 1.77380550e+00,-2.66801000e-01,
  -5.42890429e-01, 1.54868627e+00,-5.85027516e-01, 3.02989888e+00,
   3.30318999e+00, 4.93333578e+00, 2.21638012e+00,-7.91074276e-01,
  -1.85398579e+00,-2.13818216e+00, 1.47121680e+00,-2.75586462e+00,
  -4.62830365e-01, 2.31358886e+00, 5.02644777e+00, 5.17423376e-02,
  -2.31881395e-01, 2.74876308e+00, 3.29342991e-01,-2.47491956e-01,
  -1.70195866e+01,-7.97861195e+00,-2.76094586e-01, 1.00224555e+00,
  -1.02696590e+01, 5.15722990e+00,-6.33957028e-01,-1.35947621e+00,
  -1.64392891e+01,-1.24436922e+01,-2.07725096e+00, 2.35084727e-01,
   6.03705359e+00, 6.88508034e+00, 2.45360947e+00, 1.79047155e+00,
   1.15156627e+00, 6.75174296e-02,-1.40227211e+00,-6.32705092e-01,
   2.28682041e+00,-6.33822584e+00,-1.75905079e-01,-1.30644369e+00,
  -2.58855019e+01, 1.65971637e+00, 2.93965983e+00, 2.93631971e-01,
  -2.68732214e+00,-9.04494643e-01, 4.35536242e+00,-1.92579317e+00,
   4.19218969e+00, 3.69515944e+00, 4.89060372e-01,-2.17412400e+00,
  -5.81780005e+00, 2.27570152e+00, 2.76557064e+00,-2.87890892e+01,
   3.16251183e+00, 6.82250500e-01, 2.04328108e+00, 9.22010660e-01,
   6.06915176e-01,-8.82515371e-01,-3.07390839e-01, 6.90891838e+00,
  -3.99325347e+00,-3.22459722e+00, 1.44752598e+00, 1.38404441e+00},
 {-4.71970528e-01,-4.94180202e+00,-6.15992785e-01, 9.27179623e+00,
   5.08475590e+00, 4.42510366e+00, 9.00871992e-01,-7.51489937e-01,
  -2.51381254e+00, 1.63540435e+00,-4.45932418e-01, 3.10667896e+00,
  -5.95720351e-01, 1.86136937e+00, 2.03082657e+00,-4.24062109e+00,
   1.58446097e+00, 6.25607204e+00, 4.26517820e+00, 1.45688379e+00,
  -3.63171905e-01,-3.26376700e+00, 7.87214994e-01,-1.51138413e+00,
  -2.45786309e+00, 1.29700689e+01, 1.23048544e+00, 4.11735296e+00,
  -8.08132231e-01, 4.51821119e-01, 6.18491793e+00,-2.49412751e+00,
  -6.17987931e-01,-4.06718302e+00, 5.29947710e+00,-8.95188522e+00,
   1.11820164e+01, 1.39606225e+00, 1.42617667e+00,-5.45763350e+00,
   2.10396576e+00, 9.88638282e-01, 2.33657032e-01,-9.17887783e+00,
   1.95242429e+00,-1.60587001e+00,-4.57344627e+00,-1.00263252e+01,
  -8.43168640e+00,-4.43545961e+00,-7.91621351e+00,-6.35431051e-01,
  -3.88987684e+00,-3.25568867e+00,-7.24179685e-01,-3.49425912e-01,
   4.65321541e+00,-1.42881429e+00, 1.06101096e+00,-2.07588434e+00,
  -3.34948272e-01, 2.99715590e+00,-1.78531241e+00,-2.70564318e+00,
  -1.82782531e+00,-5.60627604e+00, 2.30232090e-01,-3.81853366e+00,
   5.02093673e-01,-3.98269272e+00,-4.70077944e+00, 5.89914262e-01,
   6.89661384e-01, 9.78557885e-01,-1.09786952e+00, 1.35509634e+00,
  -4.13185507e-01, 1.28657609e-01,-6.99497128e+00, 3.12809038e+00,
  -3.94597197e+00, 6.49783707e+00, 7.81136131e+00, 4.02382183e+00,
  -2.09146738e+00,-6.60377312e+00,-3.87721229e+00,-2.17642993e-01,
  -5.13231039e+00,-2.69711542e+00,-4.15379477e+00, 3.27261090e+00,
   1.03075421e+00,-3.24951243e+00,-8.00416946e+00, 1.37106190e-02,
  -2.89208317e+00,-1.31593275e+00, 4.95218664e-01,-2.73074746e+00,
  -3.69139099e+00,-5.42847574e-01, 4.23128796e+00,-7.40734279e-01,
  -1.94086778e+00,-1.07102633e+00,-2.06459069e+00,-1.01234217e+01,
  -8.03678417e+00,-4.32039690e+00, 2.13077044e+00,-8.36035758e-02,
   3.74227595e+00,-4.20168728e-01,-4.98709154e+00,-2.07977605e+00,
  -3.63317776e+00, 2.74711072e-01, 3.52577949e+00, 6.39310300e-01,
  -2.33119297e+00,-4.23171711e+00, 1.33912492e+00,-5.20679998e+00,
  -3.39945865e+00,-3.90197694e-01, 1.47334242e+00, 2.12604189e+00},
 { 6.30116642e-01, 5.38311958e-01,-2.55402066e-02, 3.16323996e-01,
  -7.37569273e-01,-1.37954265e-01, 2.09185719e-01, 6.20671511e-02,
   8.14134255e-02,-3.97054732e-01,-2.83866730e-02,-1.13622285e-01,
   2.66355515e+00,-1.61195385e+00, 1.46030986e+00, 5.15920877e-01,
   1.54345468e-01,-3.17166448e-01, 8.06952596e-01,-1.15555305e+01,
  -1.79977143e+00, 1.39213547e-01, 1.13381900e-01, 4.12790924e-02,
  -6.91389680e-01,-6.24460459e-01,-8.53490055e-01,-4.45302606e-01,
   4.47446287e-01, 1.38794219e+00,-6.87183440e-02,-1.75583899e+00,
   1.24183059e+00, 3.61397713e-01, 8.56066167e-01, 4.35662651e+00,
  -4.58117396e-01,-5.27323663e-01, 2.34596059e-02, 2.96786517e-01,
  -2.52320468e-01, 3.18653989e+00, 7.05727339e-01,-8.36178124e-01,
  -3.46336484e-01, 3.67970085e+00, 5.02751946e-01,-1.72188222e+00,
   5.63003123e-01, 8.63591969e-01, 4.64175034e+00,-1.18769228e+00,
   1.67731300e-01, 5.86514187e+00, 3.09660614e-01,-3.65429968e-01,
  -7.10948944e-01,-2.35185437e-02,-5.51086187e-01,-1.09176457e+00,
  -4.78261709e-01, 5.39744139e-01, 2.58545309e-01,-5.66649079e-01,
  -2.36740097e-01,-2.89191484e-01, 2.76351452e-01,-4.92497943e-02,
   2.70581651e+00, 4.18079853e+00,-2.60299951e-01, 1.47281110e-01,
   1.91489851e+00,-9.26384807e-01,-1.04999828e+00,-1.82420551e-03,
   3.46945077e-01, 2.34338455e-02, 1.26350033e+00, 4.91453695e+00,
   3.57312679e-01, 8.21265876e-02, 1.12782836e+00,-2.19067359e+00,
   6.51719987e-01,-3.59938455e+00, 3.17554027e-01,-7.93688238e-01,
   1.76834315e-01, 4.52678144e-01,-1.16552138e+00, 3.09306800e-01,
   1.97311795e+00,-1.13043651e-01, 5.61239839e-01,-1.45029533e+00,
  -7.84261301e-02,-1.30623984e+00,-3.43347013e-01, 4.44553932e-03,
   3.34165066e-01, 4.75512326e-01,-1.09700479e-01,-6.86531782e-01,
  -6.89946651e-01,-6.89828813e-01, 2.77660251e-01,-3.36732960e+00,
   6.09770775e-01,-4.47470784e-01,-2.54672170e-01,-1.08685285e-01,
   3.22675675e-01,-3.41729403e+00, 1.54198468e+00, 6.75167859e-01,
   1.34092045e+00,-4.14294988e-01,-3.86994272e-01, 1.04165232e+00,
  -1.31381825e-01, 2.73172021e-01,-7.64891088e-01,-5.29637694e-01,
   4.84635919e-01,-5.17203283e+00, 1.25724411e+00, 4.89461809e-01},
 { 1.40005577e+00, 4.41684693e-01,-4.80927134e+00,-6.57430267e+00,
  -1.11151619e+01,-2.25292645e+01,-7.50686824e-01,-2.36949787e+01,
  -2.37413073e+00,-3.88820267e+00,-3.91932011e-01,-4.13644171e+00,
   1.64585912e+00, 3.56242847e+00,-6.22903061e+00,-8.19591236e+00,
  -3.22611594e+00,-2.91868854e+00,-5.16837299e-01,-7.33622730e-01,
   1.48811686e+00,-1.13724887e+00,-6.55402708e+00,-1.10002410e+00,
   1.60251468e-01,-3.23811412e+00,-4.20738411e+00,-3.52298141e-01,
   3.49871731e+00, 6.65530920e-01, 2.10552025e+00, 4.51639605e+00,
  -4.61698592e-01, 5.49582863e+00, 1.69878364e+00,-3.05186486e+00,
  -2.38103539e-01, 4.22166157e+00, 7.32891560e-01,-5.43730497e+00,
   1.72174034e+01, 7.74609804e-01,-1.83008462e-01,-8.07006645e+00,
  -1.54633486e+00, 5.60069144e-01,-8.35781157e-01, 1.35006571e+00,
  -1.33162928e+00,-6.56619191e-01, 1.62763464e+00,-1.11444006e+01,
   4.10451269e+00, 1.48954678e+00,-2.04779840e+00, 1.86319977e-01,
  -7.85141325e+00,-7.81866461e-02, 1.61595404e+00,-8.75808907e+00,
   3.57751036e+00,-1.81874967e+00, 1.86095345e+00,-6.28105283e-01,
   1.80737233e+00,-7.70581365e-01, 2.17354012e+00,-2.47294083e+01,
   2.31042832e-01,-3.95098209e+00,-1.29756892e+00,-3.32438016e+00,
   1.01941474e-01, 3.07415366e+00, 5.23748100e-01,-2.79194331e+00,
  -7.35603790e+01,-3.92463064e+00,-1.76169956e+00,-5.42779016e+00,
  -1.65453601e+00,-2.31505728e+00,-4.97087860e+00,-5.76356292e-01,
  -5.19961357e+00, 8.89280200e-01, 1.29448891e+00, 2.04585224e-01,
   2.87728763e+00, 1.34431410e+00, 2.62469292e-01,-1.44862103e+00,
   8.85218263e-01,-4.17908400e-01,-3.73281288e+00,-1.21282339e+00,
  -1.51562190e+00,-2.16055792e-02, 3.59557658e-01,-1.85113811e+01,
  -5.57267904e+00, 6.52283430e-02,-4.20022297e+00,-1.44249499e+00,
  -2.02914238e-01, 5.46290040e-01, 4.37621212e+00,-2.13640475e+00,
   5.44332123e+00, 1.76062912e-01,-2.24265561e-01,-1.48393850e+01,
   3.12144488e-01,-8.73799384e-01,-3.44911885e+00,-9.58264160e+00,
   2.58421803e+00, 8.95698369e-01,-1.54635239e+00, 3.24149966e+00,
   1.09165597e+00,-2.34448099e+00,-1.97145790e-01, 1.21007156e+00,
  -7.57075024e+00,-3.78441763e+00,-1.85798204e+00, 5.40944874e-01},
 {-3.57157135e+00,-4.21271212e-02, 3.53579223e-02,-3.13776080e-03,
  -8.54728937e-01,-3.01038176e-01,-1.29617406e-02,-9.13227499e-01,
  -5.70963956e-02,-1.80399492e-01, 5.21643274e-03, 3.19734700e-02,
   8.61620158e-03,-3.88832055e-02, 5.50952442e-02,-1.89427838e-01,
   2.98488736e-01,-1.98995419e+01,-4.88998508e-03, 1.61908567e-01,
   1.49750322e-01, 2.60298615e+01,-1.00337446e+00, 4.08405624e-03,
   1.29331619e-01,-4.48549271e+00,-4.62598610e+00, 8.34321454e-02,
  -1.43029857e+00,-3.76772620e-02,-1.90015044e-02,-4.06292714e-02,
  -2.24422179e-02,-5.20458594e-02,-2.93358517e+01, 5.46746962e-02,
  -1.45023680e+00,-3.21709692e-01, 1.41961021e+01, 1.62639892e+00,
  -2.16747478e-01,-8.91689718e-01,-1.35661466e-02, 2.58338992e-02,
   6.98067471e-02,-8.70474726e-02,-9.97244716e-02,-6.41764104e-02,
   2.40770936e+00,-4.08715792e-02, 2.17489511e-01,-4.85279076e-02,
   6.33813810e+00, 1.97348930e-02,-5.52017763e-02, 2.38180533e-02,
  -4.15808773e+00,-2.61560045e-02, 1.54973060e-01, 8.46817419e-02,
  -7.49726593e-01,-1.01745978e-01,-1.10335134e-01,-7.81469140e-03,
   1.49803087e-01,-1.03264923e+01,-2.64918897e-02, 4.39424038e-01,
  -1.33165140e-02,-6.83028400e-02, 5.28460383e-01,-3.25409113e-03,
   3.42941992e-02, 3.78674358e-01, 1.30977258e-02, 2.25168443e+00,
   6.05343759e-01,-3.71322799e+00,-1.53461946e-02, 1.49311468e-01,
   8.65377709e-02, 1.39342701e+00, 7.42924660e-02,-4.56682295e-02,
  -3.98014045e+00,-1.61910519e-01, 5.57313561e-01,-5.33119254e-02,
   2.00960493e+00, 5.59942436e+00, 8.90063681e-03,-1.83678591e+00,
  -4.60246727e-02,-6.11166656e-01,-2.97100216e-01, 8.84696022e-02,
   3.14191505e-02,-4.95469272e-02,-5.03417179e-02,-1.10337473e-01,
   4.49414730e-01, 1.20520687e+00,-7.05366850e-01, 1.14009833e+00,
   8.71149972e-02,-1.31346863e-02,-3.09606481e+00, 1.86346933e-01,
   6.86431885e+00, 4.93499279e-01,-1.18992698e+00,-5.72037840e+00,
  -9.42917919e+00, 2.67879106e-02, 3.32371205e-01,-1.75723463e-01,
   3.29365060e-02,-9.89085585e-02,-4.69757542e-02, 1.00757730e+00,
   6.33737398e-03,-1.37184158e-01, 3.72272611e+00,-1.50660217e+00,
  -2.28740954e+00, 4.22206730e-01, 4.88315858e-02,-2.29672249e-02},
 { 6.00315571e-01,-2.78255969e-01, 3.29382825e+00,-8.10772610e+00,
   1.15441298e+00, 7.92517948e+00,-1.64905620e+00, 1.07099093e-01,
  -9.03936446e-01, 2.37561011e+00, 5.97282648e-01, 1.31684399e+00,
  -1.15597439e+01,-1.31372988e+00,-2.88101768e+00,-1.48657203e+00,
   2.58757782e+00, 3.92795205e+00,-7.29528761e+00,-5.54885006e+00,
  -4.24382973e+00,-5.12525654e+00,-1.12713766e+00, 6.29302800e-01,
   5.84210575e-01, 8.34345627e+00, 8.01354885e+00, 5.10744429e+00,
  -2.32174921e+00,-2.16189981e+00, 1.65738380e+00,-1.19042082e+01,
  -3.69780850e+00,-1.71091110e-02, 7.78110206e-01,-1.27528334e+00,
   4.57848692e+00, 3.62503529e+00, 2.98593998e+00,-3.92600250e+00,
   4.39303827e+00, 3.57673049e+00,-1.04141086e-01, 1.40758419e+00,
  -6.57694340e-01, 2.22624159e+00,-3.73401489e+01, 4.73891449e+00,
  -8.52870369e+00, 2.50898099e+00,-1.24604726e+00,-3.59550571e+00,
  -2.52180481e+00,-3.96083808e+00,-1.24245381e+00,-1.30176818e+00,
   3.59938908e+00, 1.28119669e+01,-1.00468981e+00,-1.00247729e+00,
  -1.51860192e-01,-5.87596416e+00, 5.30393934e+00,-1.08373284e-01,
   5.65660417e-01,-6.61730480e+00, 2.67255044e+00,-9.77247179e-01,
  -2.42463246e-01, 2.79715896e+00,-4.42058134e+00, 5.23858547e+00,
  -7.21074879e-01,-1.13862362e+01,-2.45844293e+00, 3.98326218e-01,
  -4.63896513e+00, 1.17552149e+00, 1.53969526e+00,-8.22966385e+00,
   1.13436568e+00, 5.74813604e+00,-4.33464575e+00, 2.52213359e+00,
  -5.56121707e-01,-4.84520960e+00,-2.83210254e+00, 1.45276114e-01,
  -8.97676563e+00,-2.44275022e+00,-1.00223780e+00, 4.29247236e+00,
  -5.73179960e-01, 2.50688624e+00,-3.74961287e-01,-9.63446677e-01,
  -7.40421534e-01, 1.22374372e+01,-9.68796968e-01,-6.65299920e-03,
  -6.94881678e+00, 7.06330824e+00, 2.58976960e+00,-1.56558454e+00,
   6.74898088e-01, 7.42670345e+00,-4.88036442e+00,-5.07468605e+00,
  -4.61852503e+00,-5.10099649e-01, 3.52163100e+00, 1.06312921e-02,
   2.68863499e-01,-6.04226065e+00, 6.80282784e+00,-3.09158397e+00,
   3.19555712e+00,-1.84296465e+00, 1.30048549e+00,-3.56069303e+00,
  -1.35235035e+00,-5.48670244e+00, 7.10375726e-01,-1.42592800e+00,
  -6.00961399e+00,-4.45362419e-01,-4.11014938e+00,-2.33524036e+00},
 {-1.76110700e-01,-1.41875803e-01, 4.28439647e-01,-4.71564859e-01,
   3.57767987e+00, 6.16567373e+00, 4.02312458e-01, 4.79435146e-01,
  -2.65846252e+00, 2.94867516e-01,-3.69802594e-01, 2.87416112e-03,
   1.83115870e-01,-2.34100312e-01,-8.27519521e-02,-3.44724476e-01,
   3.26208925e+00, 3.51847315e+00, 3.09308112e-01, 5.14933109e-01,
  -9.03761834e-02,-2.08366318e+01,-4.99693203e+00,-4.52739820e-02,
   1.40763712e+00, 7.41812801e+00, 4.09026718e+00, 2.48149133e+00,
  -1.98474813e+00, 1.07988238e-01, 7.41725981e-01,-8.13455805e-02,
  -3.33300009e-02,-9.66972411e-02,-7.41696775e-01,-1.22346985e+00,
  -1.27781427e+00,-4.87265974e-01,-2.44515538e+00,-2.57584524e+00,
   8.72934282e-01,-5.21323740e-01, 3.02597769e-02, 2.80032884e-02,
   1.95845056e+00, 3.60631078e-01, 2.48298764e+00, 3.60194057e-01,
  -7.71927977e+00,-5.01528196e-03, 1.32894710e-01, 7.78028727e-01,
  -2.70328021e+00,-6.58639014e-01,-3.56545210e-01, 2.34885857e-01,
   7.77977586e-01, 2.46074247e+00, 6.67752549e-02,-9.11230206e-01,
  -1.14879012e-01,-4.56971526e-01, 8.51904392e-01, 7.39916980e-01,
   1.57942399e-01, 2.99510121e-01, 2.84853503e-02,-3.24126625e+00,
   1.29927009e-01,-2.15620339e-01,-1.50614846e+00,-2.72235632e-01,
  -2.38302693e-01,-1.60332882e+00, 1.29971755e+00, 2.04960728e+00,
  -4.43579769e+00,-2.74451518e+00, 7.50358105e-01,-2.58135319e+00,
  -6.30059123e-01, 1.20244732e+01,-2.26152873e+00, 1.98451221e-01,
  -1.96259513e-01,-2.09588552e+00, 5.55254698e+00, 1.89808290e-02,
  -3.98979187e+00,-6.09452105e+00,-3.16913784e-01,-6.10602021e-01,
  -1.54076666e-01, 1.67710483e+00,-3.40711266e-01,-1.29426706e+00,
  -3.11375052e-01, 5.29975295e-01, 8.34828988e-02,-4.96192980e+00,
  -3.46182036e+00, 1.10113871e+00, 2.41641903e+00,-6.38843834e-01,
   9.77120027e-02, 2.29215369e-01,-8.81724262e+00, 5.97488284e-01,
  -1.49017639e+01,-5.53237557e-01, 2.77960181e+00,-2.61885524e+00,
   1.48117800e+01,-3.58152986e-02,-1.75282025e+00,-2.89931744e-01,
  -5.54928482e-01, 2.56742954e-01, 5.09624541e-01,-2.91516829e+00,
   1.02245562e-01,-1.96821392e-01,-1.33283472e+00, 4.10071802e+00,
  -3.49516869e+00,-3.89407665e-01, 1.78515315e-01,-1.79013371e-01},
 { 3.34857374e-01,-2.43611679e+01, 6.23517752e-01,-3.23802754e-02,
   9.22942981e-02,-3.17389965e-02,-8.94566774e-01, 1.29763791e-02,
   2.76730567e-01, 3.27142656e-01,-2.83339888e-01, 1.03799171e+01,
  -3.71656537e-01,-3.98345470e-01,-2.13431731e-01,-4.75860739e+00,
  -2.21143931e-01,-5.11592478e-02,-6.00958645e-01, 2.56154180e+00,
   1.30370760e+00, 3.51077110e-01, 7.72846937e-01, 3.04496467e-01,
  -1.17849016e+00,-1.00761138e-01, 3.63954633e-01, 2.50576556e-01,
   2.74148166e-01, 1.57065481e-01,-1.01806045e+00,-4.55924392e-01,
   5.42327285e-01, 1.52180548e+01,-1.35220885e-01,-3.71690035e-01,
   3.06565732e-01,-3.30342054e-01,-9.11110640e-02, 8.32105726e-02,
   2.17274204e-01, 5.02554893e-01, 3.95378381e-01,-1.19617850e-01,
  -3.45495605e+00, 4.70081997e+00, 1.88879967e-01,-8.45986545e-01,
  -5.03537416e-01,-6.41414719e+01,-2.05834746e+00,-1.69968456e-01,
   1.07512511e-01,-3.67296159e-01, 8.12696386e-03,-1.09224520e+01,
  -6.03257418e-01,-3.05742812e+00,-1.73817329e+01, 2.03632995e-01,
  -3.80038112e-01, 9.96464920e+00, 1.63033903e-02,-2.34075919e-01,
   1.59594784e+01, 3.76953721e-01,-1.80761194e+00,-1.95143044e-01,
  -7.62916148e-01, 2.99884588e-01,-1.13493867e-01,-5.58522522e-01,
  -7.69706631e+00,-4.58992243e+00,-2.65145719e-01,-2.30846003e-01,
   1.75366469e-03, 2.46032566e-01,-1.26037776e-01, 1.18104291e+00,
   4.30117965e-01,-2.04096977e-02, 3.32201242e-01,-4.30609882e-01,
   8.50524753e-02,-3.74115252e+00,-5.30625224e-01,-5.66790104e+00,
  -1.02336027e-01,-1.49505943e-01,-1.24081736e+01,-4.28492785e+00,
   3.63767171e+00,-2.07539603e-01,-2.30349493e+00, 1.44268438e-01,
   1.61988869e-01, 5.27389407e-01, 8.38172317e-01, 3.05836707e-01,
   1.27828032e-01, 1.00793257e+01,-7.20540702e-01,-2.58628702e+00,
  -8.04960728e-02,-2.31469202e+00, 1.04626514e-01,-8.05388355e+00,
  -4.38627675e-02,-2.87649632e-01,-8.31646696e-02, 7.22928569e-02,
   2.19842773e-02, 1.08660364e+00, 8.07638359e+00, 3.05222392e-01,
   1.89777243e+00,-3.49750829e+00,-5.43183088e-01,-1.62819004e+01,
  -3.20122957e+00,-1.20512123e+01,-5.87728024e-01, 4.82033134e-01,
  -3.53019655e-01,-2.13050499e+01,-3.55283165e+01, 9.54694176e+00},
 {-4.52716208e+00,-6.30534589e-02, 2.19935513e+00,-2.76976936e-02,
  -1.13210022e+00, 2.70745549e-02,-6.40969455e-01, 7.34643793e+00,
   3.45144200e+00, 9.27540123e-01, 5.30879080e-01, 9.12494242e-01,
  -1.43462038e+00, 6.30662823e+00,-3.80384254e+00, 6.57925569e-03,
   1.50126314e+00,-9.80909729e+00,-8.25141907e-01, 5.53037599e-02,
  -1.79335415e-01,-4.94386721e+00,-2.79023081e-01, 9.31274295e-01,
   7.82693815e+00,-5.20866060e+00, 3.77915710e-01,-3.88916993e+00,
   1.06097662e+00,-4.07335579e-01, 5.69611311e-01,-1.54724216e+00,
   6.89141691e-01,-1.30683672e+00,-1.70835257e+00,-2.32000256e+00,
  -2.49865031e+00,-3.83099771e+00,-2.04280242e-01, 4.16660452e+00,
  -1.40317516e+01, 1.00913393e+00, 5.00307143e-01,-5.82814646e+00,
   2.82575637e-01, 3.23548019e-01, 2.04799747e+00, 6.54708028e-01,
   3.63046432e+00,-1.25065759e-01, 2.55555010e+00,-4.85958481e+00,
  -1.34749711e+00,-9.11254883e-01,-5.37177265e-01, 6.54187918e-01,
   1.10398083e+01, 1.23376818e+01,-2.39087269e-01,-5.00502968e+00,
   3.90895820e+00,-1.55534685e+00,-3.69204670e-01, 1.51527137e-01,
   1.07431769e+00,-2.12397146e+00,-2.15176344e+00,-1.18776679e+00,
   4.60159570e-01, 7.52759993e-01, 2.46032253e-01,-3.06377459e+00,
   2.61334896e-01, 7.95855188e+00,-3.06999922e-01,-1.60761666e+00,
  -4.85914278e+00,-6.55437660e+00,-3.15708041e+00,-8.34747410e+00,
  -5.90396500e+00, 6.35264397e-01,-8.88702583e+00, 1.86534703e+00,
  -4.59326820e+01, 1.38300762e-01,-1.17526281e+00,-5.05383551e-01,
  -6.11839247e+00, 1.15329208e+01,-5.98783016e-01, 8.31892967e-01,
  -1.25861347e+00,-8.44266772e-01, 3.05043364e+00,-3.10331702e+00,
   8.19329739e-01, 1.25976622e+00, 2.48793960e-01, 1.64079607e+00,
   5.53475142e-01,-2.79649436e-01,-6.88632107e+00,-1.92233300e+00,
   3.18485498e-01,-4.52857763e-01, 7.50140142e+00, 2.94824076e+00,
   3.84188151e+00,-3.98388124e+00,-1.09612882e+00,-9.01759148e+00,
  -2.83083892e+00,-3.32324833e-01, 9.25032869e-02,-5.47283697e+00,
  -8.83527100e-02,-4.75125790e-01,-5.55603385e-01,-1.39295549e+01,
  -6.60696328e-01,-3.30166817e+00, 1.10028591e+01, 2.84654331e+00,
   2.24798679e+00, 8.41043741e-02, 6.20192826e-01,-1.05803931e+00}};

const float b2[sz_hid_2] = { 13.214379  , -5.540485  , -4.0824957 ,-16.540083  , -0.14450991,
 -12.319751  ,  3.9475439 ,  5.4564567 , -1.0192993 , -0.90903056,
 -16.690231  ,-13.916435  ,-14.636713  ,-13.145724  ,-16.375051  ,
  -8.993633  ,  0.28391317, -0.14723706, -2.6658702 ,-14.9839325 ,
  -8.328268  ,  6.309304  ,  0.939783  , -3.1843972 ,-14.705875  ,
 -16.328537  ,  3.0811334 , -1.9205079 ,-15.189395  , -1.5821959 ,
   7.4902253 , -6.964534  };

const float w3[sz_act][sz_hid_2] = {{ 4.3682316e-03, 1.8478948e-01, 1.0792896e-02, 2.6511736e-04,
   9.1959156e-02,-2.6297668e-01, 3.4123129e-01,-5.7549444e-03,
  -2.5161842e-03, 6.8009278e-04,-6.5555442e-03, 3.0733380e-02,
   3.2097761e-02,-2.3935840e-01,-2.2755427e-02,-2.6159650e-02,
  -1.4972474e-01, 1.8344484e-02,-1.4824459e-02, 1.6884960e-01,
  -9.0184286e-03, 2.3283204e-01, 1.1716333e-01,-6.5753937e-01,
   2.4706356e-01, 1.6440235e-02, 6.7083186e-01, 1.1820600e-01,
  -3.3920314e-02,-1.6336381e-01, 1.3445624e-03,-2.5405785e-01},
 {-9.9692285e-02, 2.4184599e-03, 9.7916640e-02,-1.0624506e-01,
   7.9458214e-02,-2.7260549e-02,-1.1037431e-02, 1.3532312e-01,
  -1.0307396e-01,-6.8213068e-02, 1.4816511e-01,-2.2667028e-01,
  -9.6068434e-02, 4.4622816e-02, 1.7471215e-01,-1.0306242e-01,
  -4.8607280e-03,-7.3304251e-02,-2.2554442e-01, 6.5722940e-03,
   1.3165669e-01, 4.0212469e-03, 6.4421445e-05, 7.3367883e-03,
   9.0158992e-03,-2.3423782e-01,-3.9598816e-03,-7.9304830e-04,
  -2.1297307e-01,-2.1268020e-03, 9.6302800e-02, 1.5273571e-03}};

const float b3[sz_act] = {-0.28962156, 0.33116162};

