const float w1[sz_hid_1][sz_obs] = {{ 9.82082263e-02, 6.75950572e-02,-4.60103178e+00,-3.88692904e+00,
  -7.05619752e-01, 1.18516827e+00,-1.87232345e-01,-1.70703566e+00,
   4.80910254e+00},
 {-9.29483920e-02,-2.39461241e-03,-6.32520199e-01, 1.07019734e+00,
   5.43502760e+00,-3.53341365e+00, 3.42903621e-02,-1.92888451e+00,
   7.84567818e-02},
 {-7.16615394e-02,-1.61307678e-01,-1.12076187e+00,-3.99446392e+00,
  -2.62052345e+00, 2.63474107e+00, 1.58997372e-01,-6.19449019e-01,
   1.35189235e+00},
 {-7.57616898e-03, 4.96346727e-02, 1.69409895e+00,-1.12819827e+00,
   9.21218514e-01,-2.09224690e-02, 9.89923179e-02,-2.51492691e+00,
   1.54303670e+00},
 {-6.57414943e-02,-1.87191553e-02, 6.97395992e+00, 2.99829054e+00,
   1.69822395e+00,-9.59820092e-01, 6.57511577e-02,-2.93040442e+00,
   8.01131368e-01},
 { 1.13955326e-03,-1.39831588e-01, 3.56345773e-01, 1.11434186e+00,
   7.64964044e-01,-7.21732199e-01, 1.33940399e-01,-3.31843495e+00,
   5.74579334e+00},
 { 6.10302435e-03, 1.30366848e-03, 1.84957206e-01, 1.75340664e+00,
  -2.11870146e+00, 5.44176042e-01,-5.23825511e-02, 9.99548316e-01,
  -2.45080161e+00},
 { 1.48758388e+00,-3.28909659e+00,-1.17161810e+00,-9.56641510e-03,
  -2.88812537e-02,-7.15528503e-02, 7.50196028e+00, 6.77337572e-02,
  -1.07832355e-02},
 {-2.06320584e-02,-1.55519061e-02, 6.30373001e-01, 5.18800831e+00,
   1.11096823e+00, 8.65922213e-01, 1.93339884e-02,-1.17336674e+01,
   1.96662962e-01},
 { 5.85420549e-01, 2.24452901e+00,-3.54064012e+00,-1.17769986e-02,
  -1.04009779e-02, 7.16962516e-02, 4.69533443e+00, 2.37253457e-02,
   5.08937202e-02},
 { 3.15022731e+00,-2.77542925e+00, 2.92209864e+00, 4.39084135e-02,
  -5.37840612e-02,-1.97002739e-02,-1.10038567e+01, 5.60128726e-02,
  -4.25875634e-02},
 { 1.07633874e-01,-4.11859974e-02, 2.00443435e+00,-2.22016811e+00,
  -1.87391949e+00,-2.46984410e+00, 1.03979170e-01, 3.51669550e+00,
  -4.95862627e+00},
 { 8.09673592e-03, 1.27755133e-02,-2.01151514e+00,-2.60020405e-01,
   6.15383506e-01, 1.15934334e+01, 1.84938647e-02,-7.43914604e-01,
  -8.03784933e-04},
 {-3.60102649e-03, 3.83483851e-03,-5.56796119e-02, 1.96973169e+00,
  -2.05164123e+00, 1.69313109e+00, 8.79715942e-03,-9.48754883e+00,
   3.19087766e-02},
 {-4.12688451e-03, 1.47091206e-02,-3.32454666e-02,-2.36917400e+00,
  -3.15744579e-01, 5.71007013e-01, 2.85524689e-03,-1.73268235e+00,
   1.12525806e-01},
 {-5.66123836e-02, 7.07118027e-03,-2.72068691e+00, 7.58950531e-01,
  -7.30754793e-01,-2.55774784e+00, 6.83385832e-03, 6.25367880e+00,
   1.40719843e+00},
 {-4.03694344e+00, 2.65613055e+00, 4.47975969e+00,-1.98239610e-01,
   1.52359915e-03, 1.09265856e-01, 4.03226733e-01,-5.30665927e-02,
   1.29269511e-01},
 {-1.27093494e-02, 5.68526424e-02, 4.18788701e-01, 2.78871346e+00,
   4.76785755e+00,-4.39560264e-02, 1.06120571e-01,-6.38292217e+00,
   2.53981328e+00},
 {-2.11497974e-02,-7.44601712e-02,-3.81633258e+00,-3.23711224e-02,
  -2.97893977e+00, 1.28898129e-01, 1.18767589e-01,-1.10019386e+00,
   2.81551600e+00},
 { 3.85711016e-03, 9.53441020e-03, 1.75553036e+00,-5.37652254e-01,
  -1.20474827e+00,-2.32329085e-01, 7.08145797e-02,-6.82755327e+00,
  -1.87548053e+00},
 {-1.09537935e+00, 2.12858844e+00, 4.27397871e+00, 4.01732996e-02,
  -1.39540076e-01,-1.79723248e-01,-7.47299910e+00,-2.05676425e-02,
  -1.45600513e-01},
 { 4.34134722e+00, 5.50827456e+00, 4.67740870e+00,-7.84041244e-04,
   1.85002142e-03,-2.36735842e-03,-7.16304970e+00, 1.38812298e-02,
  -8.31298679e-02},
 { 7.91282114e-03,-1.82391498e-02,-5.05828202e-01, 7.42523432e-01,
   1.22946703e+00,-4.37976986e-01,-4.01003007e-03, 8.08157063e+00,
  -1.34763455e+00},
 { 2.73136187e+00, 2.48852038e+00, 2.29897356e+00, 2.91501582e-02,
   1.08577207e-01,-1.47333995e-01,-5.69059420e+00,-1.25853613e-01,
   2.25928709e-01},
 { 8.04096282e-01,-2.88538980e+00, 1.19498167e+01,-2.60658795e-03,
   2.40197387e-02,-1.25975266e-01,-5.34289169e+00, 1.83847006e-02,
  -1.89157695e-01},
 { 1.63782999e-01, 1.73489600e-01, 7.75036097e+00,-1.71729159e+00,
   1.73251832e+00, 1.44000769e+00,-2.88682550e-01, 5.13378239e+00,
   2.47426748e+00},
 {-1.36048105e-02,-2.14927912e-01, 3.51916146e+00,-4.96496201e-01,
   1.72775328e+00, 4.98846136e-02, 1.72923893e-01, 5.05143344e-01,
   4.85734034e+00},
 { 7.67880306e-02,-3.84749956e-02,-9.03332606e-02,-1.85230112e+00,
   1.44407821e+00, 2.38466048e+00, 1.10996641e-01,-4.48867512e+00,
   1.80802882e-01},
 { 6.27820343e-02, 2.10371882e-01,-2.89427900e+00,-1.46079636e+00,
  -2.63475925e-01,-6.25722587e-01,-2.58804351e-01,-4.26891994e+00,
   3.03321552e+00},
 { 7.50908926e-02, 1.35413483e-02,-1.93147433e+00, 2.57362318e+00,
  -1.60769951e+00, 2.65473038e-01, 9.12021473e-02, 4.52519703e+00,
  -3.12223315e+00},
 { 1.44486356e+00,-4.17638826e+00,-7.97873640e+00, 8.99457857e-02,
  -6.45667538e-02, 2.16341410e-02,-3.34936857e-01,-1.33158028e-01,
   2.26439521e-01},
 { 4.21177101e+00,-2.60121882e-01,-6.45893955e+00, 2.88739949e-01,
  -1.54499426e-01,-2.94505209e-01, 5.15227699e+00,-1.39550090e-01,
   2.67563641e-01},
 {-7.35708892e-01,-2.75439167e+00,-8.36154175e+00,-9.15219858e-02,
   7.33193234e-02,-1.26447722e-01, 7.57545853e+00,-8.77945423e-02,
   2.10332066e-01},
 {-6.61247373e-02,-1.37363784e-02,-3.26711392e+00,-2.11908674e+00,
   1.29303634e+00, 1.41457915e+00, 4.75600623e-02, 4.13826990e+00,
  -3.21705008e+00},
 { 1.02709308e-02,-4.40017553e-03, 3.17381680e-01, 5.27226508e-01,
   1.46299374e+00,-5.06604671e-01, 4.15920727e-02, 8.62136173e+00,
   1.85641813e+00},
 {-7.55894035e-02, 1.00388341e-02, 1.42596930e-01, 2.58234429e+00,
   4.43599844e+00,-1.85742617e-01,-2.86159813e-02,-6.52871084e+00,
  -3.05470377e-02},
 {-2.31880993e-02,-8.60588253e-02,-4.42244291e-01, 8.92269492e-01,
  -4.65656328e+00,-2.42616117e-01,-7.97462016e-02, 7.05210638e+00,
   5.19667923e-01},
 { 1.61756277e-02,-6.75394991e-03, 1.10888481e+00,-2.38348078e-02,
  -2.76179576e+00,-7.18065679e-01, 5.10618463e-02, 4.69905519e+00,
  -5.43940403e-02},
 { 9.03368443e-02, 8.51305053e-02, 5.82037926e+00,-1.08061957e+00,
  -2.77649975e+00,-1.89916015e+00,-7.12318495e-02,-4.21721029e+00,
  -1.16558385e+00},
 { 5.92492335e-02, 3.00456733e-02,-6.79526210e-01, 6.62329912e+00,
  -2.80355841e-01, 1.94757903e+00, 2.43728720e-02,-1.01677008e+01,
  -4.25196588e-02},
 { 2.90122414e+00,-1.98994017e+00,-6.34074211e+00,-1.67658582e-01,
  -1.21976542e+00,-1.60705283e-01, 4.88553905e+00, 5.86626753e-02,
  -4.09516430e+00},
 {-9.04324371e-03,-7.88441487e-03, 1.93559472e-02, 4.35160112e+00,
   4.68025059e-01,-1.55513835e+00,-8.11398961e-03, 1.14555759e+01,
  -3.79586802e-03},
 { 1.91676281e-02,-1.39582187e-01,-2.55194068e+00,-2.60492563e+00,
   2.60982156e-01,-7.89374828e-01, 1.08944960e-01,-4.13124055e-01,
  -3.29229450e+00},
 { 3.21271946e-03, 3.04096602e-02, 9.95816112e-01, 9.84930277e-01,
  -1.63580370e+00,-1.67127728e-01,-5.30267917e-02,-8.34015465e+00,
   1.36805332e+00},
 { 3.56473780e+00, 1.80395567e+00, 2.28472972e+00,-1.78738814e-02,
   1.12476591e-02, 1.65492650e-02,-9.50803757e+00, 1.88188609e-02,
  -1.32883564e-02},
 {-6.75133765e-02, 1.01875765e-02, 3.69077468e+00, 9.74719167e-01,
  -7.19113767e-01,-6.07579947e-01,-2.12844424e-02, 4.21807432e+00,
  -3.81559038e+00},
 { 1.66913748e+00,-3.63955879e+00,-5.81808472e+00, 1.35226667e-01,
   8.47205147e-02,-6.95618838e-02, 7.37555790e+00,-1.14294246e-01,
   2.90028483e-01},
 {-3.58356871e-02, 4.35367133e-03,-1.08648605e+01, 3.57360020e-02,
   3.08379307e-02,-7.06447184e-01,-2.08045188e-02, 1.29554886e-02,
  -5.78859568e-01},
 { 4.43073654e+00,-3.03391218e+00,-4.36895943e+00,-1.18588218e-02,
   8.25421140e-03,-3.77963334e-02, 8.82693386e+00,-2.23281141e-03,
  -1.13769779e-02},
 {-1.18660939e+00,-3.95356894e+00,-2.56528020e+00,-5.23135550e-02,
   1.02654537e-02, 1.56112507e-01, 7.33673036e-01, 8.96193534e-02,
   1.61618944e-02},
 { 8.14371929e-02,-2.24544704e-01,-1.82844341e-01,-3.30292058e+00,
   1.15059566e+00, 2.88618088e+00, 1.97479129e-01,-9.23057854e-01,
   3.91549826e+00},
 {-2.89463382e-02, 1.20775299e-02,-1.41605005e-01,-7.20445991e-01,
  -1.16862869e+00, 1.94548756e-01,-5.88613674e-02,-7.08277845e+00,
  -4.76786256e-01},
 { 3.23723257e-02,-7.27169067e-02, 1.22721851e+00, 2.91703200e+00,
  -3.05002713e+00, 4.54795599e+00, 2.00636670e-01, 2.88125801e+00,
  -3.27191949e+00},
 { 2.19180137e-02, 1.94620024e-02,-3.92617059e+00,-3.23658437e-01,
  -1.11901188e+00, 1.16078183e-01,-5.25352098e-02,-6.26892424e+00,
   2.89859271e+00},
 {-1.37994766e+00,-2.41625500e+00,-4.70166063e+00, 7.53258392e-02,
  -1.60609540e-02, 6.99353144e-02, 5.58326626e+00, 6.59364462e-02,
  -1.02392128e-02},
 {-3.70709491e+00, 2.96626240e-01,-1.03404140e+00, 9.37297568e-02,
  -5.22218309e-02,-1.21312708e-01,-1.72324836e+00,-8.79382715e-02,
   1.88232046e-02},
 { 5.66792607e-01,-1.73547208e+00, 3.09361315e+00, 1.14382850e-02,
   2.32827365e-02,-1.09784007e-01,-5.61560011e+00, 3.47995735e-03,
  -2.23484319e-02},
 {-3.62240500e-03, 2.30665668e-03, 3.18686813e-01, 1.40731132e+00,
  -2.42341614e+00, 1.22099483e+00,-3.93801741e-03,-8.41213512e+00,
  -3.56042688e-03},
 { 2.41673970e+00,-2.87315160e-01, 3.20807672e+00, 1.86419457e-01,
   1.30710155e-02,-7.39726573e-02, 5.92086220e+00, 1.91751987e-01,
  -1.08190432e-01},
 {-6.60523772e-02,-8.56806338e-03,-3.38274050e+00, 2.48863888e+00,
   6.61809683e-01, 3.18054855e-01, 1.45645039e-02,-2.34579399e-01,
  -2.82995749e+00},
 { 1.33321190e+00, 3.51477361e+00, 4.67032766e+00,-4.00632657e-02,
   6.63684234e-02, 3.25196795e-02,-4.36980963e+00, 8.52924306e-03,
  -2.78058741e-02},
 {-1.36123728e-02,-8.63677636e-03, 7.50915846e-03, 3.43027186e+00,
  -8.07286561e-01, 3.35287929e-01, 5.61694689e-02,-9.20925331e+00,
  -7.58721633e-03},
 { 1.27546594e-01,-6.68018907e-02,-5.21127367e+00, 8.12951624e-01,
   1.73493624e+00, 1.03031445e+00, 2.99029887e-01,-1.13307035e+00,
  -5.23237562e+00},
 { 2.36907706e-01, 1.54023608e-02, 1.76971016e+01, 2.60421317e-02,
  -1.31653985e-02,-5.00920154e-02,-1.19119920e-02,-1.48112282e-01,
  -1.56544864e-01},
 { 1.28013482e-02,-1.58036295e-02,-2.24248722e-01, 7.51648620e-02,
  -1.06271231e+00, 4.54034209e-01, 8.89410302e-02, 3.43320084e+00,
   2.84652090e+00},
 {-1.54555347e-02,-6.16421364e-02, 4.98953313e-02,-3.35805058e+00,
   2.68279624e+00,-2.35635921e-01, 2.86425347e-03,-6.13257229e-01,
   1.69892528e-03},
 { 2.44498134e+00, 9.38238204e-01,-7.64858246e+00, 1.78320020e-01,
  -1.68430105e-01, 2.16570944e-01,-5.77995205e+00, 2.71457344e-01,
  -1.37486923e-02},
 {-2.17415476e+00,-6.28278923e+00, 6.94276285e+00,-2.08863001e-02,
  -1.37978299e-02,-1.82617247e-01, 2.05066371e+00,-1.71774067e-02,
  -9.98946577e-02},
 { 3.97415447e+00, 5.07063210e-01, 6.84504032e-01,-6.03842502e-03,
   2.31354646e-02,-6.94154426e-02, 9.86255455e+00,-7.67052099e-02,
   1.99088324e-02},
 { 1.72728207e-02,-3.36954519e-02, 1.19279957e+00,-1.29477727e+00,
  -2.78659791e-01, 4.14440334e-01, 1.42022381e-02,-9.01391220e+00,
   1.39055684e-01},
 {-1.38323102e-02,-4.30795476e-02,-3.28603101e+00,-8.44775856e-01,
   1.70364821e+00,-6.00087702e-01, 2.81157810e-02, 2.67902231e+00,
  -3.26873803e+00},
 {-1.13686016e-02, 3.12738009e-02, 2.18978047e-01, 3.68666053e+00,
   1.45101976e+00, 7.81788051e-01, 6.18121848e-02,-8.76867676e+00,
   1.04663633e-02},
 { 2.79494166e+00,-1.95812333e+00, 5.23784971e+00, 4.87438083e-01,
  -2.22161934e-01,-2.70087361e-01,-6.25073814e+00,-3.04009132e-02,
  -2.14969993e-01},
 { 7.75706291e-01,-1.95982373e+00, 3.73155427e+00,-4.21413444e-02,
   7.06245750e-02,-1.59263730e-01,-5.32738161e+00,-1.32998332e-01,
  -1.87004991e-02},
 { 4.17549461e-02, 1.24486554e-02,-2.97636420e-01, 8.10718477e-01,
  -5.25527859e+00,-7.35802114e-01,-2.90139206e-02, 6.36177826e+00,
  -1.07633471e-01},
 {-6.57304823e-01,-7.39183009e-01, 3.59812427e+00,-5.08966595e-02,
  -4.75005358e-02,-1.30317524e-01, 1.56908476e+00,-4.71729003e-02,
  -2.51423985e-01},
 { 5.48327589e+00, 6.11489117e-01,-6.63737345e+00, 1.15926147e-01,
  -4.74973489e-03, 1.22424942e-02, 1.25370512e+01, 7.80512840e-02,
   8.25804938e-03},
 { 3.99368286e+00,-5.22307014e+00,-2.43465233e+00, 3.28366086e-02,
   7.19727129e-02, 1.48506090e-02, 1.36099110e+01,-2.93364804e-02,
   9.10870209e-02},
 {-6.83877897e-03, 4.93528210e-02,-2.58242369e+00, 3.66408587e+00,
  -1.16340831e-01, 2.66830111e+00,-9.31012854e-02, 2.44328782e-01,
   8.52233768e-02},
 {-6.42753090e-04,-5.61505705e-02, 2.03865552e+00,-2.31539428e-01,
   1.85159361e+00,-4.17940587e-01, 3.41490582e-02, 2.22689033e+00,
   2.29570699e+00},
 { 3.25783396e+00,-3.96297836e+00, 5.85918546e-01, 3.31411287e-02,
   1.29202893e-02, 1.52817860e-01, 7.98387602e-02,-2.28834562e-02,
   5.02322651e-02},
 {-2.30462551e-02,-1.31983850e-02,-1.34707123e-01, 2.35242724e+00,
   4.64189911e+00,-5.87628663e-01, 3.31529863e-02,-4.24766016e+00,
   2.86304466e-02},
 { 4.89240360e+00,-9.38974142e-01,-4.48913193e+00, 3.31930742e-02,
  -9.52481572e-03, 6.15787655e-02, 9.41331005e+00,-4.60259840e-02,
   1.77705437e-02},
 { 1.01380718e+00, 2.25215602e+00, 1.55293965e+00, 3.44185792e-02,
  -2.29072161e-02, 6.99937269e-02, 7.58975983e+00, 9.00722370e-02,
  -2.71618851e-02},
 { 1.69393979e-02,-2.01993603e-02, 4.71220724e-02, 4.29248065e-01,
   2.93793529e-01, 1.56019077e-01, 4.90886718e-03, 7.69354105e+00,
  -8.83057714e-02},
 {-1.29570693e-01, 8.43163114e-03, 1.39422387e-01,-2.89133477e+00,
  -4.14079046e+00,-3.64359879e+00,-8.68786126e-02, 4.01760966e-01,
   4.69066381e+00},
 { 2.44082594e+00,-3.00816131e+00, 2.89651728e+00,-1.39886895e-02,
  -2.71864198e-02,-2.04807427e-02,-1.05270128e+01, 6.18776539e-03,
  -2.66213156e-02},
 {-6.85041631e-03, 7.74837211e-02, 2.97053546e-01,-2.57150793e+00,
  -6.24621034e-01,-2.29574013e+00, 4.01520915e-02, 2.41621113e+00,
   4.04406595e+00},
 {-6.27143830e-02,-7.08354637e-02, 2.40262604e+00, 3.17662382e+00,
   9.63252187e-01,-2.81445408e+00, 1.06900379e-01,-7.07762122e-01,
  -3.36479831e+00},
 {-6.67524571e-03,-8.66517499e-02, 2.23492670e+00,-3.72965050e+00,
   7.26495862e-01, 3.29375672e+00, 2.34823171e-02,-4.64389980e-01,
  -3.69536853e+00},
 { 1.94197595e-02,-1.62951499e-02,-1.08112931e+00,-5.96879959e-01,
  -4.41814810e-02,-5.40393233e-01, 5.27380891e-02, 1.66812289e+00,
  -5.86800933e-01},
 { 7.71650076e-02,-6.22955263e-02,-1.12122810e+00, 3.42348766e+00,
   9.18027610e-02,-6.99709892e-01, 6.68225884e-02,-3.74942756e+00,
   2.82679653e+00},
 { 3.84953176e-03,-1.13124889e-03,-2.09523529e-01, 1.32981873e+00,
   3.24047804e+00,-1.06094277e+00, 2.28900611e-02, 9.44666100e+00,
  -4.78734635e-03},
 { 9.50403437e-02,-1.92022715e-02, 6.34283006e-01,-7.91029871e-01,
   2.03335476e+00,-3.09729385e+00, 3.75628173e-02, 5.22908306e+00,
   1.12714127e-01},
 { 6.32219017e-03,-4.72348668e-02,-8.90175045e-01, 2.49618554e+00,
   3.25823784e+00,-1.13156416e-01, 1.06586263e-01,-6.42570829e+00,
  -3.61217952e+00},
 { 1.76424012e-02, 3.75115802e-03,-7.75649643e+00, 1.54428512e-01,
  -1.40119362e+00, 1.39682901e+00, 3.00676096e-02,-2.40740609e+00,
  -2.84423876e+00},
 { 4.42678295e-02,-3.41852419e-02,-6.92467019e-02,-1.27832398e-01,
   8.16536427e-01, 6.87930822e-01, 1.40270090e-03,-3.56517386e+00,
  -2.99166679e+00},
 { 3.22113885e-03, 1.94160212e-02,-6.34895042e-02, 1.71448135e+00,
  -5.48087502e+00,-1.27921975e+00, 1.73072871e-02, 1.13713589e+01,
  -8.55318159e-02},
 {-3.80904600e-02,-1.13237137e-02, 7.66676664e-01,-5.47545850e-02,
   1.00515261e-02,-8.62723255e+00,-1.41840130e-02,-5.04864492e-02,
  -5.15972041e-02},
 {-1.35626011e-02, 3.58456001e-03, 2.28279743e+01, 3.91304679e-02,
  -1.53882278e-03,-1.92076027e-01, 5.00734970e-02,-2.41211746e-02,
   2.50927312e-03},
 { 5.58609152e+00, 4.36861128e-01, 5.79326868e+00,-8.44037160e-02,
   1.39409546e-02, 1.01316646e-02,-1.35535164e+01,-6.32852092e-02,
   8.73444788e-03},
 {-5.59800379e-02,-3.51480418e-03, 1.64529860e+00, 4.06865788e+00,
   6.37668610e-01, 1.62805665e+00, 2.48149280e-02, 2.23929834e+00,
  -2.88614345e+00},
 { 5.54526560e-02, 1.55083425e-02, 2.76889473e-01, 3.17218781e+00,
  -2.40767550e+00, 2.32295156e+00,-3.99080366e-02, 3.43051362e+00,
   4.68680954e+00},
 { 5.36736138e-02, 1.59749556e+00,-9.58998966e+00, 5.17602190e-02,
  -2.72360947e-02, 1.39241457e-01, 6.99269915e+00, 1.77550226e-01,
   1.98841002e-03},
 {-2.41183686e+00, 2.69475985e+00, 8.85198116e+00,-5.25808185e-02,
   7.86910653e-02,-1.37706906e-01,-3.00953960e+00,-2.41613850e-01,
  -2.12971210e-01},
 {-8.16800475e-01, 5.10025454e+00,-1.68915498e+00, 5.11975214e-02,
   6.50868416e-02, 2.04197034e-01,-5.11693239e+00, 1.49445966e-01,
   2.14903075e-02},
 { 4.87790303e-03,-4.87191379e-02, 9.93154049e-02,-1.90053713e+00,
  -2.75411844e-01,-2.00666189e+00, 5.18619157e-02, 3.33215117e+00,
  -6.74723461e-02},
 { 1.45771047e-02, 2.37302072e-02, 1.56598973e+00, 1.19357862e-01,
  -1.15679550e+00, 8.14621508e-01, 1.60574451e-01,-1.07682991e+00,
  -5.09181166e+00},
 { 2.84382892e+00, 2.28902102e+00, 3.23192096e+00,-1.99840479e-02,
   1.02327742e-01,-3.81586365e-02,-2.18656015e+00,-6.37704059e-02,
   3.33664678e-02},
 { 2.08998900e-02, 3.35724442e-03,-2.92469482e+01,-4.92955893e-02,
  -1.34003852e-02, 4.63367552e-02,-7.73810744e-02, 4.42342460e-02,
   1.91661231e-02},
 { 1.90376732e-02,-5.94616532e-02, 4.40958023e+00, 1.43892324e+00,
   1.39769483e+00, 9.84084427e-01, 4.50565070e-02,-3.94243121e+00,
   2.70804310e+00},
 { 1.82153654e+00, 1.30145323e+00,-3.45013976e+00, 4.36487310e-02,
  -4.95364480e-02,-2.96619663e-04, 5.75127983e+00, 4.58830819e-02,
  -7.27468124e-03},
 { 6.52809888e-02,-4.01296333e-04,-4.36195230e+00, 1.27458262e+00,
  -1.58913863e+00,-1.25130141e+00,-6.17717728e-02, 3.90366364e+00,
   3.09522939e+00},
 {-3.58028850e-03,-3.00081484e-02,-7.51464725e-01, 2.67067766e+00,
   2.71733165e+00,-2.37589097e+00, 2.03487743e-02,-2.91400433e-01,
   2.37368846e+00},
 {-3.63746858e+00, 6.08123207e+00,-2.69219100e-01, 1.41583815e-01,
   2.20497530e-02,-1.45424783e-01,-1.20854914e+00,-2.00044677e-01,
   9.70967412e-02},
 { 1.61217737e+00, 7.32312083e-01,-4.11799192e+00,-6.04218096e-02,
  -2.20929701e-02,-2.61150245e-02, 4.06817532e+00, 6.29930273e-02,
  -1.68240126e-02},
 { 3.16108926e-03,-2.05270909e-02,-1.71315044e-01,-1.51715124e+00,
  -3.61679149e+00, 4.46407509e+00,-7.64818978e-04,-3.25432873e+00,
   3.32421027e-02},
 { 1.06872773e+00,-3.22408581e+00,-2.01921654e+00,-1.97234619e-02,
  -1.11963898e-02, 8.74689445e-02, 4.79177856e+00, 4.64720987e-02,
   1.83403082e-02},
 { 3.50004458e+00,-1.04008043e+00,-7.35160351e+00, 1.67852744e-01,
   1.68131804e+00,-2.12034717e-01, 3.73258948e+00, 4.44573551e-01,
   3.00804973e+00},
 {-1.08236298e-02,-8.92199110e-03,-7.37982541e-02,-2.02421904e+00,
  -3.33839869e+00,-1.24254525e+00, 4.86938423e-03, 2.12956905e+00,
  -3.68147120e-02},
 {-2.00586915e+00,-4.26228333e+00,-1.75280786e+00,-1.06165875e-02,
  -2.46453541e-03,-1.18810184e-01, 3.57570791e+00,-3.61065306e-02,
  -6.86745904e-03},
 { 6.94013238e-01,-1.49720237e-01, 9.28506851e+00, 1.66355610e-01,
  -2.77078778e-01,-2.61319354e-02,-6.14251792e-01, 2.66883373e-01,
  -2.76464790e-01},
 { 1.55203700e+00,-2.62999654e-01,-3.39759612e+00,-6.85265839e-01,
   2.12049675e+00,-8.86764303e-02, 3.55846858e+00, 1.93923578e-01,
  -2.07955003e+00},
 {-1.82959121e-02, 2.38841847e-02,-3.00039911e+00, 4.22933483e+00,
   2.06260383e-01,-4.82227653e-02,-6.63527474e-02,-6.14478111e+00,
  -1.24508822e+00},
 { 3.01819110e+00, 3.13246608e+00,-3.47747803e+00, 2.58861873e-02,
   2.61945315e-02, 8.75097737e-02, 1.06401300e+01, 2.03895140e-02,
  -2.57642865e-02},
 { 1.85695159e+00, 3.17213297e+00,-3.69773602e+00, 2.43850565e-03,
  -5.56842191e-03, 6.89110067e-03, 1.00491161e+01,-2.59216409e-02,
   4.13497761e-02},
 { 1.72787644e-02, 2.51353602e-03, 5.85214235e-02, 4.09771442e+00,
  -7.40241289e-01, 5.05956523e-02, 1.02901105e-02, 8.84924126e+00,
  -3.94920409e-02},
 { 7.50772357e-02, 1.68078527e-01,-1.20542288e+01,-7.58352652e-02,
   5.35270013e-02, 5.55395484e-01,-1.65682718e-01,-8.32330212e-02,
   2.11229101e-01}};

const float b1[sz_hid_1] = { -7.049232  , -6.0359173 , -4.816267  , -1.9384754 , -3.7365577 ,
  -4.2891374 , -1.6391832 , -1.9069175 , -5.1003833 ,  1.768426  ,
  -8.460245  , -5.402366  ,  1.5025058 , -6.5261965 , -0.7635784 ,
  -4.774954  , -5.4420557 , -5.923087  , -3.9717455 , -7.505269  ,
  -6.224963  , -3.4879472 , -7.09606   , -4.5991807 , -6.832346  ,
  -9.346221  , -6.0456047 , -3.3960407 , -6.349929  , -3.5683749 ,
  -2.459273  , -8.4101925 ,-11.228237  , -7.699553  , -7.8218846 ,
  -1.7454015 , -7.2640753 ,  0.43690068, -6.7603807 , -5.2028737 ,
  -9.365337  , -5.5128827 , -3.4126692 , -7.259242  , -3.939425  ,
  -2.2077692 , -6.9855304 , -0.9386219 , -3.5800269 , -2.1594605 ,
  -4.1803718 , -5.4019327 , -5.7560897 , -6.7307725 , -4.27189   ,
  -3.2234538 , -3.7891762 , -7.0592775 , -3.7103705 , -2.4920437 ,
  -3.8067493 , -4.997364  , -7.6741514 , -1.2059383 , -1.5703042 ,
  -2.839416  , -3.9448533 , -4.287872  , -4.6091847 , -5.0980425 ,
  -3.4932435 , -4.174699  , -6.3550677 ,  0.8823165 , -3.0954077 ,
  -0.9630792 , -5.6484394 , -1.4148383 , -2.9095087 , -2.9560604 ,
  -2.6522279 , -1.8372115 , -5.7985387 , -6.251998  , -3.2944353 ,
  -6.5388894 , -7.7095113 , -4.7368374 , -3.2211645 , -3.8561125 ,
  -0.13743135, -3.7878225 , -7.9028263 , -4.512803  , -3.4382024 ,
  -3.6345992 , -1.6295806 ,  0.32493988, -0.8387003 , -0.04395559,
  -5.4887385 , -3.7723165 , -4.065444  , -6.522543  , -5.1305146 ,
  -4.2679424 , -1.4001412 , -4.2403946 ,  0.14595152,  0.04013795,
  -2.1898413 , -2.7345276 , -2.0258205 , -3.66664   , -6.1041374 ,
  -0.1053507 , -4.8726172 , -2.979448  , -9.953018  , -1.7507229 ,
  -3.8179    , -2.6875498 , -7.122245  , -4.4476047 , -8.71222   ,
  -7.7949986 , -4.734078  , -0.8861959 };

const float w2[sz_hid_2][sz_hid_1] = {{-3.71178836e-02,-5.39647913e+00, 4.14770208e-02,-8.26207101e-02,
   1.96160865e+00,-1.01445394e-03, 6.79259971e-02,-2.59347819e-02,
  -1.05621487e-01,-8.39673579e-02, 4.03000027e-01, 1.12715137e+00,
   1.44831491e+00, 1.13215673e+00, 2.10528076e-01, 2.23790717e+00,
  -1.44842919e-02,-1.76046157e+00,-4.32749838e-03, 8.98925737e-02,
  -1.99423775e-01,-4.96408604e-02,-4.68867970e+00, 3.56688499e-01,
  -4.69752178e-02, 8.01568568e-01, 1.97238296e-01, 7.19300704e-03,
  -8.95074606e-02,-1.51128873e-01,-3.62032950e-02, 1.91266596e+00,
   3.59362513e-01, 3.60224992e-01,-7.22770691e-01,-4.68476303e-02,
   8.25549304e-01,-1.16989098e-01, 9.79411229e-03,-6.70864284e-01,
  -2.25301348e-02,-5.41228724e+00,-6.74309656e-02,-7.47443289e-02,
   3.32185924e-01, 3.86883140e-01,-7.99642652e-02,-8.16334605e-01,
   5.70036843e-03, 2.59473156e-02, 1.31057292e-01, 1.21123232e-01,
  -7.68747568e-01, 7.50123188e-02,-6.45139366e-02, 6.47637174e-02,
  -1.16749965e-01, 7.20560312e+00, 8.66063535e-02, 2.55680132e+00,
  -5.74482009e-02, 1.97189498e+00, 6.91168845e-01,-2.69524276e-01,
  -3.90852951e-02,-2.71908641e-01, 5.59325330e-03, 3.51413600e-02,
   1.01097981e-02,-5.67679346e-01,-8.27199399e-01,-2.82799393e-01,
   1.49144400e-02, 6.59530144e-03, 2.20244265e+00,-1.09104188e-02,
   1.26373187e-01, 1.17290681e-02,-1.60909128e+00, 5.55405796e-01,
   6.70563523e-03, 6.78728148e-02, 1.23554673e-02, 2.32704934e-02,
  -8.90567720e-01, 4.23549861e-02,-1.99515894e-01, 1.74718603e-01,
  -1.63062990e+00, 6.15491718e-02, 7.12167799e-01, 3.38150859e-01,
  -7.15048933e+00,-4.29651880e+00,-7.90155381e-02, 7.39535317e-02,
  -4.20385487e-02,-1.45859289e+00, 1.01479135e-01, 1.49298921e-01,
  -1.56090915e-01,-7.31519938e-01, 1.12038739e-01,-6.26414130e-03,
   1.20272696e-01,-9.35316551e-03, 6.19006062e+00,-3.66713181e-02,
  -1.60243493e-02,-8.47162381e-02,-1.37881353e-01, 3.11361048e-02,
  -4.72421378e-01, 5.55895269e-01, 9.24362913e-02, 7.23247509e-03,
   6.38058543e-01, 1.35046011e-02,-6.95660055e-01,-2.00387284e-01,
  -6.98104128e-02, 1.35646509e-02, 1.37207496e+00,-2.08365107e+00,
  -3.17403734e-01, 9.38474387e-02,-7.46765614e-01, 6.39468133e-01},
 { 9.36199665e-01, 2.22621751e+00,-3.20737422e-01,-2.17106605e+00,
  -1.52998424e+00,-4.85778427e+00,-1.06253886e+00,-1.05537403e+00,
   1.39949238e+00,-2.37396955e+00,-4.91642189e+00,-5.60909176e+00,
  -1.10049799e-01,-1.25399339e+00, 4.36512184e+00,-9.65587497e-01,
  -4.14303333e-01,-2.38480091e+00, 5.54324687e-01,-6.22371006e+00,
   1.47828484e+00, 3.85390192e-01,-3.69399691e+00,-7.81340599e-02,
  -1.03899455e+00,-2.73715281e+00, 6.92694187e+00, 1.51180136e+00,
  -5.39687157e+00,-3.35801649e+00, 1.47597957e+00,-5.91095638e+00,
  -2.41733384e+00, 3.54063964e+00, 4.15640295e-01, 3.06725174e-01,
  -6.00471687e+00, 1.50857463e-01, 1.31635952e+00, 3.35462749e-01,
   2.39676933e+01,-1.97444409e-01,-3.84634495e+00,-1.38527679e+00,
  -3.45407438e+00,-2.79848099e-01,-2.36675091e+01, 1.16842902e+00,
   2.92104006e+00, 8.58776629e-01,-3.97867823e+00, 2.17816687e+00,
   4.25985456e-01,-2.99853981e-01, 2.79269755e-01, 2.59443498e+00,
  -3.57002091e+00, 1.40766215e+00,-4.37975705e-01, 1.50163034e-02,
   3.96833229e+00, 2.99598306e-01, 4.45551664e-01,-3.51310945e+00,
  -1.96247101e+00,-1.14512086e+00, 3.64593267e-01, 1.43631530e+00,
   4.20779616e-01,-3.87387800e+00,-1.24898084e-01, 1.47988188e+00,
  -7.44796801e+00,-2.52631634e-01, 6.94362760e-01, 1.15829575e+00,
   2.80503869e-01, 4.94060010e-01, 1.57075822e+00, 2.12388992e+00,
  -1.02946734e+00, 8.21424723e-01,-3.93343472e+00,-1.31275010e+00,
  -2.68584418e+00, 1.05081308e+00, 6.89014077e-01, 2.66216421e+00,
   3.52848959e+00, 2.62556863e+00, 2.04102516e+00,-3.27954531e+00,
   4.56853819e+00,-4.03910303e+00,-6.39164388e-01,-7.78191388e-01,
   4.02086437e-01, 1.55822560e-01, 3.56234044e-01, 2.78969598e+00,
  -2.21379045e-02,-1.99366248e+00, 2.72004199e+00, 1.12758231e+00,
  -1.07314813e+00, 6.46029890e-01, 3.46481752e+00, 5.92723131e-01,
  -2.35827193e-01, 1.09494460e+00, 3.35197121e-01, 5.20100737e+00,
  -1.25925314e+00,-1.36357331e+00, 1.15336820e-01, 2.09846950e+00,
  -4.67242807e-01,-1.78987241e+00,-4.33137834e-01,-5.94961166e-01,
  -3.82829094e+00, 2.40235522e-01,-1.19058828e+01,-9.11003113e-01,
  -7.08305478e-01, 3.00203592e-01, 3.52565408e+00,-1.68439710e+00},
 {-7.74027929e-02,-4.12606373e-02,-1.60116870e-02,-4.93223369e-02,
   4.99870740e-02,-1.50810331e-01,-1.09243346e-02,-1.60034653e-02,
  -7.66402557e-02,-1.23689556e-02,-5.77130988e-02,-9.24206153e-02,
  -1.39100939e-01,-3.79109941e-02,-9.09246504e-02,-5.24645264e-04,
   4.23262268e-02, 1.55045036e-02,-4.64729965e-02,-3.85168754e-02,
  -5.66421300e-02,-1.12799540e-01,-3.85953672e-02,-1.32435516e-01,
   2.50216341e-03,-2.49837916e-02,-1.01504378e-01,-1.26269385e-01,
   7.11976411e-03,-1.10429049e-01,-1.11811705e-01,-8.42851624e-02,
  -7.61773884e-02,-2.47671939e-02,-1.61529034e-01,-8.61454085e-02,
   6.79841638e-02,-6.48925006e-02,-1.49451075e-02,-8.62079933e-02,
  -3.54707800e-02,-1.31750464e-01,-7.00716674e-02, 2.92865913e-02,
  -4.98191826e-02,-4.77021374e-02,-1.11722142e-01,-4.74791275e-03,
  -8.51503946e-03,-9.70734134e-02,-1.06486052e-01, 3.24504887e-04,
   6.56195625e-04,-3.55972648e-02,-3.95459756e-02,-3.01846545e-02,
  -4.34745587e-02,-1.21334605e-02, 1.62284039e-02,-4.52039726e-02,
  -7.47471526e-02,-4.74756956e-02,-2.37545837e-02,-8.25183187e-03,
  -6.42715096e-02,-2.08128672e-02, 3.66836414e-02,-2.09924821e-02,
  -6.30419552e-02,-5.34218624e-02,-3.41338255e-02,-6.77697584e-02,
  -9.07953456e-02,-3.71534266e-02,-6.04003808e-03,-3.51452939e-02,
  -1.21823385e-01,-8.67052525e-02,-2.32271887e-02,-3.76134440e-02,
   8.55200179e-03,-4.70247902e-02,-1.34356067e-01,-6.40133619e-02,
  -1.06621310e-01,-1.13924928e-01,-1.00273229e-01, 2.50660926e-02,
  -1.04416413e-02, 4.06972226e-03,-8.77263397e-03,-2.20684167e-02,
   4.42407019e-02, 2.68683285e-02,-5.97690530e-02,-5.38904592e-02,
  -1.55761875e-02,-9.28454027e-02,-1.40007928e-01,-1.07669957e-01,
   1.15918936e-02, 2.70871017e-02, 2.14514788e-02,-2.25686990e-02,
   5.34580648e-02,-1.37506276e-01,-1.27730086e-01,-7.71745443e-02,
   2.95939688e-02,-6.08448014e-02,-1.15331270e-01,-1.88547857e-02,
  -6.47879466e-02,-6.64518625e-02,-1.53973494e-02,-7.61943981e-02,
  -1.19879507e-01,-9.65467468e-02,-3.40661802e-03, 1.07011003e-02,
  -4.03684974e-02,-1.86601635e-02, 3.86129096e-02,-4.05405760e-02,
  -1.04547188e-01,-1.20388828e-01,-8.40789732e-03,-8.74322490e-04},
 { 7.00458765e-01,-7.11426592e+00,-1.38314486e+00, 4.85453033e+00,
  -1.40312517e+00,-6.06049109e+00, 5.34360695e+00, 9.75751102e-01,
  -2.62653184e+00, 2.59481788e+00,-6.58705664e+00,-7.76234865e+00,
   9.60219726e-02, 4.46752024e+00, 5.83520222e+00, 1.69153309e+00,
   1.92428756e+00, 4.55149317e+00,-2.42743015e+00, 4.86798763e+00,
   1.77358016e-01, 5.57037055e-01,-1.01563823e+00,-2.89451885e+00,
  -3.89504462e-01,-3.00891328e+00, 5.45346022e+00, 3.16471052e+00,
  -2.10649177e-01, 2.38865542e+00,-3.98732692e-01, 4.75382715e-01,
  -2.54758096e+00, 1.10695372e+01,-1.05181799e+01,-8.07143524e-02,
   4.36774731e+00,-7.77739346e-01,-2.83147430e+00,-3.31547165e+00,
  -1.16885793e+00, 3.58681440e+00,-7.17212141e-01,-3.89721012e+00,
  -3.62347889e+00, 3.34211636e+00, 9.06126320e-01,-2.05510664e+00,
  -7.32766747e-01,-2.60275793e+00, 2.19629169e+00,-3.82333326e+00,
   1.80069017e+00, 7.03870356e-01, 1.30517316e+00,-2.90944099e+00,
   5.90423441e+00, 1.18605633e+01, 2.20343947e+00, 9.68720734e-01,
  -8.44485521e-01, 2.38755512e+00, 1.06170616e+01, 7.75999963e-01,
  -3.46092749e+00, 1.18553996e+00, 9.11303937e-01,-5.41609406e-01,
  -2.32706523e+00,-3.98422146e+00,-3.00194478e+00, 5.81359720e+00,
  -3.20437002e+00,-1.73992896e+00,-2.21185684e+00, 8.16323578e-01,
  -1.81428027e+00,-1.38783574e+00, 2.04688191e+00, 5.77947199e-01,
   5.04321039e-01, 1.84692293e-01, 4.56333160e+00,-1.73238710e-01,
  -4.06606865e+00, 4.32310009e+00, 4.86838770e+00,-2.91154647e+00,
   2.13642931e+00,-7.60470200e+00,-1.28253222e+01,-3.72502756e+00,
   6.40726328e-01,-1.46431220e+00,-2.23885155e+00,-4.88444000e-01,
  -6.53321791e+00, 1.95617485e+00,-7.41403699e-01,-4.27306384e-01,
   3.93448710e+00,-5.64280987e+00,-8.30340576e+00,-5.33187874e-02,
  -1.00775778e+00,-1.73613501e+00,-6.61107731e+00,-5.55411160e-01,
   1.12617779e+00, 2.67673075e-01, 5.55714548e-01,-1.92100859e+00,
  -2.96286464e+00, 1.48259938e+00,-1.10095251e+00,-4.72921133e+00,
   1.82380930e-01, 4.17536354e+00, 1.94724822e+00, 1.69149792e+00,
   3.52008963e+00, 8.36838365e-01, 2.47110963e+00, 1.36971188e+00,
   4.74914122e+00,-3.14427209e+00, 6.84460223e-01, 2.39679289e+00},
 {-1.77941716e+00,-2.96266913e+00,-4.04072523e+00, 1.19936931e+00,
   2.16692924e+00, 2.28912190e-01,-1.78978300e+00, 1.53862786e+00,
  -1.10435462e+00, 1.80413604e+00,-4.18073368e+00, 6.49603939e+00,
  -2.98868120e-01,-9.87143230e+00, 2.13794231e+00, 5.08929110e+00,
   1.88084412e+00, 5.95998144e+00, 4.66527253e-01,-3.65942931e+00,
   2.57099295e+00, 1.27375197e+00, 4.74080038e+00,-1.51780677e+00,
   1.16804227e-01,-6.92667389e+00,-2.66155869e-01, 1.26386964e+00,
  -1.82734919e+00,-1.36041546e+00,-2.23345235e-01, 1.85783219e+00,
  -1.23995221e+00,-4.85591412e+00,-8.56170082e+00,-3.80027890e-01,
   1.56037474e+00, 2.49962473e+00, 1.56970251e+00,-1.50355208e+00,
   1.67602944e+00,-2.93656230e+00, 2.05666161e+00,-1.13437996e+01,
  -6.13645744e+00,-3.75271749e+00, 1.55324829e+00, 4.07194704e-01,
  -1.13009119e+00,-8.85332346e-01,-7.37434292e+00,-3.82985443e-01,
  -5.83088584e-02,-3.71328998e+00, 1.07372284e+00,-1.53184211e+00,
   1.23167765e+00, 2.93408012e+01, 3.29782462e+00,-3.03282070e+00,
  -4.84452868e+00,-2.22914982e+00,-3.73601246e+00, 6.00382239e-02,
  -9.44288969e-01, 4.11590844e-01, 7.94913590e-01,-2.21530899e-01,
  -1.38186443e+00,-1.24501562e+00, 2.66030312e+00, 3.31337523e+00,
  -3.66844463e+00,-3.95407259e-01,-1.51969242e+00, 1.18871713e+00,
  -3.60063410e+00,-1.43406689e+00, 1.03173602e+00, 1.55938208e+00,
  -4.48785782e-01, 7.25609243e-01, 5.17294693e+00,-1.46497226e+00,
  -3.71695280e+00,-3.20051223e-01, 4.18919134e+00,-2.67651253e+01,
  -9.06391525e+00,-3.03401423e+00,-3.52532005e+00, 1.08065748e+00,
   9.62566662e+00,-2.76867580e+00, 7.40888715e-01,-7.47259021e-01,
   3.84197164e+00, 2.08052492e+00, 1.56033552e+00,-1.15892565e+00,
   4.61290884e+00,-2.90978694e+00,-9.47946489e-01,-3.00196439e-01,
  -2.06458122e-01,-6.90332532e-01,-3.19863272e+00,-1.26718923e-01,
   1.05337369e+00, 1.07255816e+00, 1.30953954e-03,-1.25249732e+00,
   8.25343013e-01,-1.01540938e-01, 1.73429921e-01,-5.26655316e-01,
  -1.04893669e-01, 1.83434594e+00,-7.47599244e-01,-1.58960998e+00,
   1.82614136e+00,-7.54656434e-01,-2.30665398e+00, 2.04213548e+00,
   4.50455618e+00,-2.48413110e+00, 1.83136666e+00,-2.97996855e+00},
 {-1.20371523e+01, 2.88505840e+00, 1.39149361e+01,-1.21405687e+01,
  -4.59048264e-02,-3.78624827e-01,-1.40443408e+00,-1.75847816e+00,
   1.99621940e+00,-5.54135323e-01, 1.95721579e+00,-8.90586281e+00,
   2.24528551e-01,-1.54883032e+01,-6.32255316e+00, 3.96976042e+00,
   7.28269160e-01,-1.90293705e+00, 3.29354942e-01, 3.11672032e-01,
  -1.66408673e-01,-1.15721130e+00, 1.64871979e+01, 4.03684902e+00,
  -6.15666807e-01, 3.83655763e+00,-5.19961476e-01,-6.27810717e+00,
   2.41388822e+00, 5.22751904e+00, 5.49929738e-01,-5.74988723e-01,
   8.42327535e-01, 4.45811605e+00,-2.28205109e+01,-1.93330035e-01,
   2.62679458e+00,-1.82337856e+00,-6.91491842e+00, 5.16604757e+00,
  -6.42690039e+00,-9.94998837e+00, 2.77726412e+00, 9.84215546e+00,
   2.36881804e+00,-6.01773405e+00,-5.30257046e-01, 2.68182850e+00,
   5.38759410e-01, 2.42403656e-01,-1.19110022e+01, 1.42318392e+01,
   2.91118932e+00,-3.32304764e+00,-7.51776278e-01, 1.08258522e+00,
   8.01708326e-02, 5.42538309e+00,-1.35293293e+00, 3.63885641e-01,
   3.04825068e+00, 2.68616772e+00,-1.40516338e+01,-1.19731319e+00,
   4.45483565e-01, 2.20968533e+01, 6.08618677e-01, 1.03907168e-01,
   7.27479994e-01,-1.89801998e+01, 5.48185968e+00,-7.09386539e+00,
   8.63984966e+00, 7.84043849e-01,-1.31025374e+00,-1.50055945e-01,
   3.03416300e+00, 1.29325306e+00, 1.95528880e-01, 7.64251590e-01,
   6.76094770e-01, 3.65687537e+00,-3.98230314e+00, 3.17731090e-02,
  -2.55073285e+00, 2.32177854e-01,-3.22013927e+00,-9.82518291e+00,
  -1.62447155e+00, 8.03195298e-01,-4.58321285e+00, 2.51719296e-01,
  -2.00390606e+01,-5.90016222e+00,-2.57287455e+00, 2.90039563e+00,
  -1.53666296e+01,-5.59827662e+00,-2.55824518e+00, 1.46811497e+00,
  -3.80370641e+00,-1.76900673e+00, 7.38829136e-01, 3.53413522e-01,
   3.35508734e-01, 7.34536529e-01, 6.49101305e+00, 7.41533613e+00,
  -4.65203434e-01,-1.24111712e+00, 3.66859555e-01, 2.80608647e-02,
  -1.79986286e+00, 2.47434139e-01, 9.37276930e-02, 3.30893621e-02,
   4.36895990e+00,-1.24930286e+00, 1.42582250e+00,-5.59372568e+00,
  -1.18268943e+00,-1.07898784e+00, 3.26229781e-01, 2.29841590e+00,
  -4.53121233e+00, 2.29808688e+00, 5.66838360e+00,-1.28248847e+00},
 { 5.95040512e+00, 2.65889078e-01,-5.81269646e+00, 1.92583501e+00,
   1.93988442e-01, 4.57455873e+00, 3.54149389e+00, 1.46762645e+00,
  -8.79777372e-01,-7.84495473e-01,-1.65692818e+00, 7.17397118e+00,
  -1.13540006e+00, 2.50134635e+00, 9.53568459e+00,-1.41802716e+00,
  -1.67002821e+00, 2.58675742e+00,-9.21985149e+00, 4.25095701e+00,
  -8.16608369e-02, 1.58047508e-02, 6.49658251e+00,-2.10174155e+00,
  -5.66572785e-01,-2.10315275e+00, 7.92505074e+00,-2.02809381e+00,
  -7.11319733e+00,-5.23916578e+00,-2.01580191e+00,-1.24275703e+01,
  -4.46308136e+00, 1.22851539e+00, 3.43273973e+00,-7.91408598e-01,
   1.02628279e+01,-1.39095843e+00,-2.28071880e+00, 1.66259378e-01,
   2.46894717e+00,-8.52334619e-01, 1.47876048e+00,-8.32719132e-02,
   1.30482420e-01, 4.76971716e-01,-7.90915668e-01, 2.92913342e+00,
   2.78169662e-01,-1.04781246e+00,-7.74475002e+00, 2.95788616e-01,
  -3.83613539e+00,-2.48972011e+00, 9.96992469e-01,-4.78784180e+00,
  -8.17959607e-01, 7.03370428e+00, 1.06388450e+00,-2.88693166e+00,
   3.81889760e-01, 1.97730049e-01, 9.99254131e+00, 3.11110258e-01,
  -7.88619852e+00, 4.16180563e+00,-1.16016105e-01,-7.19762072e-02,
  -5.76340079e-01,-5.19971800e+00,-1.05725336e+01, 2.61190104e+00,
  -8.98141742e-01,-2.44817472e+00,-4.51556146e-01, 6.52533770e-02,
  -9.93608356e-01,-1.12039161e+00,-5.66537189e+00, 2.12458014e+00,
  -3.98038805e-01, 1.50348032e+00, 2.78734446e+00,-1.47619855e+00,
  -2.08581257e+00,-7.80089045e+00, 3.95788598e+00, 4.90228367e+00,
   2.51414990e+00, 3.35157537e+00,-1.06626701e+01,-2.46415830e+00,
  -5.39767694e+00,-6.10727549e+00,-1.43807113e+00, 2.20349301e-02,
  -1.58285487e+00, 1.39958394e+00, 1.14673364e+00, 5.31558275e-01,
   1.76684308e+00,-4.93646443e-01,-1.87172759e+00,-9.13134634e-01,
   8.78455698e-01,-7.24395752e-01,-5.18348694e+00, 7.88533628e-01,
  -7.41855085e-01,-5.75845361e-01,-2.58708501e+00,-1.10433352e+00,
  -1.38606310e+00,-1.29981041e+00,-9.52921212e-01,-1.39158750e+00,
  -1.12916827e+00, 1.89180315e+00,-3.97484803e+00, 9.92392600e-01,
   2.14178801e-01, 5.68529814e-02,-1.14882779e+00,-2.72878528e+00,
   5.54235268e+00,-2.71635699e+00,-5.12316048e-01, 8.76129717e-02},
 {-3.53389651e-01,-2.27171803e+00, 3.15855694e+00,-1.05893999e-01,
   8.10359716e-01,-4.56001431e-01,-1.27121925e+00, 1.02139866e+00,
  -1.82802665e+00,-4.04174185e+00, 1.65652871e+00,-1.16195035e+00,
   1.64435402e-01, 7.95713782e-01,-2.23927870e-01,-6.20021522e-01,
   7.69011641e+00, 2.39840841e+00, 8.33284950e+00,-5.28262198e-01,
  -3.64166107e+01, 2.49971509e+00, 3.38511974e-01,-5.32486725e+00,
  -6.40221643e+00,-8.52258086e-01, 6.64999628e+00,-2.01433039e+00,
   6.42599487e+00,-2.49710426e-01,-5.02736473e+00, 5.76956415e+00,
  -5.93703365e+00,-1.68855357e+00,-4.30149823e-01, 1.23603654e+00,
   3.49074221e+00, 1.11492944e+00, 1.52235723e+00, 7.76423991e-01,
   3.29733634e+00, 1.10560405e+00,-3.39011598e+00, 4.09355819e-01,
   1.35409963e+00,-2.76778460e-01, 2.50244141e+00, 2.01486802e+00,
   3.13543987e+00, 1.40619457e+00,-2.48297000e+00,-6.76287189e-02,
  -1.79842031e+00,-5.93069458e+00, 3.25827092e-01,-8.57925129e+00,
   4.67335761e-01, 1.77111208e+00,-1.08383095e+00,-2.13688827e+00,
   4.31652880e+00, 8.78272593e-01, 7.90566206e+00,-2.12618423e+00,
  -1.90029490e+00, 2.46103024e+00,-3.04983234e+00,-3.22161913e+00,
  -6.00004339e+00, 4.32595134e-01, 4.47494221e+00, 6.11825764e-01,
   5.64479780e+00,-1.28739986e+01,-1.73602939e-01,-1.16499349e-01,
  -3.15388131e+00,-3.14979124e+00,-3.76670569e-01, 3.29494596e+00,
   4.63262177e+00, 1.88730133e+00, 1.10101490e+01,-2.52329737e-01,
   7.55505562e-02,-6.03757203e-01, 1.52193677e+00, 2.14474058e+00,
   2.71407127e-01, 2.65626860e+00, 4.97561246e-01,-1.00580215e+00,
  -4.05484408e-01, 9.46275353e-01,-4.81287748e-01,-2.92756891e+00,
  -2.42903900e+00, 9.39321578e-01, 4.82971191e-01, 3.06474853e+00,
   4.75132895e+00, 1.75181478e-01, 9.50757563e-01,-1.28440313e+01,
  -1.31853113e+01,-4.06145066e-01,-2.78429604e+00, 5.48242617e+00,
  -4.17677671e-01, 1.24060774e+00,-1.94640148e+00,-3.12254238e+00,
  -3.84643531e+00,-2.32419133e+00, 7.13449299e-01,-1.63095837e+01,
  -7.76633382e-01, 5.65930605e+00, 3.73473430e+00,-1.01171851e+00,
   8.28037834e+00, 5.08859932e-01, 2.43929434e+00,-1.05761373e+00,
  -4.00991648e-01,-1.83948822e+01,-4.31888133e-01, 4.94444937e-01},
 {-8.23730946e+00,-9.11295533e-01,-1.73692834e+00, 2.14937711e+00,
  -1.68091714e-01,-2.01739674e+01, 6.06561518e+00, 1.58657169e+00,
   1.77460933e+00, 7.17913628e-01,-7.41750240e+00,-6.33062172e+00,
   4.79959369e-01, 8.14713478e-01, 5.04028416e+00, 7.99515605e-01,
   1.39307535e+00, 2.39986086e+00,-7.31657600e+00,-9.85616112e+00,
  -2.02009034e+00, 3.55481535e-01,-5.31169987e+00,-9.30205584e-01,
   9.95766651e-03, 2.98432040e+00, 4.37973213e+00,-7.79858856e+01,
  -9.32878971e+00,-6.45723581e-01,-5.51706329e-02, 2.34860373e+00,
  -2.34524202e+00,-2.84559321e+00, 8.85916293e-01, 4.18373013e+00,
   3.32610583e+00, 1.20537269e+00,-8.16868877e+00,-5.82093775e-01,
  -9.15314853e-01, 2.45353907e-01,-3.36397243e+00, 3.10203600e+00,
  -2.65015531e+00,-1.79780233e+00, 1.37121665e+00,-1.23823047e+00,
  -1.05251193e+00,-1.16437602e+00,-9.81945455e-01,-9.64607334e+00,
  -7.47288465e-02, 1.28758659e+01, 1.08739460e+00,-1.24118209e+00,
   4.55463696e+00, 9.04275990e+00, 2.24226952e+00, 1.92670774e+00,
  -7.79507875e-01,-2.45291400e+00,-1.19784250e+01,-1.37289122e-01,
   7.18231201e+00, 2.46564031e+00, 1.91344647e-03,-2.34274760e-01,
  -2.62303877e+00,-7.78084898e+00,-2.62298203e+00, 1.17578590e+00,
  -3.49385238e+00,-3.21403909e+00,-1.46498895e+00, 1.43946731e+00,
  -1.95147872e+00,-1.70643830e+00,-1.94546556e+00,-1.40623808e+00,
   7.70043790e-01, 4.90534455e-01, 5.07552528e+00,-9.82262254e-01,
  -7.04704142e+00,-1.48130941e+00, 7.07033205e+00,-2.25989437e+00,
  -1.40746796e+00,-4.01268435e+00, 1.98990846e+00,-3.77135515e-01,
   1.28352365e+01,-4.69100142e+00, 2.78627694e-01, 7.43034184e-01,
  -2.82724071e+00,-1.22731686e-01, 6.77250743e-01,-6.66554347e-02,
   3.43206692e+00,-7.10565746e-01,-3.13195157e+00,-4.71727043e-01,
   1.33973524e-01,-8.55836123e-02, 4.18716812e+00,-1.15413785e+00,
   4.90010202e-01, 6.33509278e-01, 1.37427032e-01,-9.28198099e-01,
   7.77365565e-01,-6.72379637e+00,-1.84566891e+00,-2.31770587e+00,
  -3.66199493e-01, 3.26866460e+00, 6.79269373e-01, 1.19588375e+00,
   1.68186033e+00, 6.39811516e-01,-1.46752584e+00,-7.37138689e-01,
   5.19610310e+00,-3.25625634e+00, 1.66355476e-01, 4.39992070e-01},
 {-1.85155201e+01,-4.24868822e+00,-1.38823233e+01, 3.57944417e+00,
  -6.87196672e-01,-3.73115802e+00,-3.20624971e+00,-1.30470014e+00,
  -8.19591999e-01,-7.09693861e+00,-8.64879549e-01,-2.49031639e+00,
  -3.21741670e-01,-4.78081226e+00, 4.61897802e+00,-2.36291194e+00,
   1.35744169e-01, 2.37659907e+00,-3.42430592e+00, 2.80883670e-01,
  -3.43543947e-01,-1.52320766e+00, 5.71596527e+00, 7.95514202e+00,
   1.46297693e-01, 3.05397701e+00,-3.11933250e+01, 4.28532362e+00,
   7.13375747e-01, 1.61339366e+00, 8.36987257e-01,-1.17643976e+00,
   3.43766570e+00, 2.16371989e+00,-4.65900946e+00,-2.87142920e+00,
   1.80494809e+00,-4.43178058e-01,-9.95694256e+00,-7.84241021e-01,
   3.36522388e+00, 3.51180530e+00,-9.53910053e-01, 2.02574506e-01,
   1.51074338e+00, 5.64994431e+00,-4.68333006e+00, 1.17964387e+00,
   1.05136704e+00, 2.19094992e+00,-2.72005253e+01,-4.67417765e+00,
  -7.04400826e+00, 2.76542616e+00, 7.01578140e-01, 2.30143118e+00,
  -4.43722868e+00, 1.46705275e+01, 1.00463057e+00,-4.38539457e+00,
   4.59588480e+00, 2.67479849e+00, 7.02569485e+00, 1.01931739e+00,
  -3.78076768e+00, 2.82604957e+00, 1.45393288e+00, 4.52535748e-02,
   2.05065787e-01,-7.14134026e+00,-5.13994122e+00, 6.39387035e+00,
   7.39779377e+00,-1.94671762e+00,-5.95574331e+00,-1.58760595e+00,
   1.39078438e+00, 9.62331831e-01,-1.87376249e+00,-7.75648308e+00,
  -1.76260185e+00,-2.18945813e+00,-5.75816298e+00, 6.98124051e-01,
  -7.18678331e+00,-1.71775303e+01,-3.14562011e+00, 1.06024857e+01,
  -3.96415424e+00, 4.39660043e-01, 7.84104395e+00,-6.68392718e-01,
   8.30572605e+00,-1.12079010e+01,-8.38937819e-01,-1.04013550e+00,
   1.04129543e+01, 3.13118768e+00, 1.69921234e-01,-3.19995642e-01,
  -4.31144571e+00,-1.40407248e+01, 5.35515499e+00, 9.10444617e-01,
  -5.06242812e-01, 1.64268470e+00, 1.00576913e+00,-2.98956490e+00,
  -1.91890991e+00,-9.29269850e-01, 8.31585348e-01, 8.07616615e+00,
   3.70184684e+00, 6.23434857e-02, 1.87080707e-02, 5.50892258e+00,
   1.41216171e+00,-1.60042024e+00, 2.38931847e+00, 1.06412137e+00,
  -4.68289328e+00,-4.76161063e-01,-2.29222393e+00,-1.19256604e+00,
  -6.44415998e+00, 3.75504851e+00,-2.96639752e+00, 2.88881809e-01},
 { 7.04682469e-01, 4.62810785e-01,-4.76951265e+00, 5.39536095e+00,
   2.06215191e+00, 1.59193683e+00, 1.55816734e+00,-2.88338017e+00,
   3.15739304e-01,-2.05404305e+00, 1.18257608e+01,-1.12455249e+00,
   2.90611416e-01, 1.72070515e+00, 7.44335365e+00, 2.80478191e+00,
  -2.60815084e-01, 5.88898480e-01,-2.77908325e+00, 1.49750576e+01,
  -1.32700443e-01,-2.60741854e+00,-3.67022038e+00, 4.49437904e+00,
  -2.82820559e+00,-2.06164193e+00,-2.32884064e+01,-2.42659926e+00,
  -8.73852611e-01, 7.42197752e-01, 6.49027705e-01,-1.67747002e+01,
  -1.38948736e+01,-1.83410966e+00,-5.75607252e+00, 3.03888172e-01,
  -2.74081302e+00,-3.42789590e-01, 1.07749975e+00, 9.54906404e-01,
   9.15462208e+00,-9.08069015e-01, 4.51522827e+00,-1.40181527e-01,
   1.34492993e+00, 4.56096411e+00,-4.36648512e+00, 2.07385778e-01,
   9.81922865e-01,-1.87347245e+00, 2.28989148e+00, 2.45097351e+00,
   1.56309426e+00,-2.23899698e+00,-2.67935228e+00, 4.81596321e-01,
  -1.01280558e+00,-2.66304421e+00,-1.69164991e+00, 1.33579981e+00,
   5.40435028e+00,-1.71297979e+00, 1.15096724e+00,-5.22924137e+00,
  -4.59063625e+00,-6.66598320e-01,-2.86389971e+00, 8.99966836e-01,
   3.17755789e-01,-6.09751940e+00,-5.88838911e+00,-9.32683825e-01,
   5.93690109e+00,-2.76584886e-02, 1.29924014e-01, 3.87095958e-01,
   1.95820272e+00, 1.39775848e+00,-1.86863744e+00, 6.62528336e-01,
  -6.83659732e-01, 1.49596238e+00,-7.12563217e-01,-3.65857929e-01,
  -5.87245989e+00, 1.77643132e+00,-7.66028261e+00,-2.77392530e+00,
   1.72462416e+00, 2.87189722e+00, 7.13923836e+00, 1.07554746e+00,
   4.74405432e+00,-3.64221096e+00,-3.50280023e+00, 8.16156328e-01,
  -2.59981656e+00, 3.71671677e-01,-5.06075025e-01, 3.93896198e+00,
  -4.13840389e+00,-6.91250920e-01, 2.55359197e+00, 2.46186256e+00,
   3.13066840e-02, 2.88316679e+00, 4.10908890e+00,-4.10341263e+00,
   1.44423321e-01,-1.92364192e+00, 1.14954257e+00, 3.10013008e+00,
  -2.58931565e+00, 1.67326629e+00,-5.71030080e-01, 1.44405097e-01,
   3.24547201e-01, 1.37640476e+00, 2.95715761e+00,-9.48829412e-01,
   1.15635443e+00, 1.03540051e+00,-9.66699600e+00, 9.71938074e-01,
  -1.52955699e+00, 9.27913606e-01, 8.51634860e-01,-7.97234327e-02},
 {-1.89651221e-01, 7.75662088e+00, 6.52358115e-01,-5.41575134e-01,
   1.00032270e+00, 1.00678271e-02,-4.32713604e+00, 5.95293641e-01,
  -3.85787106e+00, 7.99306929e-01,-2.86641121e-01,-9.96910989e-01,
  -5.14769694e-03, 1.22863503e+01,-3.20467854e+00, 2.18762338e-01,
  -2.75862873e-01,-3.93062568e+00, 4.51072127e-01,-2.08351755e+00,
   8.75406623e-01, 6.68489575e-01, 1.19669266e+01,-2.24498534e+00,
  -4.40750450e-01,-2.53022957e+00,-2.11676121e+00,-1.29080534e-01,
   3.64268050e-02, 1.01129246e+01,-2.33255953e-01, 2.76719117e+00,
  -8.21562886e-01, 2.99418569e+00,-8.74068451e+00,-1.08980429e+00,
   1.16452837e+01,-7.12656832e+00, 9.21305180e-01,-1.20576036e+00,
   2.21079350e+00,-9.25317192e+00,-2.93761206e+00,-1.49523640e+00,
  -2.56003380e+00,-1.89185357e+00, 1.05544186e+00, 7.84160972e-01,
  -6.88816786e-01,-1.18432138e-02,-3.05976748e-01, 1.80185342e+00,
   6.63279390e+00, 7.58333981e-01, 8.40008855e-01,-3.84503484e-01,
   7.11760521e-01,-9.90699387e+00, 1.03619552e+00, 3.24085712e+00,
  -2.48109293e+00, 7.83716297e+00,-4.12119579e+00, 5.85977852e-01,
   4.03314209e+00, 1.32490563e+00, 1.00153930e-01, 6.43394589e-02,
  -2.96322942e-01, 1.84243172e-02,-1.56905198e+00,-1.67487264e+00,
  -2.91111708e+00,-2.56585091e-01, 2.66816235e+00, 5.36781669e-01,
  -2.01084518e+00,-7.87059724e-01, 4.87876177e+00, 7.02096939e+00,
  -2.90877432e-01, 5.76540422e+00, 3.00997114e+00,-8.47275913e-01,
  -4.39019632e+00,-5.67568958e-01, 7.47919321e-01,-8.57359791e+00,
   9.95817482e-01,-2.67188072e-01, 7.26329565e+00,-2.65839615e+01,
   1.38481255e+01,-4.79087877e+00,-6.04917479e+00,-1.07503378e+00,
  -2.06485644e-01,-8.57960033e+00,-2.06579447e+00,-5.29390216e-01,
   2.07687926e+00, 5.69515675e-02,-1.29442751e-01,-4.37986910e-01,
  -1.90534890e-01,-1.53610364e-01, 4.00259256e+00,-2.04810858e+00,
   5.98574281e-01, 1.52016625e-01, 1.30351710e+00,-5.18894017e-01,
  -5.75150490e+00,-6.18564272e+00,-5.74715197e-01,-5.20087361e-01,
   9.98996735e-01, 4.16932017e-01,-2.54130507e+00,-7.90454447e-01,
   9.31822538e-01, 4.57829088e-01,-8.68806422e-01, 7.50306547e-01,
   2.02837300e+00,-1.06245923e+00, 1.26187353e+01,-8.37252736e-01},
 {-5.45806503e+00, 3.45147133e+00,-4.60134459e+00, 7.60050678e+00,
   2.63409019e-01,-9.66174004e-04,-2.72886697e-02, 2.64714789e-02,
   4.44408059e-01, 2.88793165e-03,-3.04001629e-01, 6.69657513e-02,
   1.72939086e+00,-3.77076328e-01,-4.67254490e-01, 5.59196398e-02,
  -4.52934891e-01, 3.92493367e-01,-1.79396346e-02,-2.24577827e+01,
   2.59026755e-02, 1.52486400e-03,-2.35198498e-01,-3.41087282e-01,
   1.07704334e-01, 7.20862865e-01, 2.46204361e-02,-8.89346695e+00,
  -1.31543875e+01, 5.14251329e-02, 1.83782447e-02,-1.62582070e-01,
   3.90796244e-01, 1.66958556e-01,-3.67015004e-01, 2.97771096e-01,
   5.21562719e+00, 4.08664733e-01, 6.01262391e-01, 5.64780951e-01,
   1.15193653e+00,-1.25037277e+00,-1.23397365e-01,-7.54213524e+00,
  -5.51275052e-02,-1.44524910e-02,-3.47065955e-01, 5.58938920e-01,
  -2.74946797e-04,-4.17775586e-02, 6.32177889e-02,-1.10147076e+01,
   7.61706904e-02, 5.09060502e-01, 2.32106745e-02,-1.85295530e-02,
   4.23304439e-02,-1.96992188e+01, 1.41891599e-01,-8.47940594e-02,
  -5.41241914e-02, 4.67317492e-01,-3.71195078e-01,-1.26861244e-01,
   2.83496734e-02,-6.47150636e-01,-9.36778411e-02,-5.63038327e-02,
  -4.16521542e-02,-1.55155354e+01, 2.47874763e-02,-3.89250207e+00,
  -2.25920588e-01,-4.76284418e-03, 2.40585715e-01,-2.80115451e-03,
  -1.58354323e-02,-2.42805369e-02, 1.88101292e-01, 1.45940399e-02,
  -1.08554438e-02, 3.22347790e-01, 9.90917608e-02, 7.70206191e-03,
   6.07014298e-01, 3.05960840e-03, 1.69749349e-01, 6.48273006e-02,
   2.22038236e-02, 8.40768497e-03, 7.71453902e-02, 1.40047714e-01,
  -1.79465830e+00, 5.38474657e-02, 4.72660661e-02, 2.11650491e-01,
   2.06356291e-02,-5.01301765e-01,-2.43411994e+00, 4.19805273e-02,
   3.72898877e-02, 4.24842983e-02,-1.59869105e-01,-1.53944800e-02,
  -2.25810669e-02, 1.37281395e-03, 5.61090469e-01,-1.22166604e-01,
   1.50145041e-02, 1.12813869e-02, 1.28963083e-01,-1.16009582e-02,
  -1.78002045e-02,-6.46516532e-02, 1.87856294e-02, 2.92592403e-02,
  -4.06206512e+00, 4.63794842e-02, 2.51527995e-01, 2.41962358e-01,
   2.06677373e-02,-4.87476296e-04, 1.35679257e+00, 1.78735778e-01,
  -1.77721962e-01, 2.50734342e-03, 1.45542848e+00,-4.67136085e-01},
 { 1.18953884e+00,-6.87512517e-01,-8.70025679e-02, 1.36895418e-01,
  -1.75376451e+00, 2.97991280e-02, 2.37749293e-01, 5.82530928e+00,
   8.13914418e-01, 2.85415101e+00,-1.04711151e+01,-5.53502858e-01,
  -9.05387774e-02,-1.56544983e-01, 5.55579960e-01,-1.33414817e+00,
  -9.23998594e-01,-5.55258155e-01, 4.29880202e-01, 2.04363227e+00,
   1.97868490e+00, 2.44903970e+00, 3.86259049e-01,-3.12649751e+00,
  -4.03257489e-01,-2.19494939e+00, 6.15616560e-01,-1.49311528e-01,
  -8.57754421e+00, 4.94262397e-01,-7.57229865e-01,-7.68956089e+00,
   3.24463344e+00,-1.63872528e+01, 4.24653721e+00, 5.00049055e-01,
   1.44665644e-01, 3.91728878e-01, 2.64518648e-01, 6.39712155e-01,
   9.63058853e+00,-1.12982559e+00,-2.28483096e-01,-2.28364778e+00,
  -9.25452614e+00, 1.44556910e-02,-6.69252396e+00,-3.20188379e+00,
  -1.83943522e+00,-1.60275614e+00,-3.55491132e-01, 1.20389618e-01,
   9.21456158e-01,-5.30839086e-01, 4.16883612e+00,-2.46397352e+00,
   1.35633755e+00, 1.39659643e+00, 1.80660069e+00, 9.32446241e-01,
  -8.55486107e+00,-3.05194426e-02, 8.76810849e-01, 4.03111076e+00,
  -6.87628448e-01,-1.64982474e+00,-1.57696211e+00, 4.27882195e-01,
  -2.30826068e+00,-4.79318947e-01,-1.59188226e-01, 4.72065687e-01,
  -8.39878273e+00,-8.92357051e-01, 5.22918582e-01,-2.83713341e-01,
  -7.21607256e+00,-4.20830536e+00, 2.93385059e-01, 1.07706642e+00,
  -1.04915655e+00, 1.01508236e+00,-4.93065548e+00, 5.12562656e+00,
   5.31711698e-01,-5.61647594e-01, 6.27110815e+00,-1.69395363e+00,
  -1.28141177e+00,-4.57432926e-01, 1.14922857e+00, 1.70314145e+00,
   1.12247336e+00,-3.93781781e-01,-9.09955323e-01, 5.55979908e-01,
  -1.12763330e-01,-4.12023365e-01, 2.98041344e-01,-2.39169955e+00,
   8.82532692e+00,-2.70254374e-01,-1.25447857e+00,-6.73129463e+00,
  -1.06366682e+00, 1.11434251e-01, 2.20810384e-01,-6.36775911e-01,
   3.50189734e+00, 3.18600678e+00, 8.64962220e-01,-1.29247391e+00,
  -1.55990437e-01, 1.04408311e-02,-6.81237650e+00,-2.30140233e+00,
   1.08300641e-01, 7.32933807e+00, 1.35247326e+01,-1.70334965e-01,
   7.10163951e-01,-7.90780067e-01,-1.28262329e+01,-1.24531925e+00,
  -1.14609737e+01,-2.46949935e+00, 2.55612707e+00,-4.65398884e+00},
 {-2.36651397e+00, 3.93912959e+00, 3.66958880e+00,-2.66743445e+00,
   4.31574154e+00,-5.49212408e+00,-1.48765993e+00, 1.64908540e+00,
  -2.20597172e+00, 1.31373286e+00,-6.84363079e+00, 1.06680546e+01,
   4.04935658e-01,-5.60362637e-01, 1.02340136e+01,-1.94412673e+00,
  -2.90919632e-01, 2.00808033e-01,-4.73390055e+00,-3.79171109e+00,
  -1.86529920e-01,-3.13618600e-01,-5.88239670e+00,-3.34943509e+00,
   4.18413609e-01,-1.94458771e+01,-6.35133696e+00,-3.17011523e+00,
  -6.47471809e+00,-1.14281940e+00,-8.40463758e-01, 8.72487128e-01,
  -3.07603955e+00,-2.72449837e+01, 1.59095287e+00, 8.61706078e-01,
  -7.00900733e-01, 1.99716532e+00,-4.08065557e+00, 6.28162026e-01,
  -4.21070248e-01,-2.02927899e+00, 3.44396424e+00, 3.91877830e-01,
  -9.22857702e-01, 2.32242036e+00, 3.11836004e+00,-9.14808095e-01,
  -1.76477551e+00,-8.71232674e-02,-1.97314930e+00,-2.57302976e+00,
  -7.66644287e+00, 9.77992654e-01, 4.11841601e-01,-3.02343297e+00,
   5.38216352e+00, 6.07202339e+00, 1.09402668e+00,-9.40520465e-01,
  -1.02954900e+00,-4.69150871e-01,-1.13205731e+00,-1.28491306e+00,
  -1.32478857e+00, 5.06706429e+00,-8.08587223e-02,-8.16426799e-03,
  -2.06561041e+00,-7.32091427e+00,-1.69149475e+01, 5.88829851e+00,
  -5.93975401e+00,-3.35410047e+00, 1.10589302e+00,-3.84655409e-02,
  -1.34309828e+00,-1.46871495e+00, 1.36453378e+00, 5.42352557e-01,
   1.48016155e+00, 1.37506461e+00, 4.42842770e+00, 3.26182395e-01,
  -4.62043333e+00,-1.07467928e+01, 6.51284552e+00, 3.09168148e+00,
  -1.54665222e+01, 2.16899085e+00,-8.17192674e-01, 3.81792879e+00,
   4.76518059e+00,-6.51208777e-03,-4.74137640e+00, 4.31297302e+00,
   5.08128834e+00,-1.36463749e+00,-7.64547229e-01, 6.80564463e-01,
   3.03634214e+00,-5.02944422e+00,-1.59305000e+00,-1.03386486e+00,
   3.70244533e-01,-4.50728029e-01,-8.19785976e+00,-6.27252245e+00,
   8.78880262e-01, 1.09643020e-01, 1.20010078e+00,-1.59855485e+00,
   6.29370070e+00, 2.60238314e+00,-1.79328954e+00,-3.53733826e+00,
  -7.09150934e+00, 3.25827718e+00, 3.23891431e-01, 1.39263749e+00,
   1.46789670e+00,-4.90755171e-01, 3.16368842e+00,-1.72006631e+00,
   5.63111401e+00,-3.37879348e+00, 4.84095764e+00, 5.58552258e-02},
 { 1.24495637e+00,-2.84433079e+00, 2.40917301e+00,-2.90431070e+00,
  -1.92741543e-01,-1.37777913e+00, 3.91437101e+00,-4.19632286e-01,
  -6.98203862e-01,-1.60429859e+01, 6.11034060e+00, 1.31004322e+00,
   3.56732130e-01, 1.42074931e+00,-1.01216149e+00,-1.36854434e+00,
   3.03743553e+00, 2.58420515e+00, 2.12042138e-01, 1.54022503e+00,
  -1.55310802e+01, 2.07742023e+00, 3.02778792e+00, 3.67368770e+00,
  -3.59611416e+00,-3.85904527e+00, 7.26165771e+00,-1.52947748e+00,
  -1.50155410e-01,-1.05677748e+00, 4.28563714e-01, 1.53043711e+00,
   1.01343858e+00,-3.72922587e+00,-7.42054403e-01, 1.68098843e+00,
   1.59572864e+00, 8.90772164e-01, 2.19609439e-01,-1.01244128e+00,
   2.94073725e+00, 5.43735981e-01,-1.63812056e-01,-9.14654851e-01,
   1.41401160e+00,-2.77351785e+00,-7.17130709e+00,-4.36139965e+00,
   2.93569756e+00, 4.50201941e+00, 8.66940200e-01,-1.26806295e+00,
  -9.74359572e-01, 4.97462362e-01,-2.31125774e+01, 1.60546041e+00,
   2.04514480e+00, 1.81092823e+00,-3.25737381e+00,-2.06678391e+00,
   6.83493471e+00, 1.43245399e+00, 8.61630535e+00, 1.82631803e+00,
  -1.08151460e+00, 1.45069027e+00,-4.61728477e+00,-2.13616371e+00,
  -4.13304138e+00, 2.00024557e+00, 2.05610204e+00, 1.01063192e+00,
   4.39047146e+00,-1.16345921e+01,-2.65614837e-01,-2.93530059e+00,
   2.75904369e+00,-7.10748315e-01, 1.66102374e+00, 6.24423981e+00,
  -1.43613231e+00, 1.80979192e+00, 3.07906651e+00,-3.36984205e+00,
   7.86355913e-01,-5.83420753e+00, 1.86406747e-01, 7.12076068e-01,
  -1.33749580e+00,-8.02518010e-01,-3.73918486e+00,-9.84248996e-01,
  -5.80318749e-01, 3.86943549e-01,-2.14394546e+00,-1.95949662e+00,
  -1.23326981e+00, 3.87096524e-01, 1.19424617e+00, 1.82663107e+00,
   9.00195837e-01,-9.45159078e-01,-2.40713644e+00,-4.56601763e+00,
  -6.22023201e+00, 5.85527563e+00,-2.30673051e+00, 5.85330200e+00,
  -4.68445396e+00, 2.16708708e+00,-1.16121542e+00, 2.86794925e+00,
   1.48605156e+00,-9.15967166e-01, 4.35093594e+00, 4.82725906e+00,
  -9.03744102e-01, 9.53867245e+00, 5.09532118e+00, 1.73940933e+00,
   4.02059650e+00,-5.70311189e-01,-2.66386032e+00,-8.41771364e-02,
   5.20749807e+00, 5.01424253e-01, 1.31141520e+00,-1.81917536e+00},
 { 1.77120292e+00,-4.52250272e-01, 3.11520658e-02,-4.00184393e-01,
   3.33748400e-01, 4.20596123e-01, 2.93021649e-01,-8.32730949e-01,
  -1.50751799e-01, 2.22273991e-01,-4.57111865e-01,-1.90427735e-01,
  -1.22260805e-02, 5.57904951e-02, 1.90350389e+00, 3.43324095e-01,
   8.99205208e+00, 1.48117447e+00, 2.18346596e-01,-1.95661426e-01,
  -1.03855286e+01,-7.61518240e-01,-8.02057624e-01,-4.44035959e+00,
   1.18442793e+01, 1.27887392e+00, 9.14695933e-02, 1.13499146e-02,
  -1.82022572e+00, 1.51374251e-01, 3.59718537e+00, 1.82222233e+01,
  -1.77858734e+01,-3.81572753e-01, 4.87384766e-01, 4.44375992e-01,
  -1.00445485e+00, 5.31551778e-01,-3.96701604e-01, 2.65618831e-01,
  -7.27711153e+00,-2.22210988e-01, 8.94191623e-01, 3.97056699e-01,
  -1.34034739e+01, 1.99516281e-01, 5.86613059e-01,-1.39259994e+00,
  -1.69806147e+00,-1.84483969e+00, 5.37671566e-01,-3.78722072e-01,
   1.25322863e-01,-1.16310298e+00,-3.09164137e-01, 1.13731995e+01,
  -1.07755795e+01, 2.10927892e+00, 5.78502536e-01, 3.29177648e-01,
  -1.30816069e+01, 4.16661538e-02, 2.40509987e+00, 3.92501473e-01,
   3.77879143e-01, 4.40805376e-01, 1.32745945e+00, 1.68799257e+00,
  -5.38894033e+00,-1.02014649e+00,-2.95152098e-01,-3.29869092e-01,
  -6.10961628e+00,-4.31057281e+01, 4.13440317e-01, 1.16520381e+00,
   1.02036428e+00, 2.69779265e-01,-2.47180894e-01, 3.63392867e-02,
   7.67558908e+00,-7.16170892e-02, 2.15414405e+00,-8.91812992e+00,
  -4.60605711e-01,-2.87974119e-01,-7.68131733e+00,-6.19500875e-01,
  -1.42008793e+00,-1.06356323e+00, 1.19636226e+00, 1.20080042e+00,
   1.01690459e+00,-8.67358148e-01,-5.87304644e-02,-1.72395885e-01,
   1.39127940e-01,-1.70378193e-01, 3.39953750e-01, 1.41097629e+00,
  -3.03323817e+00, 4.64683324e-01,-6.30562305e-01, 1.08133471e+00,
   8.59397888e+00, 4.09720755e+00, 7.92446434e-02,-2.58875698e-01,
  -9.91425276e-01, 2.51793981e-01,-1.24634945e+00,-5.88019609e-01,
  -2.37457752e-01, 5.31531811e-01,-1.30132198e-01,-1.47694647e+00,
  -4.89444286e-01, 2.09035039e+00,-1.52164297e+01,-2.74913013e-01,
   1.25262487e+00,-1.70396233e+01, 1.46774063e+01,-2.59134471e-01,
   9.51402569e+00,-3.86146188e+00, 2.42751792e-01,-1.82675993e+00},
 {-8.25232565e-02,-2.87149418e-02,-9.09577087e-02,-6.00563139e-02,
  -1.05477452e-01, 1.74744911e-02,-6.30763918e-02,-9.48975161e-02,
  -7.56741986e-02,-6.96654022e-02,-8.56259093e-02,-3.94545086e-02,
  -4.80714180e-02,-4.86644432e-02,-9.12914574e-02,-2.61798240e-02,
  -5.70542216e-02,-6.96542487e-02,-1.45219518e-02,-6.95048273e-02,
  -4.87151109e-02,-5.91206960e-02, 8.83114804e-03, 3.74345295e-02,
   4.43663122e-03,-5.87248243e-02, 7.41122989e-03,-1.32783413e-01,
   5.48393279e-02,-7.68254623e-02,-8.90035927e-02,-1.43215179e-01,
  -8.47432688e-02, 1.08658466e-02,-5.52411713e-02,-4.78448253e-03,
   2.34178756e-03,-1.91183053e-02,-9.46663842e-02,-1.41968668e-01,
  -7.47525692e-02, 4.37573120e-02,-8.67317989e-02,-6.75712302e-02,
   1.63684716e-04,-2.18904167e-02,-2.42793076e-02,-7.06540421e-02,
  -1.03972487e-01, 2.90697664e-02,-1.08943410e-01, 2.39279643e-02,
   2.07497287e-04,-1.12265348e-04,-1.31504282e-01,-2.31477115e-02,
  -8.27246755e-02,-9.55155417e-02,-4.97850105e-02,-6.73938170e-03,
  -1.28241986e-01,-7.77498707e-02, 7.65541792e-02, 2.07300261e-02,
   4.54972908e-02,-1.48569858e-02,-1.43027380e-01,-6.15284219e-02,
  -9.10854042e-02,-3.70822251e-02,-5.18379584e-02, 1.19144665e-02,
   1.45014899e-04,-1.34426847e-01,-6.39920905e-02,-1.05433114e-01,
  -7.52986968e-02, 2.55906414e-02, 2.12532151e-02,-7.01695755e-02,
  -1.11709408e-01, 1.88057031e-02,-1.24420494e-01,-7.05002993e-02,
  -7.40464106e-02, 6.49468452e-02,-1.01928413e-01,-1.01883903e-01,
  -3.76854427e-02, 3.86552606e-03,-6.57845661e-02, 2.11509597e-02,
  -1.97409699e-05, 2.82136984e-02, 5.47349788e-02,-4.37311456e-03,
  -4.91180792e-02,-1.23817502e-02,-3.93348141e-03,-5.54329827e-02,
   4.27616090e-02,-6.94319755e-02,-1.20559923e-01,-1.42336577e-01,
  -1.22299362e-02,-1.06058009e-01,-6.51525259e-02, 9.40370001e-03,
  -8.49748962e-03, 1.67212114e-02, 2.93318066e-03,-8.00360590e-02,
  -7.45814592e-02,-6.30748644e-02,-4.53339219e-02,-1.05269598e-02,
  -1.00603916e-01, 7.19072446e-02,-9.64215249e-02,-1.43065676e-01,
   7.95412511e-02,-7.63548017e-02, 5.85094057e-02, 6.25278577e-02,
  -8.05616751e-02, 3.99634615e-02,-5.37767299e-02,-6.38575554e-02},
 { 3.69374633e+00,-2.75468445e+01, 3.57329428e-01,-7.84063101e-01,
  -4.31145430e+00,-3.47224855e+00,-1.15095460e+00,-4.23976362e-01,
   2.78877020e+00, 3.59300941e-01, 1.88173532e+00, 5.00415504e-01,
   3.38559836e-01, 4.94687033e+00,-6.75739527e+00, 1.63580030e-01,
   3.24794620e-01, 7.77078772e+00, 1.34296373e-01, 4.18702841e-01,
  -6.51347101e-01,-3.49385023e-01,-1.32596099e+00, 4.32822585e-01,
  -6.27302766e-01,-2.72877359e+00,-2.67211318e-01, 1.78141105e+00,
  -3.01700096e+01, 1.09430814e+00, 3.99697013e-02,-1.38785672e+00,
   7.07487762e-02, 2.39936337e-01,-2.43256664e+00,-3.70072055e+00,
  -1.62907963e+01,-3.64401913e+00,-5.22502482e-01,-1.95311952e+00,
   1.06142855e+00,-1.04160566e+01,-6.38726234e-01, 5.08128500e+00,
   1.13684702e+00, 3.24600309e-01, 5.27794302e-01,-2.43914413e+00,
  -1.66344773e-02, 1.21325552e-01, 2.83081740e-01, 1.38513637e+00,
  -2.61208749e+00,-1.86831474e+00,-2.68554538e-01, 3.15012395e-01,
   1.32045567e-01,-2.86632371e+00,-8.12836587e-01, 9.97232735e-01,
   3.67680132e-01, 3.51822877e+00, 1.48003650e+00,-9.74260569e-02,
   3.86562228e-01, 6.27792776e-01, 2.79604226e-01, 1.90422013e-01,
   4.21178728e-01, 1.22256529e+00,-1.31545889e+00,-1.27769351e+00,
   1.07989562e+00, 5.31987309e-01, 2.05857539e+00,-3.08371149e-02,
   7.69953787e-01, 3.65046024e-01,-1.31701910e+00, 2.42640346e-01,
   3.28501314e-02,-8.29233706e-01,-9.53702927e-01,-4.34552103e-01,
   1.99672616e+00, 1.05929303e+00,-1.86408210e+00,-3.02107394e-01,
  -1.70109010e+00, 2.36977622e-01, 5.29362202e+00,-7.03829241e+00,
  -1.34778185e+01, 6.59052506e-02,-1.17499828e+00,-2.74885539e-03,
   1.49757087e+00, 4.80920643e-01,-2.84073544e+00, 6.17230356e-01,
  -8.22766662e-01,-2.46100855e+00, 6.39936090e-01, 8.48236233e-02,
   4.12201017e-01, 1.16117209e-01, 7.07979262e-01,-2.64267892e-01,
   5.32521158e-02,-4.04044867e-01,-4.89595026e-01,-5.42652488e-01,
   1.98877251e+00,-1.36526155e+00, 2.53020704e-01,-5.01313746e-01,
   1.30883861e+00,-1.12221234e-01, 4.54566665e-02, 1.05926609e+00,
  -4.93127167e-01,-4.28477198e-01,-2.31071591e+00,-3.08769494e-01,
  -2.13545516e-01, 7.34467864e-01,-4.32692385e+00, 2.37832212e+00},
 {-2.50520396e+00, 1.71484506e+00,-5.56541383e-01,-4.36854315e+00,
  -2.46522927e+00,-2.81526947e+00,-8.23709905e-01,-1.52864385e+00,
  -1.41122866e+00,-1.43295336e+00,-2.87457418e+00,-2.84753156e+00,
  -8.02560300e-02,-1.28801441e+00,-6.89473569e-01, 8.21489394e-01,
   8.32479858e+00,-4.10924244e+00,-4.84617651e-01,-7.35254192e+00,
  -1.10265627e+01,-1.84319806e+00, 2.45208406e+00,-5.57944155e+00,
  -1.79070914e+00,-1.67542381e+01, 1.95372283e+00, 9.84294593e-01,
   2.53826261e+00,-2.04877114e+00, 1.48348615e-01,-8.86966133e+00,
  -6.83600235e+00, 2.86303401e-01,-5.51194715e+00, 1.17958002e-01,
   2.62505865e+00,-5.83147526e-01,-2.07471199e+01, 5.28326631e-01,
  -9.02359247e-01, 1.86472330e-02,-5.44985116e-01, 1.94363356e-01,
  -1.36388886e+00,-1.24349415e+00, 3.70101404e+00, 9.38788354e-01,
   8.59074473e-01, 7.30203390e-01,-1.37230647e+00,-7.06968963e-01,
  -4.59811866e-01, 4.14772129e+00,-7.20551848e-01, 3.81429505e+00,
   6.54707861e+00,-7.94446766e-01,-3.31236076e+01, 1.32226014e+00,
  -1.13828001e+01, 4.06175673e-01,-2.00206447e+00,-1.04590454e+01,
  -1.29439354e+00, 1.10277736e+00, 2.42529416e+00, 1.05034387e+00,
   1.82714617e+00, 7.62984693e-01, 3.33224028e-01, 3.67836905e+00,
  -1.58625288e+01,-2.53777528e+00,-7.57778525e-01, 5.10049295e+00,
   2.65021753e+00, 3.46209615e-01,-1.86978728e-01, 1.71240783e+00,
  -5.51189661e+00,-3.59063834e-01,-3.38274050e+00, 9.56449699e+00,
   1.27157795e+00, 1.03249180e+00, 4.95466995e+00, 1.63696194e+00,
   3.22701430e+00, 2.44924617e+00,-1.16408873e+00,-4.54950523e+00,
  -6.86930478e-01,-3.67644042e-01, 3.92542213e-01,-2.70797789e-01,
  -4.02538151e-01, 6.80386245e-01, 2.97065109e-01,-6.04170227e+00,
   1.27850413e+00,-2.00035596e+00, 4.64340925e+00, 5.24974632e+00,
  -1.73794568e+00,-6.56760275e-01,-7.61919260e-01, 5.55105448e-01,
   1.83032405e+00,-2.63378203e-01, 9.57846522e-01, 5.18020868e+00,
  -2.94206053e-01, 3.45404834e-01, 2.30154657e+00,-5.63741148e-01,
   7.75420904e-01,-1.63119268e+00,-1.09738407e+01, 1.06278455e+00,
  -1.27184439e+00,-1.27533255e+01,-1.53168094e+00, 4.05449241e-01,
  -2.79665871e+01, 1.03534889e+01, 8.48731995e-02, 2.07262278e+00},
 {-1.62985551e+00,-4.12116021e-01, 2.17529273e+00, 2.99823833e+00,
  -1.08685684e+00, 5.89808285e-01, 1.76284850e+00, 1.70448303e-01,
  -1.31837177e+00,-1.70089796e-01, 5.33458471e-01,-4.58220035e-01,
   1.67081490e-01, 5.45665789e+00,-8.57027340e+00,-7.05127567e-02,
  -1.75044715e-01, 3.34389353e+00,-2.59743482e-01, 4.49454021e+00,
  -2.27595016e-01,-5.56820147e-02, 3.19918126e-01,-6.18442953e-01,
  -2.07109615e-01, 1.19667566e+00, 1.70822248e-01, 1.86637986e+00,
   4.09524822e+00,-1.47825360e+00,-3.80090959e-02,-1.76547682e+00,
   1.40128314e-01,-5.82631886e-01,-3.39189380e-01,-7.69409561e+00,
  -2.15305376e+00,-9.59865332e-01, 1.75335431e+00,-5.12414932e+00,
   2.50511503e+00, 1.00293465e+01, 6.39495850e-01, 5.72273588e+00,
   3.90432984e-01,-9.82255042e-01,-3.01807821e-01, 1.75081432e+00,
  -2.44964249e-02, 1.20645324e-02, 1.41048893e-01,-7.73000622e+00,
   5.41514601e-04, 5.18121064e-01,-6.06448017e-02, 7.32950047e-02,
   2.58688182e-02,-4.01116371e+00,-8.44579656e-03,-5.29588342e-01,
   1.85583651e-01, 8.29540157e+00,-4.33201790e+00,-1.16564319e-01,
  -2.76327491e-01, 7.04569697e-01,-1.83725774e-01, 1.08555585e-01,
  -1.76232979e-01, 5.32913506e-01, 1.00208485e+00,-3.03963685e+00,
  -4.06666815e-01,-1.84411928e-01,-1.01670897e+00,-4.02369320e-01,
  -2.87583880e-02,-5.97523414e-02, 2.69183850e+00, 1.11284482e+00,
   8.53009969e-02, 3.20698142e+00, 1.66357532e-02,-8.06213939e-05,
   1.82133734e+00, 2.51196355e-01,-1.02718972e-01, 5.42200267e-01,
   3.19430232e+00, 2.74627745e-01, 1.18340455e-01, 5.62960291e+00,
   7.84327269e+00, 1.91959643e+00,-1.93715930e+00, 6.50411546e-01,
   3.82267118e+00,-6.00522339e-01, 3.64622855e+00, 2.01924682e-01,
  -2.14144960e-01,-8.10468102e+00,-3.59354162e+00,-1.76402614e-01,
   7.67832156e-03, 2.31138561e-02, 7.61007488e-01,-1.92274582e+00,
  -1.14443684e-02,-4.76672277e-02,-2.12128186e+00, 1.56066492e-01,
  -1.18790424e+00,-1.02987885e-01, 3.93785030e-01, 9.63426307e-02,
   2.43131685e+00, 2.52542704e-01,-2.11400226e-01,-7.56531000e-01,
   1.52748570e-01,-2.54486948e-01, 1.27226222e+00, 3.33747208e-01,
   5.16282737e-01,-3.31809491e-01,-8.37789059e+00,-1.14205909e+00},
 {-4.01539373e+00, 3.46928287e+00,-2.39879441e+00,-1.28448591e+01,
   1.81222546e+00,-1.73781979e+00, 2.76525736e-01, 8.07806587e+00,
   4.68889922e-01, 1.34888422e+00,-7.76211929e+00,-2.48611584e-01,
  -1.93435192e-01, 1.22383320e+00, 3.70683742e+00, 2.92306590e+00,
   9.84444141e+00, 1.13195941e-01,-6.12622833e+00, 6.65061045e+00,
   1.17247581e+00,-9.77364033e-02,-6.15789843e+00,-2.89654565e+00,
   1.89580595e+00, 2.49501181e+00, 3.79028153e+00, 1.53824413e+00,
  -5.98690414e+00, 5.66646159e-01,-9.94434953e-01, 1.61888027e+01,
  -4.03170061e+00,-1.50549545e+01,-3.66135526e+00,-9.91710067e-01,
  -3.18680429e+00,-3.67581695e-01, 3.80543900e+00, 2.46228623e+00,
  -5.76337159e-01,-5.60321569e-01, 5.79111338e+00,-4.74842978e+00,
  -2.46820188e+00, 3.78716469e-01, 7.50387371e-01,-2.93124175e+00,
  -8.68472904e-02,-8.12989950e-01, 5.13806105e+00,-2.63656640e+00,
   3.50212288e+00,-3.82251918e-01, 1.77413094e+00,-2.86258793e+00,
   4.25667429e+00,-5.20511121e-02, 3.20493793e+00, 4.93823671e+00,
  -2.90242624e+00,-2.94971180e+00,-4.47651148e+00,-1.59951806e+00,
   8.41195774e+00, 4.71416187e+00,-1.57774484e+00,-1.54936743e+00,
  -4.65268278e+00,-5.64316511e+00,-1.67486401e+01, 9.49168384e-01,
  -4.93569469e+00,-4.82805681e+00,-1.98512387e+00,-1.12426591e+00,
  -2.76929641e+00,-4.74264860e+00,-2.51476026e+00,-6.75038195e+00,
   3.94407779e-01, 8.37061584e-01, 6.91312361e+00,-6.18406832e-01,
  -5.92063046e+00, 1.32255292e+00, 7.91864872e+00,-1.96462357e+00,
   9.95529711e-01, 9.12532061e-02, 4.21396780e+00, 1.17873335e+00,
   2.36853647e+00,-3.60332489e+00,-3.31726402e-01, 2.24989295e+00,
   3.28334951e+00,-5.59750497e-02,-1.96406856e-01,-5.01958549e-01,
   6.21601915e+00,-1.10958767e+00, 9.60123241e-01,-3.77398086e+00,
  -4.42996550e+00, 1.32117009e+00, 1.25395751e+00,-4.57364988e+00,
   1.00326777e+00, 1.95366132e+00,-5.14510775e+00,-5.43560028e+00,
   3.05114579e+00, 8.24612498e-01,-3.23462129e+00,-2.75391054e+00,
  -3.49112868e-01, 5.11863136e+00, 1.66424501e+00,-1.03482477e-01,
   1.23926508e+00,-1.64970589e+00,-5.66369295e+00,-1.25516367e+00,
   8.49664497e+00,-1.93429947e+01, 1.67330790e+00,-3.38326168e+00},
 {-1.18374372e+00,-2.82993507e+00,-6.53457761e-01,-5.71940958e-01,
  -1.94802880e+00,-3.67577858e-02, 1.10824006e-02,-4.05961752e+00,
  -2.87485242e-01,-2.13824439e+00, 8.64845276e+00,-1.56847847e+00,
   1.12006195e-01,-1.09223628e+00, 6.02668703e-01,-5.86766660e-01,
   9.28836226e-01,-1.19876480e+00,-4.29304004e-01,-5.21273136e+00,
   8.52382123e-01,-3.22541618e+00, 5.54243851e+00, 1.16448870e+01,
  -6.63251734e+00,-1.80132542e+01,-3.39131236e-01, 3.19938958e-01,
  -9.90843996e-02,-1.31219268e+00, 1.10152233e+00,-1.28612823e+01,
   1.97687759e+01,-1.03017285e-01,-5.46774244e+00,-2.43680418e-01,
   2.38085055e+00,-2.56205171e-01,-1.59662151e+00,-2.82749444e-01,
   1.62657013e+01, 2.29205728e-01,-1.43776042e-02, 4.84311008e+00,
   4.80903816e+00,-5.40744245e-01,-1.30184431e+01,-4.17173529e+00,
   2.22382927e+00, 2.51550645e-01, 1.55894831e-02, 3.26706231e-01,
  -7.69567609e-01, 1.38901091e+00,-2.76294923e+00, 3.05818868e+00,
  -8.05815160e-01,-8.92615691e-02,-3.62529564e+00,-1.33022517e-01,
   8.38123417e+00, 8.02664757e-01,-2.77262473e+00,-8.70484638e+00,
   5.59991539e-01,-5.19573651e-02, 3.80767083e+00, 1.83706570e+00,
   2.22835684e+00,-1.87124506e-01, 6.26174212e-01,-6.32889569e-01,
   5.15172768e+00, 1.87956822e+00, 9.70626920e-02,-6.44611418e-01,
   8.71166992e+00, 3.36527443e+00,-1.35421768e-01,-6.05413914e-01,
   1.82574213e+00,-3.35701495e-01,-5.54484081e+00, 7.74805665e-01,
  -1.92077607e-01, 2.31666237e-01,-1.04689140e+01, 2.38878512e+00,
   2.40982354e-01, 3.57112020e-01,-1.39821395e-01,-1.55404651e+00,
   1.80051818e-01,-3.20171148e-01, 2.00165200e+00, 4.54752624e-01,
  -9.45743322e-02,-2.75666267e-02, 2.72155732e-01, 4.55609751e+00,
  -1.09737282e+01,-7.94583619e-01, 1.43154037e+00, 1.54047859e+00,
   2.23491454e+00, 2.46760607e+00, 7.40494847e-01,-1.00557350e-01,
  -1.44992077e+00, 3.50303602e+00,-1.50690532e+00, 6.49545372e-01,
   2.11710110e-01,-2.17534229e-01,-2.17767820e-01,-1.46908239e-01,
   1.69347435e-01,-4.98375893e+00, 1.16669559e+01, 4.54716198e-02,
  -3.14564562e+00, 2.04282737e+00,-1.24165916e+00, 1.49031174e+00,
  -1.10488386e+01, 7.31211567e+00, 3.34027082e-01,-6.06714582e+00},
 { 2.43887377e+00, 1.24341798e+00, 2.29920462e-01, 2.52607870e+00,
   1.61957109e+00, 5.67165732e-01, 4.52023357e-01, 3.08285093e+00,
  -1.87679350e-01, 4.55755854e+00,-1.12351160e+01, 2.56972027e+00,
   1.41548499e-01, 1.41136572e-01, 3.07483578e+00, 7.99768806e-01,
  -1.74243629e+00, 1.67168343e+00, 1.35096049e+00, 6.49883270e+00,
   1.15147686e+00,-1.00579947e-01,-7.12496281e+00,-6.87065840e+00,
   7.01656163e-01, 5.05864954e+00,-3.84904742e+00,-8.00522864e-02,
  -2.63937235e+00, 2.57915437e-01,-4.55831319e-01, 4.17616701e+00,
  -5.29857206e+00,-1.00233479e+01, 5.54728079e+00, 6.23610355e-02,
  -1.17669237e+00,-1.20252693e+00, 1.05454409e+00,-2.31756061e-01,
  -1.92076325e+00,-9.48129714e-01, 2.34380674e+00,-5.24824333e+00,
  -1.02791929e+00, 7.97620893e-01, 6.69075823e+00,-1.42007291e+00,
  -1.60299623e+00,-2.79615664e+00, 2.00398231e+00,-3.29944223e-01,
   1.97294104e+00,-8.12614536e+00, 3.57390594e+00,-3.80637431e+00,
   3.55979609e+00, 4.42836142e+00, 2.23110855e-01, 5.05533457e-01,
  -3.91152954e+00,-6.37494266e-01, 5.77931595e+00,-5.44281781e-01,
  -3.31519753e-01, 1.76344728e+00,-1.58586240e+00,-9.21218038e-01,
  -2.40272880e+00,-2.91159987e+00,-1.12117219e+00, 2.31478453e+00,
  -7.78873062e+00,-1.65489745e+00,-8.70082736e-01, 1.84821770e-01,
  -4.07332754e+00,-3.01508379e+00,-1.52218640e+00, 6.94383800e-01,
   1.65568781e+00,-1.97063014e-01, 5.75474882e+00, 7.30328977e-01,
  -1.68690908e+00,-1.15946257e+00, 1.19161119e+01,-3.74207258e+00,
  -1.58987045e+00,-1.32181633e+00, 1.43943369e+00, 3.86192203e+00,
   1.04998469e+00,-1.01485729e+00,-2.36147165e+00,-1.08881962e+00,
   6.12185225e-02, 1.56133783e+00, 3.18620324e-01, 1.65700424e+00,
   4.37972498e+00, 1.50747168e+00,-3.50135875e+00,-4.25891781e+00,
  -1.86541653e+00,-8.37707579e-01,-5.61974466e-01,-1.73872995e+00,
   2.02753234e+00, 9.82398570e-01, 1.00298963e-01,-7.90206051e+00,
  -1.19449556e+00, 1.31622529e+00,-6.28327012e-01,-4.07205343e+00,
  -1.65907323e-01, 4.86352587e+00, 5.86371613e+00, 4.63199131e-02,
   2.18989253e+00, 1.49738729e+00,-5.07809782e+00,-8.33790779e-01,
   1.16253662e+01,-5.89994574e+00, 4.86733556e-01,-1.50466752e+00},
 { 5.99295259e-01,-1.35543907e+00,-1.43121928e-01,-1.07397862e-01,
  -7.89041877e-01,-6.27187341e-02,-9.19784307e-01, 1.44981241e+01,
  -3.42481285e-01,-7.81443834e+00, 3.58605671e+00,-3.85090888e-01,
  -2.18657166e-01,-4.58254337e-01,-6.44378006e-01,-3.56994510e-01,
  -4.55363244e-01, 1.01515785e-01,-2.36913532e-01,-3.69487619e+00,
   1.32149398e-01, 1.02337837e+00,-1.39163733e-01,-1.90093839e+00,
   3.59298825e-01,-6.00282812e+00, 1.35485694e-01, 1.06711194e-01,
  -1.97321784e+00,-4.88708392e-02,-5.56544721e-01, 8.30381393e+00,
   1.86978316e+00,-1.90716863e+00, 1.13778961e+00, 5.17699718e-02,
  -5.47325730e-01, 1.51664138e+00, 3.48350912e-01, 3.66982549e-01,
   1.05484447e+01,-3.14520448e-01,-5.59877092e-03, 8.42464209e-01,
  -5.33652592e+00, 2.76661187e-01,-2.99765015e+00,-1.10327625e+00,
  -1.46190357e+00, 6.36622369e-01, 1.37950644e-01,-2.50239104e-01,
  -8.27132836e-02, 1.12844145e+00,-3.26507149e+01,-1.71403134e+00,
  -3.21053576e+00, 5.69359541e-01, 2.58234644e+00, 6.88571692e-01,
  -1.88810909e+00,-1.80777058e-01,-1.03333682e-01,-2.40126562e+00,
   1.80110440e-01,-2.38156140e-01,-1.87793028e+00,-9.40829754e-01,
  -4.70629597e+00, 3.76729190e-01, 8.16385686e-01, 1.84030399e-01,
  -4.11214733e+00,-1.23183501e+00, 4.64291185e-01,-6.51978374e-01,
  -5.62631702e+00,-5.23533487e+00, 1.10145223e+00,-5.98815799e-01,
  -6.43009710e+00, 1.85941085e-01, 7.91439819e+00,-1.68139763e+01,
   3.47332954e-01,-8.28133244e-03,-9.58068085e+00,-7.62260020e-01,
  -4.97612357e-02,-1.99805602e-01,-1.27634668e+00, 1.13424912e-01,
  -6.67745015e-03,-1.47776738e-01, 5.29548585e-01, 3.19652915e-01,
  -4.20688652e-02,-6.59639120e-01, 2.25341827e-01, 2.05137300e+00,
   4.47504902e+00,-4.23109591e-01,-5.48409402e-01,-1.00012512e+01,
  -1.79591179e+00, 1.67075777e+00,-1.21688157e-01, 1.73658454e+00,
   6.41420603e-01, 1.46378756e+00, 1.45051435e-01, 5.28051472e+00,
   2.30511934e-01, 1.31726712e-01,-5.03546715e-01, 1.00008068e+01,
   5.89572430e-01, 3.87361455e+00, 6.00837040e+00,-7.41084814e-01,
  -5.84822655e+00, 5.37038088e-01,-4.29918480e+00, 7.22156912e-02,
   1.22597198e+01,-6.62752295e+00, 4.91997331e-01,-1.02040243e+00},
 {-1.00238547e-01,-3.38233995e+00,-3.73161793e-01,-6.20713520e+00,
  -2.93732190e+00,-3.45849252e+00,-8.05360699e+00,-9.32242155e-01,
   3.76370525e+00,-3.87741113e+00, 4.23057365e+00,-1.66668773e+00,
   3.40471685e-01,-9.32643056e-01,-4.66261387e+00,-4.04606485e+00,
   9.80374038e-01, 3.23983407e+00, 3.10808110e+00,-1.11055069e+01,
  -5.15112936e-01,-2.67483622e-01, 2.31619859e+00, 1.90448916e+00,
  -3.76591869e-02,-2.08970022e+00,-1.03128023e+01,-4.32388115e+01,
  -7.49451578e-01,-8.29838395e-01, 2.20630795e-01,-1.60142243e+00,
   2.11515522e+00,-2.04735541e+00,-5.71932507e+00, 4.32367325e+00,
   6.39895248e+00, 4.45028114e+00,-7.13350677e+00,-3.18298984e+00,
   1.04603875e+00,-8.97072479e-02,-2.19614244e+00, 3.12646604e+00,
   1.74786150e+00, 2.05553126e+00,-2.87244916e+00,-2.29649037e-01,
   2.35287234e-01, 1.77576315e+00, 1.55325091e+00,-1.25412874e+01,
  -5.19760966e-01,-5.46756029e+00,-3.28457177e-01, 8.84828925e-01,
  -5.84061146e-01, 1.15814743e+01,-2.04025775e-01,-1.65702093e+00,
   2.07267880e+00,-2.86376309e+00, 5.69033480e+00,-1.05175471e+00,
  -2.81907105e+00, 2.43110013e+00, 4.63158429e-01,-2.21413091e-01,
   6.88580453e-01,-7.91378546e+00, 1.94137573e+00, 2.98330665e-01,
   3.55002213e+00,-8.25044751e-01,-6.70268118e-01,-6.72265708e-01,
   4.01389271e-01, 8.01968455e-01, 1.26918638e+00,-3.20425844e+00,
  -3.06710213e-01,-1.67783916e-01,-2.29484415e+00, 3.08386981e-01,
  -2.74950981e+00,-7.36393809e-01,-4.87109470e+00,-2.75020313e+01,
  -4.78182316e+00, 1.83066833e+00,-1.64588487e+00,-8.51816058e-01,
   4.39085340e+00,-5.15461326e-01, 3.41940665e+00,-1.85542846e+00,
  -1.34654179e+01, 4.42731529e-01, 1.33133531e+00, 1.43754292e+00,
  -2.27356219e+00,-7.43801892e-01, 2.83414125e+00, 4.61117119e-01,
  -4.84295338e-01, 6.57995701e-01,-2.00114036e+00, 1.44943686e+01,
  -1.01744652e+00,-1.50484994e-01, 5.03529501e+00, 4.26255655e+00,
   7.05610454e-01,-2.56750655e+00,-4.72647250e-01, 3.55015707e+00,
  -1.43342555e-01, 1.70378089e-01, 1.31998312e+00, 9.90974784e-01,
  -1.79465520e+00,-1.75418749e-01, 1.48284900e+00,-5.06567359e-01,
  -3.52630115e+00, 2.51939082e+00, 6.94961309e-01, 6.42225206e-01},
 {-1.57403667e-02, 2.06520725e-02,-3.80694084e-02, 6.10660091e-02,
  -1.75494968e-03,-1.15204804e-01,-6.06799163e-02,-2.10592151e-02,
  -9.90108997e-02,-1.28584430e-01, 4.96463403e-02,-1.12246219e-02,
   1.12586990e-02,-3.46619859e-02,-2.61740573e-02,-1.13073867e-02,
   1.32764280e-02,-4.80784662e-02,-3.12068556e-02, 5.77537983e-04,
  -1.18877344e-01, 4.22547646e-02,-1.55947991e-02,-1.52916536e-02,
   8.30972865e-02,-1.51416473e-02,-9.27836001e-02,-1.34381428e-01,
   8.63770780e-04, 5.03981151e-02,-3.69239226e-02,-3.18574160e-02,
   1.47017082e-02,-3.64948511e-02, 4.63433415e-02,-1.10031836e-01,
  -3.10024396e-02,-5.09717204e-02,-8.83770660e-02,-1.23460531e-01,
   3.28487866e-02, 2.72809863e-02,-4.88883816e-02,-1.02081504e-02,
  -8.30566734e-02,-1.80806935e-01,-6.71281293e-02,-1.63239062e-01,
  -1.41681343e-01,-6.72010928e-02,-7.88929611e-02,-1.79986935e-02,
  -9.83687192e-02, 3.12537551e-02,-1.56761840e-01,-1.17030151e-01,
  -7.54461065e-02, 2.10381020e-02,-5.71939396e-03,-6.94671571e-02,
  -9.99827520e-04,-1.11769378e-01,-3.38304192e-02,-7.44927973e-02,
  -6.52184105e-03,-1.47066772e-01,-1.04362719e-01,-3.06122620e-02,
  -1.14832176e-02,-9.85003356e-03,-3.82120647e-02,-5.81798479e-02,
  -3.86110730e-02,-1.27060562e-01,-7.98950270e-02,-8.50838944e-02,
  -1.63236916e-01,-1.11513242e-01,-6.70405254e-02,-3.98164131e-02,
  -8.85106921e-02,-5.62841147e-02,-1.09953053e-01,-2.89247688e-02,
  -6.47685155e-02, 1.53928166e-02,-7.17992932e-02,-1.37044534e-01,
  -1.05224408e-01,-1.64767995e-01,-3.09988614e-02,-3.56341526e-02,
   2.23982241e-02,-1.06131554e-01, 9.88041908e-02,-3.27008851e-02,
  -1.01297081e-01, 1.77992228e-02,-4.74047475e-02,-1.13917202e-01,
  -7.20027611e-02,-2.80283447e-02,-1.69350445e-01,-4.93764319e-02,
   1.32860318e-02,-8.42471570e-02,-9.62307006e-02,-5.66334985e-02,
  -8.07824880e-02, 2.01376043e-02,-1.32894918e-01,-7.47270212e-02,
  -2.12231185e-02,-7.76835829e-02,-4.74060141e-02,-1.71786040e-01,
   1.89548486e-03,-1.72504429e-02,-5.65918870e-02,-1.10921271e-01,
  -2.73462720e-02,-9.34957433e-03,-8.15145299e-02,-2.29017027e-02,
  -1.21409900e-01,-2.37273529e-01,-4.69806530e-02, 1.62653737e-02},
 {-1.21850681e+00,-1.91439521e+00, 2.38538533e-01,-2.60310864e+00,
  -3.23986435e+00,-9.15858865e-01,-4.31108147e-01,-4.97387362e+00,
  -3.84315282e-01,-4.98346329e+00, 1.27332993e+01,-1.56746638e+00,
   6.98719621e-02,-1.58127737e+00, 2.63794065e-01,-1.88395190e+00,
  -1.06365693e+00, 2.79323459e+00,-2.50644565e-01,-1.05941401e+01,
   3.47594589e-01,-3.03661084e+00, 5.65349674e+00, 9.49855995e+00,
  -2.60621715e+00,-3.28338089e+01, 2.81241393e+00, 9.52643216e-01,
   3.69270658e+00,-1.60199869e+00, 1.81190157e+00, 8.65886402e+00,
  -1.10766544e+01, 3.24051642e+00,-6.74553442e+00,-1.00754726e+00,
  -2.75113940e+00,-5.51127642e-02,-3.09760547e+00,-2.79378414e-01,
  -2.79515386e+00, 5.13448536e-01,-6.50095820e-01, 4.68891144e+00,
   5.58795643e+00,-3.24748397e+00,-4.94740143e+01,-1.29498816e+00,
   1.72658753e+00, 1.11161661e+00,-1.81701541e+00,-2.38016677e+00,
  -1.26781988e+00, 2.43893623e+00,-5.76551616e-01, 2.72016096e+00,
  -2.64396572e+00,-7.54360437e-01, 2.26869583e-01, 1.21407485e+00,
   8.56724358e+00, 1.63635588e+00,-1.46374643e+00,-3.12531680e-01,
   1.16982532e+00, 9.25069749e-01, 2.77971911e+00, 6.47333980e-01,
  -3.05434316e-01, 1.28627086e+00, 1.98662746e+00, 5.80127656e-01,
   1.43553104e+01, 9.48022425e-01,-3.30380797e-01, 2.69499373e+00,
   7.29600382e+00, 2.90899134e+00, 1.10795474e+00,-1.85533369e+00,
  -1.31245255e+00, 6.21148348e-01,-1.19619141e+01, 3.11072648e-01,
  -1.19320914e-01,-1.22816086e+00,-1.16454277e+01, 2.55784297e+00,
   2.07736826e+00, 8.77995968e-01,-1.70411742e+00,-2.86917925e+00,
  -1.01630390e+00, 1.31074011e+00, 8.48299265e-01, 3.79329741e-01,
   4.89655077e-01,-8.71172771e-02, 8.34096149e-02,-4.64675963e-01,
  -9.13800144e+00,-2.16646075e+00, 1.65274358e+00, 8.17142308e-01,
   1.10998130e+00, 1.99759021e-01, 4.28631365e-01,-1.59448683e-01,
  -1.25647056e+00, 2.96430856e-01,-2.31656289e+00, 5.39376020e+00,
   1.75571263e+00,-1.42235768e+00,-1.09920752e+00, 2.61509132e+00,
   3.51388246e-01,-1.92248726e+00,-5.47076178e+00, 6.50833249e-01,
  -4.69435644e+00,-1.13253033e+00, 1.29407053e+01, 1.46485925e+00,
  -1.41889086e+01, 7.86435890e+00, 9.19719636e-01,-1.86061370e+00},
 {-1.03503227e+01,-6.58802509e+00, 3.48837018e+00, 4.17204313e-02,
   6.12521827e-01,-1.40966773e+00, 2.94645548e-01, 1.04390073e+00,
   2.39369345e+00, 9.95484054e-01,-1.11144710e+00, 1.42129831e+01,
  -1.74738139e-01,-2.49986696e+00, 6.19539928e+00, 1.50775337e+01,
   1.49811864e+00,-4.37440529e+01,-8.20998728e-01, 3.38266635e+00,
   8.69752526e-01, 6.15898252e-01,-1.62390842e+01,-9.25018430e-01,
   8.39831382e-02, 1.34926291e+01,-2.09197712e+01,-6.29065857e+01,
  -5.43722963e+00, 2.49225199e-01,-2.85034478e-01, 1.63579774e+00,
  -1.59175154e-02, 1.20986948e+01, 1.74146538e+01,-1.34234861e-01,
   2.11500239e+00,-2.02202010e+00,-8.27483749e+00, 5.82372427e+00,
   1.60974324e+00,-1.10374985e+01,-1.25782127e+01, 8.68730545e+00,
  -2.53403044e+00,-3.97170603e-01, 2.93487281e-01, 1.57987881e+00,
  -9.30176198e-01,-4.36217487e-02,-4.34400368e+00,-3.58986588e+01,
   5.49846172e-01,-1.34419661e+01, 6.86801016e-01,-5.39621770e-01,
   5.28012931e-01, 1.63123055e+01,-6.59324944e-01, 1.05308616e+00,
  -2.03812385e+00, 3.28423285e+00,-8.58133316e+00, 5.92787683e-01,
   5.14313078e+00, 2.11776390e+01, 2.87375897e-01,-1.21946812e-01,
  -4.64815617e-01,-3.25476112e+01,-3.87271941e-01,-1.23732643e+01,
  -2.92282891e+00,-2.40817387e-02,-2.18989015e-01, 9.27255452e-02,
  -1.94400358e+00,-8.29921067e-01, 8.90886784e-02,-2.10126877e+00,
  -1.71439007e-01, 4.13330746e+00, 2.48306561e+00, 3.59505445e-01,
  -3.70903581e-01, 5.13539314e-01, 1.44275713e+00, 1.37108994e+00,
  -1.63979971e+00,-5.07559776e+00, 1.84501040e+00,-2.48543715e+00,
  -1.03116394e+02,-8.95297718e+00, 3.37286115e-01, 3.77763152e-01,
  -1.29790589e-01,-6.13124847e+00,-1.77181971e+00,-8.15480709e-01,
   2.17861843e+00, 7.75638461e-01,-6.87101066e-01,-3.40569019e-01,
  -3.46716672e-01,-2.68514186e-01, 2.01587701e+00,-2.56051660e-01,
   7.35469699e-01, 4.62275088e-01, 3.40862679e+00,-8.98183823e-01,
  -1.23655307e+00,-4.91495037e+00, 9.42519531e-02,-3.83240908e-01,
  -1.09567618e+00, 1.24027717e+00, 1.91478634e+00,-8.97980022e+00,
   1.07094264e+00, 7.65489042e-01,-1.12970905e+01,-1.63381293e-01,
   3.90169811e+00,-8.76537085e-01,-5.11369324e+00,-3.11453557e+00},
 { 7.18180120e-01, 1.72656369e+00, 4.62097079e-01, 2.28034914e-01,
  -2.30847478e-01, 1.52454823e-01,-3.54598858e-04, 2.74620676e+00,
   2.18913183e-01, 1.90178156e+00,-1.73073196e+00, 8.88984323e-01,
  -4.68698032e-02, 1.91553831e-01,-3.42367768e-01,-7.55829215e-02,
   2.35469794e+00, 7.36786984e-03, 1.76340327e-01, 2.62707591e+00,
  -2.30751961e-01, 2.43296862e+00,-3.06714010e+00,-8.73432541e+00,
   6.50907469e+00,-9.07643199e-01, 2.49334484e-01,-1.17136441e-01,
  -1.32999048e-01, 5.47669291e-01,-9.17565882e-01,-7.04235744e+00,
  -1.10786877e+01, 9.74011868e-02, 4.37185907e+00, 1.55513763e-01,
   3.23633122e+00,-1.03077061e-01, 6.55856371e-01, 3.71610135e-01,
   1.67319469e+01,-3.04225057e-01,-2.18944982e-01,-2.39646649e+00,
  -4.19622517e+00, 2.77206421e-01, 1.33354445e+01, 2.78978133e+00,
  -1.76804745e+00,-2.09011018e-01,-1.84740186e-01,-1.61201045e-01,
   4.45182621e-01,-8.48380506e-01, 1.98029912e+00,-2.10614824e+00,
   6.80051565e-01, 4.99373555e-01, 8.48996735e+00, 3.80855471e-01,
  -6.05234289e+00,-8.98532383e-03, 9.39832985e-01,-1.06632690e+01,
  -3.48817050e-01,-2.54105181e-01, 9.80499685e-02,-8.28547716e-01,
  -1.83532596e+00, 6.36758879e-02,-3.11328650e-01, 2.57865608e-01,
  -5.96911335e+00,-1.14434814e+00, 3.02752182e-02, 5.31611145e-01,
  -6.24066305e+00,-2.35464263e+00, 1.77728251e-01, 3.82265419e-01,
  -1.12289381e+00, 3.81485879e-01, 2.13658905e+00,-1.12985086e+00,
   3.73232245e-01,-2.63572276e-01, 6.52613211e+00,-1.70610535e+00,
  -4.65305895e-01,-1.88584805e-01,-2.08612606e-01, 8.45234811e-01,
  -2.20691577e-01, 1.98925823e-01,-9.37703729e-01,-2.38280579e-01,
   1.27314791e-01,-3.65754180e-02,-1.95824746e-02, 6.40816879e+00,
   7.76424932e+00, 3.84591997e-01,-8.58957827e-01,-9.56721127e-01,
  -9.03842986e-01,-1.34722698e+00,-7.79689476e-02,-1.40222922e-01,
   1.09498453e+00,-3.46467996e+00, 9.66073394e-01,-5.73507845e-01,
  -1.82406515e-01,-1.49442721e-02, 4.92645115e-01,-2.21807554e-01,
   2.00008098e-02, 3.45389771e+00,-2.08204389e+00, 2.74456758e-02,
   2.36594296e+00, 5.69939232e+00, 2.47293854e+00,-6.43600583e-01,
   8.38715136e-01,-6.05862713e+00, 9.80904937e-01, 4.89866829e+00},
 {-1.81082869e+00, 2.96383262e+00, 1.94308257e+00, 4.06295204e+00,
  -5.16237319e-01,-3.14079475e+00, 3.67114162e+00,-2.35438132e+00,
  -2.81095058e-01,-5.63089800e+00, 6.49610901e+00,-2.71254597e+01,
   5.78793585e-01,-4.40598106e+00, 1.05089750e+01,-2.68662000e+00,
   5.12625575e-01, 3.40388465e+00, 1.50122917e+00,-9.69094181e+00,
  -1.68001786e-01,-1.25592470e+00, 5.68458271e+00, 5.56027079e+00,
   2.57170707e-01, 9.63712394e-01,-4.35361910e+00, 6.40928745e-01,
  -2.31305027e+00,-4.80715561e+00, 4.13268656e-01,-2.14047265e+00,
   2.94071221e+00,-4.98060036e+00,-6.75634027e-01, 1.87892902e+00,
   9.37185109e-01, 5.08281755e+00, 3.44198525e-01, 9.29119647e-01,
   2.86509800e+00,-5.05881453e+00,-3.46102023e+00, 4.89774990e+00,
   2.43762970e+00, 1.80923676e+00,-4.98126030e+00, 4.14222538e-01,
   1.02964854e+00, 2.01431656e+00,-1.77540076e+00,-3.83142853e+00,
   7.25815713e-01, 1.95300460e+00, 1.28160879e-01, 2.13939428e+00,
  -3.19563651e+00, 1.38928032e+01,-2.75013924e-01, 1.60924482e+00,
   4.84404039e+00, 1.77791655e+00, 3.83831382e+00,-9.56802964e-01,
   1.51760375e+00, 2.59197593e+00, 5.17684579e-01,-2.48325408e-01,
   1.31464291e+00,-3.65349555e+00,-2.91979641e-01,-2.59631419e+00,
   3.89761925e+00,-3.02119911e-01, 4.31896257e+00,-6.33864343e-01,
   2.16311526e+00, 1.51773846e+00,-4.59439009e-01, 4.81410694e+00,
  -3.61210793e-01, 2.08657473e-01,-5.95582771e+00, 9.25520301e-01,
  -6.92524433e+00, 2.91672659e+00,-5.20739365e+00, 5.27040815e+00,
   3.10477829e+00, 3.75007272e-01, 4.57249451e+00,-1.02679062e+01,
   3.68019772e+00, 1.40583217e+00, 4.78113747e+00,-3.76428580e+00,
  -9.87252426e+00,-2.28781796e+00,-5.70575893e-01, 1.07707536e+00,
  -4.81228304e+00,-1.53797376e+00,-7.49111319e+00, 5.70504606e-01,
  -4.87755507e-01, 1.21514571e+00,-1.81452632e+00,-7.47835696e-01,
  -1.38785744e+00,-7.27142870e-01, 7.33237326e-01, 5.50256586e+00,
   7.96975851e-01,-1.36174164e+01,-1.15912807e+00, 5.66604519e+00,
  -4.03481865e+00,-1.38837683e+00, 3.95707297e+00,-6.69459105e-01,
  -3.44705200e+00,-9.94449377e-01, 1.47631812e+00, 1.40898848e+00,
  -7.34632874e+00, 3.59789586e+00, 1.07573423e+01, 1.65606594e+00},
 {-3.37169671e+00,-3.45480156e+00,-1.58223653e+00, 1.40449619e+00,
  -2.50857210e+00, 8.49704802e-01,-3.50433588e-01,-3.44590336e-01,
  -3.22772455e+00,-2.51287013e-01, 4.86336589e-01,-3.46282125e+00,
  -1.77757472e-01,-1.41742659e+01, 4.86340523e+00,-1.22046032e+01,
  -1.77492902e-01, 1.19449866e+00,-1.24151997e-01, 2.31670499e+00,
  -4.72911894e-01,-6.67681769e-02,-3.43583167e-01,-3.22576165e-01,
   1.39659584e-01,-1.67630920e+01,-5.78457177e-01, 1.48855615e+00,
   2.87877059e+00,-2.08659098e-01, 6.64826855e-02, 2.45852280e+00,
   2.60133564e-01,-1.38200293e+01,-6.23319387e+00,-2.11155844e+00,
   3.48385859e+00, 3.70791888e+00,-1.21555734e+00,-4.57341433e+00,
   1.59697056e-01, 8.42375469e+00,-5.42544246e-01, 2.97513461e+00,
   8.77903581e-01, 1.21301079e+00,-1.12011425e-01,-1.54824734e+00,
   3.46034497e-01, 2.26630270e-01, 1.23247766e+00,-1.34440887e+00,
   3.07292342e-01,-1.48169172e+00,-1.62500054e-01, 2.02724695e-01,
  -1.79658085e-01, 1.06288233e+01, 1.59180999e-01,-2.64342308e+00,
   7.93107092e-01,-3.97256160e+00,-2.32343698e+00, 3.63738239e-01,
  -1.01573408e+00, 3.74538136e+00,-1.62463374e-02, 1.20089702e-01,
  -2.31308825e-02,-9.80890468e-02,-7.28483975e-01, 4.87453508e+00,
   1.34892285e+00,-1.00439161e-01,-8.85210609e+00, 3.58145863e-01,
   5.43604314e-01, 1.66874588e-01, 1.01944864e+00,-1.05299890e+00,
   5.72749004e-02,-2.22883284e-01,-9.36824083e-01,-2.03950167e-01,
  -2.88448763e+00,-1.86400771e-01,-7.35521853e-01,-4.95764160e+00,
   1.86552978e+00,-2.47621226e+00,-2.34583735e+00,-2.78618991e-01,
  -8.02727795e+00,-5.29873323e+00,-1.11710596e+00,-2.84059793e-01,
   3.84758890e-01, 5.75641394e+00, 3.26428914e+00,-2.83833921e-01,
  -5.69285631e-01, 6.87652528e-01,-7.42304385e-01, 2.50192791e-01,
   2.15283409e-01,-4.65781279e-02,-5.67906075e+01,-5.76949716e-01,
  -1.21989004e-01, 1.26128318e-02,-4.78627056e-01, 4.83213723e-01,
   1.39887786e+00, 3.73266608e-01,-1.79149881e-01,-2.18185812e-01,
   9.16758358e-01,-4.94288236e-01,-3.77687722e-01, 6.04726362e+00,
  -2.35242665e-01, 1.46923646e-01, 1.25167060e+00,-5.36576867e-01,
  -5.36799192e-01, 2.91741103e-01,-6.65462923e+00, 2.05395508e+00}};

const float b2[sz_hid_2] = {-9.7089469e-01,-5.7601252e+00,-1.3406460e-01,-1.9650984e+01,
 -6.4174552e+00, 4.5724291e-02,-8.0175743e+00, 4.9137135e+00,
 -8.2786312e+00,-6.3819685e+00,-1.3262318e+01,-4.9261284e+00,
 -5.8325547e-01,-4.1635747e+00,-7.3495808e+00, 1.1351687e+01,
  6.2691503e+00,-9.7179629e-02,-1.4583656e+00,-1.6137358e+01,
 -1.3659419e+01,-7.4117742e+00,-1.5739940e+00,-6.1131897e+00,
  1.0064165e+01,-5.9684520e+00,-1.2500592e-01, 3.4165469e-01,
  1.0100132e+00, 5.0778263e-03,-1.0507519e+01,-5.1501203e+00};

const float w3[sz_act][sz_hid_2] = {{-6.90284476e-04, 7.27388188e-02, 7.00316057e-02, 3.23520537e-04,
   1.49191637e-02,-1.21430424e-03, 9.95480865e-02,-1.25906956e+00,
   1.40141370e-02,-2.04711054e-02,-1.45195618e-01, 4.46681026e-03,
   4.60131851e-05,-9.65058580e-02, 5.30519001e-02, 1.15883267e+00,
  -1.02955110e-01,-5.92914484e-02,-4.94115753e-03, 1.47639468e-01,
  -4.36418876e-03, 2.05829471e-01, 7.07179084e-02,-1.34915784e-01,
   1.12681113e-01, 1.70191713e-02, 9.75675583e-02, 3.04616809e-01,
   1.05430027e-02,-5.64344674e-02,-2.12622399e-04,-7.39433162e-04},
 {-1.18949123e-01,-1.20925985e-03, 1.13921523e-01,-3.59830379e-01,
   8.42245594e-02,-8.33837986e-02, 2.58764952e-01, 9.81876045e-04,
  -1.98246479e-01,-2.55765110e-01, 1.04755666e-02,-6.34355992e-02,
  -1.13160163e-01,-3.49162333e-03, 1.61518276e-01,-7.25729577e-03,
   7.15600234e-03,-1.36978641e-01,-6.41630441e-02, 9.68297105e-03,
   1.13386415e-01,-5.29872766e-03, 3.64445965e-03,-3.35193542e-03,
   6.64720545e-03,-1.32286489e-01,-2.25256737e-02,-2.55758711e-03,
  -7.75955617e-02,-3.98847682e-04, 1.49332151e-01, 1.28446341e-01}};

const float b3[sz_act] = {0.01634771,0.25093013};

