Epoch	AverageEpRet	StdEpRet	MaxEpRet	MinEpRet	AverageTestEpRet	StdTestEpRet	MaxTestEpRet	MinTestEpRet	EpLen	TestEpLen	TotalEnvInteracts	AverageQ1Vals	StdQ1Vals	MaxQ1Vals	MinQ1Vals	AverageQ2Vals	StdQ2Vals	MaxQ2Vals	MinQ2Vals	LossPi	LossQ	Time
1	-489.4201	7.7432337	-474.5319	-501.4294	-479.46295	12.61721	-446.43317	-493.0062	100.0	100.0	1499	-6.064572	1.9298408	0.0122648105	-10.895274	-6.1246705	1.816728	-0.06786696	-10.240847	5.8573537	3.2691655	4.865208625793457
2	-495.29575	3.469143	-488.6647	-500.58105	-468.50873	17.9009	-433.74738	-497.9419	100.0	100.0	2999	-14.654638	3.9326072	-6.0101514	-24.620388	-14.655302	3.930766	-5.9580884	-24.736887	14.450732	0.15879825	13.241853952407837
3	-493.42093	2.250179	-489.28055	-497.4375	-485.53238	8.499458	-468.52145	-495.97385	100.0	100.0	4499	-27.653446	3.6869435	-18.686718	-37.21776	-27.65355	3.6868806	-18.650398	-37.30083	27.482374	0.18842004	22.08927273750305
4	-494.09824	4.912098	-484.05136	-503.12357	-486.90894	9.616577	-466.39062	-497.43484	100.0	100.0	5999	-39.298744	3.265574	-30.733398	-47.70499	-39.298836	3.2669241	-30.702984	-47.46904	39.137997	0.22480917	30.515556812286377
5	-489.2423	6.29396	-473.5697	-497.14105	-482.86288	10.826649	-464.5938	-496.6351	100.0	100.0	7499	-49.276474	2.7919316	-41.28407	-56.762833	-49.276466	2.794638	-40.938263	-56.873493	49.13127	0.2598555	38.978561878204346
6	-490.9134	5.42214	-475.61264	-496.98474	-479.95206	13.552213	-455.04572	-499.19562	100.0	100.0	8999	-57.687172	2.433805	-50.0809	-65.93216	-57.686993	2.4367402	-50.329422	-66.01447	57.54774	0.29756442	47.49184989929199
7	-486.36243	15.197977	-432.6383	-500.60153	-477.85187	17.817213	-442.80283	-497.495	100.0	100.0	10499	-64.73472	2.0953705	-58.326595	-71.75749	-64.73475	2.0976603	-58.184746	-71.42513	64.60327	0.32229882	56.32061791419983
8	-482.54807	9.043111	-467.2828	-496.0992	-481.56168	11.427995	-457.13614	-499.2349	100.0	100.0	11999	-70.53646	1.8334469	-64.664734	-76.89095	-70.536545	1.8353794	-64.498314	-76.694664	70.41284	0.3348164	64.99181580543518
9	-471.47253	20.013693	-424.81635	-500.41367	-481.9549	13.5969305	-449.5934	-497.3825	100.0	100.0	13499	-75.34274	1.6503744	-69.98431	-81.20432	-75.342674	1.6541891	-69.76229	-81.30667	75.22772	0.34627149	73.66202783584595
