Epoch	AverageEpRet	StdEpRet	MaxEpRet	MinEpRet	AverageTestEpRet	StdTestEpRet	MaxTestEpRet	MinTestEpRet	EpLen	TestEpLen	TotalEnvInteracts	AverageQVals	StdQVals	MaxQVals	MinQVals	LossPi	LossQ	Time
1	-191.23329	1.215316	-189.28374	-193.41998	-191.35721	4.1135654	-184.9371	-196.9336	100.0	100.0	1499	-3.596746	1.1380595	0.015752785	-6.906388	3.5245426	0.07212787	5.558850049972534
2	-190.98434	2.8446665	-183.97751	-194.0604	-189.9166	2.7115064	-185.07199	-194.40166	100.0	100.0	2999	-11.622207	3.6209216	-4.8876066	-19.422392	11.565414	0.011314345	14.767433404922485
3	-190.7027	1.3617269	-188.61334	-193.63579	-189.49402	2.4347057	-183.97765	-192.44385	100.0	100.0	4499	-24.193493	3.6582744	-17.09148	-31.902885	24.13197	0.028154762	24.006746768951416
4	-189.65892	1.20577	-187.35231	-191.47778	-190.02751	1.1049082	-188.17276	-191.65948	100.0	100.0	5999	-36.626682	3.5472827	-29.346354	-44.380436	36.567055	0.04275825	33.20836544036865
5	-190.91928	1.2147985	-188.89223	-192.83913	-189.45822	2.1242309	-185.38576	-191.71982	100.0	100.0	7499	-48.591267	3.435088	-41.41233	-56.13675	48.530426	0.054153036	42.34495687484741
6	-190.71921	2.839056	-184.53583	-196.15414	-190.23344	0.86974126	-188.73933	-191.37852	100.0	100.0	8999	-60.15882	3.3294075	-53.111576	-67.72103	60.097782	0.06332695	51.50514078140259
7	-190.3025	1.9099474	-186.88725	-193.70515	-189.29665	3.2146633	-182.81364	-192.91731	100.0	100.0	10499	-71.36499	3.2297325	-64.129776	-78.82854	71.30133	0.07984515	60.9104745388031
8	-190.0662	1.1727356	-186.30193	-191.32944	-190.40308	1.2635098	-187.42665	-192.02663	100.0	100.0	11999	-82.15939	3.1287248	-74.70772	-89.56255	82.09948	0.092909954	70.81103992462158
9	-189.08672	3.120735	-179.45761	-193.05962	-188.84183	3.009337	-183.08267	-193.2358	100.0	100.0	13499	-92.59148	3.0227344	-85.29157	-100.32461	92.53446	0.09903517	80.60538220405579
10	-188.90562	1.692176	-185.04297	-191.56767	-188.67093	2.2773428	-184.48595	-191.53549	100.0	100.0	14999	-102.69101	2.9455147	-95.70509	-109.86803	102.6438	0.09948633	90.25935173034668
11	-189.09033	2.6338933	-183.77113	-192.49742	-189.43372	2.875976	-183.84895	-194.03741	100.0	100.0	16499	-112.458496	2.8369992	-105.73064	-119.59884	112.411934	0.10211404	100.20728921890259
12	-188.67606	2.742819	-184.32288	-191.95148	-188.784	2.8407156	-183.23796	-192.8944	100.0	100.0	17999	-121.87284	2.7340696	-115.69113	-129.33649	121.82735	0.100105174	110.16159462928772
13	-189.11313	1.9499111	-184.50867	-191.3636	-187.38144	4.4680276	-177.71419	-191.91626	100.0	100.0	19499	-130.94807	2.6549847	-124.79893	-138.50362	130.90363	0.10843932	120.18798494338989
14	-189.0318	2.5125682	-185.34737	-194.0384	-191.13309	1.6998284	-187.24509	-193.36815	100.0	100.0	20999	-139.7305	2.56278	-133.72324	-146.5099	139.69046	0.11146732	130.2292513847351
15	-186.9338	3.0569448	-178.30276	-191.39372	-187.84517	3.27092	-182.49406	-194.25552	100.0	100.0	22499	-148.20958	2.490049	-142.33354	-154.82492	148.17218	0.11704883	140.25630688667297
16	-187.04884	3.4251873	-179.3351	-191.09714	-188.00357	4.3966646	-178.39598	-194.64598	100.0	100.0	23999	-156.36966	2.3906987	-150.37451	-165.31433	156.32751	0.11571253	150.22539234161377
17	-187.29535	4.097434	-178.59946	-194.6421	-186.95575	3.149784	-180.39268	-192.21056	100.0	100.0	25499	-164.1948	2.317023	-158.56775	-173.10143	164.15273	0.11407303	160.1780788898468
18	-188.09464	2.6924138	-182.7827	-191.73257	-187.92459	2.434221	-182.46068	-191.52716	100.0	100.0	26999	-171.74185	2.2601063	-166.27252	-180.25777	171.70343	0.120834075	170.1318097114563
19	-187.117	3.2261264	-180.00735	-191.5824	-187.85397	3.5651278	-180.22343	-191.08202	100.0	100.0	28499	-178.99878	2.1808205	-173.10472	-186.99109	178.95792	0.12060858	179.94557976722717
20	-187.90082	2.3162766	-181.51898	-191.03824	-187.3917	1.7239928	-184.34851	-190.44499	100.0	100.0	29999	-185.97179	2.1259568	-180.15903	-192.50632	185.92928	0.12625878	189.78230619430542
21	-186.27812	3.6132596	-179.90205	-190.66261	-188.04483	3.2415326	-179.35703	-190.63412	100.0	100.0	31499	-192.67685	2.0779762	-187.10419	-199.01549	192.63696	0.1271818	199.9686257839203
22	-187.61842	3.5983093	-177.94461	-192.35133	-185.87651	3.7366152	-178.10973	-190.22595	100.0	100.0	32999	-199.13412	2.0370376	-193.28302	-206.16054	199.09406	0.12617044	209.73518133163452
23	-186.54633	2.9090726	-180.77524	-191.31819	-187.506	2.2956495	-182.41718	-189.95847	100.0	100.0	34499	-205.34283	1.9990563	-199.59213	-211.24007	205.3053	0.13183951	220.0265085697174
24	-187.40527	3.4988165	-180.95006	-192.58374	-187.62248	3.032976	-183.05539	-191.45732	100.0	100.0	35999	-211.35371	1.985802	-204.87152	-217.67642	211.31905	0.15671419	230.05584931373596
25	-187.57016	2.0092716	-183.74081	-190.4768	-185.10968	3.4523976	-178.14645	-190.04892	100.0	100.0	37499	-217.1569	1.9518763	-211.44203	-223.38353	217.12125	0.12979573	240.1928689479828
26	-187.91493	2.403211	-183.30118	-190.88214	-185.13153	3.1211433	-179.67784	-189.06953	100.0	100.0	38999	-222.725	1.9339923	-216.9142	-228.97691	222.6892	0.16139817	250.77405452728271
27	-186.88646	1.9452002	-183.45299	-190.44627	-184.95392	3.2499633	-178.7213	-189.2689	100.0	100.0	40499	-228.09552	1.9043326	-220.46402	-234.87175	228.05771	0.15854004	261.07569694519043
28	-185.94029	2.591487	-181.314	-189.38045	-188.44113	3.169616	-181.95576	-192.09535	100.0	100.0	41999	-233.2396	1.8932983	-226.96991	-242.72125	233.2042	0.17177564	271.43670105934143
29	-184.95992	3.4478786	-179.8371	-191.71385	-185.06778	4.027262	-178.06184	-190.67867	100.0	100.0	43499	-238.18472	1.8738487	-230.4472	-244.10526	238.14954	0.15607855	282.0491256713867
30	-187.50668	2.9992292	-181.06078	-191.5703	-186.60934	2.751064	-183.30167	-192.40263	100.0	100.0	44999	-242.93091	1.8784907	-236.07918	-249.71103	242.89284	0.17193583	292.7201826572418
31	-187.48257	2.5361986	-181.39977	-191.86125	-187.16765	2.0735984	-184.43364	-191.64255	100.0	100.0	46499	-247.46523	1.882039	-234.08731	-267.63638	247.42456	0.21498564	305.1787667274475
32	-187.84981	1.7978438	-184.85373	-191.7856	-187.493	3.1121845	-181.5609	-190.64104	100.0	100.0	47999	-251.8406	1.8765991	-243.78276	-261.05353	251.79942	0.17879443	316.29103684425354
33	-187.78732	2.238141	-182.89417	-190.9714	-188.24863	2.337882	-184.11603	-191.23586	100.0	100.0	49499	-256.03635	1.8902754	-247.65225	-274.6205	255.99533	0.2705553	329.1731343269348
34	-188.19194	2.955741	-183.79196	-194.54343	-186.7858	3.6498864	-180.74565	-191.82045	100.0	100.0	50999	-260.07706	1.8833189	-249.28108	-280.73224	260.04224	0.2583598	340.55379247665405
35	-188.34079	2.5249228	-183.47052	-193.22215	-187.73921	3.9881818	-181.25127	-194.58667	100.0	100.0	52499	-263.9683	1.8683392	-251.86102	-276.5464	263.9261	0.28301427	352.69733905792236
36	-187.70168	2.0024943	-184.05463	-190.53015	-187.33559	2.8656049	-183.63608	-191.41537	100.0	100.0	53999	-267.6907	1.887084	-258.4644	-275.39008	267.64575	0.26240426	365.3417594432831
37	-188.39888	2.966355	-183.03322	-192.13231	-187.95073	2.2176569	-184.8242	-190.73032	100.0	100.0	55499	-271.2036	1.9121395	-260.88004	-279.6657	271.15628	0.31098	378.2943203449249
38	-188.15508	3.5796878	-181.40732	-194.44012	-189.00423	2.1290526	-184.72667	-191.99658	100.0	100.0	56999	-274.57928	1.9602982	-262.62402	-285.25095	274.53464	0.28900084	390.6985721588135
39	-188.96243	2.638171	-184.1741	-191.89421	-188.28336	2.4039857	-185.18208	-191.06715	100.0	100.0	58499	-277.83148	2.0267477	-262.1348	-293.6907	277.7872	0.34433797	403.7444519996643
40	-188.71468	1.8838388	-184.8838	-191.75613	-189.6386	0.7313982	-188.5835	-191.16719	100.0	100.0	59999	-280.95728	2.0825708	-266.93817	-290.24878	280.91205	0.3442587	417.1297650337219
41	-188.10243	2.387582	-183.0605	-191.0006	-189.79051	2.0438097	-184.81189	-192.38449	100.0	100.0	61499	-283.9428	2.1109095	-269.85846	-292.53125	283.89615	0.28811702	430.42267990112305
42	-189.28104	2.7759275	-181.77216	-192.02592	-187.3331	2.119043	-182.63947	-190.41661	100.0	100.0	62999	-286.7939	2.1748042	-270.6872	-297.9639	286.74677	0.3764291	444.8205533027649
43	-189.20131	1.7727146	-185.60526	-191.53633	-187.70032	3.7518852	-182.37009	-193.4929	100.0	100.0	64499	-289.5227	2.230718	-278.60022	-299.13205	289.47208	0.29037896	459.0198085308075
44	-188.36327	2.0397415	-183.88458	-191.2434	-189.85263	1.1859071	-187.14522	-191.71037	100.0	100.0	65999	-292.1003	2.3754594	-272.05325	-314.0089	292.05215	0.53973633	472.86634707450867
45	-188.15102	2.0271132	-184.33464	-191.33585	-188.92784	2.6751494	-184.29016	-191.53316	100.0	100.0	67499	-294.5658	2.3715847	-282.00195	-305.5331	294.512	0.27641305	486.5088722705841
46	-188.77328	1.855342	-183.80498	-190.82147	-188.6039	1.8187667	-184.96132	-191.20503	100.0	100.0	68999	-296.97253	2.4002619	-285.20444	-310.67575	296.9197	0.30627158	499.15403151512146
47	-189.86955	1.5019971	-186.96796	-193.49608	-188.40865	2.0818467	-185.35933	-193.22998	100.0	100.0	70499	-299.2787	2.4573212	-285.8821	-312.2631	299.2283	0.38290474	512.1083011627197
48	-188.43071	1.532967	-183.58344	-190.75116	-186.30423	3.2789984	-181.48334	-190.34584	100.0	100.0	71999	-301.5196	2.4323194	-288.59354	-313.24554	301.46625	0.326173	525.6632173061371
49	-189.11008	1.3817791	-185.64104	-191.07031	-187.80737	2.4829955	-183.67302	-192.55301	100.0	100.0	73499	-303.70657	2.4322352	-292.75766	-315.69537	303.65677	0.3511013	538.0712099075317
50	-188.71841	2.0357664	-183.49744	-191.84726	-186.0986	3.7430468	-179.44466	-190.4843	100.0	100.0	74999	-305.78372	2.4555993	-293.61554	-319.8835	305.72726	0.4255594	550.2333633899689
51	-187.36823	3.0365126	-183.35017	-192.9411	-186.96466	2.0292718	-183.01398	-190.0947	100.0	100.0	76499	-307.75967	2.4564524	-290.5558	-322.3777	307.6995	0.30464253	561.7324321269989
52	-185.6243	3.786906	-178.37585	-190.76036	-186.12326	2.9184813	-180.94168	-189.49113	100.0	100.0	77999	-309.68484	2.4596093	-298.73596	-322.10367	309.6323	0.33465892	573.3618938922882
53	-186.81563	3.0654469	-179.86089	-191.07242	-185.81259	3.9060063	-179.5268	-191.28372	100.0	100.0	79499	-311.56265	2.4560225	-301.15707	-323.18445	311.50818	0.39524162	584.644659280777
54	-186.86339	1.921345	-183.5232	-190.30957	-186.35692	3.2475927	-180.28798	-191.60957	100.0	100.0	80999	-313.38535	2.4221554	-296.23093	-326.23087	313.32983	0.4007573	595.8012359142303
55	-186.33633	3.0128005	-181.71404	-191.2031	-187.89682	2.8938177	-182.28938	-193.22482	100.0	100.0	82499	-315.1313	2.35897	-304.89288	-333.73077	315.07275	0.27662212	606.3479025363922
56	-188.10713	3.217979	-181.26144	-192.93517	-185.83005	2.8166919	-180.87984	-190.45691	100.0	100.0	83999	-316.81055	2.336649	-304.70587	-333.3831	316.75323	0.3526931	617.0150344371796
57	-188.34091	2.8510683	-180.7645	-192.20552	-188.27487	2.6915185	-182.48483	-191.90271	100.0	100.0	85499	-318.4563	2.3007119	-303.6906	-336.36694	318.40604	0.40571874	628.5861079692841
58	-187.24754	2.6672995	-181.68532	-190.81612	-186.01022	3.4514315	-180.80887	-191.60251	100.0	100.0	86999	-320.14487	2.2408454	-308.31842	-336.591	320.10303	0.26438203	639.9599678516388
59	-188.09375	3.4575737	-179.35092	-191.68166	-188.60059	2.508672	-184.89185	-192.21375	100.0	100.0	88499	-321.77145	2.2307096	-304.47568	-338.59946	321.72305	0.3418861	651.0160276889801
60	-187.49684	3.349159	-182.7503	-195.43846	-187.30363	3.3553922	-182.6665	-192.95236	100.0	100.0	89999	-323.36215	2.242887	-308.54947	-337.60345	323.32172	0.4308501	661.6643147468567
61	-186.89952	2.3221328	-182.4815	-192.21663	-189.46466	1.9863707	-185.34526	-191.86754	100.0	100.0	91499	-324.94073	2.215165	-308.79758	-341.76294	324.9045	0.3400386	672.1994576454163
62	-186.641	3.0797114	-181.29	-192.66292	-189.38329	1.9740866	-184.886	-191.98595	100.0	100.0	92999	-326.50385	2.16008	-315.17392	-339.19525	326.4729	0.2191547	682.4956586360931
63	-187.83354	2.9755862	-183.02792	-193.65541	-186.25334	2.5954738	-181.65833	-190.16006	100.0	100.0	94499	-328.01428	2.1819255	-314.07056	-341.77817	327.98535	0.4448126	692.7726819515228
64	-186.58528	2.783102	-181.2094	-190.53752	-187.42836	2.73929	-182.79135	-190.55386	100.0	100.0	95999	-329.45535	2.1369548	-317.13562	-340.48233	329.41788	0.24480078	703.1919140815735
65	-186.12029	3.6678631	-181.09604	-191.98177	-187.88278	1.7867923	-184.6181	-190.43298	100.0	100.0	97499	-330.8118	2.119085	-318.95642	-342.14038	330.77582	0.30160615	713.6641914844513
66	-187.5066	2.4682245	-182.29356	-190.73714	-186.93515	2.3525126	-184.14531	-190.94585	100.0	100.0	98999	-332.16013	2.0936646	-318.7255	-342.44733	332.12445	0.27343413	724.2680568695068
67	-185.55748	3.907026	-177.91913	-190.53664	-188.64671	1.6109793	-185.33047	-191.49086	100.0	100.0	100499	-333.43198	2.1248474	-314.78525	-344.3594	333.3949	0.35603622	734.6722793579102
68	-184.42519	3.7848315	-179.33607	-191.71127	-187.03358	2.0321026	-182.67142	-190.44246	100.0	100.0	101999	-334.6342	2.11898	-318.82492	-342.25958	334.60114	0.24704653	745.4010543823242
69	-186.54427	3.1670978	-181.82143	-192.91791	-186.09167	3.582687	-180.95612	-191.04062	100.0	100.0	103499	-335.85165	2.1330342	-317.2014	-346.80756	335.8223	0.39574015	755.964634180069
70	-185.52042	3.052166	-181.0447	-190.10587	-188.9139	3.3916428	-181.04219	-193.12067	100.0	100.0	104999	-336.98828	2.0949702	-318.40256	-346.47818	336.95538	0.2732429	766.6726453304291
71	-187.0723	2.8827236	-180.01277	-190.59802	-186.81113	4.689414	-179.30096	-193.64728	100.0	100.0	106499	-338.05515	2.16136	-316.6113	-348.84933	338.02325	0.29216865	778.5219085216522
72	-186.44377	4.309994	-178.2844	-193.5049	-187.34938	3.257612	-179.99731	-191.12819	100.0	100.0	107999	-339.06305	2.2842557	-318.47195	-347.48303	339.02274	0.33235484	790.5548319816589
73	-186.33176	4.192717	-176.81926	-194.9357	-186.78185	3.135623	-179.58195	-192.72845	100.0	100.0	109499	-339.97665	2.368647	-317.7421	-351.33105	339.93524	0.3198925	801.5908589363098
74	-187.34811	3.4607604	-181.70291	-192.61266	-185.79016	2.2374005	-182.65651	-190.66107	100.0	100.0	110999	-340.8352	2.4618366	-318.69998	-349.70825	340.79492	0.3021922	812.8609540462494
75	-187.75212	2.6231143	-183.33047	-191.39566	-186.49704	3.2295952	-181.55276	-190.67792	100.0	100.0	112499	-341.6948	2.536469	-316.00626	-351.97656	341.65582	0.35872647	823.9914028644562
76	-187.60771	3.4117296	-180.8952	-190.97118	-186.97641	3.204788	-181.81079	-190.82079	100.0	100.0	113999	-342.51358	2.6513135	-319.11478	-350.64398	342.47375	0.3192653	835.7686955928802
77	-187.28265	2.8316793	-181.59622	-190.92683	-187.77203	3.4661074	-180.4872	-194.0062	100.0	100.0	115499	-343.25024	2.7303658	-314.9792	-357.11575	343.20605	0.39012706	847.1141469478607
78	-188.38858	2.5174565	-182.02238	-190.74615	-188.0598	2.7669659	-181.8576	-192.01662	100.0	100.0	116999	-343.936	2.8873355	-318.33936	-352.5684	343.8945	0.30912834	859.5028533935547
79	-188.00432	3.556376	-180.90579	-191.48474	-188.3208	3.4874823	-182.50842	-191.8033	100.0	100.0	118499	-344.55002	3.153288	-319.84442	-353.3829	344.50204	0.41189152	872.2322468757629
80	-189.08012	3.0743966	-180.58081	-192.39246	-189.93271	2.877466	-184.6709	-194.62886	100.0	100.0	119999	-345.11896	3.3821595	-317.8742	-355.98032	345.06598	0.47443876	885.455420255661
81	-188.14282	4.350852	-180.12035	-193.80057	-188.49908	2.761239	-182.14061	-191.04604	100.0	100.0	121499	-345.61313	3.5262232	-316.38126	-355.8103	345.5517	0.37075642	898.8883061408997
82	-190.22208	2.2439542	-185.67625	-194.36668	-189.41663	2.8889182	-185.22125	-194.20201	100.0	100.0	122999	-346.0155	3.7132769	-318.27737	-355.77066	345.95212	0.37025008	912.6594548225403
83	-190.41559	1.1426455	-187.95302	-191.91447	-191.28816	2.1426702	-186.60034	-194.57669	100.0	100.0	124499	-346.38058	3.8901665	-317.85715	-358.02023	346.3075	0.47440764	926.6818971633911
84	-189.3939	2.5915668	-183.44904	-194.58159	-190.08142	1.2544173	-186.68562	-191.24742	100.0	100.0	125999	-346.69232	4.0298643	-319.93063	-358.7513	346.61398	0.3967256	940.316329240799
85	-190.37616	2.191013	-183.2414	-194.62439	-190.42406	2.022187	-185.79027	-193.56908	100.0	100.0	127499	-347.0376	4.13003	-318.91116	-357.60962	346.9682	0.44399357	954.9864645004272
86	-190.92216	1.058997	-189.09021	-193.06897	-189.71664	2.5764384	-185.69731	-194.77971	100.0	100.0	128999	-347.32773	4.2806554	-319.0125	-363.62137	347.2495	0.49973178	969.5715522766113
87	-189.97539	2.5952728	-182.86479	-192.89288	-191.316	1.5775596	-189.3968	-195.01703	100.0	100.0	130499	-347.62344	4.281089	-318.57254	-363.28125	347.53424	0.4080945	983.3167989253998
88	-190.52074	1.2230227	-188.48857	-193.20544	-190.26213	1.3187168	-187.0795	-192.01831	100.0	100.0	131999	-347.71313	4.5865197	-313.09915	-374.1356	347.6035	0.5708338	997.1555378437042
89	-190.22716	2.1852255	-185.59425	-194.76448	-189.70374	2.1291094	-184.25673	-192.67891	100.0	100.0	133499	-347.77094	4.9131513	-318.90698	-367.69147	347.65958	0.47272667	1010.9217944145203
90	-189.51877	2.475149	-182.36342	-192.88771	-191.03754	1.4331778	-189.33833	-194.89844	100.0	100.0	134999	-347.7805	5.2838383	-316.26416	-370.38922	347.6645	0.5044572	1024.8310313224792
91	-189.77512	2.639189	-181.4024	-192.96317	-189.81377	1.4160639	-187.23761	-191.86136	100.0	100.0	136499	-347.69095	5.6736712	-315.5713	-374.0631	347.55612	0.4830214	1038.6188597679138
92	-190.89847	1.5858427	-188.65558	-193.79742	-190.78947	1.7211152	-188.31598	-194.93767	100.0	100.0	137999	-347.44662	5.9027767	-316.58795	-377.7771	347.2927	0.62682974	1051.4781279563904
93	-191.03316	2.9092708	-181.54393	-194.67094	-190.4169	1.8741521	-188.14165	-194.76399	100.0	100.0	139499	-347.2717	5.89144	-320.06097	-373.23273	347.12366	0.45107207	1065.0240569114685
94	-190.81377	1.6088248	-188.1561	-194.29553	-190.33867	0.7005775	-189.33858	-191.41992	100.0	100.0	140999	-347.08054	5.921798	-316.73755	-374.50378	346.9334	0.56697005	1079.1217243671417
95	-190.54195	1.5588589	-186.3631	-192.67996	-191.20795	1.4243464	-189.44841	-194.56186	100.0	100.0	142499	-346.8803	5.9539027	-315.62778	-371.30994	346.7402	0.4859967	1093.2472681999207
96	-189.70705	2.585983	-183.16808	-193.92159	-190.31111	2.5298173	-184.56555	-194.4529	100.0	100.0	143999	-346.76053	5.896525	-318.25906	-371.03964	346.61142	0.42884195	1107.2400572299957
97	-190.43025	1.4157704	-187.55255	-193.03983	-190.03682	1.3976071	-187.5877	-193.3313	100.0	100.0	145499	-346.6015	5.8252378	-317.9842	-369.5551	346.4485	0.43447086	1121.0594503879547
98	-190.15482	1.6016457	-186.09097	-193.95209	-189.72598	1.1522378	-186.77159	-191.11023	100.0	100.0	146999	-346.42374	5.78443	-320.59363	-369.56677	346.2749	0.52330536	1135.1187798976898
99	-191.10884	1.7398773	-188.10052	-194.15112	-189.78976	2.0767872	-184.40683	-192.69322	100.0	100.0	148499	-346.32025	5.7629585	-317.07248	-372.6395	346.17282	0.6769091	1149.2361555099487
100	-189.51904	3.295565	-180.2731	-194.02629	-190.61063	1.1940463	-188.60977	-193.35805	100.0	100.0	149999	-346.13202	5.624413	-321.14087	-368.87656	345.97488	0.32506558	1162.5854823589325
101	-190.06631	0.7543966	-188.72536	-191.16646	-191.0145	1.6713245	-188.78154	-194.41129	100.0	100.0	151499	-345.98737	5.546559	-321.16595	-370.58582	345.83298	0.45479274	1176.8526210784912
102	-190.38423	0.8553801	-188.85387	-192.1963	-189.71205	1.3536133	-187.32034	-191.45753	100.0	100.0	152999	-345.86792	5.4314585	-323.4788	-368.65448	345.71677	0.39800176	1190.8092467784882
103	-190.47287	0.86466396	-188.89066	-192.01816	-190.05672	0.8613444	-188.26746	-191.3983	100.0	100.0	154499	-345.72324	5.314275	-323.5506	-367.60168	345.56824	0.43904656	1204.703932762146
104	-190.45872	0.55270046	-189.0357	-191.03662	-190.6138	0.70506346	-189.71474	-191.936	100.0	100.0	155999	-345.59338	5.144317	-318.7749	-368.8267	345.44455	0.41913038	1219.20756316185
105	-190.49452	0.770018	-189.19012	-192.08974	-190.31644	0.931354	-189.00298	-192.18712	100.0	100.0	157499	-345.5284	5.021193	-323.93726	-364.83755	345.385	0.38507023	1233.6698412895203
106	-190.26915	0.60363513	-188.781	-191.09575	-190.00076	1.6537633	-185.56413	-191.90282	100.0	100.0	158999	-345.50836	4.8575296	-323.25146	-362.17148	345.36987	0.3850177	1248.1648933887482
107	-190.62222	1.2853522	-187.48813	-192.6795	-190.94585	1.8732059	-186.80621	-193.82495	100.0	100.0	160499	-345.45456	4.826801	-318.21222	-362.44193	345.29898	0.37955436	1259.4394869804382
108	-189.32236	2.0558686	-185.51042	-193.99876	-189.94011	1.4530805	-187.07744	-191.8645	100.0	100.0	161999	-345.3748	4.9155126	-320.60266	-363.355	345.2302	0.37724492	1270.6550242900848
109	-190.6599	1.7124676	-187.71481	-195.01189	-190.439	0.66200596	-189.35994	-191.49467	100.0	100.0	163499	-345.4301	4.894237	-324.37955	-362.56894	345.30435	0.36204395	1284.1530303955078
110	-190.7016	1.0220809	-189.03368	-192.78638	-190.9757	1.2166687	-189.44623	-194.29402	100.0	100.0	164999	-345.5546	4.800194	-326.04843	-362.35782	345.4357	0.3689651	1298.1825122833252
111	-189.93283	2.950591	-179.91183	-194.35077	-189.57416	1.947008	-184.08502	-191.27547	100.0	100.0	166499	-345.75598	4.706028	-325.55722	-362.6619	345.64767	0.31226397	1312.676641702652
112	-190.02113	1.3267663	-186.97392	-192.72089	-189.98611	1.4617443	-186.31342	-191.5625	100.0	100.0	167999	-346.00476	4.609233	-323.88107	-362.46152	345.9	0.34354833	1327.215987443924
113	-189.76183	2.115546	-185.9861	-194.3	-189.07968	1.5128212	-186.53229	-191.16719	100.0	100.0	169499	-346.2603	4.508751	-325.7969	-363.6669	346.16443	0.38148478	1341.0228533744812
114	-189.63141	1.3096029	-185.67151	-191.87161	-190.25374	0.9222574	-189.18947	-192.32	100.0	100.0	170999	-346.57278	4.4294944	-326.1215	-362.43927	346.4853	0.30863672	1355.5277254581451
115	-189.5335	1.3870584	-186.5978	-192.42966	-190.08755	1.5133488	-187.19414	-192.40814	100.0	100.0	172499	-346.94806	4.3787956	-326.82056	-361.919	346.87024	0.3807472	1369.8644661903381
116	-190.17464	1.7396176	-186.5786	-193.8684	-189.84584	0.8772295	-188.47281	-191.49109	100.0	100.0	173999	-347.38144	4.33874	-324.8487	-367.12866	347.30826	0.4055727	1383.7770817279816
117	-189.71266	2.0297017	-186.29535	-195.0911	-190.74733	1.1990309	-189.29602	-192.73051	100.0	100.0	175499	-347.79575	4.3236504	-330.3508	-362.5995	347.73517	0.26003414	1398.1697657108307
118	-190.07915	1.8571143	-185.25	-194.16957	-189.82779	1.3367574	-188.0512	-192.7868	100.0	100.0	176999	-348.30597	4.3226852	-327.7127	-361.41867	348.25235	0.32470447	1412.3096902370453
119	-189.14766	1.2116506	-186.53926	-191.00386	-189.55093	1.846667	-186.12364	-191.81651	100.0	100.0	178499	-348.77094	4.284227	-321.78522	-364.25827	348.7149	0.31130478	1426.7398083209991
120	-189.98633	1.211137	-186.27646	-191.7789	-190.43803	0.8899382	-189.246	-191.85014	100.0	100.0	179999	-349.29453	4.2476363	-333.66006	-363.37885	349.24326	0.2786938	1441.2564389705658
121	-189.9579	0.88233465	-188.1176	-191.32553	-189.86288	1.3367318	-186.72603	-191.40701	100.0	100.0	181499	-349.80304	4.172706	-333.4561	-363.57095	349.7582	0.30607313	1455.829602241516
122	-189.76286	1.3666623	-187.1593	-192.30412	-190.03633	2.4527557	-184.63925	-193.50877	100.0	100.0	182999	-350.31873	4.136695	-330.5892	-364.11145	350.27466	0.28965557	1470.3122096061707
123	-190.02171	1.5158777	-187.23355	-192.19145	-189.57535	2.7775197	-181.80122	-191.96269	100.0	100.0	184499	-350.85556	4.083106	-334.53452	-364.1975	350.81308	0.3017075	1484.775812625885
124	-190.79158	1.455494	-187.68123	-193.47025	-188.3689	1.9946659	-184.85443	-191.72339	100.0	100.0	185999	-351.33228	4.03339	-326.46582	-367.60284	351.28488	0.38032857	1499.8141930103302
125	-189.49675	1.2594403	-187.30263	-191.33926	-190.56451	0.7132194	-189.43394	-191.56021	100.0	100.0	187499	-351.8007	3.9619472	-337.57925	-365.8701	351.75604	0.23882271	1514.2442378997803
126	-189.9586	2.2225995	-184.50246	-192.7916	-189.19322	1.7004541	-184.66216	-190.56984	100.0	100.0	188999	-352.34305	3.9154809	-338.33572	-366.63367	352.30353	0.26627347	1528.38303565979
127	-189.23274	2.059853	-184.83043	-191.44315	-189.52133	1.772074	-186.08401	-191.28305	100.0	100.0	190499	-352.81854	3.873662	-338.67108	-366.94037	352.7744	0.27562165	1542.4316141605377
128	-189.22534	2.6202347	-184.93492	-193.81212	-188.94319	1.3999157	-187.01256	-191.45134	100.0	100.0	191999	-353.3176	3.8305507	-339.70032	-367.29282	353.27203	0.2712945	1556.2250282764435
129	-188.42014	2.014033	-185.03253	-191.9537	-187.08926	3.5476313	-180.79982	-190.2325	100.0	100.0	193499	-353.7558	3.7577705	-339.03607	-367.2593	353.70908	0.25781575	1570.588458776474
130	-190.28453	1.5309938	-186.81116	-192.89401	-190.77075	1.2879009	-188.87228	-192.87675	100.0	100.0	194999	-354.188	3.709991	-339.82736	-370.67288	354.14847	0.30553684	1584.5962522029877
131	-189.50299	1.7622933	-185.18974	-191.7384	-190.10796	1.4000168	-186.06963	-191.07202	100.0	100.0	196499	-354.6522	3.6483707	-339.90634	-370.08887	354.612	0.26991096	1598.882920742035
132	-190.10658	1.8805788	-187.1174	-194.38068	-189.1284	3.1037767	-184.05208	-194.10107	100.0	100.0	197999	-355.079	3.6080565	-341.0885	-370.8285	355.03513	0.27429852	1611.9587621688843
133	-188.9983	1.8397107	-185.63214	-190.58229	-188.85234	2.1361914	-184.61774	-193.2902	100.0	100.0	199499	-355.50546	3.5248234	-342.39368	-371.15762	355.46286	0.2378769	1625.812524318695
134	-188.68823	2.1898165	-184.58531	-191.12039	-188.68114	1.819764	-184.79626	-191.16968	100.0	100.0	200999	-355.9409	3.466361	-340.5162	-373.068	355.9051	0.27972916	1639.396294593811
135	-190.4496	1.474179	-186.88364	-193.33864	-190.08842	2.1793175	-187.5461	-194.3179	100.0	100.0	202499	-356.37628	3.3978221	-342.99478	-373.13922	356.3403	0.2725258	1653.2892110347748
136	-188.2937	2.571046	-182.34483	-194.70251	-189.01949	2.0913186	-185.79073	-192.71407	100.0	100.0	203999	-356.86288	3.348872	-343.00595	-373.53482	356.82816	0.23864384	1667.4956839084625
137	-189.89336	2.3378248	-184.79951	-193.9785	-188.99374	1.6154441	-185.65753	-191.0289	100.0	100.0	205499	-357.2743	3.3054137	-344.94833	-375.257	357.23633	0.24419063	1681.8738968372345
138	-188.4839	2.2950292	-182.43805	-190.94824	-188.80035	1.0751282	-186.30989	-190.31024	100.0	100.0	206999	-357.69205	3.24785	-342.08893	-376.67374	357.66025	0.303653	1696.0812284946442
139	-190.05806	1.8957963	-185.84229	-192.99683	-190.24149	0.95129216	-188.29912	-191.73659	100.0	100.0	208499	-358.14044	3.2068236	-346.26273	-377.212	358.10974	0.2548414	1710.471468448639
140	-189.45602	2.018015	-184.91405	-192.37585	-188.0469	4.0645294	-180.94809	-195.07854	100.0	100.0	209999	-358.5679	3.1441789	-344.7128	-375.57632	358.5374	0.23246391	1724.2246327400208
141	-188.91693	2.298947	-182.69458	-191.91898	-190.36272	0.85639906	-189.30357	-192.08005	100.0	100.0	211499	-358.98508	3.1095302	-346.7545	-376.88992	358.95468	0.27148068	1738.6068422794342
142	-190.05745	1.8621887	-185.98598	-194.75961	-187.45453	2.1467478	-184.63895	-190.38007	100.0	100.0	212999	-359.42072	3.0482366	-346.23395	-377.95197	359.3969	0.2584672	1752.4161434173584
143	-189.98819	1.2309338	-186.98746	-191.50075	-189.82126	1.0636449	-187.61632	-190.7243	100.0	100.0	214499	-359.85202	3.0122857	-347.2088	-377.18567	359.8279	0.23683172	1766.979232788086
144	-189.66582	1.2497268	-187.73932	-192.55534	-189.86914	1.1952188	-187.53888	-192.13176	100.0	100.0	215999	-360.3283	2.9862127	-349.2655	-376.73218	360.31125	0.23108076	1781.4249196052551
145	-188.40761	2.7596517	-182.4449	-191.44363	-190.42917	1.1631051	-188.25691	-192.67778	100.0	100.0	217499	-360.7662	2.9563384	-350.01675	-376.49365	360.74783	0.2147371	1796.0054066181183
146	-189.36143	2.533881	-182.23502	-192.06334	-189.85658	2.5752645	-184.45111	-194.53256	100.0	100.0	218999	-361.2427	2.9427152	-350.2681	-377.10522	361.22757	0.22708638	1809.8867018222809
147	-189.98248	1.4308934	-187.32397	-192.77486	-190.68027	1.4641594	-188.55075	-194.29132	100.0	100.0	220499	-361.6954	2.9218152	-351.30505	-377.749	361.6787	0.18868925	1824.1974520683289
148	-188.91399	2.87253	-183.62846	-193.78622	-186.51703	4.2363353	-179.40744	-191.97035	100.0	100.0	221999	-362.14227	2.9095266	-349.35812	-378.95898	362.128	0.26456413	1838.4264001846313
149	-188.23311	1.4858483	-185.50516	-190.77287	-187.45602	3.7966375	-179.5192	-191.04034	100.0	100.0	223499	-362.61322	2.8658307	-352.93842	-379.88553	362.604	0.24578619	1852.2338831424713
150	-187.4414	2.2060976	-182.65005	-190.20674	-189.80981	1.7524824	-188.20018	-194.44444	100.0	100.0	224999	-363.06393	2.8167772	-353.79898	-380.20413	363.05267	0.19653626	1866.4539501667023
151	-188.68391	2.8256428	-183.69293	-193.19409	-189.46632	1.7322325	-186.37651	-191.55908	100.0	100.0	226499	-363.5138	2.816328	-352.54214	-378.39212	363.50174	0.2972892	1880.5246613025665
152	-189.53546	1.9734817	-183.52013	-192.0716	-189.35211	2.3148792	-186.38213	-194.49306	100.0	100.0	227999	-363.95734	2.8157809	-349.36453	-382.98386	363.95126	0.39068457	1894.507845878601
153	-187.02739	3.569767	-179.70625	-192.45944	-188.92183	3.1952364	-182.28946	-194.04408	100.0	100.0	229499	-364.3968	2.736427	-356.51685	-377.74496	364.38776	0.0902842	1908.6549651622772
154	-188.49146	3.2590075	-182.80362	-193.00595	-189.66925	1.4769017	-186.66985	-191.42554	100.0	100.0	230999	-364.8291	2.7192974	-352.62735	-380.5805	364.81976	0.23521094	1922.0171296596527
155	-189.20457	1.9044489	-185.56856	-192.03389	-187.72786	2.4644837	-184.4323	-191.9447	100.0	100.0	232499	-365.23215	2.6653886	-355.2476	-378.84	365.22354	0.21008228	1936.4386239051819
156	-188.44336	2.5333524	-184.4024	-192.95395	-186.75163	4.5621514	-174.44023	-191.1145	100.0	100.0	233999	-365.6472	2.6540349	-355.18845	-380.6071	365.6369	0.21118554	1950.4085233211517
157	-187.45853	2.8369374	-181.84776	-192.4264	-187.62015	3.1352246	-182.84007	-192.38232	100.0	100.0	235499	-366.0402	2.6739454	-355.71072	-380.98648	366.03293	0.3058925	1964.4060497283936
158	-188.09935	2.4580598	-182.92982	-191.13446	-187.68802	1.820003	-185.31747	-190.721	100.0	100.0	236999	-366.42496	2.6404514	-359.11407	-378.66446	366.4166	0.14061745	1978.6529476642609
159	-189.08186	2.171752	-185.18457	-193.71944	-189.0398	1.6785284	-185.20406	-191.04816	100.0	100.0	238499	-366.81018	2.641163	-358.19595	-379.57968	366.80603	0.22085765	1992.9297349452972
160	-188.04044	2.4097643	-182.96674	-190.78842	-186.00894	2.763074	-181.51183	-191.08098	100.0	100.0	239999	-367.20718	2.6065996	-357.765	-382.362	367.2031	0.22312224	2007.1186139583588
161	-187.39615	2.5369217	-181.55357	-190.88583	-188.89409	2.4754581	-183.17995	-193.52867	100.0	100.0	241499	-367.58975	2.613351	-359.91418	-381.8979	367.58368	0.26660615	2021.6363866329193
162	-189.24263	2.0057757	-184.66335	-191.63615	-187.5994	2.4366386	-183.06332	-190.50916	100.0	100.0	242999	-367.96884	2.5739453	-360.80695	-379.47925	367.9568	0.14110291	2036.1302576065063
163	-188.88817	1.9291335	-185.288	-191.21097	-185.18584	1.9447125	-181.40317	-188.06227	100.0	100.0	244499	-368.12842	2.543025	-361.0505	-384.63974	368.0763	0.2235083	2050.057142019272
164	-187.91505	2.2436607	-182.45538	-190.7071	-188.80258	1.72423	-185.01865	-190.81114	100.0	100.0	245999	-368.13254	2.474135	-361.29797	-379.07693	368.08545	0.18539685	2064.8819983005524
165	-188.421	2.9172106	-181.3956	-191.94594	-187.2601	3.1249492	-182.24959	-192.05359	100.0	100.0	247499	-368.18695	2.4176145	-360.53064	-380.18454	368.14304	0.19606002	2078.328381538391
166	-187.56667	1.6868031	-184.79837	-190.50359	-186.72493	3.354075	-180.86327	-193.22809	100.0	100.0	248999	-368.24246	2.362618	-360.9854	-383.1919	368.1939	0.21128821	2092.336231470108
167	-187.03384	2.458396	-181.88185	-189.93744	-187.38326	2.1457345	-184.98389	-191.81444	100.0	100.0	250499	-368.3068	2.3311117	-361.74973	-381.09402	368.2599	0.18721586	2106.4331283569336
168	-187.45918	2.332337	-182.20111	-190.4152	-187.50977	1.4556922	-185.56203	-189.63625	100.0	100.0	251999	-368.3673	2.2975104	-359.53043	-383.314	368.32062	0.20986035	2120.785325050354
169	-189.21396	1.4002215	-186.17018	-191.7365	-186.90605	3.4946635	-179.90463	-189.93263	100.0	100.0	253499	-368.45407	2.276819	-362.01016	-383.77798	368.40433	0.19370553	2133.752955198288
170	-186.85902	1.9110907	-183.73087	-189.90929	-189.78023	1.7427584	-187.22006	-192.4103	100.0	100.0	254999	-368.5119	2.2260816	-362.04913	-383.23584	368.4618	0.22409558	2146.2794559001923
171	-186.85054	3.1345587	-181.06662	-191.00082	-186.44618	3.394113	-180.593	-192.79132	100.0	100.0	256499	-368.55875	2.1734085	-363.1167	-381.80728	368.50864	0.21890625	2159.0735297203064
172	-187.68477	3.038837	-183.24458	-194.5593	-188.36473	2.1623986	-185.60872	-192.64282	100.0	100.0	257999	-368.6192	2.1157112	-362.5509	-381.40955	368.57336	0.20430951	2171.611521244049
173	-185.8532	3.9450243	-179.45316	-193.90753	-187.80228	3.7220414	-178.50586	-191.04729	100.0	100.0	259499	-368.68503	2.0689566	-360.39395	-381.06448	368.6405	0.19000313	2184.091170310974
174	-185.44862	2.9578047	-180.14331	-190.0429	-188.12874	3.2773092	-182.56685	-193.35208	100.0	100.0	260999	-368.74326	2.0327663	-362.45358	-378.88214	368.70142	0.17903626	2196.5926928520203
175	-186.70348	2.2372816	-181.11256	-189.4643	-186.07959	1.5384624	-183.08992	-188.4521	100.0	100.0	262499	-368.821	2.034063	-363.16507	-379.77924	368.78058	0.16544923	2209.2548298835754
176	-185.97305	4.6811733	-174.99326	-192.12598	-185.84926	5.2063403	-178.45485	-193.74544	100.0	100.0	263999	-368.87796	2.0127425	-362.74942	-379.57623	368.83792	0.18695484	2221.0526542663574
177	-185.95775	2.562695	-180.63954	-192.19804	-189.26828	3.5328996	-181.98865	-194.23067	100.0	100.0	265499	-368.95554	1.9852067	-360.91226	-380.5536	368.91916	0.17924917	2233.0920786857605
178	-186.04051	3.6809058	-179.84396	-193.78593	-186.39407	3.0295458	-180.98445	-192.79326	100.0	100.0	266999	-369.0355	1.9622067	-363.42218	-379.34494	368.99933	0.18198349	2244.9932448863983
179	-187.12143	4.283235	-176.49751	-193.53024	-187.1756	2.993838	-181.48192	-191.7761	100.0	100.0	268499	-369.12164	1.9516104	-363.33875	-378.89194	369.0874	0.17930298	2256.64626121521
180	-184.6565	1.8824532	-179.59123	-187.03557	-186.28337	2.5491219	-179.93752	-190.01065	100.0	100.0	269999	-369.21143	1.9378105	-362.40305	-379.85907	369.17572	0.19652084	2268.4355504512787
181	-185.88142	3.2316105	-180.4537	-191.318	-186.771	2.516939	-183.8818	-191.71501	100.0	100.0	271499	-369.2777	1.9288455	-363.46106	-380.50732	369.24536	0.19870797	2280.5403871536255
182	-186.47215	3.6047583	-182.0473	-194.13501	-186.61722	3.2487125	-181.48788	-193.51167	100.0	100.0	272999	-369.35114	1.9159704	-361.61896	-379.67947	369.31683	0.17191935	2292.200281381607
183	-186.35886	2.9467547	-181.64885	-194.28407	-185.34464	4.178398	-174.86661	-190.15855	100.0	100.0	274499	-369.40662	1.9348583	-362.48657	-385.00687	369.3711	0.17835766	2304.1601128578186
184	-187.721	4.0942445	-180.22581	-194.3217	-185.30765	2.8145676	-181.10715	-190.06493	100.0	100.0	275999	-369.45767	1.944973	-360.33084	-382.82715	369.41876	0.2403573	2316.366483449936
185	-185.26358	3.295621	-178.88416	-190.942	-185.27783	3.2782779	-178.9923	-189.62569	100.0	100.0	277499	-369.49017	1.9090568	-364.76694	-379.1724	369.4531	0.14922822	2329.033502817154
186	-185.7237	2.4064486	-181.05492	-190.56477	-185.20973	1.5827059	-183.0803	-187.68045	100.0	100.0	278999	-369.5554	1.9200995	-364.38522	-379.29834	369.5193	0.17673472	2342.01789355278
187	-186.88126	3.9045608	-182.90488	-194.38062	-185.86597	3.9206462	-178.23186	-190.93954	100.0	100.0	280499	-369.59286	1.8923634	-364.2844	-379.03625	369.55728	0.15384167	2354.297544002533
188	-186.10495	4.0155163	-178.01123	-194.24692	-185.97073	4.879775	-177.77078	-192.83014	100.0	100.0	281999	-369.64487	1.896932	-364.2359	-383.8501	369.61026	0.1800879	2366.2919228076935
189	-187.8939	2.744955	-182.3579	-191.51886	-188.39487	3.0870502	-182.3723	-192.90192	100.0	100.0	283499	-369.69678	1.8956788	-364.57587	-379.2059	369.66226	0.18209411	2378.581843852997
190	-187.41393	3.760148	-179.55272	-191.79768	-189.11484	1.9976419	-184.6027	-192.31195	100.0	100.0	284999	-369.75165	1.8900812	-363.792	-379.84363	369.71896	0.14573036	2390.8715150356293
191	-186.98618	2.3336542	-181.99161	-192.67395	-185.31912	3.8622246	-174.59467	-189.62863	100.0	100.0	286499	-369.79593	1.8855107	-364.58374	-379.49805	369.76233	0.16407251	2403.0241622924805
192	-185.87842	3.0451262	-178.33078	-189.37355	-183.05782	2.7870896	-178.52684	-187.86882	100.0	100.0	287999	-369.83548	1.8919168	-363.77765	-379.8523	369.8011	0.18176268	2415.5010392665863
193	-187.63669	3.456203	-179.33553	-192.72467	-187.63089	2.7200015	-184.0595	-193.9652	100.0	100.0	289499	-369.87912	1.9076121	-362.05087	-382.0553	369.84567	0.2371926	2427.471334695816
194	-185.65814	2.740591	-181.4542	-190.84068	-187.66188	3.6044018	-179.18034	-190.90668	100.0	100.0	290999	-369.89697	1.8826814	-364.08652	-378.9761	369.8635	0.13141602	2439.744165658951
195	-188.59116	2.947892	-184.4301	-194.13348	-185.51161	3.2671187	-178.65619	-189.6163	100.0	100.0	292499	-369.9492	1.8983985	-364.65918	-378.0971	369.91718	0.14233297	2452.094313621521
196	-188.83882	3.1383533	-181.25682	-192.08698	-188.80087	2.8410673	-183.45708	-194.47643	100.0	100.0	293999	-370.0113	1.8933818	-364.38455	-378.6783	369.98224	0.17283757	2464.853527545929
197	-184.76888	1.8321847	-181.67896	-188.3641	-185.4025	2.944364	-179.63625	-190.71915	100.0	100.0	295499	-370.0677	1.8838713	-364.36707	-378.2463	370.03845	0.15882224	2476.6958363056183
198	-185.2966	3.2641041	-179.27504	-190.41139	-186.4812	1.8275868	-182.78018	-189.89783	100.0	100.0	296999	-370.0992	1.8879361	-364.14996	-379.7254	370.06525	0.1646252	2489.0233612060547
199	-185.16444	4.403305	-173.74823	-194.2818	-185.11115	3.2201111	-180.30463	-189.33624	100.0	100.0	298499	-370.12064	1.8933372	-361.72604	-378.56946	370.0868	0.17093968	2501.198061466217
200	-184.62056	3.1083343	-179.82756	-189.9313	-183.00807	4.5925813	-173.02821	-188.60266	100.0	100.0	299999	-370.15347	1.885431	-362.9794	-380.35352	370.11826	0.13940421	2513.843052625656
201	-186.29129	2.3387299	-181.66826	-190.40825	-184.9861	3.0367966	-178.52325	-189.56357	100.0	100.0	301499	-370.16714	1.883181	-364.57138	-380.96713	370.1316	0.15870039	2526.7221512794495
202	-186.88792	3.607718	-180.14706	-194.66943	-185.06168	2.8559606	-180.36041	-188.29678	100.0	100.0	302999	-370.15775	1.856612	-364.38376	-379.10046	370.12418	0.14956038	2539.302029132843
203	-185.57774	2.434285	-181.89005	-189.86494	-185.79655	2.938506	-181.44482	-192.28528	100.0	100.0	304499	-370.18378	1.8441683	-364.57068	-377.51163	370.15167	0.13152786	2551.198353767395
204	-185.81828	3.040621	-180.72708	-190.36832	-185.49866	1.7786858	-183.37575	-189.67241	100.0	100.0	305999	-370.20477	1.843881	-362.6666	-380.75354	370.17084	0.19834904	2563.386653661728
205	-184.47	3.0705457	-177.53957	-189.21927	-185.98581	2.173534	-182.67049	-190.72084	100.0	100.0	307499	-370.21417	1.83214	-359.1976	-384.54794	370.1825	0.1890768	2575.5891151428223
206	-186.30371	2.8662875	-179.14655	-190.6015	-186.09567	3.8064256	-180.4465	-190.63148	100.0	100.0	308999	-370.22455	1.812488	-363.91623	-379.78622	370.19	0.14457364	2588.0459027290344
207	-185.52052	2.7639587	-180.335	-190.10464	-182.87904	2.0598168	-180.0941	-187.55064	100.0	100.0	310499	-370.20438	1.8450402	-357.92062	-386.08655	370.16467	0.3066675	2600.9229612350464
208	-186.37352	3.5785587	-180.53519	-194.2557	-187.21404	2.4494262	-182.5295	-191.01863	100.0	100.0	311999	-370.1751	1.7805289	-365.0818	-378.71655	370.14587	0.11134417	2613.692409992218
209	-184.36494	2.9990723	-180.24661	-191.96811	-187.39188	2.9965274	-181.77422	-191.52692	100.0	100.0	313499	-370.21988	1.7947549	-362.178	-382.01483	370.1872	0.18246105	2625.9566345214844
210	-185.33665	2.1530483	-181.77579	-189.48576	-185.61015	2.968694	-180.78416	-192.15518	100.0	100.0	314999	-370.21588	1.7661345	-364.17526	-379.3536	370.1824	0.1037348	2638.6586244106293
211	-185.53125	2.3921657	-182.0409	-189.70326	-183.92473	3.5252337	-176.1224	-188.58475	100.0	100.0	316499	-370.2444	1.77866	-365.13687	-379.08508	370.21475	0.14799996	2650.816060066223
212	-184.88026	2.818144	-181.03947	-190.11383	-182.74263	3.2537923	-177.38484	-187.22675	100.0	100.0	317999	-370.25598	1.7686081	-362.76047	-378.92236	370.22513	0.129513	2662.9626660346985
213	-185.44868	2.999682	-181.27649	-192.00508	-185.34654	3.8921666	-179.52806	-192.28915	100.0	100.0	319499	-370.26642	1.761408	-364.9011	-378.6337	370.23767	0.14141408	2674.97837638855
214	-184.53247	3.245882	-180.22433	-193.02444	-185.54732	2.5310047	-180.55122	-188.99399	100.0	100.0	320999	-370.27798	1.7862736	-362.75168	-381.16977	370.24084	0.22834505	2687.3582332134247
215	-186.63148	2.7954278	-181.56819	-192.31535	-184.92685	3.3767326	-180.11652	-189.5563	100.0	100.0	322499	-370.2575	1.7539941	-362.4238	-379.81366	370.2268	0.12803788	2700.1062426567078
216	-184.9138	2.2348807	-178.9069	-188.06155	-184.67532	2.284087	-182.27296	-188.13217	100.0	100.0	323999	-370.27707	1.7525554	-364.47913	-378.28946	370.2465	0.113237366	2712.663723230362
217	-184.79837	3.0526943	-176.36209	-190.72841	-185.49344	2.7842772	-181.38728	-192.00403	100.0	100.0	325499	-370.279	1.7719419	-363.65027	-381.70172	370.2442	0.19669114	2725.853948354721
218	-185.39825	3.8593419	-179.96574	-194.3344	-182.98508	3.1147401	-176.9216	-187.27919	100.0	100.0	326999	-370.2521	1.7478763	-364.3427	-376.90182	370.2174	0.103476584	2738.260233640671
219	-184.11537	3.657588	-177.20256	-189.29607	-185.86375	1.9914978	-182.9565	-188.63626	100.0	100.0	328499	-370.243	1.7690138	-364.89453	-377.7258	370.21042	0.113537006	2750.679717063904
220	-185.03764	2.3615277	-180.93825	-191.09698	-184.97083	3.9131167	-176.46861	-190.77937	100.0	100.0	329999	-370.23618	1.7864887	-364.35648	-381.41364	370.2037	0.14915857	2763.32848405838
221	-184.00716	3.1106858	-177.98825	-189.29802	-186.36101	3.281478	-178.61098	-190.7883	100.0	100.0	331499	-370.2114	1.8014688	-364.57178	-378.90976	370.17563	0.15724726	2775.489534139633
222	-184.40952	2.9349372	-179.261	-189.76768	-184.14395	3.1427553	-178.59709	-190.12204	100.0	100.0	332999	-370.17664	1.7972691	-364.8301	-379.3747	370.1415	0.13373533	2787.8474695682526
223	-185.72533	2.2716672	-180.95708	-189.06346	-185.04045	2.4017818	-179.26541	-188.5954	100.0	100.0	334499	-370.15518	1.806991	-364.19507	-379.26678	370.12216	0.13275494	2799.756724834442
224	-185.61029	2.4286017	-182.15504	-190.87405	-185.40994	2.4352002	-182.38367	-190.66515	100.0	100.0	335999	-370.1417	1.8299415	-363.6436	-380.4475	370.1069	0.14949985	2812.441183567047
225	-185.36037	3.2451432	-179.90054	-191.32399	-183.77893	2.108304	-180.49255	-187.63983	100.0	100.0	337499	-370.1235	1.8487664	-363.93695	-380.8381	370.09082	0.13752006	2824.5672380924225
226	-185.20818	2.5796337	-181.17194	-190.44833	-184.96306	3.3229911	-179.10486	-190.2527	100.0	100.0	338999	-370.1068	1.8744385	-364.22766	-379.34946	370.0685	0.13403499	2837.3209731578827
227	-185.13493	2.712407	-180.06238	-189.72404	-184.4562	2.788844	-179.75879	-187.69716	100.0	100.0	340499	-370.06146	1.8734809	-364.42944	-378.93652	370.0246	0.120720305	2849.726354598999
228	-185.33208	1.7785121	-181.53954	-188.32895	-184.0049	2.3448055	-179.66997	-187.13928	100.0	100.0	341999	-370.03656	1.8999183	-364.4887	-379.95853	369.9999	0.15526108	2863.131691932678
229	-186.29265	3.1490266	-181.27043	-194.63867	-185.26846	2.3390515	-181.30072	-188.57852	100.0	100.0	343499	-369.99274	1.9068972	-361.9866	-386.2875	369.9555	0.16930467	2875.4071695804596
230	-184.81657	2.054944	-180.70665	-188.30586	-183.1539	3.7673144	-172.96217	-188.79686	100.0	100.0	344999	-369.95825	1.911975	-363.75143	-382.8859	369.9195	0.13733612	2887.9399840831757
231	-184.97363	3.4062688	-178.42607	-190.01894	-185.50554	2.3081663	-179.91353	-188.02545	100.0	100.0	346499	-369.92178	1.9086848	-364.3552	-380.19968	369.88358	0.12880093	2899.779879808426
232	-184.63634	2.1920204	-179.2376	-186.88446	-184.19228	3.407909	-176.55594	-187.98701	100.0	100.0	347999	-369.85052	1.9242665	-363.75443	-381.20557	369.8077	0.17044991	2911.9959387779236
233	-184.0964	3.1929786	-177.22327	-189.21637	-185.66855	2.949331	-180.40923	-190.60039	100.0	100.0	349499	-369.79462	1.9050856	-364.1511	-379.24203	369.75555	0.11439455	2923.9384989738464
234	-184.0303	3.2945833	-178.1749	-189.54309	-182.52756	3.0658596	-176.28905	-187.88991	100.0	100.0	350999	-369.7305	1.9232086	-363.6768	-385.75833	369.69073	0.182887	2936.2204406261444
235	-184.66232	1.3756733	-181.8565	-186.68144	-184.06738	2.7107432	-178.6229	-187.76216	100.0	100.0	352499	-369.68634	1.9110092	-364.24237	-380.86612	369.647	0.106489	2948.281225681305
236	-183.99489	3.7606208	-172.21179	-187.85199	-183.80008	2.5860662	-179.8009	-187.5936	100.0	100.0	353999	-369.62952	1.9407742	-363.12357	-383.19754	369.588	0.12919965	2960.273775100708
237	-183.70181	3.323927	-175.47725	-187.57623	-182.44345	3.2367043	-178.54051	-187.64055	100.0	100.0	355499	-369.57047	1.9454966	-363.8011	-378.91193	369.52542	0.14251386	2972.6816244125366
238	-183.40074	3.2988577	-174.69507	-188.4775	-186.93983	2.2060194	-182.29639	-189.85587	100.0	100.0	356999	-369.5123	1.9628428	-363.86215	-379.4288	369.4703	0.12158605	2985.2850692272186
239	-182.92776	3.8218167	-172.10115	-188.46208	-184.54636	3.6328874	-178.10416	-190.45076	100.0	100.0	358499	-369.44104	1.986301	-362.9307	-381.65686	369.39792	0.16168937	2997.7648463249207
240	-184.36014	2.4149964	-180.54715	-189.96317	-184.24452	3.19802	-177.81894	-189.0785	100.0	100.0	359999	-369.3712	1.9980804	-362.32037	-378.43005	369.3264	0.1407771	3010.1352574825287
241	-183.0975	2.5224652	-177.38551	-186.51259	-183.08488	4.3983836	-175.86667	-188.62547	100.0	100.0	361499	-369.31158	2.0154216	-362.98328	-379.05737	369.27075	0.15011701	3022.5086557865143
242	-183.44785	3.5655982	-176.01021	-188.63564	-184.13264	3.1422915	-178.41962	-187.76689	100.0	100.0	362999	-369.23895	2.0253727	-363.3802	-379.56934	369.19434	0.118816845	3034.7135920524597
243	-184.86127	1.7034307	-179.86084	-187.17401	-184.51405	2.7614448	-179.34718	-187.53175	100.0	100.0	364499	-369.17596	2.048589	-362.6909	-380.76642	369.12863	0.13106701	3047.205812215805
244	-185.6205	2.7716541	-180.85234	-192.22266	-184.54526	2.203093	-180.76326	-188.28186	100.0	100.0	365999	-369.08774	2.0742853	-362.28735	-380.74835	369.03958	0.18581568	3059.8922028541565
245	-185.135	2.2326124	-181.3726	-189.35391	-184.23071	3.442561	-177.82243	-191.48712	100.0	100.0	367499	-369.00027	2.0652359	-362.69748	-378.3078	368.9527	0.12096204	3071.9139590263367
246	-185.5156	2.4388885	-180.93745	-190.69844	-183.81287	2.8675835	-178.58604	-187.58018	100.0	100.0	368999	-368.9105	2.0842478	-361.23892	-382.75546	368.86334	0.1923983	3083.8462948799133
247	-183.25444	2.5846045	-178.4666	-186.93835	-184.36214	2.0458133	-180.89677	-187.4174	100.0	100.0	370499	-368.84445	2.0782173	-362.2854	-384.42767	368.79663	0.14649111	3095.965961933136
248	-183.13647	2.7465222	-179.2098	-191.05309	-186.50597	1.9264815	-183.93562	-190.78204	100.0	100.0	371999	-368.75888	2.0746305	-362.2566	-378.5243	368.70908	0.10491164	3108.3250572681427
249	-184.75421	3.1032379	-176.66971	-191.19688	-184.83534	2.1695242	-180.68423	-187.26836	100.0	100.0	373499	-368.6436	2.0931523	-360.4989	-380.57806	368.5925	0.13193311	3121.0925307273865
250	-183.59822	3.909286	-171.37277	-188.12743	-184.10121	1.8076954	-180.50755	-186.45215	100.0	100.0	374999	-368.5757	2.1149096	-361.93494	-380.0131	368.5259	0.16650347	3133.4463279247284
251	-184.13187	2.18523	-179.1997	-187.07603	-183.88167	3.1008837	-178.67598	-188.01128	100.0	100.0	376499	-368.4841	2.1005905	-362.5939	-379.7927	368.432	0.13089767	3146.827927827835
252	-183.66176	2.7427275	-179.26923	-188.67711	-183.46536	2.2954912	-178.92601	-186.83122	100.0	100.0	377999	-368.39655	2.0892115	-362.47244	-377.8319	368.34558	0.11722521	3159.6259257793427
253	-183.87294	2.9861276	-177.68906	-188.1793	-183.41925	2.6864414	-177.26271	-186.40295	100.0	100.0	379499	-368.31155	2.1010697	-362.099	-379.5478	368.26126	0.13490634	3172.022923707962
254	-182.56935	2.6746092	-178.58308	-187.09464	-183.53378	2.7962916	-177.54515	-187.15768	100.0	100.0	380999	-368.22723	2.1063962	-362.2325	-380.03467	368.17682	0.14304985	3184.624081850052
255	-182.99132	1.9458243	-179.66214	-185.86531	-184.29773	1.9309711	-181.15309	-187.26799	100.0	100.0	382499	-368.14694	2.1201756	-361.79938	-378.57983	368.096	0.11165118	3197.3871138095856
256	-183.85039	2.3738494	-179.37547	-188.37376	-184.69984	1.2837752	-182.82376	-187.59572	100.0	100.0	383999	-368.05545	2.1352925	-361.49402	-379.69656	368.00638	0.13776001	3210.154214143753
257	-183.96153	2.8088965	-177.28178	-188.33946	-184.03271	2.2257457	-179.95782	-186.98784	100.0	100.0	385499	-367.9938	2.142022	-361.69666	-378.17953	367.94504	0.1242786	3223.1292309761047
258	-183.95491	2.2436728	-178.90196	-187.13557	-182.01595	3.1577384	-176.65112	-186.06062	100.0	100.0	386999	-367.9148	2.1442075	-361.11578	-379.44745	367.86533	0.13170017	3235.7187213897705
259	-183.33534	2.5990238	-179.32954	-188.15198	-184.94414	2.5588694	-179.63179	-189.56023	100.0	100.0	388499	-367.838	2.1541727	-361.66855	-377.52423	367.78403	0.10931683	3248.2295110225677
260	-184.18105	3.3098128	-176.73306	-189.6671	-184.52809	1.8847598	-181.88539	-187.04477	100.0	100.0	389999	-367.73196	2.168138	-361.30148	-381.25528	367.68042	0.14103629	3260.6022684574127
261	-185.62178	1.8837025	-181.12752	-188.00342	-184.13615	1.8809026	-181.35333	-186.38873	100.0	100.0	391499	-367.6379	2.1664534	-359.96683	-378.35928	367.58826	0.1575123	3273.4194107055664
262	-183.44107	2.3799524	-179.50652	-188.13681	-181.77127	2.3787029	-178.1585	-186.61066	100.0	100.0	392999	-367.54932	2.160772	-361.2249	-377.98752	367.4975	0.12394165	3285.9044318199158
263	-184.70453	2.48266	-179.6694	-189.78961	-184.21774	2.8942688	-177.75337	-188.0194	100.0	100.0	394499	-367.4746	2.1747131	-360.6548	-378.11713	367.4247	0.12708153	3298.2814486026764
264	-183.04095	2.106127	-179.4046	-188.82434	-183.90445	1.398267	-182.1708	-186.61075	100.0	100.0	395999	-367.41803	2.203786	-360.54703	-379.86502	367.37076	0.12641355	3311.111456155777
265	-184.51703	2.6426802	-177.87283	-189.66852	-182.5964	2.150262	-178.06139	-186.07443	100.0	100.0	397499	-367.35062	2.2253952	-359.99432	-379.26312	367.30258	0.15138508	3323.9722816944122
266	-184.16211	3.2552679	-175.6104	-188.50653	-184.6244	2.1069677	-180.4309	-187.9506	100.0	100.0	398999	-367.28885	2.2369547	-360.53763	-378.34818	367.2376	0.117322415	3336.3776154518127
267	-182.67009	4.165092	-175.55476	-188.90562	-183.65482	3.3090782	-177.93121	-187.90048	100.0	100.0	400499	-367.2197	2.266651	-360.9836	-379.84424	367.171	0.1271882	3349.2088561058044
268	-182.4774	2.9033997	-178.6643	-187.30312	-183.45897	2.906699	-178.61505	-186.57646	100.0	100.0	401999	-367.15778	2.2822354	-360.894	-377.34885	367.10376	0.12559955	3361.9657020568848
269	-182.19554	2.6940932	-177.80528	-187.26717	-185.30923	1.5324188	-183.4176	-188.42891	100.0	100.0	403499	-367.07703	2.2806559	-360.6713	-377.8518	367.02963	0.114105865	3374.418282032013
270	-183.77321	1.6054716	-181.4031	-186.72945	-183.94098	1.8423856	-181.52415	-187.47238	100.0	100.0	404999	-367.03857	2.3015823	-360.69586	-376.85104	366.99008	0.13675095	3387.790031194687
271	-183.04893	1.6138592	-181.03545	-186.193	-183.22606	2.180717	-180.63042	-188.06511	100.0	100.0	406499	-366.98	2.3105597	-359.26672	-378.7922	366.93167	0.12133307	3399.917308330536
272	-183.43617	2.6791098	-179.2122	-187.9572	-183.34637	3.3473475	-176.90863	-189.85709	100.0	100.0	407999	-366.9195	2.3418696	-358.34558	-380.20987	366.86716	0.1969021	3412.0999262332916
273	-182.98216	1.9953709	-178.7258	-186.56633	-183.0662	1.8052411	-180.0597	-186.70003	100.0	100.0	409499	-366.84155	2.3470516	-360.05725	-377.0674	366.79028	0.09251758	3424.2213921546936
274	-183.34018	2.3404243	-180.02623	-187.35399	-184.42781	3.7416322	-176.30478	-189.02852	100.0	100.0	410999	-366.7764	2.4072025	-359.75226	-380.96045	366.727	0.14900763	3436.955485343933
275	-184.61453	2.3664207	-179.84229	-188.7229	-181.92368	3.179235	-177.55995	-186.42593	100.0	100.0	412499	-366.70627	2.4343233	-359.9105	-377.16705	366.655	0.12754695	3449.678688764572
276	-184.81258	1.8114477	-182.43024	-189.35655	-183.56705	3.5492449	-177.52046	-188.24037	100.0	100.0	413999	-366.62415	2.4772012	-360.00867	-377.95163	366.57025	0.105902486	3462.419195652008
277	-183.50629	3.2977195	-176.75671	-187.80957	-184.26274	2.808513	-178.36726	-188.58228	100.0	100.0	415499	-366.53223	2.5190487	-359.38718	-378.51587	366.47247	0.1563293	3475.051687002182
278	-183.42497	1.9836923	-180.2657	-186.85527	-184.69684	2.3028932	-181.29022	-187.65456	100.0	100.0	416999	-366.4204	2.5365984	-359.4151	-377.98224	366.3645	0.11607121	3487.3314549922943
279	-182.72577	1.6976768	-180.10362	-186.73611	-183.87808	1.994654	-179.66666	-186.51039	100.0	100.0	418499	-366.32648	2.570448	-359.44742	-377.06158	366.26804	0.12501182	3499.990486383438
280	-185.19766	2.1441348	-182.01607	-189.53737	-184.10733	2.9141743	-178.85907	-188.49846	100.0	100.0	419999	-366.21375	2.5920067	-358.26855	-379.0406	366.15442	0.13546316	3512.6073627471924
281	-185.22758	2.3764696	-181.42683	-189.14688	-182.24149	2.533694	-177.89905	-187.03712	100.0	100.0	421499	-366.11252	2.6104634	-359.2118	-378.90048	366.0559	0.12542883	3525.5168509483337
282	-184.95009	2.6522667	-178.7445	-188.36424	-184.27097	3.0229862	-177.0985	-187.80635	100.0	100.0	422999	-366.02783	2.656474	-358.93665	-378.14142	365.96933	0.123931974	3538.8340792655945
283	-184.25996	1.987249	-181.4018	-187.57095	-180.45224	4.4965763	-168.50443	-185.75475	100.0	100.0	424499	-365.94318	2.6976912	-358.09702	-379.07797	365.88684	0.15537706	3551.735183954239
284	-185.79967	2.4714198	-179.55238	-189.4405	-183.20407	1.7823012	-180.26474	-186.21962	100.0	100.0	425999	-365.8716	2.7089384	-358.26758	-378.18378	365.81784	0.11661232	3564.833847761154
285	-183.9326	2.7381318	-176.22696	-187.4395	-184.92479	2.7220476	-181.0416	-188.98134	100.0	100.0	427499	-365.80087	2.744155	-357.69547	-380.46515	365.7445	0.13991237	3577.7982296943665
286	-183.51654	2.8398426	-177.54504	-188.14154	-183.426	2.7094073	-177.43637	-188.28447	100.0	100.0	428999	-365.71628	2.763253	-357.7575	-377.51474	365.65988	0.12783292	3590.5051395893097
287	-184.86542	2.303155	-180.56493	-188.62996	-183.3112	2.3427663	-179.10445	-186.68906	100.0	100.0	430499	-365.66876	2.78542	-356.51688	-378.41867	365.618	0.15631492	3603.306304693222
288	-184.16362	1.9108349	-181.02939	-186.86188	-184.03464	2.1446388	-179.17216	-187.81667	100.0	100.0	431999	-365.62775	2.8128066	-356.40826	-379.0398	365.57242	0.100602925	3615.730799436569
289	-184.19319	2.7132957	-179.6679	-189.0364	-183.1008	2.8108833	-176.24236	-187.85788	100.0	100.0	433499	-365.56497	2.838003	-357.49417	-378.0796	365.50958	0.12955436	3627.806062936783
290	-182.32774	3.7702634	-174.97946	-190.90424	-184.74307	3.3786643	-178.32741	-189.08215	100.0	100.0	434999	-365.53064	2.8518107	-357.95322	-378.25485	365.47684	0.11677757	3639.8591990470886
291	-184.29875	3.1749122	-177.43645	-189.62166	-185.25339	1.2904875	-183.23521	-187.1996	100.0	100.0	436499	-365.47232	2.8805296	-357.20114	-378.83868	365.41922	0.15888499	3652.1525785923004
292	-184.06898	3.134315	-179.8793	-190.27344	-184.05453	2.6221635	-179.88344	-187.65254	100.0	100.0	437999	-365.45383	2.8791575	-357.82242	-377.5765	365.40247	0.11452234	3665.0549037456512
293	-183.71132	2.4714417	-178.56358	-186.56776	-182.70703	1.4449017	-179.66289	-184.75609	100.0	100.0	439499	-365.42297	2.8998754	-358.09906	-377.5287	365.37192	0.12067531	3677.0293538570404
294	-184.20364	3.1440294	-175.94012	-186.93935	-182.82507	2.0709782	-179.78568	-185.86188	100.0	100.0	440999	-365.3906	2.9389946	-357.4645	-377.43594	365.3367	0.120400205	3689.461043357849
295	-183.84026	3.594468	-172.12569	-188.17444	-184.20146	2.9846842	-179.64386	-190.84673	100.0	100.0	442499	-365.34595	2.9739718	-357.85507	-377.4119	365.29108	0.13118877	3701.599561214447
296	-183.72842	2.1920998	-179.51208	-187.76813	-184.20444	1.966127	-180.23686	-187.24693	100.0	100.0	443999	-365.30392	3.0060976	-358.06842	-378.8089	365.24826	0.11958703	3714.704837322235
297	-183.65727	2.8706083	-179.02267	-188.52377	-183.5029	2.9536812	-178.33646	-187.45296	100.0	100.0	445499	-365.2562	3.033178	-357.6906	-378.5227	365.20367	0.12330593	3727.2755959033966
298	-183.90567	3.25714	-178.09747	-188.96469	-183.8881	1.9754493	-180.63687	-187.59949	100.0	100.0	446999	-365.22604	3.077551	-357.37393	-377.87573	365.1715	0.1412779	3739.906776189804
299	-183.65724	3.177772	-178.15944	-189.25311	-183.41885	1.8587112	-180.1995	-186.6251	100.0	100.0	448499	-365.19745	3.1125178	-357.4005	-378.969	365.14337	0.106801964	3752.3838441371918
300	-184.79337	1.9118792	-182.19429	-190.07394	-183.736	2.339705	-180.49911	-187.75012	100.0	100.0	449999	-365.16916	3.137698	-356.4239	-380.47623	365.1169	0.12773874	3764.9068641662598
301	-184.87508	2.5174496	-178.32462	-188.53545	-185.86093	1.7821232	-182.69028	-189.36526	100.0	100.0	451499	-365.16794	3.1891704	-356.5759	-378.02454	365.11658	0.1468356	3777.5293397903442
302	-183.6629	2.5679686	-178.47386	-186.8397	-182.80798	2.7339134	-176.52989	-186.09099	100.0	100.0	452999	-365.13776	3.2172916	-356.67313	-377.53198	365.08374	0.14075533	3790.34006357193
303	-183.94461	2.9687045	-178.49338	-187.67917	-184.09702	2.9393408	-179.08112	-188.34705	100.0	100.0	454499	-365.12943	3.2309895	-357.01114	-377.7319	365.0739	0.11076133	3803.0835177898407
304	-184.39247	3.415576	-176.38126	-190.62474	-185.40936	1.4559382	-183.65675	-188.01837	100.0	100.0	455999	-365.0887	3.2465317	-356.92416	-378.05273	365.03442	0.11842543	3815.787961959839
305	-184.34428	2.5400295	-179.53387	-188.41307	-183.22537	3.0581632	-178.0338	-188.80579	100.0	100.0	457499	-365.0432	3.2664587	-356.74512	-378.4152	364.99054	0.122839525	3828.5645682811737
306	-183.45143	2.8133814	-178.23457	-189.05237	-183.86423	3.1664524	-177.00438	-188.79938	100.0	100.0	458999	-365.00192	3.272848	-356.54645	-377.10095	364.9481	0.13367411	3841.44974899292
307	-182.03122	3.208298	-175.20148	-187.89848	-182.84087	3.3641937	-177.70247	-186.7054	100.0	100.0	460499	-364.97827	3.2988338	-356.55453	-378.43182	364.9255	0.11615633	3854.18878865242
308	-182.3024	4.1430073	-175.78825	-188.31445	-182.53477	2.6182342	-178.48712	-188.74472	100.0	100.0	461999	-364.96082	3.3146908	-356.58948	-377.808	364.91174	0.12939999	3866.9281129837036
309	-183.43929	2.249523	-177.7166	-186.5184	-183.31876	2.9235413	-178.28586	-187.88084	100.0	100.0	463499	-364.95593	3.3333786	-356.2844	-379.6186	364.90332	0.106232785	3879.93213391304
310	-184.32881	2.3114696	-180.15155	-188.01071	-183.09111	3.0197585	-177.4074	-187.65863	100.0	100.0	464999	-364.93408	3.3550675	-355.8024	-378.72723	364.87943	0.12423289	3892.3714611530304
311	-183.11871	2.3651283	-178.41438	-186.27481	-184.61877	2.9861317	-180.23474	-188.92763	100.0	100.0	466499	-364.8852	3.3600502	-356.29694	-377.52136	364.83475	0.107313596	3905.120101928711
312	-183.37346	2.9067476	-176.83693	-186.95625	-182.95305	3.260699	-178.03658	-187.29749	100.0	100.0	467999	-364.8813	3.3736916	-355.54892	-378.20117	364.83118	0.12859678	3917.8748376369476
313	-182.98775	3.476657	-174.44164	-186.65793	-181.91782	2.7749212	-178.50797	-187.91484	100.0	100.0	469499	-364.882	3.385768	-355.9458	-377.83066	364.83203	0.12730874	3930.542266845703
314	-183.97545	3.7639716	-177.51067	-191.07954	-183.28079	3.2048278	-179.4114	-187.88081	100.0	100.0	470999	-364.84103	3.3818371	-356.26938	-377.50833	364.7908	0.12256836	3943.042167186737
315	-183.17487	2.4041052	-179.23267	-187.6175	-183.79213	2.7506094	-177.85664	-187.09178	100.0	100.0	472499	-364.83896	3.4064546	-355.42316	-376.92487	364.79358	0.12996016	3955.5330908298492
316	-183.60237	2.716632	-177.06671	-187.69983	-183.39462	3.5604954	-175.72844	-187.59055	100.0	100.0	473999	-364.89423	3.4105577	-354.47015	-378.7752	364.84628	0.11410483	3967.7921681404114
317	-185.46288	2.172971	-181.13869	-190.51639	-184.56194	2.792215	-179.79657	-188.54224	100.0	100.0	475499	-364.86694	3.422676	-356.21695	-378.04614	364.8205	0.14468187	3980.3801839351654
318	-184.03499	2.3563037	-176.11159	-186.6535	-182.94855	2.818399	-178.80562	-187.50626	100.0	100.0	476999	-364.88605	3.4374597	-356.0861	-378.88452	364.8395	0.103339456	3992.5702378749847
319	-183.17538	2.5965679	-177.84055	-186.57333	-183.78473	2.3103821	-179.49136	-187.20964	100.0	100.0	478499	-364.90546	3.4312775	-356.16058	-377.62964	364.85925	0.12196442	4005.359538793564
320	-184.28543	2.493299	-179.55989	-188.3107	-184.13124	2.7419453	-179.12212	-189.10626	100.0	100.0	479999	-364.87225	3.4230263	-356.53036	-377.8867	364.82254	0.114451356	4018.0624964237213
321	-185.45898	1.5033851	-181.74202	-187.27608	-182.3812	3.6017358	-176.32709	-187.77652	100.0	100.0	481499	-364.87695	3.4238865	-356.5764	-380.42566	364.8272	0.12765674	4030.941731929779
322	-185.0648	2.1647305	-180.98251	-188.64487	-184.31981	3.3624501	-177.00648	-188.26212	100.0	100.0	482999	-364.89075	3.4355094	-356.39017	-377.7978	364.8474	0.108760506	4043.4150955677032
323	-183.67014	3.5510302	-173.67276	-190.37685	-184.04764	1.806153	-181.03722	-187.4545	100.0	100.0	484499	-364.8691	3.460665	-356.35123	-379.8807	364.82224	0.11423189	4056.3768684864044
324	-185.05167	1.9181052	-182.27754	-188.72311	-184.45137	2.3569071	-180.6513	-187.96182	100.0	100.0	485999	-364.88364	3.4858494	-355.65134	-379.58765	364.83664	0.12015804	4069.1831061840057
325	-185.47086	2.7162056	-178.59422	-188.95187	-184.22594	2.9279623	-181.04578	-190.26663	100.0	100.0	487499	-364.91418	3.5012333	-356.54343	-380.28934	364.86826	0.12013868	4081.7460012435913
326	-184.72273	1.5117264	-180.64925	-186.7514	-184.13075	3.6748257	-174.87976	-187.58913	100.0	100.0	488999	-364.90845	3.509153	-353.75366	-383.5767	364.86658	0.22732322	4094.6623713970184
327	-183.59183	3.110918	-179.029	-189.16861	-184.36398	2.4835093	-180.6244	-189.16208	100.0	100.0	490499	-364.97607	3.5183203	-356.475	-381.9692	364.93143	0.07205587	4107.02948141098
328	-184.07008	2.4639235	-180.6162	-188.49695	-184.6885	2.9984322	-180.36288	-190.1253	100.0	100.0	491999	-364.9858	3.5326335	-354.79517	-382.15015	364.9395	0.17168437	4119.389938831329
329	-184.09087	3.2132785	-178.35864	-190.38524	-184.87112	2.2548714	-181.88715	-187.94211	100.0	100.0	493499	-365.02948	3.5194685	-356.57306	-382.59906	364.98932	0.10329696	4132.006206989288
330	-182.95407	2.999531	-177.60582	-188.19728	-183.97623	4.449689	-176.83101	-192.56508	100.0	100.0	494999	-365.05704	3.559327	-356.1433	-384.45837	365.0127	0.118915424	4144.386229753494
331	-182.02676	2.420075	-178.03418	-186.57086	-182.27206	3.1865983	-174.68333	-186.158	100.0	100.0	496499	-365.10272	3.5953937	-355.81116	-382.8258	365.05792	0.1345681	4156.409148693085
332	-184.42918	2.5486734	-180.25578	-188.5542	-183.49509	2.2892156	-179.84761	-187.06339	100.0	100.0	497999	-365.1423	3.621358	-356.3083	-383.90036	365.09775	0.10829031	4168.870464086533
333	-183.29482	3.122842	-176.58424	-187.16756	-183.55206	2.7901728	-180.98804	-191.09637	100.0	100.0	499499	-365.15808	3.6621542	-356.40765	-384.81244	365.11234	0.12927352	4181.02086687088
334	-184.1215	3.1521156	-177.04675	-189.95004	-182.60999	1.8557024	-178.58723	-185.62656	100.0	100.0	500999	-365.1495	3.679084	-355.90317	-386.3054	365.1022	0.14140421	4193.125017642975
335	-184.93024	3.0448225	-180.92567	-190.91628	-183.44853	2.2473707	-178.61366	-186.90086	100.0	100.0	502499	-365.20148	3.7147505	-356.5578	-385.7331	365.15875	0.09856738	4204.975100278854
336	-182.89941	4.104769	-169.68198	-186.68253	-184.10751	2.1123974	-180.02074	-187.4236	100.0	100.0	503999	-365.22855	3.748656	-356.4191	-386.42392	365.18408	0.13196495	4217.055194139481
337	-183.08902	2.9014993	-176.56721	-186.18492	-182.52808	2.770383	-178.18425	-186.2053	100.0	100.0	505499	-365.28223	3.7751956	-356.73706	-388.53506	365.23938	0.11721791	4229.987768650055
338	-182.82736	3.6432803	-174.43279	-189.38075	-184.01665	2.4676454	-179.00476	-187.83884	100.0	100.0	506999	-365.2833	3.7788763	-356.5008	-385.9396	365.23526	0.1437953	4242.274942159653
339	-182.55338	4.0954623	-175.35062	-187.63065	-183.95839	2.5967376	-181.25346	-189.80229	100.0	100.0	508499	-365.30667	3.8184059	-356.87402	-389.28223	365.2599	0.11074621	4254.418226242065
340	-184.81036	2.7560134	-179.80334	-191.03984	-183.18417	2.5204904	-177.22685	-185.90324	100.0	100.0	509999	-365.30832	3.8147328	-356.729	-387.484	365.2598	0.1434289	4266.486535549164
341	-183.34912	2.2306054	-177.06284	-186.39159	-182.67451	3.659393	-173.79668	-186.34685	100.0	100.0	511499	-365.31235	3.830218	-356.84644	-388.63992	365.26822	0.13106109	4278.4271376132965
342	-184.62364	2.877735	-178.60599	-190.39044	-183.22197	2.5767167	-179.38489	-186.69365	100.0	100.0	512999	-365.37204	3.8564196	-356.8566	-391.3041	365.32513	0.12643996	4290.053113222122
343	-183.81427	2.901558	-177.20175	-190.0672	-183.53543	2.1423054	-179.00362	-187.2996	100.0	100.0	514499	-365.37576	3.8674574	-356.55124	-388.6723	365.32175	0.13332249	4302.000126838684
344	-183.55475	3.0677576	-177.36432	-188.16112	-184.0151	2.2969105	-178.95766	-187.88385	100.0	100.0	515999	-365.3538	3.8312843	-356.576	-388.9219	365.30408	0.11882999	4313.687875032425
345	-183.8486	2.104607	-180.08176	-188.21822	-182.75443	2.7584014	-177.16083	-186.05022	100.0	100.0	517499	-365.3589	3.828239	-356.8503	-390.41998	365.31155	0.13598461	4325.349628210068
346	-183.31868	3.301784	-176.73021	-191.10721	-183.73746	2.1693778	-179.26094	-187.40793	100.0	100.0	518999	-365.37775	3.8399012	-356.87555	-390.90845	365.3265	0.10594639	4337.135682582855
347	-183.77122	3.230634	-176.38771	-188.24123	-184.06088	2.9242387	-177.54042	-186.88869	100.0	100.0	520499	-365.32916	3.8679836	-356.53574	-390.29578	365.2746	0.12773839	4349.4650712013245
348	-182.67862	2.7414525	-178.62947	-188.14029	-183.7111	2.4640024	-179.7543	-189.7179	100.0	100.0	521999	-365.31775	3.8621678	-356.88687	-390.74597	365.26892	0.1170823	4361.395039796829
349	-182.61215	3.4914806	-175.86455	-189.43475	-184.27855	1.2288257	-182.26755	-185.82759	100.0	100.0	523499	-365.35092	3.8764625	-356.7066	-391.31622	365.3009	0.119784705	4373.245555877686
350	-184.68384	2.2243283	-179.64284	-188.23148	-183.46956	1.911014	-179.94304	-186.66927	100.0	100.0	524999	-365.2993	3.86682	-356.4318	-391.75626	365.24603	0.118190594	4385.382483482361
351	-183.5542	3.2216356	-177.34035	-189.4922	-185.02258	3.0704522	-177.89221	-190.92307	100.0	100.0	526499	-365.28354	3.8601978	-356.58026	-390.34082	365.2289	0.11388668	4397.459622859955
352	-182.7067	3.2155635	-176.0359	-187.48615	-183.81909	3.1502442	-179.38666	-190.76784	100.0	100.0	527999	-365.2671	3.8739495	-356.8344	-392.75064	365.2175	0.13526742	4409.7140510082245
353	-184.04437	2.4825711	-178.81569	-187.48509	-184.92021	2.6078672	-181.32072	-189.3015	100.0	100.0	529499	-365.2443	3.8453054	-356.5872	-389.45035	365.1899	0.13495283	4421.827726125717
354	-184.8886	2.2026396	-180.24313	-187.1803	-183.08365	2.022071	-178.93665	-185.05713	100.0	100.0	530999	-365.22284	3.8063173	-356.8159	-390.76974	365.1695	0.11456784	4434.31249499321
355	-182.65724	3.5469096	-176.33284	-191.72115	-183.41281	3.307216	-178.36308	-188.45273	100.0	100.0	532499	-365.20035	3.78914	-355.70798	-389.75693	365.15308	0.15328027	4446.289596557617
356	-183.26343	3.5465548	-175.13774	-187.33336	-184.91928	3.6008406	-177.50143	-191.27577	100.0	100.0	533999	-365.1873	3.776892	-356.43774	-389.64923	365.13907	0.1025456	4458.413148164749
357	-183.68883	2.022417	-180.8862	-188.14444	-182.85751	2.3536527	-177.85077	-185.82367	100.0	100.0	535499	-365.18997	3.7748632	-356.37357	-390.95734	365.14185	0.14785884	4470.641735076904
358	-184.47964	3.296278	-179.63535	-193.027	-182.39816	4.1564817	-174.94481	-188.73376	100.0	100.0	536999	-365.20245	3.7795386	-356.27283	-390.62653	365.15347	0.11885797	4482.545839548111
359	-184.06601	3.4704833	-177.26048	-189.806	-184.13675	2.736104	-179.71614	-188.3348	100.0	100.0	538499	-365.2015	3.783633	-356.61804	-391.04166	365.1597	0.102548845	4494.762746810913
360	-184.12776	3.7160072	-176.66052	-191.13434	-183.55681	2.6250095	-178.21138	-187.53911	100.0	100.0	539999	-365.20215	3.7992	-356.70972	-390.66086	365.14566	0.13262978	4506.893001794815
361	-182.67393	2.0031676	-179.54533	-185.77905	-184.6174	3.3272312	-176.9082	-190.00955	100.0	100.0	541499	-365.14215	3.7278821	-356.52377	-387.58716	365.088	0.12627618	4519.0313494205475
362	-183.03044	4.0097237	-177.11302	-191.40872	-183.67068	4.3249106	-178.0117	-194.06892	100.0	100.0	542999	-365.04156	3.624061	-356.81384	-386.60568	364.98224	0.12925293	4531.306631326675
363	-184.71817	2.0225894	-182.1668	-188.33572	-184.08353	1.9121245	-181.25078	-187.66147	100.0	100.0	544499	-364.95468	3.546502	-356.86102	-383.18997	364.9017	0.10973785	4543.847890377045
364	-184.37807	2.4264767	-179.93425	-190.79166	-183.85796	1.6961868	-180.73032	-186.71033	100.0	100.0	545999	-364.89398	3.5053177	-357.06714	-385.51135	364.8435	0.13209899	4556.891379356384
365	-185.69492	2.326824	-181.48198	-191.03241	-185.66165	2.1183548	-181.1864	-188.18733	100.0	100.0	547499	-364.84952	3.445958	-356.86713	-379.8514	364.80408	0.11758841	4570.176228761673
366	-183.65842	2.6804297	-179.34973	-188.21344	-183.6197	1.7898588	-180.76436	-186.39221	100.0	100.0	548999	-364.81393	3.4003284	-357.07108	-380.61954	364.7694	0.11125105	4583.969602108002
367	-184.76256	3.67902	-178.96997	-190.99754	-186.46603	2.321078	-182.60974	-190.728	100.0	100.0	550499	-364.80765	3.3851905	-357.15903	-379.0521	364.7671	0.11298044	4597.004147052765
368	-184.4986	4.4760714	-177.40488	-194.29677	-183.33664	3.5748336	-176.60748	-188.11543	100.0	100.0	551999	-364.81815	3.3803265	-355.44568	-383.2549	364.77597	0.141353	4610.131415605545
369	-183.55965	2.5473065	-179.64566	-187.07053	-183.34668	4.121317	-177.31406	-191.9033	100.0	100.0	553499	-364.8443	3.3533518	-357.08316	-378.67926	364.80426	0.113294706	4622.191942214966
370	-184.26016	4.2066717	-175.74115	-190.74683	-182.45377	2.669126	-177.29306	-186.48785	100.0	100.0	554999	-364.8647	3.3528547	-357.27206	-378.80627	364.8245	0.12486052	4634.382847070694
371	-183.19249	3.8875124	-176.70105	-189.58191	-183.62756	5.2851124	-175.14926	-191.48819	100.0	100.0	556499	-364.86484	3.333418	-357.27887	-378.29364	364.82233	0.10347062	4646.782776117325
372	-184.84093	2.9567175	-178.32254	-189.96553	-183.97664	2.216653	-179.97836	-188.09764	100.0	100.0	557999	-364.84525	3.3215668	-357.39383	-377.8152	364.805	0.1079884	4659.269081115723
373	-184.6647	3.854857	-178.06172	-191.0966	-184.15944	2.4990182	-178.20697	-188.0097	100.0	100.0	559499	-364.8479	3.3184934	-355.27798	-381.22736	364.80917	0.16235307	4670.764419794083
374	-182.92758	3.7293837	-174.62062	-190.71004	-184.65959	1.7071675	-181.39429	-187.08794	100.0	100.0	560999	-364.87274	3.3130658	-357.21994	-377.02353	364.83374	0.09776776	4683.293984174728
375	-183.14085	2.5860467	-179.47876	-188.83026	-183.62024	1.7047304	-181.34198	-187.3736	100.0	100.0	562499	-364.86676	3.316656	-356.89825	-377.60614	364.82947	0.12769435	4695.831687927246
376	-184.16264	2.075942	-179.54796	-187.25465	-184.26233	2.484009	-177.8504	-186.90126	100.0	100.0	563999	-364.896	3.3341396	-357.3465	-377.48517	364.85855	0.09783429	4708.17359995842
377	-183.35309	3.429957	-177.3276	-192.10399	-183.10976	1.7309104	-179.78021	-185.3024	100.0	100.0	565499	-364.90015	3.3517284	-356.81082	-377.19296	364.86008	0.13679528	4720.837475776672
378	-183.6028	3.9938774	-175.94879	-189.63591	-184.93546	1.5653936	-182.87294	-187.33127	100.0	100.0	566999	-364.90112	3.3591893	-356.79462	-382.09073	364.86032	0.13115276	4733.49201965332
379	-182.89691	3.2164438	-177.3761	-186.90585	-183.64502	2.2417748	-179.09874	-186.53972	100.0	100.0	568499	-364.8762	3.3653455	-357.0943	-379.81348	364.83804	0.100467205	4746.5083220005035
380	-183.2317	2.926986	-178.4757	-189.79726	-182.9603	1.8219191	-180.0635	-185.52583	100.0	100.0	569999	-364.87402	3.388303	-356.87115	-378.0462	364.83374	0.13170642	4758.922185182571
381	-185.77805	2.0194983	-180.89127	-190.4956	-183.1866	3.095762	-176.33763	-186.91925	100.0	100.0	571499	-364.9058	3.4025621	-356.99503	-379.37344	364.8691	0.12590298	4771.989221811295
382	-182.76692	2.4685566	-178.64848	-186.33775	-182.57402	2.8427098	-176.30852	-186.87796	100.0	100.0	572999	-364.88217	3.3905966	-356.89886	-379.17773	364.8375	0.10200667	4784.561079740524
383	-182.44089	3.1483376	-175.87596	-187.29509	-182.84297	3.6724951	-177.6221	-188.81154	100.0	100.0	574499	-364.8305	3.39155	-356.70602	-379.45462	364.78384	0.11771164	4796.567625999451
384	-182.94672	4.053269	-170.79291	-189.02678	-185.43214	2.4623525	-181.30244	-189.72972	100.0	100.0	575999	-364.77322	3.3797998	-355.30865	-381.9196	364.72882	0.13824221	4808.68861246109
385	-184.09601	2.1441934	-179.20952	-187.02133	-184.10403	2.9091184	-179.4111	-187.66267	100.0	100.0	577499	-364.7425	3.3915043	-355.77957	-379.28323	364.69855	0.14584444	4821.106373786926
386	-183.05458	1.9447826	-180.23865	-186.73291	-184.4418	2.863267	-180.85347	-190.16925	100.0	100.0	578999	-364.72922	3.4025757	-354.53705	-381.29428	364.68854	0.1496001	4833.1790108680725
387	-183.33769	2.814965	-177.56595	-188.14334	-183.0153	2.1864572	-180.03175	-187.51048	100.0	100.0	580499	-364.6951	3.397102	-356.83948	-382.81308	364.6524	0.102220364	4845.367988586426
388	-183.86842	3.2321055	-178.44131	-190.47485	-184.72246	2.6121678	-180.61015	-190.71997	100.0	100.0	581999	-364.6871	3.3875299	-356.63153	-380.9478	364.644	0.10834731	4857.988803625107
389	-182.0504	3.7287872	-173.91331	-190.14627	-182.54288	3.1003168	-178.58363	-189.01953	100.0	100.0	583499	-364.66904	3.3848233	-356.5967	-385.4643	364.63174	0.120834716	4870.185170650482
390	-184.2693	0.7957092	-183.611	-186.3857	-182.0771	3.850515	-176.62341	-188.2229	100.0	100.0	584999	-364.65967	3.3717012	-356.73715	-378.1083	364.61838	0.094279885	4882.894886255264
391	-183.24324	2.7719874	-177.87234	-188.1195	-183.9796	3.5019221	-177.19443	-191.03091	100.0	100.0	586499	-364.61685	3.3683243	-356.22757	-378.6282	364.57657	0.12771256	4894.6534075737
392	-182.74672	4.396139	-170.90253	-188.34644	-183.48889	2.7699628	-176.3973	-186.74057	100.0	100.0	587999	-364.62335	3.3714247	-356.68823	-378.8985	364.58817	0.10482867	4906.944750785828
393	-183.25894	4.2178226	-171.46529	-189.93318	-184.57376	2.9771366	-179.12816	-191.20963	100.0	100.0	589499	-364.62762	3.379782	-356.26428	-378.17587	364.59125	0.100921825	4919.369130849838
394	-182.83385	3.4576807	-175.49591	-190.08089	-182.31494	2.7989802	-177.2	-186.39087	100.0	100.0	590999	-364.59857	3.3835113	-356.61624	-378.70734	364.55524	0.13244466	4932.244697809219
395	-183.92555	2.2217894	-178.03398	-187.41031	-182.11214	3.0519974	-176.69687	-186.8759	100.0	100.0	592499	-364.60132	3.3855603	-356.77393	-378.60223	364.56686	0.11369649	4945.003220081329
396	-183.39282	3.0536327	-177.33366	-188.23265	-184.12766	3.0760484	-176.5182	-187.2555	100.0	100.0	593999	-364.59933	3.3866003	-356.35883	-377.37878	364.56378	0.1206897	4957.477269411087
397	-183.37419	3.5386305	-175.44186	-187.39957	-184.3718	2.0641813	-179.64383	-186.77316	100.0	100.0	595499	-364.60754	3.3851917	-356.54633	-378.899	364.57117	0.103047945	4969.480269908905
398	-181.47676	3.083551	-175.64156	-188.32217	-182.74649	2.247485	-179.77704	-185.97266	100.0	100.0	596999	-364.5893	3.3884943	-356.5869	-378.77017	364.54776	0.12077576	4981.436255455017
399	-182.39426	2.9224854	-177.41568	-186.4331	-183.82191	2.668633	-179.54538	-187.23337	100.0	100.0	598499	-364.53427	3.4072397	-355.508	-378.50766	364.4952	0.114166155	4993.443054437637
400	-182.48753	3.30644	-174.82658	-186.40157	-182.65535	2.7390854	-176.7429	-186.29259	100.0	100.0	599999	-364.50656	3.3982706	-356.22427	-378.2645	364.4692	0.13288634	5005.492884397507
401	-181.38213	2.6372576	-177.77603	-186.20961	-183.07655	2.9287777	-177.90001	-186.63573	100.0	100.0	601499	-364.44943	3.3963976	-355.99884	-377.735	364.40903	0.112884216	5017.481799125671
402	-182.60138	3.734272	-174.1245	-188.71312	-182.11398	1.8851552	-178.88898	-184.91492	100.0	100.0	602999	-364.41205	3.3913388	-356.49963	-377.62283	364.37076	0.10674682	5029.708428621292
403	-183.44531	2.1470115	-180.10777	-187.39975	-183.04597	4.6517754	-171.3871	-188.22525	100.0	100.0	604499	-364.3296	3.4022923	-356.22812	-377.43137	364.28174	0.1469668	5042.18446969986
404	-183.18776	3.4936094	-178.0144	-191.01965	-183.37463	1.6342349	-180.18019	-185.69585	100.0	100.0	605999	-364.244	3.4120448	-354.71915	-377.2664	364.20206	0.113649994	5054.605211019516
405	-182.618	3.5832942	-175.89636	-186.86609	-182.67801	2.2951627	-179.13324	-186.03807	100.0	100.0	607499	-364.16827	3.4296572	-354.44724	-377.90005	364.13367	0.13595632	5067.070590257645
406	-182.10667	2.6475203	-176.85965	-187.04265	-181.60507	1.7274724	-179.01791	-185.05693	100.0	100.0	608999	-364.1356	3.4486754	-351.09357	-376.5094	364.10025	0.13644652	5079.3723793029785
407	-183.4155	2.551589	-179.15619	-187.67264	-182.60216	3.2896514	-176.31294	-186.79187	100.0	100.0	610499	-364.09534	3.4673412	-349.1777	-379.27988	364.06296	0.15685956	5091.922472000122
408	-183.70277	2.9253085	-178.06465	-189.87811	-183.45256	1.8419088	-180.7088	-186.17148	100.0	100.0	611999	-364.06342	3.4970038	-345.76093	-379.62906	364.02667	0.13403626	5104.4331138134
409	-183.6372	2.8135343	-178.28421	-188.89452	-184.73804	3.4573936	-175.49553	-187.71698	100.0	100.0	613499	-364.00153	3.5401037	-341.89267	-378.80807	363.96945	0.15165178	5117.756267547607
410	-183.89212	2.50421	-179.36343	-187.46837	-182.98657	3.200346	-176.91878	-187.6055	100.0	100.0	614999	-363.96063	3.5568938	-341.22815	-377.44016	363.93268	0.13389653	5130.689957380295
411	-181.85162	3.322731	-175.02943	-187.8805	-184.77841	4.192961	-178.2119	-192.34558	100.0	100.0	616499	-363.98233	3.5490332	-338.91916	-378.72086	363.95795	0.14212301	5143.228116750717
412	-183.66814	2.4153051	-179.19171	-189.28094	-180.65735	3.2483554	-176.24437	-187.45949	100.0	100.0	617999	-363.96066	3.538918	-339.26367	-380.81006	363.93442	0.1643825	5155.769419908524
413	-183.60558	2.686746	-179.23468	-189.22823	-184.17526	2.2791197	-179.51932	-187.09781	100.0	100.0	619499	-363.96848	3.5080233	-339.26877	-379.88556	363.93988	0.15970649	5168.765829801559
414	-183.781	2.8595831	-177.38054	-187.47264	-184.67847	2.7145767	-178.77332	-188.3054	100.0	100.0	620999	-363.9881	3.468851	-341.51288	-380.4428	363.96274	0.14381	5181.3921999931335
415	-185.11423	2.6995702	-180.37276	-190.16554	-182.6083	2.873398	-177.65262	-186.26364	100.0	100.0	622499	-364.01392	3.4379835	-340.4488	-382.29388	363.98483	0.14798857	5194.370690345764
416	-182.3566	3.914805	-174.13893	-187.80186	-183.521	1.814172	-178.9332	-185.51837	100.0	100.0	623999	-364.0165	3.392798	-339.76993	-382.19827	363.9879	0.13423838	5207.554570674896
417	-183.30025	2.136964	-179.98253	-186.99005	-182.09915	2.0962348	-178.7181	-185.78203	100.0	100.0	625499	-364.00864	3.3550231	-346.8531	-382.45123	363.9745	0.12764151	5220.297728776932
418	-181.93526	2.465342	-176.88219	-186.03142	-182.62723	2.8860207	-178.00162	-187.19162	100.0	100.0	626999	-363.97794	3.3355887	-345.9187	-381.896	363.94476	0.17448552	5232.770343542099
419	-181.08511	3.3382123	-173.49326	-186.5637	-180.95937	2.8178346	-177.55963	-185.9874	100.0	100.0	628499	-363.96902	3.2974045	-346.83777	-383.2179	363.931	0.13481843	5245.114454746246
420	-183.67035	3.2470853	-178.74976	-189.35912	-181.54703	3.0160444	-175.82957	-185.49203	100.0	100.0	629999	-363.91214	3.2865033	-344.6257	-381.6188	363.87442	0.14664693	5259.009957075119
421	-184.02994	2.8004289	-178.54138	-188.3737	-183.77505	2.996869	-177.847	-188.62634	100.0	100.0	631499	-363.8982	3.2715719	-345.57794	-381.50656	363.86395	0.12744504	5272.641089439392
422	-183.05956	3.0012445	-176.81046	-188.83342	-183.36685	1.6391684	-179.96103	-184.8101	100.0	100.0	632999	-363.8993	3.2636483	-344.72964	-380.25784	363.86874	0.15557131	5285.763824939728
423	-182.80098	3.5110888	-174.6383	-188.33124	-181.6589	2.543305	-177.2812	-184.80531	100.0	100.0	634499	-363.90356	3.2227032	-346.06006	-378.79385	363.87067	0.14098197	5298.654851436615
424	-184.38618	2.8548133	-179.75723	-188.23988	-183.29182	3.6667354	-175.61319	-190.07387	100.0	100.0	635999	-363.9165	3.2110705	-346.6966	-378.32184	363.8838	0.12386731	5311.565600156784
425	-184.46661	1.6211239	-181.62856	-186.9771	-182.52316	2.2976508	-180.51187	-186.9324	100.0	100.0	637499	-363.91763	3.1980784	-350.04437	-377.95758	363.8829	0.13070676	5324.367060661316
426	-183.56075	2.1760259	-179.26788	-187.59822	-182.29483	2.6411827	-178.12233	-185.50182	100.0	100.0	638999	-363.92938	3.2045693	-351.32697	-377.98215	363.8988	0.11933434	5337.31125164032
427	-182.95195	2.9371634	-177.59248	-187.4814	-184.08386	3.2859275	-178.10184	-189.01288	100.0	100.0	640499	-363.94595	3.1933942	-354.56604	-379.8137	363.91214	0.13026997	5350.057079076767
428	-182.67146	2.256109	-177.41188	-186.71198	-181.85867	3.2660236	-176.91858	-186.36844	100.0	100.0	641999	-363.91202	3.1801918	-355.43088	-378.54065	363.87463	0.12237276	5363.502356290817
429	-182.87993	3.0625203	-177.07321	-186.89818	-182.155	3.1987398	-177.01233	-187.09256	100.0	100.0	643499	-363.90967	3.1791594	-354.9069	-376.1381	363.87396	0.1199061	5376.733597993851
430	-183.20082	2.2846875	-179.35236	-186.79631	-183.22849	2.331234	-179.95653	-186.34581	100.0	100.0	644999	-363.86792	3.1810684	-354.75845	-375.5535	363.83167	0.13114975	5390.084799528122
431	-183.27713	3.6839244	-177.292	-191.2257	-183.09091	2.08359	-178.16481	-185.16441	100.0	100.0	646499	-363.87875	3.1847787	-353.67645	-377.32397	363.84174	0.10736638	5403.161988019943
432	-182.18861	3.268748	-176.23456	-186.01442	-181.72314	2.883086	-176.24207	-186.24161	100.0	100.0	647999	-363.86606	3.2141182	-353.77344	-377.7743	363.83008	0.15339626	5416.10715508461
433	-183.42717	1.8890513	-178.77034	-186.57367	-184.32138	3.4275882	-177.35297	-189.54637	100.0	100.0	649499	-363.83417	3.2189968	-351.73804	-377.49585	363.79117	0.13651447	5429.118808507919
434	-183.26933	2.2874317	-180.47289	-187.94098	-183.18213	2.369672	-179.35182	-186.85011	100.0	100.0	650999	-363.79056	3.217435	-355.90625	-377.35025	363.74893	0.118073225	5442.343629837036
435	-182.85638	4.1778035	-175.8745	-190.2024	-182.13661	3.3374352	-176.87286	-187.3977	100.0	100.0	652499	-363.73557	3.219917	-356.76465	-376.63977	363.69785	0.112210736	5455.670960903168
436	-184.56082	2.2413876	-180.09908	-188.65149	-183.27255	4.030168	-175.31416	-189.51553	100.0	100.0	653999	-363.69705	3.242547	-355.0018	-377.31192	363.65518	0.17841606	5468.832018613815
437	-182.45663	2.9992871	-175.38737	-187.97462	-183.61899	1.8901979	-180.0471	-186.62411	100.0	100.0	655499	-363.6233	3.2256868	-356.963	-377.5566	363.57608	0.08438678	5482.447674036026
438	-182.90968	3.415737	-174.5737	-188.0808	-181.94649	3.4697893	-175.75545	-186.1609	100.0	100.0	656999	-363.56793	3.2244792	-353.83765	-376.82468	363.5235	0.13741414	5495.334972858429
439	-182.84076	3.001702	-177.41212	-187.03696	-182.10306	2.787987	-176.52779	-184.51102	100.0	100.0	658499	-363.49277	3.2471313	-356.26477	-376.68463	363.44992	0.11909654	5508.16631269455
440	-182.41838	2.4389935	-178.79446	-187.23361	-181.63959	2.219091	-179.41225	-186.69182	100.0	100.0	659999	-363.41983	3.254007	-355.80875	-377.15155	363.3749	0.14457117	5521.352947473526
441	-182.36664	2.9672186	-177.98245	-187.27205	-181.86478	2.9036438	-177.41995	-185.91486	100.0	100.0	661499	-363.3479	3.2417247	-356.61188	-376.79428	363.3011	0.12092385	5534.460258483887
442	-184.22409	3.4345837	-178.51373	-188.86858	-181.92752	4.1233764	-175.80333	-187.38165	100.0	100.0	662999	-363.274	3.269686	-355.96225	-377.7189	363.22726	0.14632218	5547.516939640045
443	-183.6989	2.5239024	-179.54051	-188.14993	-182.75223	2.8732297	-176.10818	-186.35289	100.0	100.0	664499	-363.18155	3.2484627	-356.40305	-376.1079	363.12866	0.09362212	5560.9104261398315
444	-183.01416	2.199685	-177.97449	-187.03424	-182.44511	2.3463638	-177.19298	-186.19438	100.0	100.0	665999	-363.0675	3.2586832	-355.8486	-375.50778	363.01892	0.13636486	5574.427519798279
445	-183.90111	3.3011417	-176.3385	-188.97673	-180.87631	3.5410929	-175.48857	-186.67256	100.0	100.0	667499	-362.97308	3.266816	-355.4523	-376.31784	362.92487	0.13114145	5587.828856945038
446	-181.618	2.8174024	-176.52669	-186.62311	-182.34502	2.6152222	-178.04976	-185.42584	100.0	100.0	668999	-362.89563	3.2810743	-356.03973	-375.82462	362.84467	0.11688664	5601.296970367432
447	-184.28688	1.8337245	-181.15198	-187.48875	-183.34941	2.8677044	-178.26625	-187.62396	100.0	100.0	670499	-362.81375	3.2973354	-355.44177	-376.3768	362.76593	0.11489908	5614.452432155609
448	-181.50475	2.6665244	-177.25096	-185.45226	-182.72893	2.5405073	-178.66933	-187.73326	100.0	100.0	671999	-362.72726	3.3012316	-355.78162	-375.61838	362.6755	0.13055284	5627.739458084106
449	-183.53886	2.276215	-178.45451	-187.18195	-182.43657	1.2423018	-180.55063	-184.08641	100.0	100.0	673499	-362.63452	3.2940173	-355.80832	-376.2483	362.5869	0.11549174	5641.6944172382355
450	-182.72406	2.247295	-177.62245	-186.41817	-182.03517	4.4474616	-176.94955	-191.04591	100.0	100.0	674999	-362.53598	3.321239	-355.08353	-378.68613	362.48093	0.1406672	5654.166079998016
451	-182.88399	3.3548615	-177.08116	-189.59218	-183.24216	3.5571253	-176.1313	-189.9281	100.0	100.0	676499	-362.44177	3.341654	-355.30246	-375.68646	362.38858	0.1285513	5666.8936240673065
452	-183.82408	2.3759289	-180.05081	-187.80266	-183.39175	3.0123217	-178.97725	-190.75923	100.0	100.0	677999	-362.37384	3.3620472	-355.2939	-375.46326	362.32147	0.14111619	5679.693161725998
453	-183.97305	3.1097758	-178.30775	-189.14912	-181.10434	2.4743264	-177.32497	-184.6002	100.0	100.0	679499	-362.26932	3.3947341	-355.19418	-375.20013	362.21603	0.12564032	5692.130466938019
454	-182.90796	3.5044818	-175.449	-189.76122	-183.53679	2.2591383	-180.03232	-186.79572	100.0	100.0	680999	-362.2197	3.4532173	-355.0485	-374.95627	362.1681	0.123249166	5705.0799078941345
455	-181.55666	3.0012755	-174.99382	-186.8826	-183.52115	3.6584508	-176.2362	-190.01837	100.0	100.0	682499	-362.157	3.4896433	-354.90665	-376.18613	362.10516	0.11600639	5717.96648478508
456	-181.53435	3.35182	-174.56703	-187.25801	-180.90288	3.1137595	-177.5124	-187.13333	100.0	100.0	683999	-362.08972	3.56387	-354.95007	-377.4099	362.0383	0.12756734	5730.070655822754
457	-180.9979	2.2728798	-177.11441	-185.33693	-181.52287	3.4777284	-174.78342	-187.05249	100.0	100.0	685499	-362.03094	3.6620047	-354.4972	-379.95636	361.97882	0.12504686	5742.850882768631
458	-182.44173	4.7229204	-167.32545	-187.6296	-183.66646	1.6682868	-181.33865	-186.83583	100.0	100.0	686999	-361.99652	3.761814	-354.64694	-381.9897	361.94147	0.13480863	5755.646578073502
459	-182.49806	3.7777307	-175.22601	-189.82858	-183.874	2.4622173	-179.18742	-188.1241	100.0	100.0	688499	-361.95493	3.8375392	-354.51953	-385.93213	361.90063	0.12878221	5768.314261198044
460	-181.90102	4.2794647	-172.59142	-189.77197	-182.8787	2.9991915	-178.08867	-188.99312	100.0	100.0	689999	-361.87643	3.8881457	-353.84488	-385.27472	361.81595	0.15234813	5781.037303209305
461	-183.13365	2.020757	-178.97572	-185.93869	-181.56314	1.5692608	-178.83136	-183.94667	100.0	100.0	691499	-361.79538	3.878236	-354.06305	-387.7852	361.73416	0.14904255	5794.077435255051
462	-184.01302	2.4542198	-179.62064	-187.46185	-181.85501	3.8732293	-174.94481	-187.92677	100.0	100.0	692999	-361.7685	3.9421318	-353.78113	-386.49545	361.7102	0.14693692	5806.556963682175
463	-182.88333	2.7709749	-177.84991	-186.57268	-183.02765	2.441419	-179.09505	-187.11159	100.0	100.0	694499	-361.69345	3.9560885	-354.09628	-388.0393	361.63324	0.13105145	5819.195804595947
464	-184.0274	2.0838346	-178.94719	-187.13637	-183.89261	3.438007	-177.01843	-188.694	100.0	100.0	695999	-361.6406	3.9814904	-353.91922	-387.0868	361.58408	0.14171852	5832.066468477249
465	-182.18771	3.546937	-174.0307	-187.47649	-182.24178	3.5449934	-175.64198	-187.79094	100.0	100.0	697499	-361.6317	4.0763984	-353.9741	-390.28528	361.57617	0.12970026	5844.648797512054
466	-184.5071	2.5658944	-177.70776	-187.64665	-182.63483	1.9103433	-180.30199	-186.61772	100.0	100.0	698999	-361.62292	4.157303	-353.56964	-393.13516	361.56668	0.13978094	5857.533730983734
467	-182.27368	3.745785	-174.33852	-187.43748	-182.85477	2.7480505	-179.08296	-188.35495	100.0	100.0	700499	-361.61758	4.234263	-353.60745	-396.31387	361.5645	0.13775057	5870.402036190033
468	-182.98587	2.937302	-177.5579	-187.87288	-182.43927	3.2975953	-177.5219	-187.29948	100.0	100.0	701999	-361.66827	4.339013	-353.81253	-395.41367	361.61404	0.13367395	5882.744958162308
469	-182.88971	2.3590162	-176.3531	-186.55865	-182.27568	3.5484164	-177.18521	-187.6531	100.0	100.0	703499	-361.69733	4.402632	-353.15735	-396.02704	361.64316	0.16743702	5895.652327299118
470	-184.90547	2.0847862	-181.25537	-189.21503	-181.84897	3.3112297	-175.71156	-185.90234	100.0	100.0	704999	-361.74432	4.444759	-353.57736	-397.1579	361.69217	0.12032423	5908.401151895523
471	-183.68285	1.9870288	-181.15758	-187.90433	-181.32083	1.8723472	-178.59761	-185.34566	100.0	100.0	706499	-361.77615	4.534202	-353.40344	-400.49017	361.7235	0.14675598	5921.440014123917
472	-183.74272	3.2387455	-177.63068	-189.40417	-182.15047	3.5304613	-174.54823	-186.2148	100.0	100.0	707999	-361.88864	4.78787	-353.3487	-406.8925	361.8556	0.1462231	5935.191486120224
473	-182.38899	3.5406992	-177.35538	-189.67834	-183.56119	1.5293294	-180.7976	-185.91359	100.0	100.0	709499	-362.1117	5.152754	-353.2687	-411.86603	362.06012	0.19596656	5948.93950176239
474	-183.28712	3.169515	-177.53899	-187.9109	-184.9925	2.5884092	-181.19423	-189.06194	100.0	100.0	710999	-362.17023	5.2484565	-353.55853	-409.78995	362.11597	0.13794576	5962.785710334778
475	-184.98277	3.33896	-179.45242	-190.34543	-184.77576	3.2431657	-180.3321	-190.88246	100.0	100.0	712499	-362.27737	5.3153253	-353.42593	-411.3154	362.21338	0.14158316	5976.731123209
476	-186.44165	3.1607723	-182.29875	-193.1949	-186.27052	2.0789266	-180.78293	-188.18513	100.0	100.0	713999	-362.28308	5.200092	-353.64462	-413.9021	362.21814	0.1349828	5989.960436344147
477	-184.63779	2.6064947	-181.21841	-189.40634	-185.13678	3.5903165	-179.02701	-191.37418	100.0	100.0	715499	-362.29382	5.049438	-353.59277	-412.15042	362.23074	0.11833617	6003.111062288284
478	-184.30112	3.0744565	-178.48781	-188.6041	-183.53497	1.8442407	-180.32823	-186.04485	100.0	100.0	716999	-362.32617	4.891894	-353.8628	-411.30615	362.26312	0.12438619	6015.619961977005
479	-182.59207	2.7479231	-175.40068	-186.67885	-184.3687	2.2998383	-180.82831	-190.26425	100.0	100.0	718499	-362.3248	4.701193	-353.29517	-405.40057	362.26315	0.11788169	6027.855428218842
480	-183.7482	2.4384012	-177.83159	-187.20505	-185.08334	2.094998	-182.22409	-188.39278	100.0	100.0	719999	-362.3306	4.4802675	-353.71655	-405.22195	362.27368	0.10816357	6040.3035933971405
481	-183.0706	3.5119057	-175.99469	-188.27036	-182.50992	3.7754648	-176.75017	-188.93614	100.0	100.0	721499	-362.34094	4.3393297	-353.6104	-401.3221	362.2851	0.12673087	6052.296096086502
482	-183.258	3.3560646	-176.90431	-187.24405	-183.41838	2.9254518	-179.16957	-187.1994	100.0	100.0	722999	-362.36948	4.2233276	-354.40048	-401.68176	362.31708	0.099761374	6064.743944883347
483	-182.73746	3.0894046	-177.21223	-189.60141	-182.7886	3.1976492	-175.44762	-185.38805	100.0	100.0	724499	-362.37515	4.07247	-354.02182	-396.43466	362.32126	0.11272125	6077.424416303635
484	-182.3056	3.1783707	-177.52534	-186.58044	-183.2732	4.21612	-172.80093	-188.223	100.0	100.0	725999	-362.39948	3.9808955	-354.25122	-395.5443	362.351	0.108503245	6089.76420545578
485	-183.4479	3.4130943	-176.55035	-189.22017	-184.93709	2.6745825	-178.31902	-188.6308	100.0	100.0	727499	-362.44366	3.920967	-354.36502	-390.81955	362.39725	0.105667666	6102.345823764801
486	-185.31566	3.1100168	-181.11751	-190.92406	-183.38867	2.995244	-177.24092	-188.25847	100.0	100.0	728999	-362.48257	3.8746324	-354.27634	-389.76334	362.43576	0.098148964	6114.550472021103
487	-182.36826	2.6074815	-177.45256	-186.38043	-182.4293	1.8237681	-179.8539	-185.0158	100.0	100.0	730499	-362.5196	3.8148334	-354.43314	-388.53165	362.47415	0.10946224	6126.818613052368
488	-184.28076	2.8182454	-177.40077	-188.85124	-185.0744	2.3732026	-181.93286	-189.63602	100.0	100.0	731999	-362.55823	3.767957	-354.74747	-386.36365	362.51276	0.092913665	6139.869636058807
489	-185.47104	2.5272088	-181.79747	-190.26912	-183.90475	3.1942456	-178.92674	-187.39418	100.0	100.0	733499	-362.6031	3.734129	-354.81342	-387.78928	362.55908	0.13215652	6152.912646770477
490	-183.35118	2.2280152	-179.74928	-187.55103	-183.28294	3.10438	-177.60683	-187.8086	100.0	100.0	734999	-362.62854	3.6823883	-354.8961	-384.3419	362.585	0.0855416	6165.732023000717
491	-183.80884	4.1143036	-176.63675	-189.86919	-183.65482	3.2349417	-175.95976	-187.46082	100.0	100.0	736499	-362.69238	3.6447368	-354.89517	-384.53287	362.64975	0.103064016	6178.264326334
492	-183.47377	3.4236538	-176.95428	-191.90335	-183.67717	1.3767974	-181.52408	-185.89877	100.0	100.0	737999	-362.71292	3.5910034	-354.97787	-384.29428	362.66916	0.09914736	6190.655102014542
493	-183.38454	3.2450354	-176.71556	-190.07924	-181.70442	3.6141043	-176.52423	-187.69737	100.0	100.0	739499	-362.7555	3.566143	-354.2587	-383.08017	362.71643	0.1325495	6202.909998178482
494	-183.12466	2.6672928	-176.11728	-186.81367	-181.95938	3.3633327	-176.72307	-187.98862	100.0	100.0	740999	-362.79663	3.537595	-355.05206	-382.45065	362.75357	0.09369879	6215.247366189957
495	-183.28923	2.5907059	-176.95102	-187.57062	-184.37335	2.953948	-177.85092	-187.68584	100.0	100.0	742499	-362.8247	3.5071084	-355.46872	-384.01718	362.78516	0.099305645	6227.709052801132
496	-183.20816	2.8722477	-176.77353	-187.86711	-180.19421	3.5263507	-173.58386	-186.8812	100.0	100.0	743999	-362.8559	3.4764822	-355.15707	-379.76767	362.8185	0.11261065	6240.097864627838
497	-183.68312	2.824883	-178.70967	-189.05367	-185.00377	1.3641716	-183.26237	-188.30243	100.0	100.0	745499	-362.89844	3.4596868	-355.28815	-380.14514	362.8604	0.08723226	6252.878322839737
498	-182.54405	3.161133	-177.72023	-189.72076	-182.8697	2.4605463	-178.48343	-186.77374	100.0	100.0	746999	-362.91687	3.418713	-355.2866	-381.646	362.87668	0.09594134	6265.044896602631
499	-182.29967	2.7526665	-177.26573	-186.70618	-181.41586	2.1206417	-178.90063	-186.41473	100.0	100.0	748499	-362.9632	3.4214413	-355.0952	-379.3106	362.9246	0.13285348	6277.174137592316
500	-183.83827	2.8766937	-177.7614	-188.57019	-183.08098	3.3975246	-176.34363	-187.27515	100.0	100.0	749999	-362.9577	3.3730865	-355.0093	-380.07755	362.9177	0.11074347	6290.08279633522
