Epoch	AverageEpRet	StdEpRet	MaxEpRet	MinEpRet	AverageTestEpRet	StdTestEpRet	MaxTestEpRet	MinTestEpRet	EpLen	TestEpLen	TotalEnvInteracts	AverageQVals	StdQVals	MaxQVals	MinQVals	LossPi	LossQ	Time
1	-481.70212	93.8807	-309.699	-662.39026	-168.64328	24.960646	-99.099174	-186.65877	100.0	100.0	1499	-7.427519	3.063735	0.013652019	-22.725979	6.117008	2.6229038	8.98328709602356
2	-529.93085	116.15148	-379.0893	-744.9836	-150.91013	12.452249	-135.68257	-178.33612	100.0	100.0	2999	-17.644083	6.9730906	-4.589888	-49.619656	14.507358	0.9482825	24.72906994819641
3	-496.34668	87.42783	-344.75153	-678.34827	-175.8692	14.564206	-152.61145	-198.74597	100.0	100.0	4499	-26.680058	7.604232	-9.610481	-59.867073	22.937954	1.0993618	40.31915616989136
4	-538.8478	142.61494	-391.42264	-805.70355	-159.907	17.876177	-120.809494	-183.78235	100.0	100.0	5999	-34.480656	8.113067	-12.830597	-68.18857	30.616133	1.2543077	56.05598521232605
5	-489.1856	102.12037	-332.21326	-758.6333	-159.86456	29.956966	-105.9432	-199.59999	100.0	100.0	7499	-41.641075	8.327587	-18.64143	-76.32514	37.748417	1.3454901	72.28436398506165
6	-555.0461	133.76332	-407.5409	-848.88403	-167.77194	17.47565	-128.37407	-187.61172	100.0	100.0	8999	-48.15188	8.787456	-25.10545	-82.570755	44.15581	1.5127765	87.75119709968567
7	-354.05682	165.6096	-111.379265	-673.8921	-166.32422	16.007391	-144.54181	-188.95036	100.0	100.0	10499	-53.692917	9.599365	-27.559034	-89.54389	49.64981	1.7340659	103.57686495780945
8	-160.17644	26.779932	-114.578224	-198.79637	-174.22115	18.01251	-133.30034	-201.9167	100.0	100.0	11999	-57.4681	11.139553	-29.584572	-99.25923	53.803562	1.6099505	119.85431504249573
9	-170.3958	26.594429	-98.32472	-199.26668	-167.24342	23.228815	-117.76949	-208.1005	100.0	100.0	13499	-61.5164	12.375134	-34.22816	-109.03095	58.262783	1.533628	136.12787127494812
10	-166.19931	16.826498	-142.71838	-201.01363	-158.58063	24.989248	-111.663155	-195.27956	100.0	100.0	14999	-66.4677	13.260033	-35.798878	-115.04837	63.59426	1.4521976	152.61205124855042
11	-162.3625	22.926685	-108.21343	-184.75536	-160.78928	22.079819	-123.06965	-184.90184	100.0	100.0	16499	-71.96561	14.012698	-38.32366	-122.390495	69.32344	1.4707584	169.48627495765686
12	-156.34964	22.964489	-120.266914	-200.40518	-159.28722	24.438084	-117.25803	-198.72609	100.0	100.0	17999	-77.07643	14.737271	-38.15291	-133.51404	74.65211	1.4549575	186.37741708755493
13	-167.38387	25.567045	-101.874214	-210.02742	-168.32854	13.527159	-145.42825	-187.85146	100.0	100.0	19499	-81.76522	15.193974	-45.141342	-141.96028	79.510506	1.5213493	203.1992130279541
14	-161.14131	24.307903	-112.59807	-191.52676	-148.14893	15.264922	-116.54862	-167.11803	100.0	100.0	20999	-86.63413	15.473334	-49.60698	-148.65935	84.50679	1.5474128	220.0429651737213
15	-162.85722	22.480385	-101.822655	-196.08594	-158.59175	17.653154	-122.8697	-189.996	100.0	100.0	22499	-91.32862	15.846156	-54.663406	-154.36014	89.288956	1.5527067	236.79165625572205
16	-157.51215	21.026001	-105.42159	-202.77287	-154.71213	25.5044	-109.40336	-201.36989	100.0	100.0	23999	-95.24261	16.302996	-59.03257	-158.895	93.29733	1.5892848	253.56714510917664
17	-156.57164	28.199255	-96.05047	-192.48033	-155.12292	31.158354	-80.963936	-187.29517	100.0	100.0	25499	-98.78289	16.554705	-59.50471	-162.48108	96.87891	1.5586807	270.2887101173401
18	-148.77249	25.30831	-94.48554	-183.25891	-144.51053	21.085201	-103.91864	-181.12944	100.0	100.0	26999	-102.18386	16.443563	-62.627415	-163.97801	100.36611	1.5587204	286.8810911178589
19	-151.78584	32.36997	-74.16417	-197.5776	-150.1814	40.364254	-45.44526	-201.11555	100.0	100.0	28499	-105.18457	16.558119	-65.4537	-167.59996	103.438385	1.52567	303.65286898612976
20	-162.7221	27.870073	-97.64286	-196.15015	-161.31	10.9833975	-144.296	-186.19667	100.0	100.0	29999	-107.96387	16.684666	-68.90358	-170.34924	106.27018	1.4977636	320.38700008392334
21	-147.69417	22.954813	-90.31077	-178.80516	-162.03319	16.84276	-132.198	-190.79524	100.0	100.0	31499	-110.69377	16.62863	-72.7048	-172.37672	109.06422	1.4998918	337.0313901901245
22	-147.22499	17.05775	-120.60279	-174.46707	-156.59352	26.542727	-99.90534	-196.30876	100.0	100.0	32999	-113.28465	16.652227	-77.11625	-174.58426	111.74044	1.4862132	353.6211860179901
23	-158.59239	14.029745	-138.11102	-182.81403	-145.42523	18.3911	-107.707275	-171.24586	100.0	100.0	34499	-116.32442	16.55734	-79.36119	-182.12401	114.81248	1.5438313	370.4884920120239
24	-155.188	23.222086	-99.55763	-190.0776	-146.12029	23.58894	-103.155334	-174.08922	100.0	100.0	35999	-118.96101	16.438478	-84.42141	-186.20668	117.49292	1.587486	389.8884949684143
25	-150.7713	27.5989	-98.98592	-200.3705	-148.85782	17.575018	-120.19719	-176.57648	100.0	100.0	37499	-121.40161	16.3601	-86.41207	-188.8915	119.94939	1.5840896	407.00107407569885
26	-153.00739	19.787096	-123.52018	-189.61809	-145.19174	16.345062	-113.767784	-171.18027	100.0	100.0	38999	-123.65849	16.327639	-88.105446	-189.6445	122.23706	1.6496142	424.0932421684265
27	-158.73375	20.922003	-124.08868	-207.06613	-140.30132	13.406331	-110.83394	-166.60626	100.0	100.0	40499	-125.90995	16.509396	-86.980965	-192.26607	124.53113	1.7211002	440.71925497055054
28	-156.56693	20.60495	-116.12882	-193.69475	-159.84355	19.354944	-130.06218	-201.71864	100.0	100.0	41999	-127.85267	16.65414	-87.3432	-192.23888	126.49398	1.804312	457.3617331981659
29	-152.5609	20.522648	-127.283195	-190.1269	-163.522	29.029276	-102.154976	-210.54851	100.0	100.0	43499	-129.50687	16.577837	-89.45666	-193.33598	128.16496	1.888262	474.0722830295563
30	-145.6492	27.380178	-91.81522	-189.24995	-139.00899	25.987179	-90.612175	-177.52682	100.0	100.0	44999	-131.38985	16.58646	-92.79039	-193.91603	130.07639	1.9679793	490.8525171279907
31	-142.89641	21.891644	-106.21517	-173.62422	-138.28633	32.724964	-95.60959	-190.01476	100.0	100.0	46499	-132.8755	16.519228	-94.6884	-198.6868	131.60529	1.9630821	507.7966482639313
32	-148.48552	19.999662	-116.43034	-177.76991	-146.48573	20.894194	-88.733505	-163.55359	100.0	100.0	47999	-134.56578	16.417475	-95.43743	-201.56227	133.32439	2.0147703	524.5342400074005
33	-147.77687	31.09414	-81.8488	-208.86786	-149.59589	27.704468	-77.136	-177.87088	100.0	100.0	49499	-136.21776	16.387482	-97.51617	-206.97144	135.01476	2.0194125	540.9724650382996
34	-137.63535	13.359809	-114.09337	-158.0533	-142.58562	37.820446	-99.68332	-189.26407	100.0	100.0	50999	-137.82338	16.497318	-98.65067	-210.2463	136.63196	2.040409	557.8195130825043
35	-151.02193	25.864517	-106.715126	-192.25456	-149.83119	22.529404	-114.72988	-179.331	100.0	100.0	52499	-139.31752	16.646492	-99.86364	-209.46855	138.14412	2.0586221	574.2353839874268
36	-156.93317	18.849297	-107.0041	-178.50546	-155.65552	14.392955	-130.90562	-183.46178	100.0	100.0	53999	-140.6042	16.693579	-101.279045	-217.78943	139.44559	2.0239573	590.468563079834
37	-148.75963	24.938808	-110.96408	-193.46916	-157.29564	19.344423	-130.64684	-186.9207	100.0	100.0	55499	-141.9785	16.73834	-103.01984	-221.1424	140.8429	2.0501451	606.6982281208038
38	-156.02336	28.418612	-82.07473	-205.57733	-154.01385	19.24729	-121.178154	-189.22197	100.0	100.0	56999	-143.46245	16.740974	-105.4503	-221.55656	142.34364	2.0532994	623.0321130752563
39	-148.91016	22.25879	-106.08522	-181.52116	-137.6565	39.324303	-64.97102	-196.12613	100.0	100.0	58499	-144.64594	16.82074	-104.53657	-222.76964	143.52464	2.057662	639.6942050457001
40	-144.817	30.518728	-84.62752	-201.97908	-152.82509	24.889027	-96.71921	-189.70827	100.0	100.0	59999	-145.42924	16.910566	-105.45014	-223.16107	144.31862	2.0934856	656.2387411594391
41	-155.72934	22.173893	-113.12449	-201.0172	-163.62943	20.937443	-116.23444	-187.98735	100.0	100.0	61499	-146.37784	17.024567	-106.653244	-227.991	145.30856	2.1517687	673.1548011302948
42	-148.89037	20.454252	-110.00807	-175.32788	-132.06119	22.199802	-87.06501	-157.56708	100.0	100.0	62999	-147.48157	17.163061	-108.57764	-225.17856	146.43738	2.0722842	689.8440899848938
43	-142.04945	22.705826	-100.88543	-171.27486	-158.3298	15.198398	-131.96411	-180.33853	100.0	100.0	64499	-148.40869	17.351933	-109.23854	-225.83998	147.35144	2.079708	706.6406409740448
44	-157.26685	20.289606	-119.77786	-187.12822	-150.31271	32.46936	-102.80728	-195.60306	100.0	100.0	65999	-149.25357	17.543713	-108.21299	-225.41293	148.1954	2.103875	723.5997271537781
45	-137.39548	32.865665	-67.52167	-182.03203	-141.75278	22.80228	-101.36422	-175.32343	100.0	100.0	67499	-150.07516	17.627272	-106.81447	-227.8376	149.054	2.1618874	740.3208241462708
46	-149.19148	27.720728	-98.4696	-209.28085	-138.92258	25.354473	-86.75941	-174.30934	100.0	100.0	68999	-150.69208	17.760485	-106.213234	-228.10237	149.65486	2.1084905	756.9896202087402
47	-144.17702	23.169931	-92.242004	-184.10612	-134.92154	18.732029	-97.61233	-153.18085	100.0	100.0	70499	-151.09029	17.771341	-105.32129	-254.41714	150.0413	2.2499833	773.6176490783691
48	-145.09964	20.844894	-103.69475	-177.07378	-149.33939	20.870508	-121.41143	-192.43544	100.0	100.0	71999	-151.2666	17.757961	-101.96345	-248.76358	150.21773	2.2687364	790.7067959308624
49	-139.7786	15.241105	-100.71745	-169.9514	-136.874	29.761919	-81.45949	-183.63654	100.0	100.0	73499	-151.48067	17.893278	-99.694496	-243.58192	150.44073	2.3655834	807.6697330474854
50	-134.70775	29.286354	-83.46577	-173.38695	-136.82832	23.26314	-89.71946	-167.36539	100.0	100.0	74999	-151.57835	17.963863	-98.07246	-235.84747	150.50781	2.3612614	824.5624611377716
51	-133.97981	29.35262	-78.09864	-181.0353	-137.38753	20.315533	-105.61384	-171.5911	100.0	100.0	76499	-151.30116	18.211903	-94.53086	-240.28244	150.22392	2.3262994	841.6158602237701
52	-132.24188	28.659374	-76.45823	-177.62628	-123.020325	31.333363	-85.56329	-196.36844	100.0	100.0	77999	-150.87303	18.507496	-91.990456	-237.36966	149.81017	2.2708764	858.376631975174
53	-141.25044	28.30951	-84.18078	-205.15427	-128.27428	23.151415	-93.05973	-166.3672	100.0	100.0	79499	-150.59978	19.07516	-92.2237	-236.15288	149.54826	2.3263683	875.2326822280884
54	-143.08562	19.533037	-113.80824	-181.055	-140.05399	30.766115	-78.29121	-178.7548	100.0	100.0	80999	-150.1101	19.489199	-91.84037	-239.62509	149.0537	2.2623358	892.0639872550964
55	-144.30739	13.9008255	-124.00924	-167.21611	-145.87885	21.859589	-115.58883	-178.64069	100.0	100.0	82499	-149.6943	19.902693	-88.57133	-243.59929	148.62856	2.3041272	909.1011431217194
56	-138.38696	22.013453	-97.698425	-176.95558	-141.41527	31.562872	-86.57132	-185.7347	100.0	100.0	83999	-149.21701	20.37754	-90.069626	-238.70728	148.1773	2.2887843	926.0324032306671
57	-148.97485	29.43619	-103.77095	-203.22678	-133.7819	21.522667	-98.29832	-176.1008	100.0	100.0	85499	-149.07362	20.759356	-88.00129	-243.96431	148.02461	2.3707883	942.8200540542603
58	-136.12576	34.751312	-72.64729	-201.15414	-126.58254	34.109753	-61.646873	-172.87854	100.0	100.0	86999	-148.26013	21.187239	-88.52237	-245.32774	147.18555	2.5154173	959.7824742794037
59	-135.74391	26.66548	-91.06746	-170.48827	-125.97124	17.7079	-97.0007	-150.35088	100.0	100.0	88499	-147.62	21.700302	-87.380844	-243.99316	146.56245	2.6077266	976.5764660835266
60	-154.97835	28.56646	-101.04108	-188.82509	-136.94345	29.057306	-89.454994	-195.8111	100.0	100.0	89999	-147.10213	22.213085	-84.059235	-238.27202	146.04163	2.7799947	993.488254070282
61	-148.372	29.683344	-75.39606	-195.57684	-156.41754	17.734528	-132.53098	-195.91972	100.0	100.0	91499	-146.44914	22.5743	-79.11793	-233.98558	145.41367	2.8242047	1010.2776732444763
62	-145.88707	24.406124	-89.2323	-178.10213	-147.72865	32.055386	-70.96839	-184.62794	100.0	100.0	92999	-145.75778	23.08009	-72.562195	-231.66048	144.71098	2.9726803	1027.265435218811
63	-154.57503	16.006945	-118.52719	-179.08113	-158.8771	19.258139	-116.97952	-177.56055	100.0	100.0	94499	-144.88034	23.711359	-66.59706	-233.03346	143.80464	3.119123	1044.2219409942627
64	-151.64548	29.182579	-101.53041	-190.55914	-137.50262	27.129835	-93.515205	-186.47168	100.0	100.0	95999	-143.72832	24.411884	-56.512253	-239.35393	142.58148	3.1814759	1061.4034512043
65	-160.56447	25.51128	-91.11757	-191.75334	-147.12589	25.007082	-89.85301	-180.79134	100.0	100.0	97499	-142.33395	25.12209	-54.867077	-245.85477	141.17987	3.201405	1078.3778421878815
66	-153.75302	30.903828	-100.32462	-212.02371	-160.98447	17.027615	-133.58823	-187.0996	100.0	100.0	98999	-140.77103	25.217957	-55.557022	-250.50403	139.58575	3.1132286	1095.4717869758606
67	-146.41806	20.554604	-97.04848	-181.89113	-147.61404	26.690008	-101.29137	-190.046	100.0	100.0	100499	-139.19873	25.183239	-56.903442	-254.22711	138.03362	3.0283985	1112.4054200649261
68	-156.8171	17.458767	-118.925224	-181.41931	-141.03207	30.04906	-97.32402	-191.00642	100.0	100.0	101999	-137.70538	25.086863	-59.921722	-249.4545	136.6089	3.047553	1129.559412240982
69	-160.53006	15.527164	-124.873825	-186.36688	-143.7838	24.84934	-110.39976	-189.02232	100.0	100.0	103499	-136.93593	25.257284	-61.017075	-244.13065	135.89171	2.7921524	1146.0262010097504
70	-166.71387	19.768333	-135.04962	-210.17137	-153.7325	30.235113	-97.074745	-195.0722	100.0	100.0	104999	-136.66225	25.251213	-61.568512	-243.0985	135.67297	2.7690659	1162.825411081314
71	-151.4769	23.908285	-116.64858	-194.24544	-157.09146	24.965042	-127.21794	-209.85678	100.0	100.0	106499	-136.49924	25.157207	-66.85242	-238.62778	135.57483	2.6350121	1179.5971412658691
72	-143.20972	24.954308	-80.76829	-177.92087	-158.76352	24.90522	-122.80606	-199.87755	100.0	100.0	107999	-136.73698	25.028715	-67.94671	-244.62357	135.82352	2.502168	1196.2128539085388
73	-154.98763	24.800869	-115.36009	-187.20947	-141.52759	23.884209	-107.49405	-192.58167	100.0	100.0	109499	-137.34177	24.747334	-70.12049	-243.9164	136.4532	2.381426	1212.6329991817474
74	-139.52205	29.785522	-79.48248	-194.82799	-146.24031	23.574997	-113.26881	-180.25688	100.0	100.0	110999	-138.0868	24.484417	-72.90669	-237.50441	137.22966	2.2216568	1228.946114063263
75	-151.49922	37.57987	-98.97995	-196.62962	-141.10208	20.188562	-101.7324	-174.24847	100.0	100.0	112499	-138.53429	24.059824	-73.25926	-245.39204	137.68651	2.1658797	1245.4215641021729
76	-134.15706	28.276049	-90.19488	-182.89943	-152.07828	26.107819	-113.1858	-191.96317	100.0	100.0	113999	-139.35928	23.591347	-71.59661	-243.8246	138.5335	2.096696	1261.878112077713
77	-129.70995	21.659632	-100.32245	-176.40479	-142.46329	25.339842	-94.38743	-184.89972	100.0	100.0	115499	-140.28496	23.247152	-70.861946	-244.90343	139.47829	2.0960712	1278.8682570457458
78	-141.35571	24.14765	-92.869026	-178.43759	-131.43619	22.184208	-82.72054	-158.18837	100.0	100.0	116999	-140.93121	22.628355	-72.706375	-241.54799	140.13448	2.0345168	1295.4132692813873
79	-134.10498	24.02985	-90.636665	-163.99481	-140.63843	32.009586	-75.150154	-182.04865	100.0	100.0	118499	-141.79875	22.343176	-75.47579	-246.23563	141.00606	2.0141435	1313.589548110962
80	-138.09236	30.639582	-92.33583	-187.88023	-146.89865	25.225136	-82.69888	-172.58022	100.0	100.0	119999	-142.47116	22.145128	-77.1634	-242.61317	141.66719	2.0074	1330.239722251892
81	-142.38986	31.291906	-73.89846	-186.40564	-143.2012	20.587324	-103.24281	-180.54193	100.0	100.0	121499	-143.07855	22.14682	-78.03625	-247.42636	142.2468	2.074959	1347.2298111915588
82	-136.27176	23.667469	-66.38649	-182.08519	-137.60307	23.704977	-79.23448	-169.31738	100.0	100.0	122999	-143.17386	22.164152	-81.35158	-242.21786	142.3066	2.0961604	1364.2049510478973
83	-128.96724	24.430769	-76.79223	-178.51735	-150.03134	23.809252	-103.49056	-185.6847	100.0	100.0	124499	-143.07962	22.045263	-80.952774	-242.52707	142.20312	2.0546422	1381.1595611572266
84	-127.82473	20.343145	-90.135605	-166.18666	-151.22234	27.720499	-101.18883	-200.07672	100.0	100.0	125999	-142.95793	21.960318	-83.5428	-245.88986	142.06892	2.1631165	1398.2624161243439
85	-141.4915	22.749552	-99.323	-174.67245	-152.12904	17.695295	-120.357376	-175.01369	100.0	100.0	127499	-142.59764	21.860308	-87.708084	-244.01047	141.72704	2.199835	1415.2917370796204
86	-145.84329	18.662651	-118.76123	-177.3692	-139.64706	27.540432	-94.59705	-193.77327	100.0	100.0	128999	-142.58788	21.873438	-89.53741	-245.23517	141.70837	2.1652896	1432.402948141098
87	-135.76167	28.469288	-92.6664	-191.25604	-146.47937	23.348269	-93.898544	-174.2631	100.0	100.0	130499	-142.40236	21.815708	-90.713165	-242.99982	141.54265	2.1387632	1449.2960181236267
88	-140.42244	30.742924	-72.11877	-178.3716	-130.47537	21.69286	-80.230225	-158.44548	100.0	100.0	131999	-142.49648	21.857851	-89.06563	-241.91827	141.65607	2.1179843	1466.4490280151367
89	-134.58589	33.847057	-68.26817	-188.44386	-128.74605	19.801294	-97.30957	-161.41356	100.0	100.0	133499	-142.63625	21.922787	-86.36693	-244.93878	141.81552	2.0835133	1483.3086462020874
90	-151.54901	28.360165	-103.93412	-194.3887	-134.25296	16.38772	-103.829155	-161.66528	100.0	100.0	134999	-142.77934	21.988964	-83.59663	-243.89902	141.96735	2.1104994	1500.299987077713
91	-134.07596	30.167427	-87.455894	-187.9862	-133.54642	31.729095	-64.27259	-167.3538	100.0	100.0	136499	-142.975	22.159895	-81.41232	-253.13274	142.1775	2.0991845	1517.5350749492645
92	-127.752975	30.772017	-62.33072	-186.9402	-153.98848	26.852633	-123.905594	-199.95131	100.0	100.0	137999	-143.29883	22.241915	-78.434296	-245.60468	142.5017	2.0492568	1534.5606970787048
93	-134.99725	27.670658	-98.256744	-185.16446	-111.91206	35.116558	-46.887486	-167.77182	100.0	100.0	139499	-143.51178	22.369595	-78.341805	-254.99846	142.71927	2.1334908	1551.33300614357
94	-133.93036	21.305355	-80.44849	-174.28917	-138.93568	20.019564	-101.812614	-166.01682	100.0	100.0	140999	-143.55772	22.352104	-80.470634	-246.8996	142.75856	2.1030498	1568.3736910820007
95	-136.91846	24.538864	-98.59802	-191.13554	-145.3083	25.264898	-113.32005	-200.96645	100.0	100.0	142499	-143.6708	22.72721	-80.43515	-244.37338	142.84111	2.216478	1585.4601142406464
96	-133.62361	25.539356	-71.802795	-170.16422	-130.40927	25.366325	-101.983185	-176.18773	100.0	100.0	143999	-143.39494	23.09186	-81.23124	-248.31123	142.55765	2.2225294	1602.6095089912415
97	-148.61636	21.45765	-106.94835	-189.51588	-128.35173	28.938599	-74.18723	-164.9004	100.0	100.0	145499	-143.11745	23.362896	-81.79408	-242.47339	142.27567	2.249156	1619.6678750514984
98	-142.128	24.821123	-107.37394	-188.40488	-135.73828	25.139648	-73.571014	-156.42798	100.0	100.0	146999	-142.98187	23.596434	-80.52461	-245.23088	142.13785	2.2996166	1636.7671971321106
99	-140.96817	30.304363	-79.79495	-191.4106	-156.63799	37.48367	-96.71028	-211.67215	100.0	100.0	148499	-142.65474	23.821228	-79.760445	-248.0104	141.80179	2.2766542	1653.793053150177
100	-144.96848	28.86751	-84.94503	-184.89162	-148.4895	23.227444	-114.30385	-187.3985	100.0	100.0	149999	-142.40286	23.974276	-79.62129	-244.58687	141.56416	2.2004972	1670.8495461940765
101	-137.37103	30.431004	-84.528076	-205.89272	-142.43794	21.532412	-115.22541	-179.8873	100.0	100.0	151499	-142.0071	24.230217	-77.89652	-250.65906	141.1841	2.2573833	1687.6785719394684
102	-134.4051	21.213604	-93.570335	-176.37872	-140.90155	24.191906	-114.205986	-189.13007	100.0	100.0	152999	-141.98169	24.433311	-75.42005	-248.1089	141.16896	2.2433228	1704.696387052536
103	-157.67462	21.813023	-114.19538	-191.89362	-136.1478	16.29866	-114.0619	-157.6121	100.0	100.0	154499	-141.60649	24.679508	-74.71678	-253.58275	140.78941	2.2919514	1721.5916199684143
104	-135.69466	33.59961	-71.948555	-187.81396	-151.69438	16.954834	-126.162315	-182.70328	100.0	100.0	155999	-141.74692	24.900972	-74.162544	-251.56688	140.94827	2.1843202	1738.4346070289612
105	-159.27797	26.195982	-122.720345	-202.9234	-134.71909	26.52289	-86.6408	-175.52327	100.0	100.0	157499	-141.72908	25.24838	-74.22611	-254.93256	140.92958	2.1879013	1755.630128145218
106	-147.83382	28.7041	-86.13232	-186.60399	-146.17184	29.435575	-102.20386	-195.65436	100.0	100.0	158999	-141.6658	25.62115	-74.0083	-256.4179	140.85966	2.1599042	1772.7006890773773
107	-136.37378	21.905014	-92.71368	-180.1314	-143.10713	32.172245	-81.996254	-193.01105	100.0	100.0	160499	-141.43877	26.076332	-71.16163	-251.3598	140.57967	2.237884	1789.905177116394
108	-132.09677	28.555983	-93.53287	-175.58092	-139.92216	25.601072	-100.30978	-185.90575	100.0	100.0	161999	-140.92812	26.381805	-69.40982	-258.83722	140.08873	2.2475317	1806.7419362068176
109	-132.79001	24.24414	-90.70218	-170.63655	-118.20779	43.594643	-62.2248	-207.48404	100.0	100.0	163499	-140.35406	26.64575	-66.020676	-255.54677	139.51236	2.3250117	1823.708169221878
110	-137.89459	18.072054	-99.42149	-164.12971	-116.35642	25.649765	-54.352932	-151.18294	100.0	100.0	164999	-140.08585	26.921024	-63.881702	-246.57059	139.26619	2.220015	1840.8603041172028
111	-121.568695	24.278517	-66.139786	-172.55894	-131.60127	24.393131	-73.80813	-166.32935	100.0	100.0	166499	-139.65115	27.277903	-61.604317	-252.02391	138.82709	2.3362708	1857.9016590118408
112	-134.94977	22.158466	-93.71063	-175.46251	-132.16634	28.684288	-78.31148	-181.92397	100.0	100.0	167999	-139.35175	27.488375	-61.044804	-253.20534	138.52509	2.4807858	1875.1013932228088
113	-132.59125	26.27099	-84.357506	-189.68369	-135.3754	20.444012	-104.75187	-180.33514	100.0	100.0	169499	-138.73703	27.810326	-56.917526	-244.81535	137.89778	2.4842021	1892.0076529979706
114	-135.08986	23.114107	-91.469475	-171.76352	-128.70409	19.649368	-83.583115	-155.88698	100.0	100.0	170999	-138.2121	28.1325	-59.55573	-244.04897	137.38841	2.5209599	1908.4988811016083
115	-130.6033	23.786448	-85.05835	-171.2856	-131.46248	24.227154	-100.393456	-175.7282	100.0	100.0	172499	-137.76793	28.295744	-56.69729	-243.1249	136.95282	2.520048	1925.2021260261536
116	-135.1246	26.538542	-82.775604	-161.19797	-145.11441	22.46833	-122.856094	-188.45734	100.0	100.0	173999	-137.06776	28.412941	-54.723206	-242.71826	136.22704	2.5949206	1941.794883966446
117	-129.2428	25.9148	-87.697365	-196.14185	-144.54597	28.202976	-95.195755	-193.31918	100.0	100.0	175499	-136.75682	28.387321	-55.263756	-240.83205	135.94179	2.6095195	1958.5195760726929
118	-130.0311	29.716911	-91.43615	-187.2544	-134.61937	22.946585	-82.83995	-163.52747	100.0	100.0	176999	-136.29643	28.36591	-57.40366	-246.38553	135.48328	2.5957024	1975.1919572353363
119	-125.762856	41.267887	-52.462772	-193.83081	-128.63187	27.451803	-73.179565	-165.64706	100.0	100.0	178499	-135.94458	28.422972	-57.019524	-237.0291	135.1056	2.5923426	1991.858397245407
120	-134.74179	30.256338	-86.574135	-178.70929	-127.42853	21.630705	-79.85113	-150.92307	100.0	100.0	179999	-135.42323	28.434402	-55.771816	-239.81462	134.59787	2.6019511	2008.6590340137482
121	-139.8417	27.063354	-64.76275	-204.2892	-135.55034	20.058382	-99.91424	-175.8538	100.0	100.0	181499	-134.99547	28.341555	-52.972176	-237.53972	134.17642	2.5889258	2025.3990399837494
122	-141.85127	23.769085	-97.75487	-182.165	-142.7278	36.35255	-61.992847	-193.18192	100.0	100.0	182999	-134.64174	28.340353	-49.515602	-238.1589	133.84485	2.6296558	2042.122908115387
123	-130.07437	24.91787	-76.33235	-176.12328	-121.04614	21.945566	-86.5581	-164.14769	100.0	100.0	184499	-134.36945	28.39589	-47.32716	-238.08789	133.57132	2.6259573	2058.8012120723724
124	-143.149	22.169125	-104.613495	-182.9091	-152.61723	14.841546	-127.96977	-186.50768	100.0	100.0	185999	-134.02315	28.599312	-43.68862	-246.62273	133.2224	2.663117	2075.5577580928802
125	-144.20113	27.2908	-80.975655	-191.60063	-127.84762	25.387392	-90.57669	-166.80646	100.0	100.0	187499	-133.48279	28.781801	-39.203674	-242.3701	132.64677	2.7112324	2092.5691480636597
126	-138.50722	20.175356	-109.67036	-177.2333	-137.0356	22.94755	-90.15583	-161.85161	100.0	100.0	188999	-132.89487	29.389658	-34.29037	-245.58434	132.0577	2.7253702	2109.4234421253204
127	-134.61165	14.516178	-102.02381	-164.72565	-151.45247	18.007965	-128.95462	-187.84354	100.0	100.0	190499	-132.05728	29.87352	-30.603113	-248.59901	131.21365	2.7274606	2126.1917390823364
128	-140.66536	24.550919	-92.17144	-172.3483	-149.39491	18.102516	-115.982185	-179.46579	100.0	100.0	191999	-131.80626	30.114304	-29.730803	-249.37273	130.98653	2.6495252	2143.0524241924286
129	-143.59358	19.737179	-106.23755	-175.48248	-156.59834	36.512894	-87.73638	-198.75595	100.0	100.0	193499	-131.34778	30.066984	-28.925426	-250.06458	130.55847	2.609148	2159.8762300014496
130	-141.63255	20.92194	-113.797005	-176.99359	-132.57762	32.499348	-83.72712	-179.50882	100.0	100.0	194999	-131.1698	30.008913	-28.671757	-250.0646	130.36966	2.5811827	2176.4954710006714
131	-129.3909	20.862122	-74.07749	-153.0494	-132.2222	16.04275	-103.57113	-161.92096	100.0	100.0	196499	-130.9585	30.05729	-29.921642	-251.43823	130.18892	2.5613453	2193.096239089966
132	-141.59306	22.044922	-102.35932	-184.665	-141.47946	18.83394	-97.908226	-172.29762	100.0	100.0	197999	-131.09572	30.262522	-27.417845	-253.9807	130.3347	2.5426438	2209.53959107399
133	-145.64955	18.253813	-109.95906	-175.71716	-132.36128	33.28132	-57.882877	-164.93329	100.0	100.0	199499	-130.8349	30.251696	-29.109999	-251.605	130.04146	2.5626366	2226.234279155731
134	-145.02496	21.062918	-105.35183	-188.78424	-128.53781	27.367435	-72.54416	-172.08997	100.0	100.0	200999	-130.464	30.412804	-28.885504	-250.50258	129.65604	2.645063	2243.0893471240997
135	-151.85408	23.013586	-105.285805	-186.56192	-137.17943	19.353243	-104.67134	-167.67886	100.0	100.0	202499	-130.2614	30.38581	-30.427261	-250.0582	129.44185	2.570974	2261.7471010684967
136	-134.23532	27.069357	-97.13583	-195.10728	-128.60043	29.467455	-46.846107	-158.76645	100.0	100.0	203999	-129.57843	30.377277	-30.84247	-248.24924	128.7654	2.6083946	2278.3549768924713
137	-126.52767	25.02228	-93.47021	-174.28654	-136.7116	31.34322	-89.26242	-178.70842	100.0	100.0	205499	-129.26086	30.41731	-30.524446	-249.52516	128.48232	2.5759382	2294.817283153534
138	-141.43706	25.384958	-82.247574	-191.9433	-132.12613	19.134842	-100.354034	-157.54993	100.0	100.0	206999	-129.00803	30.339828	-33.93982	-249.745	128.22932	2.5548382	2311.2871730327606
139	-134.8989	23.977575	-87.94948	-171.07103	-147.85556	11.840085	-129.45508	-170.70988	100.0	100.0	208499	-128.88306	30.478897	-31.502123	-250.89717	128.09598	2.4780066	2327.721069097519
140	-141.62267	21.045805	-101.195724	-175.45572	-151.01787	25.904238	-111.93475	-191.65045	100.0	100.0	209999	-128.65579	30.479605	-32.376377	-252.0927	127.86547	2.412914	2344.4325082302094
141	-115.049706	29.766457	-43.178764	-162.71344	-137.62415	17.673481	-118.54877	-182.6911	100.0	100.0	211499	-128.30486	30.734562	-30.62479	-247.47055	127.530594	2.3965025	2361.0890321731567
142	-145.61624	19.130138	-91.97712	-172.93756	-130.77011	19.447672	-90.1075	-159.62886	100.0	100.0	212999	-127.92445	30.716183	-30.569836	-246.95058	127.15	2.444944	2377.6168632507324
143	-131.82713	29.861433	-56.210636	-181.0198	-135.89787	21.577509	-92.78731	-159.90053	100.0	100.0	214499	-127.72789	30.853764	-28.085764	-250.77338	126.933655	2.4070623	2393.925472974777
144	-127.270226	27.287062	-62.912987	-176.48157	-123.71515	20.132982	-94.771065	-167.3488	100.0	100.0	215999	-127.428345	31.009047	-28.615976	-248.4666	126.63891	2.4695983	2410.4092919826508
145	-150.14838	23.200352	-117.378525	-196.85182	-138.33292	19.996048	-116.82703	-185.44281	100.0	100.0	217499	-127.00152	30.97976	-27.763563	-243.26758	126.21894	2.538274	2426.9905121326447
146	-145.26668	23.95928	-100.33666	-193.95497	-144.96916	18.968174	-100.96919	-171.55011	100.0	100.0	218999	-126.76768	30.824575	-30.880878	-251.90547	125.98019	2.5895927	2443.6315948963165
147	-146.80196	23.715097	-103.85021	-181.5773	-137.33981	19.715586	-107.30078	-177.79662	100.0	100.0	220499	-126.40259	30.8082	-32.114998	-248.93578	125.621826	2.5873902	2460.0024349689484
148	-134.44794	24.613163	-83.91967	-173.73091	-146.06145	25.48814	-105.98011	-186.56906	100.0	100.0	221999	-126.222694	30.706903	-34.796024	-248.08731	125.4815	2.5610015	2476.5119931697845
149	-147.63393	18.531794	-122.48387	-189.95561	-133.42236	32.622498	-66.38547	-181.4332	100.0	100.0	223499	-126.4842	30.58767	-34.888214	-238.04642	125.74697	2.4865036	2493.1834552288055
150	-153.64034	19.086586	-119.35268	-188.05344	-147.84799	23.44496	-101.9552	-190.17166	100.0	100.0	224999	-126.58792	30.303602	-38.384254	-242.17413	125.867	2.4592595	2509.8710539340973
151	-143.58571	33.16814	-87.61333	-200.14008	-156.49162	23.781443	-124.50037	-206.41566	100.0	100.0	226499	-126.85822	30.068281	-38.713753	-229.8546	126.13358	2.5001068	2526.5726392269135
152	-141.18704	25.517904	-91.221214	-179.6685	-140.98233	21.917507	-90.02025	-166.53653	100.0	100.0	227999	-126.999626	29.878687	-38.777767	-230.31262	126.28646	2.4013414	2543.1889820098877
153	-137.9556	23.487492	-97.47995	-171.69615	-157.18521	22.956902	-110.39846	-190.06577	100.0	100.0	229499	-127.262054	29.604204	-40.38283	-233.73672	126.54691	2.4200037	2560.4581291675568
154	-128.7594	35.627983	-78.45952	-189.30354	-149.35983	29.177874	-102.66301	-207.6064	100.0	100.0	230999	-127.63281	29.446718	-42.10217	-233.6366	126.94688	2.358388	2577.1288800239563
155	-127.15349	20.349037	-86.19862	-173.64058	-135.54427	22.954533	-75.54788	-160.38881	100.0	100.0	232499	-128.1703	29.14299	-41.51892	-228.4429	127.479355	2.2944615	2593.545058965683
156	-142.8301	24.341791	-75.43796	-173.13686	-128.73512	24.097527	-87.30465	-174.68755	100.0	100.0	233999	-128.41985	28.754063	-39.70884	-227.58636	127.72978	2.2379222	2610.5375571250916
157	-132.02388	26.583979	-74.20054	-171.70457	-141.7221	29.07829	-90.00621	-195.40282	100.0	100.0	235499	-128.94212	28.509626	-39.498882	-228.14145	128.24736	2.24651	2627.296046972275
158	-144.2578	19.88374	-103.50154	-175.19305	-144.01079	26.434782	-94.36959	-173.7617	100.0	100.0	236999	-129.161	28.229067	-42.39729	-228.49432	128.44983	2.27759	2643.6538610458374
159	-136.65208	21.664433	-95.25046	-174.95673	-138.56487	28.997118	-110.65334	-193.5406	100.0	100.0	238499	-129.39479	27.667734	-40.493446	-229.15668	128.65698	2.3159049	2660.236274242401
160	-141.09343	28.508417	-71.559265	-193.60754	-138.94398	25.13575	-98.89097	-197.4975	100.0	100.0	239999	-129.34657	27.462132	-42.2302	-229.18188	128.6247	2.2328207	2676.740485191345
161	-131.50829	17.299046	-105.495895	-170.53152	-127.93447	30.269789	-75.870705	-170.90536	100.0	100.0	241499	-129.3716	27.024702	-45.171005	-227.47113	128.6506	2.2445529	2693.2945160865784
162	-146.65044	24.50791	-109.29619	-179.62242	-137.34215	30.496628	-73.37684	-178.89255	100.0	100.0	242999	-129.52979	26.693495	-54.27945	-227.88254	128.83286	2.1776545	2709.9256241321564
163	-134.63017	30.314793	-80.14714	-185.44006	-126.55501	26.897903	-78.55956	-163.88206	100.0	100.0	244499	-129.7188	26.176958	-52.89753	-228.37747	129.01587	2.1336815	2726.773087978363
164	-130.38129	24.881622	-84.04609	-170.7526	-128.97922	19.521025	-82.78012	-156.8618	100.0	100.0	245999	-130.07642	25.777605	-53.126873	-226.31134	129.38692	2.1846824	2743.3540000915527
165	-128.81621	26.846989	-67.317535	-169.71701	-131.54132	39.976368	-83.02474	-190.62462	100.0	100.0	247499	-130.29332	25.55684	-56.26011	-228.08842	129.61595	2.0715547	2760.325428247452
166	-137.49432	16.404127	-101.9069	-161.66608	-136.49509	24.836246	-99.55301	-178.36766	100.0	100.0	248999	-130.64351	25.199286	-60.0209	-223.6355	129.9694	2.0333145	2777.202502012253
167	-128.66898	25.711266	-77.92334	-181.87962	-147.37343	34.738346	-78.60064	-196.5394	100.0	100.0	250499	-130.7855	24.933058	-61.22872	-223.92523	130.11823	2.0572903	2794.074015855789
168	-136.50298	32.486443	-70.51021	-178.04596	-147.0674	26.926117	-100.57922	-182.93549	100.0	100.0	251999	-131.10825	24.604885	-62.959023	-222.37138	130.43448	2.0272	2811.092518091202
169	-137.77194	19.318499	-105.38783	-167.45491	-141.1275	16.557838	-109.89079	-164.07097	100.0	100.0	253499	-131.34087	24.387728	-62.401882	-221.46301	130.64977	2.0743008	2828.011317014694
170	-129.93713	30.062124	-78.247345	-184.14903	-147.23257	26.974669	-100.85023	-181.3968	100.0	100.0	254999	-131.55222	24.239574	-65.01139	-223.56761	130.86781	2.155077	2845.449163913727
171	-133.62164	23.156874	-99.53402	-173.20966	-138.67905	25.00772	-105.217735	-176.1695	100.0	100.0	256499	-131.3973	24.052898	-66.4828	-219.74265	130.70302	2.1403363	2862.534795999527
172	-122.15655	31.11647	-45.871635	-168.05739	-144.94952	21.037502	-108.02138	-172.15079	100.0	100.0	257999	-131.51022	23.629755	-67.913864	-223.40858	130.78996	2.0886724	2879.6740300655365
173	-143.76968	14.605069	-120.88034	-171.69278	-141.16153	30.044336	-95.47421	-181.96988	100.0	100.0	259499	-131.28671	23.230724	-70.74924	-226.55469	130.56857	2.1098642	2896.8314011096954
174	-138.4094	20.463022	-93.32657	-169.52892	-127.125465	23.137182	-98.0458	-183.51839	100.0	100.0	260999	-131.05325	22.956861	-71.80955	-219.3795	130.31616	2.184676	2914.015153169632
175	-139.87743	25.155565	-87.30814	-195.89473	-139.30498	13.727228	-107.27872	-155.32741	100.0	100.0	262499	-130.62843	22.715933	-72.68171	-221.90231	129.85094	2.222133	2931.1024470329285
176	-142.5972	18.171215	-111.17808	-179.60933	-127.66345	29.391691	-60.981205	-164.48247	100.0	100.0	263999	-129.80136	22.543182	-69.17671	-216.69235	129.0092	2.2301664	2948.3543260097504
177	-132.9373	24.352274	-88.28008	-169.63481	-145.61331	24.066101	-111.61845	-191.37979	100.0	100.0	265499	-129.2146	22.182257	-66.51453	-216.71776	128.44652	2.2291543	2965.8851420879364
178	-133.44473	23.077784	-103.33455	-185.24068	-129.65254	25.202227	-73.060005	-167.2547	100.0	100.0	266999	-128.63705	21.945282	-64.81765	-218.1285	127.87779	2.2143638	2982.893541097641
179	-129.53627	20.646639	-93.08041	-161.85501	-128.38297	33.63721	-85.09891	-193.92043	100.0	100.0	268499	-128.03438	21.797539	-60.393757	-219.37355	127.26269	2.2211225	3000.1069779396057
180	-128.77805	19.003782	-92.46986	-164.29712	-138.86592	13.173303	-115.40371	-157.94643	100.0	100.0	269999	-127.64542	21.785395	-59.630806	-216.57579	126.90379	2.303184	3017.378960132599
181	-130.20189	22.241611	-90.72434	-166.82758	-145.53296	21.040525	-120.12505	-185.43056	100.0	100.0	271499	-127.34064	21.747787	-56.73707	-219.93636	126.63107	2.2802348	3034.4308030605316
182	-127.70813	22.274015	-75.24139	-162.9392	-118.13755	22.305063	-81.92742	-148.63918	100.0	100.0	272999	-127.13748	21.679125	-58.211132	-220.07466	126.41927	2.2941215	3051.858915090561
183	-121.51426	22.850506	-86.759	-167.0721	-130.1	12.798137	-116.59141	-161.96524	100.0	100.0	274499	-127.01168	21.621168	-60.365257	-217.97733	126.2969	2.2838242	3069.0939540863037
184	-132.34042	20.83928	-88.790764	-165.54312	-140.18523	28.67951	-95.79437	-179.39432	100.0	100.0	275999	-126.82344	21.67503	-58.522293	-219.65446	126.08742	2.2202165	3086.807834148407
185	-133.7958	18.4865	-105.11738	-167.23753	-140.2609	25.422682	-93.28379	-163.34409	100.0	100.0	277499	-126.615	21.538542	-54.77212	-212.9619	125.89142	2.2233043	3104.0603041648865
186	-140.56816	18.911728	-105.274445	-174.43524	-136.3765	27.178885	-89.56888	-177.11398	100.0	100.0	278999	-126.521095	21.585709	-51.728565	-219.21448	125.7958	2.2006936	3121.248162984848
187	-127.0998	21.513203	-94.70779	-164.10982	-123.81993	34.56685	-71.16509	-192.8547	100.0	100.0	280499	-126.2558	21.679798	-48.48421	-210.30011	125.533585	2.273791	3138.575995206833
188	-117.598114	31.02561	-55.01246	-178.4685	-144.14607	23.771715	-105.660126	-185.08376	100.0	100.0	281999	-125.98376	21.83066	-47.652203	-219.25261	125.24681	2.2163136	3155.670035123825
189	-136.60786	23.027985	-78.45291	-170.97064	-129.18314	23.620373	-86.82687	-169.43962	100.0	100.0	283499	-125.74713	21.769735	-47.85592	-207.58989	125.02067	2.1768591	3173.0168039798737
190	-121.40439	33.71592	-66.12728	-178.32207	-121.43323	27.105223	-85.88363	-166.71506	100.0	100.0	284999	-125.51072	21.761879	-49.610497	-209.09071	124.78525	2.1577566	3190.0385880470276
191	-132.56682	28.426918	-88.08489	-181.56654	-126.70955	26.567244	-73.29385	-158.89337	100.0	100.0	286499	-125.27084	21.802553	-52.753845	-212.30975	124.55558	2.1149967	3208.786054134369
192	-137.99449	27.428564	-79.70458	-187.02786	-130.21281	22.605402	-90.06308	-175.47267	100.0	100.0	287999	-125.09254	21.794466	-55.340374	-214.34918	124.36245	2.0640025	3226.0887579917908
193	-127.12883	33.519432	-75.41801	-168.64507	-143.75136	24.7911	-96.73802	-172.24332	100.0	100.0	289499	-124.78301	22.059795	-56.790848	-217.58263	124.077354	2.0598629	3243.2343780994415
194	-135.6256	32.28136	-70.84508	-182.79831	-156.1049	13.3258915	-131.01244	-174.32265	100.0	100.0	290999	-124.62724	22.110798	-54.96212	-219.84166	123.938126	2.0388408	3260.560911178589
195	-135.80223	16.945469	-104.74849	-174.76695	-131.48024	26.47363	-95.53991	-165.82721	100.0	100.0	292499	-124.761894	22.337418	-54.66178	-218.29805	124.04928	2.0859165	3277.8601162433624
196	-124.10585	23.313877	-70.64515	-170.73894	-117.942825	31.099112	-75.48575	-171.72346	100.0	100.0	293999	-124.42597	22.664988	-52.27302	-218.20992	123.68114	2.1085439	3294.9001791477203
197	-134.02225	21.864948	-87.928185	-179.29398	-109.69065	26.616617	-74.072334	-144.80869	100.0	100.0	295499	-123.97512	22.985868	-48.945324	-221.37012	123.21014	2.2483318	3312.104560136795
198	-133.02716	34.17619	-69.285835	-186.30663	-139.24155	21.30573	-98.229675	-171.8231	100.0	100.0	296999	-123.24055	23.431957	-47.66196	-222.54088	122.45535	2.2382658	3329.3970432281494
199	-125.58559	28.431574	-85.45208	-178.95155	-120.38304	19.728746	-90.88676	-149.31589	100.0	100.0	298499	-122.55825	23.687641	-47.15892	-221.4341	121.800835	2.2391686	3346.695235967636
200	-130.916	22.931732	-96.47536	-176.5662	-126.742935	23.767748	-90.02898	-159.95982	100.0	100.0	299999	-121.96701	24.063667	-45.84005	-222.83983	121.2088	2.2808437	3364.0116279125214
