const float w1[sz_hid_1][sz_obs] = {{ 1.36932313e+00, 2.59963107e+00,-3.28440642e+00,-7.45862275e-02,
   1.01523735e-01,-6.06367774e-02, 8.37786293e+00,-7.59500498e-03,
   7.20019713e-02},
 {-3.18556041e-01, 1.12718351e-01, 1.18889725e+00, 9.56825092e-02,
   2.43483925e+00,-4.86097068e-01, 2.44923398e-01, 6.80322123e+00,
   9.21482265e-01},
 {-5.82830794e-02,-5.71733415e-02,-5.66909373e-01, 4.10210180e+00,
   2.79566526e+00, 4.01190567e+00,-4.62859124e-02,-6.44431448e+00,
   2.84344349e-02},
 {-3.85546660e+00,-2.76772809e+00, 2.56730843e+00,-4.16731119e-01,
   1.98260099e-01, 6.52001426e-02,-8.07579532e-02,-2.31984913e-01,
  -1.04677069e+00},
 { 8.76378492e-02,-2.49271542e-01,-2.65270919e-02, 2.03831816e+00,
  -8.70075643e-01,-2.80158103e-01,-1.55838490e-01,-6.86141062e+00,
  -1.40235543e-01},
 {-9.65597689e-01, 1.48787069e+00,-2.50239325e+00,-4.28524017e-02,
  -2.97438130e-02, 1.17325246e-01, 3.52717853e+00, 2.10115612e-02,
   1.12825288e-02},
 {-2.10717112e-01, 3.89661700e-01, 1.66062212e+00, 1.01418519e+00,
  -1.21703625e+00,-3.04387331e-01,-3.32706608e-02, 6.03329277e+00,
  -2.01327038e+00},
 { 4.44731236e+00, 5.51914036e-01,-1.13933027e+00, 4.14406229e-03,
  -9.16002169e-02, 1.85995654e-03,-5.64193666e-01, 1.89646631e-01,
   1.49368271e-01},
 { 6.54650092e-01,-1.11694002e+00,-2.15956163e+00, 1.23225331e+00,
   1.98212421e+00,-8.55248570e-02, 9.45484936e-01, 4.85412884e+00,
  -1.66133845e+00},
 { 3.75030190e-01, 7.20762849e-01, 8.26645315e-01,-2.85229993e+00,
   1.76716721e+00, 6.95029676e-01,-1.60897195e+00, 3.08872372e-01,
  -2.96084809e+00},
 { 8.42809528e-02,-1.93810597e-01, 3.43934917e+00, 3.04712033e+00,
   8.32125485e-01,-6.62041247e-01, 2.29155906e-02,-4.28971052e+00,
  -2.94915152e+00},
 { 3.42434382e+00, 1.93672585e+00,-2.51813865e+00, 1.16912894e-01,
  -1.98645201e-02,-2.94024080e-01,-7.91346598e+00,-3.52154747e-02,
   2.21537367e-01},
 {-8.00557807e-02,-5.95931001e-02,-3.44744980e-01,-1.41525602e+00,
   3.80441993e-01, 2.00156999e+00,-1.18299671e-01,-3.44178724e+00,
  -3.52695659e-02},
 {-9.00453925e-02, 4.40106630e-01, 3.68000686e-01,-8.05202603e-01,
   2.17093349e+00,-1.88257849e+00, 2.55639553e-01,-3.76509285e+00,
  -1.80103689e-01},
 {-1.25243396e-01,-9.26467925e-02, 1.42301768e-01, 2.87688303e+00,
  -5.93135023e+00,-1.02073979e+00,-1.50534511e-01, 4.54019070e+00,
   1.48401767e-01},
 {-5.93280733e-01, 2.50612426e+00, 3.80342579e+00, 1.00019574e+00,
   7.82178760e-01,-1.51994124e-01,-4.49977636e+00, 1.10914874e+00,
  -2.89097190e+00},
 {-1.85497358e-01, 2.92513818e-01,-1.49532688e+00, 9.22042310e-01,
   1.22415376e+00,-3.90045434e-01, 7.12756932e-01,-4.19358349e+00,
  -3.26645017e+00},
 {-4.73821871e-02, 6.15980439e-02, 5.10468371e-02, 4.85079050e+00,
  -2.97481990e+00,-3.55654120e+00,-9.79134366e-02, 1.25282450e+01,
  -3.04602813e-02},
 {-3.30948606e-02,-8.26442838e-02,-4.24878486e-02, 3.43679929e+00,
  -2.34521508e+00, 2.20958138e+00, 7.63618276e-02,-9.81780910e+00,
   6.53631538e-02},
 { 6.07480764e-01,-3.68159008e+00,-1.74163270e+00,-4.60948408e-01,
   5.44549167e-01,-3.27771008e-01, 3.16177821e+00, 1.52939939e+00,
  -2.61163139e+00},
 { 8.94148827e-01, 4.65950817e-01,-3.51426268e+00,-1.05292618e-01,
   1.80696869e+00,-7.50840187e-01,-2.20420718e+00, 1.57483518e+00,
  -3.46910596e+00},
 { 1.35268044e+00,-1.39796925e+00, 9.25592721e-01,-1.19978106e+00,
   1.79354087e-01,-7.54810452e-01,-6.09660912e+00,-5.16979575e-01,
  -1.99209452e+00},
 { 3.90103531e+00, 2.32171345e+00, 3.46911812e+00,-2.30872944e-01,
  -1.92835912e-01, 2.75229782e-01,-7.77697325e+00, 3.59716043e-02,
   2.50491197e-04},
 { 4.30780023e-01, 1.45372891e+00, 8.14365149e-02, 9.74019945e-01,
   1.06105185e+00, 3.19522507e-02, 6.27165890e+00,-1.83320987e+00,
   1.13464880e+00},
 {-8.94353688e-01, 3.97893369e-01,-3.77537823e+00,-6.71498537e-01,
   1.40922880e+00, 1.36568308e-01, 2.24790239e+00, 6.80399477e-01,
  -2.28621030e+00},
 { 2.98697615e+00, 3.25572562e+00, 2.70475388e+00,-2.95927793e-01,
  -1.20628941e+00,-2.95218557e-01,-4.23753262e+00,-1.21824038e+00,
   1.67267132e+00},
 { 2.59153962e-01,-1.21885568e-01,-5.10208845e-01, 1.04420376e+00,
  -3.44923759e+00,-4.17364001e-01, 4.89256293e-01, 5.87416744e+00,
   1.01670229e+00},
 {-6.39508888e-02,-4.80964631e-02,-7.46616304e-01, 8.79215419e-01,
  -3.27248907e+00, 4.40937805e+00, 1.94281451e-02,-9.16361809e+00,
  -8.58724639e-02},
 { 4.84708160e-01,-9.56999302e-01, 4.96196866e-01, 1.81935453e+00,
  -1.04849315e+00, 8.12547326e-01,-2.27078176e+00, 1.76010346e+00,
   3.81829214e+00},
 { 2.62538362e+00,-3.15524668e-01,-6.97361171e-01, 1.52484012e+00,
   1.19763017e+00, 3.59466046e-01, 7.85832703e-01, 6.31777346e-01,
   1.77480638e+00},
 {-1.47556230e-01,-2.95718126e-02, 1.75856173e-01,-2.83796740e+00,
  -5.14341021e+00,-6.24826789e-01,-1.51666194e-01, 2.80682516e+00,
  -2.32782662e-01},
 { 6.63373470e-02, 6.07805431e-01, 3.01560611e-01, 8.11000347e-01,
  -6.07177198e-01, 6.91810325e-02, 2.01823309e-01,-6.85139370e+00,
  -1.66442788e+00},
 {-4.88582879e-01, 3.73060480e-02,-1.17806353e-01, 2.01811671e+00,
   1.73305720e-01,-5.25278598e-02, 1.27332282e+00,-2.10425496e+00,
   2.86374927e+00},
 { 5.70165217e-02,-1.08817264e-01,-2.00354218e+00,-1.69244075e+00,
  -1.93372381e+00,-7.64310434e-02, 3.02209258e-01,-5.79777622e+00,
   6.09281182e-01},
 {-9.80095416e-02, 4.34143692e-01,-7.09208608e-01, 2.62221408e+00,
   1.84721100e+00, 1.98736548e+00, 5.51504612e-01,-7.32505655e+00,
  -6.13442302e-01},
 {-3.73315632e-01, 1.05692267e-01, 1.63969123e+00,-9.33387578e-01,
  -1.14417803e+00,-6.22292161e-01,-5.12615144e-02,-5.16165829e+00,
  -2.04975772e+00},
 {-1.51263463e+00, 1.90652263e+00,-5.31033659e+00, 8.19196463e-01,
   5.24941504e-01, 1.68608889e-01, 4.63360453e+00,-9.33390617e-01,
  -5.90839624e-01},
 { 2.87739563e+00, 1.23523921e-01, 2.63480514e-01, 8.63119125e-01,
   6.94287121e-02,-6.76294565e-01,-6.70776939e+00,-5.29571056e-01,
  -8.07297349e-01},
 { 5.98906493e-03,-9.39394534e-01,-5.82178402e+00,-2.38639265e-01,
   1.50440693e+00,-1.54800773e-01,-1.56196404e+00,-1.82980752e+00,
  -3.55822587e+00},
 { 3.10298824e+00, 3.79150319e+00, 3.88249397e+00, 5.95085397e-02,
   1.50272045e-02, 1.40351251e-01,-1.57603407e+00,-6.13510273e-02,
   2.53126421e-03},
 { 3.88360095e+00, 5.06816959e+00,-3.29082775e+00,-3.24421301e-02,
  -1.28966868e-01, 7.50406608e-02,-4.85284042e+00, 1.54871672e-01,
  -7.08981305e-02},
 { 2.38428742e-01,-2.63013870e-01, 1.24632707e-03, 2.30007815e+00,
   1.23939097e+00,-1.27418721e+00, 3.73191297e-01, 8.08231068e+00,
  -7.44453818e-02},
 { 1.26516211e+00,-2.95653129e+00, 5.51753235e+00,-1.12047315e+00,
   3.82949829e-01,-1.16200805e+00,-5.78329384e-01, 8.55821073e-01,
   2.39980888e+00},
 {-3.00026715e-01, 4.35133308e-01,-2.22925234e+00, 1.73044658e+00,
   3.85766649e+00, 4.24719512e-01, 8.32763314e-02,-5.35456276e+00,
  -1.62114918e+00},
 { 3.48460507e+00, 1.61186290e+00,-4.47140455e-01, 2.34837592e-01,
   3.00135106e-01,-6.74332023e-01,-3.66634941e+00,-3.56310439e+00,
  -1.95446062e+00},
 {-7.76564837e-01,-3.96107882e-01, 6.01662302e+00, 2.41142845e+00,
   1.57114935e+00,-1.00323009e+00, 5.59900068e-02,-2.81010795e+00,
   3.00530791e+00},
 {-1.07439965e-01,-2.01723742e+00, 9.07065868e+00, 9.52186227e-01,
  -2.63233222e-02, 4.53839570e-01, 8.71277034e-01, 1.53523460e-01,
  -2.11192220e-01},
 { 2.09172559e+00, 2.17175984e+00,-2.67260551e+00, 7.25775301e-01,
  -2.20518351e-01,-2.47087508e-01,-3.74057198e+00,-1.96045458e+00,
   2.42322493e+00},
 { 8.81091475e-01, 7.59853125e-02,-8.81238818e-01,-1.73733222e+00,
  -1.51864111e+00,-6.40960932e-01,-1.12136638e+00, 2.97752714e+00,
   1.73462212e+00},
 {-6.00033253e-02,-1.60048401e+00, 1.80968419e-01, 1.51967573e+00,
   1.87471554e-01,-4.05192584e-01,-1.66810882e+00,-2.51862735e-01,
  -2.76882720e+00},
 { 1.07954109e+00,-3.73100471e+00,-1.13020420e-01, 1.62770986e-04,
  -5.02355546e-02, 3.33904386e-01, 6.95323133e+00, 1.05744436e-01,
  -3.59247983e-01},
 { 4.41560179e-01, 2.41876364e+00, 2.27536392e+00, 1.06885111e+00,
  -7.29985058e-01,-1.62312448e-01,-1.24123681e+00,-2.18601251e+00,
  -1.96277845e+00},
 { 2.01293278e+00,-1.43770516e+00,-2.48636770e+00, 2.33140421e+00,
   1.00276256e+00,-3.89552638e-02,-3.19744325e+00, 1.87149441e+00,
  -1.90907717e+00},
 { 6.04256809e-01,-1.59999990e+00, 9.05106902e-01, 1.28457284e+00,
  -5.29688358e-01, 5.94712347e-02,-4.91871071e+00,-2.94460535e+00,
  -1.00425959e+00},
 {-5.07919610e-01, 9.76345241e-02, 2.90420830e-01, 2.20898300e-01,
  -2.43235922e+00,-1.59142554e-01, 5.03426433e-01,-2.57383049e-01,
  -2.57658982e+00},
 {-2.18374348e+00,-1.54266977e+00, 2.39105344e+00, 6.80498406e-02,
   1.70572147e-01, 2.92318135e-01, 1.04524267e+00,-1.19844519e-01,
  -3.14732999e-01},
 { 4.48127842e+00, 1.67805505e+00, 6.87783909e+00,-1.28403688e-02,
   7.06571490e-02, 4.81135175e-02,-1.30502920e+01,-1.12496413e-01,
  -1.20231472e-01},
 {-2.79777575e+00, 4.79693222e+00, 2.23295879e+00, 9.67449173e-02,
  -4.73891646e-02,-1.35276899e-01,-3.79334950e+00,-8.38736892e-02,
   6.54024072e-03},
 { 9.95475277e-02, 1.34654611e-01,-1.33422577e+00, 5.24062920e+00,
   1.72388804e+00, 4.07498807e-01, 5.63575268e-01,-3.91904807e+00,
  -3.12581092e-01},
 { 2.42451286e+00, 2.17050171e+00,-8.46002877e-01, 2.81409025e-01,
   7.42265642e-01,-7.43634105e-01,-2.16866970e-01, 6.35617614e-01,
  -1.86770010e+00},
 {-1.04993701e+00, 1.85005963e+00, 8.77708817e+00, 6.84048235e-03,
  -1.28970202e-02,-5.28219819e-01,-7.50158906e-01,-1.75494663e-02,
   3.30874473e-02},
 { 2.65329409e+00, 1.18838608e+00,-3.31045914e+00,-2.55962342e-01,
   1.10493526e-01,-4.78249162e-01, 6.10825682e+00, 4.03622836e-01,
  -5.56577384e-01},
 { 1.42147779e-01, 1.22402102e-01, 9.59719241e-01,-2.26576161e+00,
  -2.43594980e+00,-2.33876252e+00, 2.91603841e-02, 6.59699488e+00,
   1.69879243e-01},
 {-5.48841834e-01, 3.96549845e+00, 7.27552319e+00, 2.45223597e-01,
   3.76226089e-05,-1.79190665e-01,-6.82064724e+00,-2.48502135e-01,
   2.14527935e-01},
 { 6.25256360e-01,-1.92889482e-01, 4.43009424e+00, 1.51214671e+00,
  -1.63880491e+00,-6.83017135e-01,-6.69417977e-01, 4.31833935e+00,
  -4.63894320e+00},
 { 1.52118540e+00, 2.28020191e+00, 1.44047272e+00, 3.09963614e-01,
  -1.81598735e+00, 9.87469614e-01,-4.82631540e+00,-1.98148298e+00,
   4.02683198e-01},
 { 6.62096292e-02, 7.62800649e-02, 1.93773240e-01, 2.65829682e+00,
  -1.06587696e+00, 4.29440439e-01,-1.03187263e-02,-5.36153746e+00,
  -1.42580390e-01},
 { 2.48237371e+00, 1.32910061e+00,-1.27090549e+00,-1.37074172e-01,
   9.80352163e-01,-5.71583211e-01, 6.03815269e+00, 2.32566357e+00,
   8.60743463e-01},
 { 3.34185123e-01,-3.83444101e-01,-7.33026123e+00,-2.91897297e-01,
  -8.72361004e-01, 6.27962887e-01, 9.45113599e-01,-9.13962007e-01,
   2.71320271e+00},
 { 2.65940499e+00,-3.61178726e-01, 2.81509852e+00, 1.02691519e+00,
  -2.69796818e-01, 1.03954628e-01,-7.86475992e+00,-1.55161068e-01,
   1.06024313e+00},
 {-4.12092693e-02, 1.81837857e-01,-4.88535911e-01,-1.08062041e+00,
   5.18877172e+00, 1.05759108e+00,-5.40398574e-03,-3.01204967e+00,
  -2.28467733e-01},
 {-1.62517987e-02, 1.10652216e-01,-1.11976254e+00, 2.99467015e+00,
   2.54451346e+00,-3.72792304e-01,-7.32310191e-02,-6.14661455e+00,
   4.95226085e-01},
 {-5.89211106e-01,-2.64113164e+00,-3.90493870e+00, 4.58604962e-01,
  -5.61687239e-02, 1.16053142e-01, 3.92910671e+00,-1.07840037e+00,
  -2.72661757e+00},
 { 1.56518030e+00,-2.61806750e+00, 8.34490204e+00, 6.39424846e-02,
  -1.01511046e-01,-5.76972961e-01,-7.07105589e+00, 1.12408482e-01,
   3.00461650e-01},
 {-1.01407576e+00,-2.20026612e+00, 1.03587985e-01, 1.05337465e+00,
   2.60692984e-01,-5.32927155e-01,-2.82009810e-01, 2.74501562e+00,
   3.00707126e+00},
 {-7.90071309e-01,-1.17354858e+00, 4.24548864e+00,-5.28948270e-02,
   2.45863367e-02, 3.71592268e-02,-6.97824192e+00, 2.30225269e-02,
   1.01397581e-01},
 {-1.75369661e-02,-1.12076633e-01, 1.24874108e-01,-2.43342853e+00,
   2.46882476e-02, 1.20563120e-01, 1.87133864e-01, 1.88377130e+00,
   5.71108721e-02},
 { 5.89976132e-01, 2.62305117e+00,-4.86424714e-01, 1.04123875e-01,
  -8.03859252e-03, 7.36521482e-02, 7.55058002e+00, 3.15831713e-02,
   1.35834198e-02},
 { 1.68481752e-01, 2.06649482e-01, 7.12861419e-01, 5.61709642e-01,
   1.02910914e-01,-3.37485015e-01,-3.81713301e-01,-7.01443958e+00,
  -3.53171468e-01},
 {-3.12005281e+00, 2.13925719e+00,-2.34871769e+00,-2.44552288e-02,
  -5.46890683e-02,-8.58094916e-02,-3.93018889e+00,-7.69762099e-02,
  -1.65873524e-02},
 {-1.25349075e-01,-3.55391093e-02, 1.47184849e+00, 4.47913051e-01,
   7.88755000e-01,-5.11629619e-02,-8.47428888e-02,-3.49345517e+00,
   2.19199538e+00},
 {-1.44234455e+00,-3.81417775e+00,-3.89313126e+00,-1.36794254e-01,
   1.81390613e-01, 8.85439962e-02, 5.87398481e+00,-1.55144036e-01,
  -2.06487812e-02},
 {-9.64123383e-02,-4.64411139e-01,-8.77787888e-01,-9.55484807e-01,
  -5.38802981e-01, 4.60978842e+00,-2.30819404e-01, 1.41008988e-01,
   2.12306574e-01},
 { 8.45117196e-02, 1.16531640e-01, 8.41111064e-01,-1.63870490e+00,
  -4.45872927e+00,-4.28434420e+00,-1.34234488e-01,-8.43216836e-01,
  -1.85303539e-01},
 {-3.22410703e-01,-5.26434295e-02,-3.93226314e+00, 1.26198769e+00,
  -1.53019810e+00, 3.61578315e-01, 1.13345727e-01, 3.60116792e+00,
   4.02604198e+00},
 {-1.14592895e-01,-6.88397661e-02,-8.73172224e-01,-1.33721650e-01,
   8.71485353e-01,-5.16586244e-01,-1.67811021e-01, 1.47079623e+00,
  -5.23009181e-01},
 {-9.74640027e-02, 5.43479323e-01, 7.23261774e-01,-2.68711329e+00,
   2.72354054e+00,-4.40991259e+00,-7.03206956e-01, 2.07773972e+00,
   4.44114327e-01},
 { 5.98741323e-02,-4.26024258e-01,-3.18951994e-01, 1.00989985e+00,
  -1.04282308e+00, 1.47005215e-01, 1.07398808e-01,-5.43524361e+00,
   2.53014898e+00},
 {-1.46819085e-01, 7.77591094e-02, 2.55788493e+00, 3.20670080e+00,
  -2.21080017e+00, 5.66494286e-01,-3.90519619e-01, 6.54606819e+00,
  -2.68457890e+00},
 {-1.54675439e-01, 4.66417015e-01,-3.60008627e-02, 8.11984777e-01,
   2.51468682e+00,-4.61796105e-01, 8.62737536e-01,-1.66912317e+00,
   4.50015783e+00},
 {-2.04592329e-02, 2.33250546e+00, 2.12904477e+00,-4.19933319e-01,
   2.65556186e-01, 3.06747675e-01,-4.37416649e+00,-2.83026427e-01,
   2.42977071e+00},
 { 4.13680881e-01, 6.01115786e-02,-1.50488720e+01, 4.16265242e-02,
  -9.94642172e-03, 2.42024869e-01,-7.33184665e-02, 3.62853631e-02,
   1.00184809e-02},
 { 3.30822492e+00,-1.08198591e-01, 1.85682118e+00,-4.93427515e-01,
   1.99107379e-01, 6.68458819e-01,-8.70276737e+00,-1.76780894e-01,
   8.71182144e-01},
 { 1.20546830e+00, 2.95768690e+00,-1.26421201e+00,-1.62263017e-03,
  -1.77398995e-02, 9.92910098e-03, 9.13360500e+00, 3.59660350e-02,
   1.62504911e-02},
 { 1.96990892e-01, 9.72359002e-01,-3.25708342e+00, 1.48821795e+00,
   1.48678339e+00,-7.18044400e-01,-4.31275845e-01,-3.46560073e+00,
  -3.12981653e+00},
 { 4.32007599e+00,-3.25594759e+00,-4.60097837e+00, 3.78634930e-01,
  -8.23267400e-02,-4.38168794e-01, 5.84136105e+00, 8.32976028e-02,
   1.81503490e-01},
 {-8.60164106e-01, 5.12458444e-01,-2.02728534e+00, 6.73538446e-01,
  -2.28851771e+00, 2.84673661e-01,-1.69986451e+00, 6.04671419e-01,
   4.25065470e+00},
 { 3.03723907e+00, 5.99714145e-02, 1.69248104e+00, 2.21501991e-01,
   1.20968767e-01, 1.76201463e-01,-8.34498882e+00,-3.98534566e-01,
  -5.34130156e-01},
 { 4.66018617e-02, 4.31147069e-02,-7.81928375e-02, 2.00763369e+00,
   2.51859045e+00,-2.44595194e+00, 6.99863443e-03, 8.68190765e+00,
  -1.78260934e-02},
 {-3.31009865e+00, 2.51638031e+00, 4.29034996e+00,-1.80279948e-02,
   1.52153715e-01, 2.55654097e-01,-6.32418537e+00,-1.75724074e-01,
  -4.00129855e-02},
 { 1.47527814e+00, 8.21587503e-01,-1.13897312e+00,-2.24331260e+00,
   1.48163092e+00, 1.29873466e+00, 4.61377573e+00,-8.62711728e-01,
  -2.64248753e+00},
 { 4.93347384e-02,-2.48955246e-02, 4.88844663e-02,-1.74984479e+00,
  -2.30635548e+00,-7.44831190e-02, 1.33531123e-01,-6.87008476e+00,
   2.01731138e-02},
 {-9.90083158e-01,-4.37237799e-01, 6.54261446e+00, 3.49791080e-01,
   1.08812414e-01,-3.23962271e-02,-6.15434790e+00, 4.25534658e-02,
   3.06249037e-02},
 { 2.02695608e+00, 1.50839663e+00,-2.40222883e+00, 7.87044764e-01,
   3.50962132e-02,-5.45351803e-01, 6.74384022e+00,-7.18306839e-01,
  -1.80959952e+00},
 { 3.69864058e+00, 1.96171761e+00,-2.41247249e+00, 2.69524008e-01,
   1.67734534e-01,-2.66709328e-01, 6.60826635e+00,-1.84073091e-01,
   4.43731658e-02},
 { 9.79982853e-01, 2.22740817e+00,-9.71994495e+00,-6.87652826e-02,
  -8.87324959e-02,-1.49986252e-01, 3.23992825e+00, 8.85858983e-02,
   9.51696515e-01},
 { 2.52141023e+00, 1.08291996e+00, 7.56793642e+00, 8.61749649e-02,
  -7.49035459e-03, 1.78152457e-01,-5.27878428e+00, 3.91983569e-01,
   4.98988107e-02},
 {-1.00414658e+00,-1.77261961e+00,-1.56232744e-01,-2.26243043e+00,
   9.51655686e-01, 1.40274122e-01,-2.21303582e+00,-1.46371472e+00,
  -4.25547743e+00},
 { 4.93039861e-02,-2.98742689e-02, 1.37422621e-01,-2.14970970e+00,
   2.80210090e+00,-1.63007307e+00, 1.36804162e-02, 6.66292667e+00,
  -3.40988301e-02},
 {-7.43476927e-01, 7.90663540e-01, 7.52614200e-01,-1.97841239e+00,
  -4.28767018e-02, 1.22503507e+00, 2.29396790e-01,-1.26495612e+00,
   3.49575210e+00},
 { 4.40117502e+00,-3.80661517e-01,-8.93441677e+00,-1.45551562e-03,
  -4.69324887e-02, 3.48767103e-03, 1.21352301e+01, 1.52863786e-01,
   1.20614491e-01},
 { 3.47906053e-01,-4.05791235e+00,-5.39146233e+00, 3.37037481e-02,
  -1.35076493e-01,-7.40039870e-02, 6.97182512e+00, 2.62092371e-02,
   2.96083987e-01},
 { 7.52846003e-02,-5.05245849e-03, 1.77607998e-01, 8.82700861e-01,
  -3.67599964e+00,-1.53481698e+00, 8.52221251e-02, 5.13905048e+00,
  -3.10703311e-02},
 { 1.22084069e+00,-4.37278152e-01,-1.36055672e+00, 8.29357654e-04,
  -7.53251556e-03,-9.13420767e-02,-4.09850216e+00, 6.77397996e-02,
  -4.49378081e-02},
 {-6.33449107e-02, 3.35633546e-01,-2.28930397e+01,-1.29399925e-01,
   1.83662146e-01, 7.58321166e-01,-3.53593856e-01,-1.29972532e-01,
  -1.18344143e-01},
 { 3.29655361e+00,-5.10853815e+00, 1.98538378e-01, 1.44249573e-01,
  -3.12823653e-01, 2.04111665e-01, 6.18309021e+00, 2.53354043e-01,
   2.36498073e-01},
 { 3.07583594e+00, 1.02665611e-01,-1.72639322e+00, 6.32844627e-01,
  -4.76066470e-01,-5.57126999e-02, 4.41134405e+00,-1.85707414e+00,
   1.74240267e+00},
 { 4.78849506e+00,-3.08941770e+00,-3.71254921e+00, 6.29279437e-03,
   5.37105761e-02, 3.94574672e-01, 2.92664766e+00,-1.07707985e-01,
  -2.95355111e-01},
 {-5.87347383e-03, 6.07646853e-02,-5.36041617e-01,-1.73210591e-01,
   1.24252677e+00, 4.93722349e-01,-3.59333128e-01, 6.79166269e+00,
  -6.20392799e-01},
 { 1.52045265e-01,-9.09847766e-02, 1.02683628e+00, 3.00369191e+00,
  -2.46213531e+00, 2.93322623e-01,-1.72518045e-01, 7.61630106e+00,
   5.70620239e-01},
 { 3.49953294e+00,-9.05345976e-01,-6.74529135e-01, 5.07213116e-01,
  -6.08382165e-01, 9.31360200e-02, 5.09693527e+00,-1.09884501e+00,
   3.55487704e-01},
 {-1.81193486e-01, 1.64449441e+00, 1.98151171e+00, 2.31355354e-01,
  -9.17663872e-01,-1.76710799e-01,-4.53601122e+00,-1.48743999e+00,
  -2.95560598e+00},
 {-1.46419787e+00, 2.27718973e+00, 2.72090459e+00, 4.11208123e-01,
  -6.99160576e-01,-6.20340168e-01, 7.42475152e-01, 3.61052364e-01,
  -3.31681013e+00},
 { 1.96976145e-03, 4.37990353e-02, 5.58718964e-02,-1.27204239e+00,
   2.36943769e+00,-1.73643100e+00, 3.95963620e-03, 6.00718594e+00,
   2.24261992e-02},
 { 1.07325852e+00, 1.49544883e+00,-1.67628706e+00,-2.21591830e+00,
  -6.88491821e-01,-4.99289989e-01, 5.40199184e+00,-5.91811061e-01,
   1.35601330e+00},
 { 6.66466951e-02,-1.98428985e-02, 1.11206725e-01, 3.42393231e+00,
  -5.78516579e+00,-4.47000921e-01, 1.34246945e-01,-5.12811959e-01,
   9.38271508e-02},
 { 1.41226858e-01,-6.35905340e-02,-1.89971700e-01, 4.14456099e-01,
  -1.84819728e-01, 2.50527829e-01, 2.30500743e-01, 7.51306200e+00,
   7.52987802e-01},
 { 7.42149472e-01,-1.53467643e+00, 8.90185952e-01, 2.50097752e+00,
  -3.00917089e-01, 6.35904610e-01,-4.90238619e+00, 6.89426005e-01,
  -1.87796974e+00}};

const float b1[sz_hid_1] = {-6.911415  ,-6.6352754 ,-2.075167  ,-5.0301104 ,-4.848129  , 0.25797123,
 -5.3811297 ,-3.2836506 ,-5.0941515 ,-4.565321  ,-4.213738  ,-3.900736  ,
 -1.8430792 ,-1.2828144 ,-4.1892815 ,-5.515648  ,-1.3750167 ,-2.6398008 ,
 -6.466447  ,-5.9310145 ,-4.2915487 ,-5.8181567 ,-4.645967  ,-7.37303   ,
 -3.4911778 ,-5.529142  ,-6.01368   ,-7.140599  ,-4.5956993 ,-4.359988  ,
 -3.9443905 ,-4.9002795 ,-3.1984203 ,-7.5592303 ,-6.149646  ,-7.0240536 ,
 -6.1745815 ,-4.552389  ,-5.234576  ,-2.246171  ,-3.9734979 ,-6.2491784 ,
 -6.2302866 ,-4.9168215 ,-4.756664  ,-4.168403  ,-3.084739  ,-3.721567  ,
 -3.6960218 ,-2.768547  ,-1.930635  ,-4.0249157 ,-6.5968757 ,-5.86396   ,
 -2.4163833 ,-0.70605874,-4.1138716 ,-3.3042667 ,-4.7536373 ,-4.0664644 ,
 -1.9484801 ,-4.931348  ,-5.5052347 ,-5.704658  ,-3.3449016 ,-3.870361  ,
 -2.08287   ,-7.5822983 ,-4.6410136 ,-5.3863087 ,-2.4691112 ,-3.267962  ,
 -5.966409  ,-4.9985094 ,-5.310768  ,-7.2545485 ,-0.84967005,-7.3105206 ,
 -3.5675497 ,-1.624983  ,-0.75321406,-5.9078636 ,-2.9799612 ,-2.822994  ,
 -4.4878745 ,-0.1256082 ,-4.16619   ,-5.466364  ,-4.1886163 ,-3.5016448 ,
 -4.301693  ,-0.9850657 ,-5.2044315 ,-7.973063  ,-3.1947885 ,-5.404468  ,
 -5.7082953 ,-4.584658  ,-6.1880684 ,-5.1762414 ,-7.1686697 ,-8.311574  ,
 -8.118349  ,-5.523447  ,-6.247588  ,-4.0959716 ,-2.011201  ,-5.3489842 ,
 -8.394558  ,-4.2588825 ,-4.837235  ,-6.664406  ,-2.139345  ,-0.60728997,
  1.1035005 ,-2.871483  ,-4.621635  ,-4.60828   ,-6.9672875 ,-3.6084654 ,
 -3.9055622 ,-5.153223  ,-2.8438518 ,-7.588504  ,-6.648182  ,-6.2842426 ,
 -6.0505857 ,-7.1983595 };

const float w2[sz_hid_2][sz_hid_1] = {{-1.54730469e-01,-1.19103171e-01,-1.18044786e-01,-9.05415788e-02,
  -9.38499067e-03,-1.24680236e-01,-1.17064215e-01,-6.59014061e-02,
  -9.63818952e-02,-1.75446212e-01, 3.34943496e-02,-7.26806000e-02,
  -4.36918437e-02,-1.20390482e-01,-2.30490834e-01,-1.49228543e-01,
  -4.29881513e-02,-1.65559709e-01, 1.45732667e-02,-1.76387250e-01,
  -1.36028379e-01,-1.03433184e-01,-4.44343574e-02,-2.44568903e-02,
  -1.87911410e-02,-8.57481137e-02,-2.03558996e-01,-1.08646840e-01,
  -2.75661200e-01,-7.83766806e-02,-8.82045308e-04,-9.51288640e-02,
  -3.11740004e-02,-2.34560594e-01,-5.31691499e-03,-1.07809221e-02,
  -1.38233677e-01,-1.77599952e-01, 1.71228647e-02,-1.11195566e-02,
  -2.04965845e-01,-1.09943405e-01,-5.04496284e-02,-1.69844523e-01,
  -1.01030760e-01,-5.84563129e-02,-9.40771699e-02,-1.33261785e-01,
  -1.05942756e-01,-1.44725487e-01,-4.90545146e-02,-2.72451699e-01,
  -1.95560493e-02,-3.26427817e-02,-1.40204623e-01,-1.11623906e-01,
  -2.84483191e-02,-6.12079687e-02,-1.34029776e-01,-7.45848194e-02,
  -1.35101438e-01,-1.37542278e-01,-7.40471184e-02,-7.00785518e-02,
  -1.45545170e-01,-1.48215741e-01, 2.98485626e-03,-8.66026208e-02,
  -8.58831480e-02,-4.56211269e-02,-1.44670516e-01,-1.34608462e-01,
  -7.39062428e-02, 1.36690876e-02,-1.51147202e-01,-1.18183931e-02,
  -1.74787492e-01,-1.07018188e-01,-8.83875489e-02,-1.08914532e-01,
  -1.36110671e-02,-3.54658477e-02,-1.50770307e-01, 2.82129622e-03,
  -1.32850856e-01,-6.70599490e-02,-9.76523906e-02,-7.56307617e-02,
  -2.24213645e-01,-5.93381412e-02,-1.02905221e-01, 1.47302970e-02,
  -2.08786324e-01,-2.46460009e-02,-7.44528472e-02,-2.25886591e-02,
  -1.03696384e-01,-8.04375708e-02,-9.77227315e-02,-4.12866734e-02,
   4.89808843e-02,-7.99615160e-02,-2.87581030e-02,-1.01420350e-01,
   2.23676246e-02, 5.90845458e-02,-1.32832512e-01,-9.78379622e-02,
  -1.48736551e-01,-2.25800853e-02,-2.07533360e-01,-1.30197238e-02,
  -6.23701252e-02, 7.34229200e-03,-5.96194640e-02,-1.31981909e-01,
  -3.36073600e-02,-1.58702925e-01,-9.99533460e-02,-4.52949405e-02,
   7.92278443e-03,-1.60138503e-01,-1.77793086e-01,-1.01236895e-01,
  -4.96085398e-02,-5.03305905e-02,-6.13373294e-02,-1.36117011e-01},
 {-2.78527975e-01,-1.84052181e+01, 1.26535594e+00,-9.54299569e-01,
   4.64713573e+00,-2.58524776e+00, 3.19328666e+00,-4.85551929e+00,
   1.28438914e+00, 5.76590681e+00, 5.35920680e-01,-7.26394415e-01,
  -2.48109798e+01, 1.81977659e-01,-3.60077429e+00,-1.90846193e+00,
   1.43068695e+00,-2.12466621e+00, 2.07691908e+00,-1.38172174e+00,
   6.05923355e-01,-3.18724084e+00, 4.59166241e+00,-3.07312965e+00,
  -6.25633597e-01, 9.28701520e-01,-6.87767982e-01,-4.20467186e+00,
   9.83259499e-01, 4.88055182e+00, 1.16541016e+00,-2.40078807e+00,
  -4.36044550e+00, 1.07929106e+01,-3.78291106e+00, 5.21455884e-01,
   1.96836972e+00, 4.87766647e+00,-2.25955868e+00, 1.88106731e-01,
  -1.40176761e+00, 5.70489073e+00, 2.06591582e+00,-9.26276386e-01,
   1.62434125e+00, 2.24632955e+00,-1.20678806e+00,-2.79324913e+00,
  -1.06263065e+01,-1.29437094e+01,-8.24597359e-01, 2.50375795e+00,
  -3.68582755e-02,-1.34504318e+01, 4.74509805e-01, 1.14891279e+00,
  -1.73951626e+00,-5.27795851e-01, 4.22171831e+00,-1.20734656e+00,
  -3.20016360e+00, 4.36094809e+00,-3.33624721e+00, 8.46911967e-01,
  -1.34506404e+00,-1.11659300e+00,-4.67078574e-02,-3.09735131e+00,
  -7.68850148e-01,-6.78707933e+00,-4.88024235e-01, 1.59985006e+00,
   2.48826694e+00,-2.64057100e-01, 2.60065556e+00,-5.59214306e+00,
  -1.16163731e+00,-1.58086038e+00,-3.46192360e+00,-5.04559278e-01,
   4.15371478e-01,-2.05795705e-01,-6.05794430e+00,-2.48055053e+00,
   2.12852073e+00,-2.11602068e+00,-3.03469467e+00, 3.52417922e+00,
  -4.08782911e+00,-2.11736941e+00, 3.96946192e+00, 1.83628187e-01,
  -4.68211985e+00, 4.84497309e+00,-5.46081970e-03, 3.17023444e+00,
   2.73078036e+00, 1.79922462e+00,-3.20699978e+00, 3.43019772e+00,
   1.90697002e+00, 1.85866192e-01, 4.27843332e+00,-1.10595388e+01,
   5.31172085e+00,-1.18914175e+00, 5.18066645e-01, 1.79738700e+00,
  -3.60149360e+00,-6.70676994e+00,-1.52516082e-01,-3.18514609e+00,
   7.58280659e+00,-3.04022789e+00, 9.77291107e-01, 6.43500865e-01,
   2.29518461e+00,-4.76304722e+00, 4.56545353e+00, 4.15707731e+00,
  -2.36955309e+00,-1.89598680e+00, 1.22064340e+00, 4.56903887e+00,
  -6.22248745e+00, 4.27590752e+00, 6.25480175e-01, 9.77452469e+00},
 {-4.56676967e-02, 1.20292893e-02,-6.39302004e-03,-1.51472464e-02,
   2.23860685e-02,-9.64446366e-02,-4.53505665e-02, 2.57989299e-03,
  -2.73757018e-02,-7.41489325e-03,-1.50950756e-02,-1.21857770e-01,
  -6.36635944e-02,-2.46347152e-02,-5.27615733e-02, 5.97663922e-03,
   3.48329619e-02, 1.44018419e-02,-2.02268679e-02,-5.46767004e-02,
  -6.28763810e-02,-7.42685795e-02,-7.73812681e-02,-9.00401250e-02,
   4.28456301e-03,-8.69306922e-03,-1.12397045e-01,-1.01712227e-01,
   3.17514837e-02,-1.12461321e-01,-1.10615052e-01,-8.78381208e-02,
  -1.18005604e-01, 2.13834755e-02,-1.19574800e-01,-8.01508278e-02,
  -1.91223919e-02,-1.22608393e-01,-5.17258421e-02,-9.91656259e-02,
  -5.14041632e-02,-6.99667633e-02,-6.31454913e-03, 2.41181701e-02,
  -2.18271986e-02,-3.61343287e-02,-8.18628222e-02,-2.99704541e-02,
  -4.49515581e-02,-7.16990605e-02,-1.51752785e-01,-8.57256178e-04,
  -2.95534707e-03,-2.74522603e-02, 9.97834560e-03,-8.94735679e-02,
  -5.21799289e-02,-8.28878060e-02, 3.18254977e-02,-1.56350881e-02,
  -8.51301104e-02,-2.23897509e-02,-3.52023989e-02,-9.27424282e-02,
  -1.00533128e-01,-3.91839035e-02,-9.15693790e-02,-9.18451399e-02,
  -1.53396027e-02,-8.76744837e-02,-5.52477092e-02,-5.55362999e-02,
  -6.54862449e-02, 1.83790151e-04,-1.34165604e-02,-9.70421825e-03,
  -1.10329181e-01, 7.17786048e-03,-8.63743946e-02,-7.79203773e-02,
  -3.15565690e-02,-6.01491518e-02,-8.89954865e-02,-7.83174112e-02,
  -1.43900840e-02,-7.63856322e-02,-1.31984726e-01, 2.12316634e-03,
  -1.29602822e-02, 3.48628648e-02,-1.62542816e-02, 1.85772870e-02,
   4.97439653e-02, 7.50942947e-03,-8.54315236e-02,-2.68761367e-02,
  -1.59231555e-02,-9.97223109e-02,-1.71881914e-01,-8.22200626e-02,
   1.54033303e-02, 5.96321635e-02, 5.29036485e-02,-5.18735945e-02,
   4.84325737e-02,-9.71462727e-02,-1.38307035e-01,-1.41085282e-01,
  -6.88627921e-03,-5.92076965e-02,-7.58400932e-02, 1.38306459e-02,
  -8.71073157e-02,-1.34462878e-01,-6.21214649e-03, 1.20107504e-03,
  -1.42531931e-01,-7.49311075e-02, 1.22894030e-02,-1.09140370e-02,
  -9.43105482e-03,-4.43961397e-02, 2.80928519e-02,-6.00576028e-02,
  -9.31987464e-02,-9.92519781e-02,-5.65245971e-02,-2.40354519e-02},
 {-2.88724208e+00,-1.16994941e+00,-3.75240952e-01,-2.92469829e-01,
   1.30513299e+00, 3.04112490e-02, 1.51166058e+00,-3.24287027e-01,
  -3.21281075e+00,-6.28305912e-01, 1.12215674e+00, 2.74070549e+00,
  -6.28812239e-02, 1.90267451e-02, 4.55654174e-01,-3.20617771e+00,
   4.74065113e+00, 2.92822361e-01,-1.02710807e+00,-3.07723737e+00,
  -6.18487215e+00,-2.37931919e+00,-1.11253893e+00, 9.82814252e-01,
  -2.04262328e+00,-7.79105043e+00,-4.71031046e+00,-2.04605103e+00,
   2.05952454e+00, 1.10865164e+00,-2.62656868e-01,-1.76037264e+00,
  -1.74033391e+00, 1.94951439e+00, 3.08833528e+00,-1.09861004e+00,
  -4.20322466e+00,-1.63074827e+00,-2.06292152e+00,-1.49535030e-01,
   8.79088521e-01,-1.31378794e+00,-2.70221186e+00,-1.03868771e+00,
  -1.40820503e+00, 7.19808698e-01,-2.35695291e+00,-1.17895854e+00,
   1.53429687e+00,-8.06952000e-01, 2.77996659e+00, 2.00662684e+00,
  -1.55590534e+00,-5.90608740e+00,-1.49571955e+00,-3.31738114e+00,
   2.69295311e+00, 3.13346696e+00,-2.10239410e+00,-5.27371585e-01,
   2.61206865e-01, 1.44738269e+00, 9.35219824e-01, 5.00401115e+00,
  -2.45216894e+00,-2.06747246e+00,-5.74201584e-01,-5.26235008e+00,
  -6.05297852e+00, 3.18279314e+00,-6.86733544e-01,-1.72586501e+00,
   7.37571359e-01, 1.03211828e-01, 4.95485872e-01,-4.63177538e+00,
   1.81409836e+00, 1.64840865e+00,-2.71471095e+00,-2.19850302e+00,
  -5.19676208e+00,-5.23763180e-01, 2.18132213e-01, 2.62513340e-01,
   4.27872753e+00,-6.25343418e+00, 9.36498046e-01,-7.70079994e+00,
  -3.10040355e-01, 2.53238249e+00, 1.73452735e+00,-4.09245634e+00,
   3.81357938e-01, 3.95179200e+00, 3.30985278e-01, 3.08186960e+00,
  -4.43463707e+00, 1.97669375e+00, 7.42549777e-01,-5.19496059e+00,
  -6.40245736e-01, 8.87418866e-01,-1.72259731e+01,-3.47081900e-01,
   5.83050728e+00,-1.30414054e-01, 3.48494500e-01, 3.12308598e+00,
  -3.78734636e+00, 1.88185140e-01,-2.36416721e+00,-1.45910814e-01,
  -7.39691794e-01,-5.72432375e+00, 3.37080956e+00, 2.27626078e-02,
  -3.65303248e-01,-8.08386564e-01, 3.63591099e+00,-2.66588062e-01,
  -2.97005796e+00, 9.89909470e-01,-1.96710408e+00, 3.59525323e+00,
   2.68493533e+00,-5.35133421e-01,-9.25537872e+00,-3.13163161e+00},
 {-2.64417481e+00, 3.54037976e+00, 4.96785283e-01,-1.16959798e+00,
   2.52784276e+00,-1.31639090e+01, 2.64312410e+00,-4.93986988e+00,
  -2.52753282e+00,-1.36073220e+00, 1.34923685e+00, 1.24896812e+00,
  -1.31514740e+00,-1.54633941e-02, 3.08138466e+00,-1.84867013e+00,
  -6.70720413e-02,-9.46412802e-01, 1.98227358e+00,-5.66520452e+00,
  -4.47679901e+00, 2.42476773e+00, 3.14373970e+00,-1.36548719e+01,
   2.90645289e+00, 4.78813201e-01, 2.99724877e-01, 1.02509069e+00,
  -1.68728089e+00,-2.79826045e+00, 2.32436642e-01,-6.62558651e+00,
  -3.49432778e+00, 7.46519327e-01,-1.54179573e+00,-2.33779758e-01,
  -3.51546574e+00, 2.25725508e+00, 3.93246555e+00,-3.26192021e+00,
  -1.29899406e+00, 1.84002030e+00,-1.25499213e+00, 7.21527040e-01,
   2.23747134e+00, 2.89882970e+00,-1.23492146e+00,-3.21385908e+00,
   7.80455112e-01, 1.76644492e+00, 2.27988052e+00, 4.48653507e+00,
   1.22315788e+00,-9.22619939e-01,-1.03606451e+00, 1.28959620e+00,
   9.99061823e-01, 2.34959912e+00, 2.77987623e+00,-3.61994195e+00,
   8.55313063e-01,-7.89490700e-01, 3.06669295e-01, 4.31373310e+00,
  -6.01084948e-01, 1.83672830e-01,-1.82368755e+00,-5.80192089e+00,
  -2.32247114e+00,-1.77277827e+00, 1.13136137e+00, 1.79599607e+00,
   6.96153021e+00,-2.82501197e+00, 5.07705331e-01,-8.45006180e+00,
  -1.01831985e+00,-4.92770720e+00,-1.25672638e+00,-1.95844278e-01,
  -7.27047014e+00, 3.19339514e+00,-7.06788421e-01,-3.89852852e-01,
  -1.83372831e+00,-6.36158371e+00,-4.04142886e-01, 2.70860136e-01,
  -5.46134889e-01, 8.18387318e+00,-6.67067945e-01,-7.45960999e+00,
   1.29703488e-02,-3.82218409e+00,-1.26769328e+00, 4.47477400e-01,
   1.22778082e+00, 2.43687654e+00,-2.90490329e-01,-4.99960041e+00,
  -3.78340435e+00, 9.09582615e+00,-1.19542484e+01,-1.38387718e+01,
  -6.99753189e+00,-3.68428135e+00, 1.65203428e+00, 1.71235931e+00,
  -2.39805698e+00, 1.22522044e+00,-1.84181070e+00, 9.74685788e-01,
   1.00094271e+00,-5.17654419e+00, 3.18772531e+00,-5.13478875e-01,
  -3.21860480e+00,-8.07257557e+00, 1.38667107e+01, 7.33851194e-02,
  -6.27543163e+00,-1.68680334e+00, 4.85363913e+00, 2.95658082e-01,
  -3.07837844e+00, 3.16988611e+00, 5.76321304e-01, 2.99983501e+00},
 {-1.30964432e+01, 2.32100821e+00,-2.09120706e-01,-1.63716674e+00,
   1.07610738e+00, 9.41506624e-02,-6.96676075e-01,-1.50279081e+00,
  -4.66646463e-01,-5.08634567e-01,-1.50830972e+00, 1.61288691e+00,
  -2.00987801e-01, 1.03532530e-01, 1.82019681e-01, 8.28291225e+00,
  -5.76765239e-02, 2.10553825e-01, 3.53167444e-01, 6.77281082e-01,
   9.30242181e-01, 2.24991107e+00, 7.31112432e+00,-3.30586958e+00,
  -3.50520581e-01, 1.64648163e+00,-1.40304184e+00,-2.50842601e-01,
  -9.50199986e+00,-4.96992469e-01, 3.73505682e-01, 4.39131618e-01,
   6.91689134e-01, 2.71348286e+00,-1.85624278e+00, 4.46946949e-01,
  -6.09677696e+00,-1.46155405e+00, 5.19963026e+00, 7.01874256e-01,
   1.79991746e+00, 4.67108369e-01,-5.01233292e+00,-1.61248237e-01,
  -6.60755098e-01, 4.01739502e+00,-4.14926529e+00, 1.84641451e-01,
  -2.55438894e-01, 1.36172473e+00, 1.47258270e+00, 7.12315515e-02,
  -4.84723663e+00,-3.68034148e+00,-7.26089478e-01, 2.61556721e+00,
   1.57071340e+00, 2.74092913e+00,-2.71101505e-01,-1.37629914e+00,
   4.20522118e+00,-7.14597329e-02, 2.54096270e-01,-6.37789774e+00,
   3.52543205e-01,-6.31028935e-02, 1.21622980e-01, 1.71431911e+00,
   2.09246039e+00, 1.47784603e+00,-2.27739826e-01, 1.69656360e+00,
   2.80714869e-01,-1.43454885e+01,-1.40680666e+01,-1.17898273e+01,
  -3.20462227e-01, 1.11687298e+01,-3.88457566e-01, 3.44941688e+00,
  -4.42924559e-01, 3.37541413e+00, 1.89731586e+00, 3.72505993e-01,
  -6.61588383e+00, 4.50072885e-01, 1.87403604e-01,-2.53298116e+00,
   1.40056109e+00, 2.35890061e-01,-4.99402666e+00,-2.66841173e+00,
  -6.70348072e+00,-2.45972481e+01,-8.09558332e-01, 5.65214443e+00,
   9.51858521e+00, 6.47041416e+00, 7.41070509e-02,-1.58401537e+01,
  -6.24084187e+00,-9.84049320e-01,-9.63414669e+00,-7.23627433e-02,
   3.95366979e+00,-4.72671604e+00,-1.70065713e+00,-3.10464048e+00,
  -9.95889425e-01, 7.03842580e-01,-7.42012167e+00, 4.17029238e+00,
   3.02091718e-01,-1.35580540e+01, 1.89749706e+00,-2.94983566e-01,
   4.12522316e-01, 1.73221099e+00,-5.76024771e+00,-1.24852669e+00,
  -1.96239102e+00,-1.51074753e+01,-5.28322868e-02,-1.80966532e+00,
  -1.48560739e+00, 5.76959848e-01,-2.06830204e-02, 1.95476031e+00},
 {-2.83980705e-02,-1.75647214e-01,-3.28000516e-01, 2.85663456e-02,
  -5.78030609e-02,-1.83316827e-01,-1.63166001e-01,-1.64160371e-01,
  -3.77745666e-02,-2.38669869e-02,-1.94937944e-01,-3.38430367e-02,
  -1.86955482e-01, 2.55415682e-02,-2.61255894e-02,-1.25181992e-02,
  -2.40996145e-02,-3.00893933e-02,-1.49735644e-01,-2.07305968e-01,
  -1.49948150e-01,-1.72520444e-01,-4.19226289e-02,-1.00895604e-02,
  -1.75747335e-01,-6.26985505e-02,-1.67666413e-02,-6.76509440e-02,
  -7.50138834e-02,-1.96577251e-01,-7.11253611e-03,-9.05557349e-03,
  -1.30471930e-01,-2.45324016e-01,-1.66571885e-01,-6.48496002e-02,
  -1.00290000e-01,-7.60923401e-02,-1.96227387e-01,-8.61587822e-02,
  -1.31048754e-01,-1.73457623e-01,-1.04829215e-01,-1.66358888e-01,
   1.60999857e-02,-2.52517164e-01,-2.32322723e-01,-1.44051671e-01,
  -8.33642781e-02, 2.08844934e-02,-1.12394318e-01,-2.35335045e-02,
  -9.54640806e-02,-2.13978197e-02,-1.88580617e-01,-1.62943944e-01,
  -1.04019694e-01,-9.72771458e-03, 1.34249413e-02,-9.54113454e-02,
  -4.13242280e-02,-1.43029238e-03,-1.07564121e-01,-2.08812103e-01,
  -1.41062271e-02,-2.07327262e-01,-2.68595517e-01,-1.27560154e-01,
  -2.38052636e-01,-1.81906253e-01,-8.10591877e-02, 5.27137192e-03,
   3.16041429e-03,-7.36981034e-02,-1.51948094e-01,-8.46776217e-02,
  -2.53263742e-01,-1.11193424e-02,-2.75592878e-02,-1.68673992e-02,
  -4.40144688e-02,-9.35983062e-02,-1.93478271e-01, 6.29533380e-02,
  -1.67556524e-01,-1.60968706e-01,-2.64281780e-01,-3.87739837e-02,
  -6.10150099e-02,-2.92142779e-01, 2.57993080e-02,-1.08794101e-01,
  -1.31746948e-01, 9.63727161e-02,-2.02572018e-01,-8.68720859e-02,
  -1.41188696e-01,-1.18011452e-01,-1.56817451e-01,-1.66479677e-01,
  -1.24277964e-01,-2.17146233e-01,-1.95223279e-02, 2.07912698e-02,
   7.95438513e-03,-1.96413845e-02,-9.82877016e-02,-1.74043670e-01,
  -1.45160586e-01,-1.17954589e-01,-1.67580530e-01,-1.52166277e-01,
  -9.56895947e-02,-5.19051887e-02,-2.07265779e-01,-6.81915432e-02,
  -2.35675439e-01,-1.80605918e-01,-6.62870426e-03,-1.40656024e-01,
  -8.83714706e-02, 1.81107689e-02,-8.93160403e-02,-6.11546934e-02,
   2.33346894e-02,-3.73273902e-02,-1.19264543e-01, 1.26801664e-02},
 {-8.18688869e-02,-8.74879837e+00,-1.61033857e+00,-1.83094814e-02,
   1.98190475e+00,-8.25964808e-02,-3.27009368e+00,-8.14191028e-02,
  -1.11539402e+01,-1.33049721e-02,-3.32561523e-01, 3.65124524e-01,
   7.24481761e-01, 7.38510787e-01,-2.14108974e-01, 4.15941358e-01,
  -1.31960243e-01,-4.10025740e+00, 3.15827608e-01, 1.17573130e+00,
   2.08086681e+00, 6.28605843e-01, 8.33804011e-01, 5.24007559e-01,
   4.50255305e-01, 4.81273569e-02, 3.08596969e+00,-4.84905720e+00,
   2.42658377e-01, 1.02721846e+00, 2.39742970e+00,-3.12458992e-01,
   1.35090381e-01,-1.50685310e+00, 6.05650187e+00,-7.35791087e-01,
  -2.37893045e-01,-1.04530942e+00, 3.22766811e-01, 3.88305970e-02,
  -3.00731689e-01,-1.10532618e+01, 4.96695697e-01, 2.63911963e+00,
   6.48834631e-02,-7.32671201e-01, 3.66891444e-01,-7.80795664e-02,
  -1.63355522e+01, 2.81970538e-02,-1.86012208e-01,-7.49876574e-02,
  -6.45816326e+00,-2.66777277e-01, 1.82130456e-01, 1.04072429e-01,
   3.42021510e-02, 2.38900930e-01, 1.26241040e+00,-5.16968489e-01,
  -1.14502581e-02,-9.34454024e-01,-3.10555649e+01,-1.57942846e-01,
   4.82951440e-02,-4.52836007e-01,-2.88490701e+00,-8.22051525e+00,
  -4.86276001e-01, 4.81333524e-01, 1.51424611e+00,-2.65562963e+00,
   2.46764496e-01, 6.79412410e-02,-2.01767230e+00,-3.67448390e-01,
   1.27639399e+01,-2.68861234e-01, 1.29428282e-01,-1.32804602e-01,
  -2.40800589e-01,-1.06699593e-01,-1.13131154e+00, 1.31239641e+00,
   2.62527764e-01,-4.89129333e+01,-7.77169323e+00, 3.43707025e-01,
   1.16778374e+00,-7.78993219e-03, 1.00907826e+00, 1.43875360e-01,
  -1.66412377e+00, 8.42134237e-01, 8.51654708e-02,-4.18930978e-01,
  -2.96694934e-01, 1.32056141e+00,-7.91515684e+00,-1.71722382e-01,
  -4.99120981e-01,-8.14199734e+00,-9.29189563e-01, 1.39594674e-01,
  -4.04334038e-01,-4.88800481e-02,-7.58370087e-02,-3.65318596e-01,
  -7.75098991e+00,-6.20850734e-02, 4.17559355e-01,-2.23675430e-01,
   1.81484928e+01, 5.58423847e-02, 4.87065525e-04,-2.58192252e-02,
   2.83427149e-01, 1.03809424e-01,-1.35139179e+01,-1.30198641e+01,
   4.75490987e-01,-1.29236832e-01, 1.14964776e-01,-2.25528526e+00,
   2.98016787e-01,-4.39492130e+00,-4.76937723e+00,-5.38684130e+00},
 {-1.22509432e+00, 5.82306385e-01, 1.16154194e-01, 5.88896394e-01,
  -1.69899434e-01, 2.44347453e+00,-5.60182095e-01, 1.42746007e+00,
  -7.77456880e-01,-5.71149766e-01,-8.11907411e-01,-3.60407209e+00,
   2.79232860e-01,-2.89552808e-01,-2.03646213e-01,-6.84841812e-01,
  -3.34202915e-01,-3.16928208e-01, 3.61482143e-01, 6.09572887e-01,
   2.43244022e-01, 1.88651338e-01,-9.63565540e+00, 3.02937865e+00,
  -2.44140133e-01, 9.27512228e-01, 4.36930835e-01,-2.73169786e-01,
  -5.63520789e-01, 1.58164576e-02,-1.05052456e-01, 5.22180200e-01,
   1.67844504e-01,-5.03683209e-01, 6.96721554e-01, 5.38989723e-01,
  -2.35085860e-01, 1.07670188e+00, 2.71759689e-01, 1.89095628e+00,
   2.09693718e+00,-3.57838035e-01,-6.14902854e-01,-9.38968897e-01,
   4.16675270e-01,-1.11973770e-01, 3.00582933e+00, 4.09475297e-01,
  -2.19949335e-01,-1.38801664e-01, 1.11945319e+00, 2.49370083e-01,
  -8.57704654e-02, 3.55358243e-01, 4.14997600e-02, 5.40941060e-01,
   6.16337109e+00,-1.24803865e+00, 2.93976367e-01, 2.66716123e-01,
   3.70529008e+00,-6.90020025e-01, 2.75983755e-02,-1.11560297e+00,
   2.04890311e-01, 1.70447037e-01,-2.35971585e-01, 1.73579311e+00,
  -5.30232847e-01, 1.06013060e+00, 1.64699987e-01, 5.96906900e-01,
  -5.37718534e-02, 1.20039320e+00, 3.22171479e-01,-3.84870529e-01,
   5.39681613e-02, 1.96583481e+01,-1.73634872e-01,-1.53394079e+00,
   3.16734642e-01, 1.81813860e+00, 3.37845504e-01,-6.83169439e-02,
  -5.06504714e-01, 3.64393294e-01, 2.40941048e-02,-4.71153408e-01,
   8.62391233e-01, 7.14523941e-02, 5.52418344e-02,-9.81659222e+00,
   5.07777274e-01,-2.10998859e+01,-2.38251969e-01, 8.89444447e+00,
   1.16982028e-01, 4.67768133e-01,-2.64709234e-01,-1.16780531e+00,
  -6.09099746e-01,-1.97741047e-01, 6.40377378e+00,-3.41991007e-01,
   5.73901463e+00,-1.07196653e+00, 4.64076430e-01,-1.50917992e-01,
   1.00595951e+00, 4.26086158e-01,-5.36547470e+00, 3.12846327e+00,
   5.23400486e-01,-9.55117881e-01,-2.65257120e+00,-6.22927427e-01,
  -6.65243328e-01,-1.20426857e+00,-7.00463951e-01,-3.03846449e-01,
   1.85045451e-01,-7.89590776e-02, 1.98858917e-01, 2.38581061e+00,
  -5.58605790e-01,-1.24582924e-01, 6.71868086e-01, 2.71444082e-01},
 { 4.30200130e-01,-2.93684989e-01,-1.35653898e-01,-5.24126112e-01,
  -2.95459533e+00,-3.25018018e-01,-4.84868795e-01,-2.84090400e-01,
   9.54534054e-01, 9.62603614e-02,-1.65376472e+00, 1.86039001e-01,
  -4.28898543e-01,-6.55943334e-01, 2.03622627e+00,-3.98261011e-01,
   9.86244995e-03, 2.09592819e+00, 3.57841969e+00,-6.39889479e-01,
  -1.67448938e-01,-2.30666327e+00,-2.46719718e-01,-1.92080748e+00,
  -3.68468940e-01,-8.31263140e-02, 3.10941130e-01, 5.27332878e+00,
  -2.56181389e-01, 9.68782187e-01,-7.94535518e-01, 4.43823546e-01,
  -2.95153260e-01, 3.54619098e+00, 5.55474341e-01,-1.23478644e-01,
   6.89648390e-01, 1.31891477e+00,-6.12834871e-01,-2.36455321e-01,
   1.77366972e-01,-4.75737143e+00,-9.69758153e-01, 2.35950923e+00,
   2.65706241e-01,-6.79099441e-01,-7.39166141e-01,-2.11379141e-01,
   3.28241110e-01,-3.56638938e-01, 8.75450745e-02, 3.75504643e-01,
   2.72133207e+00, 7.87991166e-01,-1.41174197e-01,-1.87064216e-01,
  -4.42652613e-01,-1.74031153e-01,-2.67109132e+00,-5.15425146e-01,
   6.73841983e-02, 1.98075116e+00,-2.49851298e+00,-8.23832303e-02,
  -3.52735631e-02, 7.91627526e-01, 1.20298731e+00,-2.75498700e+00,
   3.60508233e-01,-1.32788098e+00,-1.12604058e+00, 1.75789142e+00,
  -5.55890143e-01, 9.56843197e-02,-4.38405544e-01, 1.17653120e+00,
   4.39193535e+00,-1.22174811e+00,-1.73843816e-01, 2.12548807e-01,
   2.27254316e-01, 3.02107573e-01, 2.71036482e+00,-1.84022331e+00,
   1.91480875e-01,-4.10720222e-02,-6.93931043e-01,-8.91986430e-01,
   7.15590835e-01, 1.86995551e-01,-5.72557330e-01,-8.03443715e-02,
   1.86033261e+00, 3.36417019e-01,-3.27435642e-01, 5.89287043e-01,
   2.86417574e-01,-4.44162190e-01,-1.42340243e+00, 1.24753021e-01,
   9.65214014e-01, 6.28955984e+00,-2.15444729e-01,-5.94845057e-01,
   1.48733008e+00,-2.51879513e-01, 9.84985903e-02, 1.16911936e+00,
  -1.84824085e+01, 2.81618506e-01,-3.10057193e-01,-5.35775840e-01,
  -1.94958180e-01,-1.06854808e+00, 3.18140574e-02,-8.43404885e-03,
  -2.41904810e-01,-2.77578495e-02, 8.72705728e-02, 2.14688241e-01,
  -4.88492280e-01, 2.67843932e-01, 9.83098522e-02, 4.94323683e+00,
  -8.77258182e-01, 4.06916189e+00,-6.75501406e-01, 5.41566467e+00},
 { 3.74781942e+00, 1.27283001e+00, 7.31259510e-02, 2.88592911e+00,
  -5.38134098e-01,-2.02193880e+00,-7.02095890e+00,-3.40595579e+00,
  -5.38606405e+00, 3.60753202e+00,-6.18895628e-02, 9.42767411e-02,
   1.01164663e+00, 2.10133433e+00, 3.10484380e-01, 3.39015532e+00,
  -7.53810263e+00,-1.09545434e+00,-3.08715403e-01, 6.64392185e+00,
  -2.78823495e+00, 2.63345075e+00, 6.45451975e+00, 3.33037090e+00,
  -8.73939037e+00,-2.12888956e+00,-7.92152929e+00,-2.05045223e+00,
   7.72342458e-02,-2.26980042e+00, 8.49970043e-01,-4.91770220e+00,
  -1.53313264e-01, 1.92332888e+00,-2.85087615e-01,-3.10450315e-01,
   2.42552042e+00, 2.56794047e+00,-3.08861470e+00,-6.63045764e-01,
   2.34431386e+00, 1.24207807e+00,-1.53365154e+01, 1.58781216e-01,
  -2.35979199e-01, 2.13255620e+00,-3.81608605e+00,-7.30898619e-01,
  -3.13872600e+00,-2.77168560e+00,-1.03323698e+00,-7.65131044e+00,
   1.37409401e+00,-3.93431282e+00,-6.45183325e+00, 2.11527920e+00,
  -4.08522987e+00, 3.46101117e+00, 1.28406596e+00, 1.39951050e+00,
  -2.72335172e-01, 2.11434722e+00,-1.49694026e+00,-3.32315850e+00,
   6.36580992e+00,-7.06431806e-01,-1.33250129e+00,-5.36817122e+00,
   2.70757484e+00,-8.71947575e+00, 1.01367259e+00,-6.19126558e-01,
  -5.33648789e-01, 2.25265408e+00, 1.65009797e-01, 1.07064028e+01,
   3.78889114e-01, 1.42268073e-02,-6.44079018e+00, 4.11420393e+00,
   4.47567749e+00,-1.17062879e+00, 9.88526762e-01,-1.49397099e+00,
  -9.18948936e+00,-2.65322661e+00,-3.54534149e-01, 2.35961005e-01,
   2.80096412e+00,-3.17203140e+00, 2.62077880e+00, 5.55159235e+00,
   8.30247343e-01, 8.24148115e-03,-4.42185938e-01, 4.76940542e-01,
  -4.88336295e-01, 2.96919537e+00,-1.50057971e+00,-3.19546485e+00,
   1.35076058e+00,-4.17885828e+00, 1.20978463e+00,-1.58171332e+00,
  -3.91481854e-02, 1.23681748e+00,-1.72817552e+00,-3.68753839e+00,
  -1.13630009e+01, 3.16219270e-01, 1.08105791e+00, 2.42294580e-01,
   9.36090946e-01,-6.90129614e+00,-8.48154926e+00, 2.17673087e+00,
   3.17498970e+00,-1.33126235e+00,-8.47504616e+00,-5.83902836e-01,
  -1.07300401e+00,-1.45466185e+00, 3.10574007e+00, 9.01837158e+00,
   8.85757685e-01,-4.40842772e+00,-1.20856428e+01,-4.46093559e+00},
 { 2.32247424e+00,-7.18128622e-01, 7.90455461e-01,-3.79555941e+00,
   1.95243108e+00,-8.97623920e+00,-2.24439526e+00,-6.07079411e+00,
  -8.05373001e+00,-3.47346497e+00, 2.54524541e+00, 2.26057649e+00,
   1.84763682e+00, 8.44445825e-01,-2.05087066e+00,-1.71335673e+00,
  -5.80444813e-01, 9.58079755e-01, 8.08526933e-01,-3.25545239e+00,
  -9.71571922e+00,-7.49890447e-01,-3.16197681e+00,-4.95653200e+00,
  -8.85926247e+00,-3.40443969e+00, 4.77053761e-01,-9.03652012e-01,
  -6.61668491e+00,-1.77554572e+00,-2.13877130e+00,-6.30526114e+00,
  -8.60968471e-01, 4.20236617e-01,-4.04242486e-01,-5.04357433e+00,
  -9.84298420e+00,-2.43547511e+00, 4.23906660e+00,-1.43056240e+01,
  -1.17190771e+01,-2.88131833e+00,-6.11929560e+00,-1.41516745e-01,
  -2.89110518e+00,-6.28025115e-01, 2.39727095e-01,-3.74036145e+00,
  -3.62460017e+00, 2.47720218e+00,-2.81998634e+00, 3.67029488e-01,
   1.00065956e+01,-8.43634892e+00, 8.16002274e+00, 1.55330908e+00,
  -2.30246983e+01, 9.00119916e-02, 1.79179981e-01,-7.72801876e+00,
  -2.63270050e-01, 1.14429820e+00,-1.08996916e+00, 7.24930191e+00,
  -7.51761103e+00,-4.47796059e+00,-2.47578412e-01, 3.62644267e+00,
  -1.56446385e+00,-2.40742493e+00, 9.64200795e-02,-5.40145636e-01,
   5.81241608e+00,-9.79460144e+00, 5.02904749e+00,-5.71114159e+00,
   1.01063740e+00, 1.75896299e+00, 2.48552752e+00, 1.51237273e+00,
  -6.30154562e+00,-6.61161518e+00,-7.11927772e-01,-3.29312980e-01,
   5.73397875e+00,-1.42220724e+00, 8.29129890e-02,-2.40258932e+00,
  -1.49781287e+00, 5.39401579e+00,-2.75538921e+00,-5.11673832e+00,
  -9.45903492e+00, 3.25791168e+00,-1.68385804e+00, 2.84966350e+00,
  -6.10926533e+00, 4.81382513e+00, 6.05118513e-01,-3.23008871e+00,
  -1.53266340e-01, 2.13392377e+00, 1.30658090e+00,-1.51134801e+00,
   1.11145043e+00,-2.29183459e+00,-9.00188541e+00, 1.96330833e+00,
  -4.67182016e+00, 7.66825140e-01, 1.17616609e-01,-2.32543540e+00,
   2.21129172e-02,-1.67948704e+01, 2.61764359e+00, 2.81460404e+00,
   1.00769246e+00, 6.19994640e-01, 8.73295128e-01,-6.62358642e-01,
  -3.47481537e+00,-8.17735791e-01,-1.35870290e+00, 3.57024670e+00,
  -2.20694208e+00,-1.19693625e+00,-3.94216633e+00, 6.20338440e-01},
 {-1.81617662e-01,-8.91882479e-02,-1.03179686e-01,-9.48701277e-02,
  -5.87484054e-02,-8.93806480e-03,-2.67914869e-02,-1.93161741e-02,
  -2.35867165e-02,-6.73741326e-02,-5.73410429e-02,-7.74482712e-02,
  -1.11233354e-01,-1.05839252e-01,-1.63782880e-01,-7.94257224e-02,
  -7.95818940e-02,-4.98827081e-03,-1.42959645e-03,-1.03407651e-01,
  -7.07053393e-02, 8.37324094e-03,-4.97198626e-02,-4.07498591e-02,
  -6.73589706e-02,-1.54854327e-01,-1.05042882e-01,-5.07449657e-02,
  -5.79715185e-02,-9.33471844e-02,-1.26219675e-01, 3.59311365e-02,
  -7.68481195e-02,-1.53883547e-01,-5.32655753e-02,-4.70906198e-02,
  -1.32301673e-01,-2.80303676e-02,-9.74753276e-02, 1.26672704e-02,
  -6.81211129e-02,-1.00161955e-01, 6.04858622e-03, 5.79566583e-02,
  -2.56521180e-02,-7.70520717e-02,-7.66936243e-02,-7.62175471e-02,
   2.86633847e-03,-1.13791391e-01, 2.31135692e-02,-1.78812519e-01,
   1.02096777e-02,-6.78494992e-03,-1.04204938e-01,-7.61598498e-02,
  -2.05994993e-01,-4.82371859e-02,-5.75920194e-02,-4.10061069e-02,
  -7.81303793e-02,-3.68597433e-02, 5.46269864e-03,-1.20769575e-01,
  -1.08916953e-01,-6.54026642e-02,-1.11057431e-01,-1.84385218e-02,
  -7.64101231e-03, 5.65892830e-02,-8.65244418e-02, 8.12810380e-04,
   1.43472822e-02,-1.09680124e-01,-1.46370425e-04, 1.59831196e-02,
  -8.57073441e-02, 1.90378129e-02,-6.14830069e-02,-4.41547446e-02,
  -7.00540617e-02,-1.29710063e-01, 2.32867356e-02,-2.54664477e-02,
  -4.06525936e-03,-7.58803859e-02,-1.16188955e-02, 4.81741391e-02,
  -6.94885775e-02,-1.53543293e-01,-6.80244714e-02,-8.23063776e-02,
  -1.23873278e-02,-9.65193138e-02,-1.19996540e-01,-1.58580869e-01,
   2.32498720e-02,-3.76039594e-02,-6.27510697e-02,-2.96756793e-02,
  -1.41067147e-01,-2.99533326e-02,-9.70847532e-02,-8.66378471e-02,
   3.61712575e-02,-5.66679239e-02,-1.53486803e-02,-1.33769929e-01,
  -8.19788352e-02,-7.72574469e-02,-1.67837664e-01, 4.37537506e-02,
  -5.80530427e-02,-7.17261136e-02,-7.52269998e-02,-5.61740063e-02,
   3.46681140e-02,-5.17127402e-02,-4.72689904e-02,-1.14043579e-01,
   4.06614989e-02,-3.37826908e-02,-4.65026125e-02,-5.25179133e-02,
  -1.27309889e-01,-5.53371273e-02,-1.08063100e-02,-3.22994078e-03},
 {-3.39229405e-01, 3.11802208e-01, 1.49626243e+00, 7.55367637e-01,
   1.65719235e+00, 6.04907982e-03, 1.61641359e-01,-3.33676650e-03,
  -1.73334196e-01,-8.25778097e-02,-3.17665398e-01,-2.33458117e-01,
  -4.38867521e+00, 3.39260697e+00, 3.07228827e+00,-9.97151881e-02,
   1.61049247e-01, 7.68560469e-01, 2.52609968e+00,-1.19960733e-01,
   1.66211978e-01, 1.51691115e+00, 4.65321571e-01,-5.36464357e+00,
   2.37744898e-01, 3.14337659e+00,-8.14633560e+00,-7.53898287e+00,
  -1.45444810e-01, 4.02529478e-01,-7.53790200e-01,-3.27884746e+00,
   1.37904668e+00,-3.24551034e+00, 3.55117178e+00, 8.80239296e+00,
  -9.74441707e-01,-1.39708304e+00,-1.83314122e-02, 1.64462060e-01,
  -3.64945978e-02,-7.36244249e+00, 4.12508070e-01,-6.16509867e+00,
   1.72886178e-01, 1.03322315e+00,-1.41196594e-01, 1.91982722e+00,
  -8.70223194e-02,-1.30633429e-01,-4.32560556e-02,-2.89391136e+00,
   6.65568411e-01,-4.93935633e+00, 1.29007077e+00, 1.33277819e-01,
   2.24176228e-01, 1.86223537e-01,-5.88926040e-02,-1.05598144e-01,
   1.69136733e-01,-5.39336860e-01, 3.81077230e-01,-2.26863533e-01,
  -6.86654001e-02,-5.12290001e+00,-1.13357067e+00, 3.37568212e+00,
   1.95746231e+00, 2.90990591e-01,-2.28058696e-01, 4.42706203e+00,
   5.73766708e-01, 7.48490170e-02, 1.63641140e-01,-7.49466956e-01,
   2.50139087e-01, 1.30104756e+00,-1.77523232e+00,-2.92835891e-01,
  -1.47901520e-01, 1.85808346e-01,-4.15923208e-01, 2.94267392e+00,
  -9.38062519e-02, 6.53985739e-01, 7.58739471e-01, 1.50251937e+00,
  -2.73714304e-01,-3.93565059e-01, 3.75817329e-01, 3.07340175e-01,
  -8.54386032e-01,-6.48858011e-01,-1.63211465e+00, 1.42666385e-01,
  -1.43958962e+00, 5.51180840e-01, 5.69447231e+00, 5.67699485e-02,
  -9.04239953e-01,-7.96633911e+00,-7.55923152e-01, 1.45886675e-01,
  -1.71434689e+00, 2.94075161e-01, 8.71914402e-02,-7.89007604e-01,
   7.17721939e+00,-5.10920584e-02,-1.80216849e-01,-1.46204680e-01,
  -6.64802015e-01, 8.50297734e-02,-1.74322397e-01, 9.56926271e-02,
  -3.12382054e+00,-1.96341991e-01,-2.21092746e-01,-2.22738639e-01,
  -4.12537783e-01, 1.41069782e+00,-1.50430635e-01, 2.79380608e+01,
   4.57763784e-02, 5.80095410e-01, 1.62770033e-01,-4.77505207e+00},
 {-2.48051304e-02,-4.49330360e-02,-1.22971304e-01,-1.21814981e-01,
  -6.38329843e-03,-1.15908578e-01,-3.70889679e-02,-4.97859083e-02,
  -2.98774298e-02,-7.06730261e-02,-5.10339588e-02, 1.57317184e-02,
  -1.03990875e-01,-2.92333029e-02,-5.19598536e-02,-9.92576331e-02,
  -1.38321519e-01,-3.22331041e-02,-1.17701046e-01, 7.28098676e-02,
   5.18543608e-02,-8.20787698e-02,-1.06165044e-01,-8.49336162e-02,
  -1.24712229e-01,-1.36916619e-03,-2.75899507e-02,-3.06664184e-02,
  -1.84143499e-01,-9.45866555e-02,-6.83342218e-02,-9.00923312e-02,
   3.30032781e-03, 1.76491737e-02,-1.01118617e-01,-1.07950540e-02,
  -5.33390194e-02,-2.05580536e-02,-8.33131373e-02,-1.49726152e-01,
  -1.12763964e-01,-7.58746266e-02,-7.90919513e-02,-1.26502782e-01,
  -1.08171687e-01,-9.37301107e-03,-1.09053524e-02,-9.25170705e-02,
   4.51159663e-02,-1.62061617e-01,-1.29335910e-01,-7.62113631e-02,
  -3.93829420e-02,-1.51911139e-01, 7.04170624e-03,-7.37789348e-02,
  -1.46255055e-02,-3.61918285e-02,-1.64782628e-01,-7.21964836e-02,
  -2.20647436e-02,-1.61710039e-01,-2.02451311e-02, 3.97109576e-02,
   7.28466175e-03,-6.16590977e-02,-1.18618384e-01,-5.58292717e-02,
  -6.44833222e-02, 1.03634931e-01, 4.16022651e-02,-5.64672723e-02,
  -4.61565889e-02,-1.63471431e-01,-1.45731375e-01,-6.60446147e-03,
  -1.60217583e-01,-6.74344078e-02,-4.65786159e-02,-5.86714745e-02,
  -1.62154406e-01,-1.07064798e-01,-6.85421973e-02,-4.10871319e-02,
   2.10632458e-02,-6.07640781e-02,-8.86622593e-02,-1.83275759e-01,
  -3.18376161e-02,-6.11095317e-02,-7.65385777e-02, 5.41034490e-02,
  -6.44370764e-02, 5.19851744e-02, 3.64983617e-03,-5.97035997e-02,
  -1.49687871e-01,-2.65685525e-02,-8.40181336e-02,-6.28480986e-02,
   6.36923164e-02,-1.57324880e-01,-4.78565656e-02,-1.45342916e-01,
  -8.71729627e-02,-7.16173276e-03,-8.61445665e-02,-9.72772986e-02,
  -6.40035942e-02,-5.95498011e-02,-1.07491724e-01,-8.59769732e-02,
  -3.67684700e-02,-4.06517694e-03,-6.97278157e-02,-3.18912081e-02,
  -1.41409352e-01,-1.41257569e-01,-7.91798234e-02,-1.27367169e-01,
  -1.58676747e-02, 4.11464870e-02, 4.60817404e-02, 4.87871356e-02,
  -1.01383537e-01,-1.50624523e-02,-1.01837358e-02,-1.52075484e-01},
 { 4.87839907e-01, 1.52003157e+00,-3.02671790e-02,-1.39707768e+00,
   1.60051596e+00,-3.51600647e+00, 1.43704724e+00,-2.18782353e+00,
  -4.40280390e+00, 1.30275458e-01, 2.86412215e+00,-1.12204123e+00,
   1.71368629e-01,-1.00571907e+00, 2.77228355e-01,-2.34212947e+00,
   6.21974289e-01,-1.32312655e+00, 1.58544624e+00,-6.43497765e-01,
   1.73169732e+00,-1.62493980e+00,-3.42031926e-01, 3.79730630e+00,
   1.33123386e+00,-5.30512094e-01, 4.84186935e+00,-1.78338870e-01,
  -1.25739896e+00, 1.07587790e+00, 1.10419178e+00,-1.32896972e+00,
  -8.60372066e+00, 1.26150525e+00,-1.57159424e+00,-1.50213885e+00,
  -3.41168880e+00,-3.66899580e-01, 1.01940954e+00,-1.44712651e+00,
  -8.10846984e-01, 4.23901272e+00,-7.47997463e-01,-2.14892626e-01,
  -1.93463504e-01,-9.44267631e-01, 5.73125780e-01,-1.80346191e-01,
   1.61346364e+00, 2.88041401e+00,-1.08121149e-01,-4.73649693e+00,
  -4.01256084e-01,-1.67100346e+00, 6.08728588e-01,-3.23884219e-01,
  -1.69773448e+00, 5.23728907e-01, 4.06200409e-01, 1.20118582e+00,
  -1.30833000e-01,-9.21411738e-02,-1.09537013e-01, 8.24744999e-02,
  -8.14323187e-01,-2.46071482e+00,-1.96089315e+00, 3.52753496e+00,
   8.30209970e-01, 4.31965053e-01, 1.93492264e-01, 1.82606071e-01,
   8.25517535e-01,-1.24587345e+00, 4.34088349e-01,-3.75750303e+00,
   1.81148517e+00,-1.56244624e+00,-6.59706056e-01,-1.07142009e-01,
   2.32088447e+00,-3.06965041e+00,-2.92676717e-01, 3.15205932e-01,
  -2.28484049e-01,-2.24986386e+00, 2.64792991e+00, 6.48647128e-03,
  -8.76528859e-01, 4.20311004e-01, 1.02995276e+00, 1.42353344e+00,
  -9.53579605e-01,-1.38235068e+00, 6.57615006e-01,-2.44321394e+00,
   1.40232217e+00,-6.08231211e+00, 6.29379749e-02, 3.37745070e-01,
  -4.64032936e+00, 4.92074919e+00, 3.23448777e+00,-3.46495795e+00,
   2.74591994e+00, 6.48028970e-01,-9.86733079e-01,-4.17284870e+00,
  -5.76728868e+00,-4.93438333e-01,-8.57095420e-02,-4.62662220e+00,
   1.82953358e+00,-1.17838824e+00,-6.01433098e-01,-7.37885356e-01,
  -3.20859104e-01, 1.25854683e+00,-5.87549448e+00,-7.03780770e-01,
   3.89958858e-01, 1.63668048e+00, 3.45553470e+00, 7.87707853e+00,
   4.54331350e+00,-3.00037861e+00,-1.84879291e+00,-2.62046695e+00},
 {-9.36357880e+00, 2.57850552e+00, 3.39007266e-02,-2.08696079e+00,
   1.75696743e+00, 1.03103089e+00,-1.75296557e+00, 1.29696512e+00,
  -1.00139034e+00,-1.85157704e+00,-9.91229773e-01,-4.48232985e+00,
   1.42613187e-01,-8.10148641e-02,-4.78167772e-01, 5.26494408e+00,
  -7.13967681e-01, 1.53765142e-01,-7.33866453e-01, 8.72136295e-01,
   6.93082631e-01,-9.13775802e-01,-3.25320220e+00,-3.87810826e+00,
  -1.10044301e+00, 7.47100338e-02, 2.31620693e+00,-2.60377824e-01,
  -1.48987436e+00, 4.58035946e-01, 5.79666011e-02, 9.40148890e-01,
  -2.54228091e+00,-3.51464391e+00, 3.20151353e+00, 1.34686077e+00,
   1.67918563e+00, 1.49781212e-01,-4.41682959e+00, 1.98287356e+00,
   3.57360542e-01, 3.30588847e-01, 2.03594506e-01,-1.58510774e-01,
   5.01181245e-01, 1.72626519e+00,-9.29320931e-01,-1.01158306e-01,
  -1.68472850e+00,-3.26368779e-01, 2.88044834e+00, 1.67548990e+00,
   2.44913530e+00, 1.44703352e+00, 4.35104698e-01,-1.42112285e-01,
   8.13917065e+00, 8.80655384e+00,-3.98390070e-02, 1.10287690e+00,
   1.11747169e+00,-5.07576656e+00, 2.18994915e-01,-2.05060635e+01,
  -1.57652758e-02, 5.72529316e-01, 3.67860764e-01, 1.32175839e+00,
   1.24634695e+00,-6.80443525e-01,-2.00561598e-01, 2.62064606e-01,
  -3.71345520e+00, 5.68802774e-01, 9.65916991e-01,-2.54841347e+01,
   2.08048546e-03, 5.92804718e+00,-1.21401250e+00,-2.32867217e+00,
   8.42079461e-01, 7.63145745e-01, 8.25238287e-01, 2.47899629e-02,
  -2.08414450e-01, 4.08234261e-02,-3.03239405e-01,-1.74269438e+00,
   1.13826418e+00,-5.62332153e-01,-5.09246254e+00,-1.51064897e+00,
   1.36634052e+00,-4.42264404e+01,-7.29510307e-01, 2.09182000e+00,
   8.54994535e-01,-1.11254489e+00, 4.62585300e-01,-1.01642780e+01,
  -5.11164474e+00, 7.01262236e-01,-2.24229679e+01,-1.29720008e+00,
  -7.93714714e+00,-1.04033732e+00,-9.75929648e-02,-2.50742018e-01,
   8.99791300e-01, 1.24473226e+00,-6.55437422e+00, 4.34539080e+00,
   2.18829572e-01,-2.13864589e+00, 1.31949532e+00,-1.37838161e+00,
   7.00264648e-02,-9.02712882e-01,-6.37507915e+00,-7.68372595e-01,
   8.27232748e-02,-5.79906273e+00, 9.45172131e-01,-2.46241188e+00,
   8.57706010e-01, 8.40699315e-01, 2.57776237e+00,-5.98722839e+00},
 { 1.20191388e-02,-6.38364479e-02,-9.71295685e-02,-1.18446454e-01,
  -1.16949469e-01,-5.68875112e-02, 1.03630442e-02,-1.41025752e-01,
  -1.07200854e-01,-1.30479544e-01,-5.87252341e-02,-1.19589232e-01,
  -7.75121823e-02,-2.46798433e-03,-1.16284668e-01,-6.78462461e-02,
  -7.94864073e-02,-1.32326245e-01,-5.09334393e-02,-1.59573629e-01,
  -8.71247873e-02,-9.28465351e-02,-2.32261955e-03, 3.27676907e-02,
   1.53474109e-02,-1.18299194e-01, 1.43322507e-02,-1.58975095e-01,
   7.81005668e-03,-1.11073665e-01,-1.50413305e-01,-1.84636086e-01,
  -1.82392538e-01,-9.76547152e-02,-8.54282677e-02,-6.42285943e-02,
  -6.11860789e-02,-6.87772557e-02,-1.00053385e-01,-1.07898906e-01,
  -1.76596478e-01, 5.73943146e-02,-8.67132023e-02,-6.54219538e-02,
  -2.43707150e-02,-3.49482521e-02,-9.76972580e-02,-1.46696880e-01,
  -1.33216679e-01,-5.96312843e-02,-8.33761096e-02,-4.66820896e-02,
  -1.03687949e-01,-1.62449647e-02,-1.07618324e-01,-7.07645267e-02,
  -1.47452027e-01,-7.55292699e-02,-8.35735351e-02,-1.53769612e-01,
  -1.45252511e-01,-6.20175488e-02, 5.22342650e-03, 1.10092899e-02,
  -2.56111585e-02,-2.07370277e-02,-1.50397658e-01,-6.04901798e-02,
  -1.36884868e-01,-3.09817158e-02,-5.11779599e-02,-5.86597621e-02,
  -6.47053793e-02,-1.22224636e-01,-2.05325596e-02,-1.28286481e-01,
  -9.27422270e-02,-1.60534419e-02,-6.66184202e-02,-1.23922631e-01,
  -1.77628696e-01, 3.85067007e-03,-2.07283556e-01,-1.14643432e-01,
  -9.01860148e-02, 6.00223243e-02,-9.68116075e-02,-8.34062099e-02,
  -1.26160324e-01,-3.61035578e-02,-1.07079640e-01,-8.39991942e-02,
  -2.37546358e-02,-5.44550754e-02, 2.60799495e-03,-5.19460514e-02,
  -2.62178984e-02,-6.73421621e-02,-1.98682457e-01,-6.01694398e-02,
   1.15858614e-02,-1.05128646e-01,-1.03329286e-01,-1.26524776e-01,
  -4.42181863e-02,-1.74263641e-01,-1.04485944e-01, 3.73362191e-02,
  -3.30924094e-02, 1.93195157e-02,-7.06335977e-02,-1.15322314e-01,
  -7.95112327e-02,-1.06320255e-01,-2.05798835e-01,-6.82431608e-02,
  -7.88760334e-02, 7.87102245e-03,-1.15161471e-01,-1.02956668e-01,
   6.84487028e-03,-1.58466876e-01,-4.28947387e-03, 5.51568810e-03,
  -1.42686054e-01, 5.93232773e-02,-1.01537511e-01,-7.35996440e-02},
 {-6.66324186e+00,-2.98160815e+00, 1.52144926e-02,-3.50030684e+00,
  -1.30100870e+00,-3.91029358e+00, 5.33390856e+00,-2.69207764e+00,
   1.07474256e+00, 1.32080734e+00, 1.86060679e+00,-1.69226897e+00,
  -2.34772027e-01,-2.26334706e-02,-1.48810953e-01, 1.26251662e+00,
   7.10763454e-01,-4.78769243e-01, 3.91589493e-01,-6.22721577e+00,
  -5.51285744e-01,-9.24224854e-01, 5.94822741e+00, 1.59584737e+00,
  -1.08578005e+01,-6.47546470e-01,-1.91691923e+00, 3.13582182e-01,
   4.22063828e-01,-7.69338965e-01,-1.30769029e-01,-9.28427815e-01,
  -7.93621492e+00, 1.43301380e+00,-2.25461864e+00,-3.64156079e+00,
  -6.43419790e+00,-9.69877183e-01,-8.49928856e-01,-2.17757773e+00,
  -4.14051104e+00, 7.06999600e-01, 8.30455482e-01, 4.56440784e-02,
  -7.88329244e-01,-1.78781939e+00, 6.74002171e-01, 6.31047010e-01,
   1.59930682e+00, 4.23940510e-01,-3.28240204e+00, 8.84592414e-01,
  -6.50430775e+00,-6.41222417e-01,-2.74032503e-01,-5.01370430e-01,
  -7.01946783e+00, 1.95738161e+00, 4.16890353e-01,-5.56074262e-01,
   4.36192960e-01,-5.87547350e+00,-3.16412330e-01, 2.71419311e+00,
  -9.44106042e-01, 6.37705207e-01,-2.56004393e-01, 1.62508667e+00,
  -2.06384706e+00,-1.10205746e+00,-1.17957806e-02, 3.21321934e-01,
   7.38987207e+00, 1.55450985e-01,-1.45671880e+00,-6.23812437e+00,
  -1.87773481e-01, 5.23066950e+00, 9.35029447e-01, 2.24850368e+00,
  -7.23833859e-01,-1.15060081e+01, 7.74484649e-02,-1.43547989e-02,
   2.66471505e-01, 5.28134584e-01, 3.05062294e-01,-3.55896860e-01,
  -3.21547413e+00, 4.27733779e-01, 4.44203585e-01, 3.75974917e+00,
   7.27792919e-01, 4.09291649e+00, 1.21718955e+00,-1.03799272e+00,
  -1.07265425e+00,-1.20527267e+00,-8.36261272e-01, 1.10262299e+00,
   6.57463431e-01, 1.39714515e+00, 4.66414881e+00, 8.67021799e-01,
  -9.13568974e-01,-1.85513842e+00, 8.56050178e-02, 4.27831590e-01,
   1.49485812e-01,-2.83308434e+00, 8.26857567e+00,-1.33911419e+01,
   3.59072119e-01,-9.87296402e-01,-1.82689357e+00, 1.15433276e+00,
  -5.95716834e-01, 1.94881701e+00, 2.51289082e+00, 3.01151967e+00,
  -5.10343373e-01, 6.19624317e-01,-1.11512184e+00, 2.31108755e-01,
  -5.39588404e+00,-1.04661500e-02,-4.57608604e+00, 2.99819380e-01},
 {-2.98683262e+00, 8.68910968e-01,-4.09097910e-01, 3.46892625e-01,
   2.73049521e+00, 1.11542249e+00,-6.45563316e+00,-6.15404320e+00,
  -9.06356573e-01,-9.30480838e-01,-8.49629045e-01, 1.53554454e-01,
   7.36985266e-01, 9.71645415e-01, 8.55860829e-01, 2.24341893e+00,
  -1.26369393e+00, 4.00412023e-01,-3.97540718e-01, 4.86512482e-02,
   1.04808855e+00,-6.65984750e-01,-3.16099310e+00,-8.29509163e+00,
  -8.63972530e-02,-2.66777307e-01,-7.55190372e+00,-8.32811773e-01,
  -2.40462828e+00,-1.82674456e+00, 9.75294590e-01, 1.76448655e+00,
  -1.78818554e-01,-9.58812177e-01,-1.70409501e-01,-1.41108358e+00,
   3.65045905e-01, 8.21503758e-01,-2.19261193e+00, 6.69658840e-01,
   1.59847844e+00,-1.58886969e+00,-1.39323235e+01,-5.30317783e-01,
   3.75028908e-01,-1.78496099e+00,-2.60071039e+00, 1.07997465e+00,
  -9.35185671e-01,-1.67047524e+00, 6.93026543e-01, 1.74929988e+00,
   1.84650958e+00,-3.66353106e+00, 9.30181265e-01, 1.57556689e+00,
   5.05825567e+00, 4.31191534e-01, 5.82400523e-02,-2.92039543e-01,
   1.03039019e-01,-9.39546943e-01,-5.85579515e-01,-9.41764545e+00,
   1.22968197e+00,-9.75809157e-01, 5.34427017e-02,-1.12677529e-01,
  -4.38442916e-01, 6.06203496e-01,-3.94553453e-01, 2.56212473e+00,
  -1.10655081e+00, 3.17488283e-01,-1.29377902e+00, 8.92053795e+00,
  -8.01130533e-02, 8.41994095e+00,-2.17414808e+00,-3.06891489e+00,
   6.13377273e-01, 2.87116337e+00, 5.06668687e-01, 1.91449583e-01,
  -1.25041456e+01,-7.63335824e-01,-3.06789845e-01,-1.21667242e+00,
   3.10076308e+00,-1.73903719e-01, 2.15326175e-01,-1.97590101e+00,
  -2.63621420e-01,-2.13855724e+01,-4.51956892e+00,-2.81716108e-01,
  -5.94309151e-01, 4.43511754e-01, 1.38075984e+00,-1.09554422e+00,
   2.43921733e+00,-5.93816566e+00,-1.32453680e+01,-1.60773420e+00,
   1.27967849e-01, 1.10714901e-02,-1.98339999e+00,-6.38440084e+00,
  -2.20447898e-01, 7.98467159e-01,-5.25385809e+00, 4.74953127e+00,
   1.45535767e-02,-3.81478405e+00, 2.00591469e+00,-1.10592246e+00,
  -6.32301986e-01,-1.58578551e+00,-8.82509232e+00,-2.35340267e-01,
   2.45962411e-01, 1.68168619e-01,-2.35531241e-01, 6.61704421e-01,
  -1.81330168e+00,-1.06756628e+00, 1.13984108e+00, 3.65321207e+00},
 { 6.39876500e-02, 1.43176377e-01,-2.43849444e+00, 3.43475312e-01,
   9.56404030e-01,-5.85226864e-02,-1.36781492e+01, 8.38711858e-02,
   4.99903858e-02,-3.92635018e-02, 3.53930384e-01, 1.73652783e-01,
   3.40501857e+00, 4.72934341e+00, 1.64453351e+00, 4.22058553e-01,
  -7.02147484e-02, 3.90687370e+00,-6.17779541e+00, 5.24965301e-02,
  -1.30015537e-01, 6.88082397e-01, 1.77284941e-01, 2.44518340e-01,
   6.58304915e-02,-9.78433806e-03, 2.17984033e+00,-1.23527479e+01,
  -2.74206251e-01,-6.83975071e-02, 6.20382786e+00,-5.84668219e-01,
   1.57435909e-01,-1.76675200e+00,-1.56311769e+01,-3.39030564e-01,
   8.03427175e-02,-6.08306587e-01, 1.96010724e-01, 1.12954032e-04,
  -6.64327070e-02,-9.60859776e+00, 2.21651435e-01, 4.57449722e+00,
  -7.02204883e-01,-1.12237558e-01, 1.83485255e-01, 5.37862122e-01,
  -1.41513181e+00,-2.71112518e-03, 5.59923500e-02,-2.15228274e-01,
   6.89304471e-01,-2.88687795e-01,-6.42508790e-02,-1.87260788e-02,
   2.83195555e-01, 1.72486797e-01,-6.86595917e-01, 1.80082798e-01,
   6.36789352e-02,-3.93412024e-01,-2.82683525e+01,-1.91328645e-01,
   6.55702651e-02,-1.25358477e-01, 1.52247798e+00, 4.50853735e-01,
   1.04902005e+00, 1.04557395e+00,-1.59080791e+00, 2.11722088e+00,
  -1.04132943e-01,-5.81924021e-02, 1.74893409e-01, 4.92833275e-03,
  -4.07237142e-01,-4.79906099e-03,-2.40985942e+00,-2.10093230e-01,
   1.24743864e-01,-7.93014914e-02,-3.47166467e+00, 1.40300310e+00,
  -6.39092803e-01, 6.03073500e-02,-1.61590472e-01,-1.03359723e+00,
  -2.78020442e-01,-3.40921544e-02,-2.02142745e-01, 1.31949127e-01,
   1.15453839e-01, 3.19621176e-01,-9.33162272e-02,-1.39297068e-01,
   3.79549772e-01,-1.19302785e+00, 4.35490704e+00,-1.55814558e-01,
  -2.08020949e+00,-2.62573223e+01,-1.86971337e-01, 2.03446254e-01,
  -1.69766992e-01,-5.35026640e-02, 3.72229069e-02,-2.78937459e-01,
  -1.56325769e+01,-9.32009637e-01, 7.17563629e-02, 2.18470171e-01,
  -3.99306941e+00, 5.83325550e-02,-2.38343887e-02,-8.99169669e-02,
  -9.41526055e-01, 6.07843921e-02,-4.12164307e+00,-2.90776753e+00,
   5.48167825e-01, 5.48551321e-01,-3.01267449e-02,-1.81572170e+01,
   1.38734269e+00, 3.31382275e+00,-1.81061573e+01,-5.45515656e-01},
 {-1.18907832e-01, 1.16651446e-01,-1.36557445e-01,-1.56376675e-01,
  -8.66181999e-02,-4.08662595e-02,-5.39412396e-03, 5.13344537e-03,
  -1.20396696e-01,-8.48301798e-02,-2.25339718e-02,-1.10585377e-01,
  -1.08589828e-01,-1.58140727e-03,-1.30596146e-01,-5.65485135e-02,
  -2.16391265e-01,-1.61289185e-01,-9.25334245e-02,-2.39251092e-01,
  -2.03280568e-01,-6.00919612e-02,-8.14841166e-02,-5.19774668e-02,
  -6.37418851e-02, 1.35727208e-02, 5.42633869e-02, 6.02749214e-02,
  -1.05912350e-02,-1.19369365e-02,-1.45479321e-01, 8.79467279e-02,
   1.53178140e-03,-1.61732629e-01, 2.98913047e-02,-2.42544442e-01,
   4.48424369e-02, 2.24553850e-02,-2.83052862e-01,-2.83866256e-01,
  -1.17928840e-01, 5.14726974e-02,-5.87495305e-02,-1.58301613e-03,
  -2.75431201e-02,-2.61970237e-02,-1.55476630e-01, 4.39623632e-02,
  -5.19998744e-02, 4.30425722e-03,-1.90556943e-01,-2.39557102e-01,
  -1.31885782e-01,-1.35171607e-01,-1.27393216e-01,-8.18809718e-02,
  -1.77413151e-01, 3.34497243e-02,-5.03412187e-02, 9.36890170e-02,
  -1.30782232e-01,-3.25434715e-01,-1.61115408e-01,-1.59974277e-01,
  -1.96522743e-01,-1.00251034e-01, 1.07015362e-02,-1.11361966e-01,
  -1.87803343e-01,-9.09694657e-02,-2.22687647e-01,-2.27200165e-01,
  -1.05599172e-01,-1.54840752e-01,-1.90849695e-02,-1.24506019e-01,
  -7.42225200e-02,-6.37631491e-02, 3.37354057e-02, 3.27614835e-03,
  -3.22044015e-01,-1.12220205e-01,-3.07712071e-02,-1.46563187e-01,
  -3.22029293e-02,-1.16036028e-01,-1.93898901e-01,-4.61837696e-03,
  -2.30958298e-01,-4.96232882e-02,-1.67117253e-01,-1.67297900e-01,
  -1.72062516e-01, 1.32876774e-02,-4.61849906e-02, 3.91721129e-02,
  -2.52691299e-01, 8.86290073e-02,-7.59147182e-02,-1.23553492e-01,
   1.68062411e-02,-2.19987467e-01,-2.78124005e-01,-1.14373595e-01,
   7.67957792e-02,-1.15467735e-01,-2.62908936e-01,-1.20792247e-01,
  -4.83904667e-02,-7.45521113e-02,-1.34927705e-01,-7.84525797e-02,
  -1.65394068e-01,-2.52275199e-01,-1.92969501e-01,-5.70828393e-02,
  -9.87034068e-02, 1.19000025e-01, 9.33115408e-02,-5.56122512e-02,
  -1.37838438e-01, 4.48660785e-03,-3.38229910e-02, 1.16287470e-01,
   7.35544711e-02,-1.86736379e-02,-3.48183997e-02,-1.01503141e-01},
 {-1.17453349e+00,-3.79784799e+00,-2.64422119e-01,-1.47704422e+00,
   2.04261273e-01, 4.34277803e-01, 3.22379732e+00, 1.66056406e+00,
  -4.53052223e-01, 4.93682981e-01, 1.54784024e+00, 8.03050458e-01,
   1.56975663e+00,-4.88957882e-01, 1.16731012e+00, 4.13526869e+00,
  -1.59615025e-01,-1.49892712e+00, 7.90228701e+00,-2.83466339e+00,
  -3.30427217e+00,-7.68105793e+00,-2.46199322e+00,-3.41921782e+00,
  -1.57786715e+00, 2.00826454e+00, 1.69749773e+00,-2.04509997e+00,
   4.89375591e-02,-9.73224068e+00, 3.12478352e+00,-1.13162625e+00,
   1.85221687e-01,-6.37938929e+00,-1.36578336e-01,-1.08087218e+00,
  -1.02380767e-01, 3.21928501e+00, 3.69068527e+00, 2.57495195e-01,
   2.62648791e-01,-1.09712019e+01,-9.27618325e-01, 2.83587503e+00,
  -1.66234064e+00, 9.29965258e-01, 9.02340859e-02, 3.35286766e-01,
  -1.53869593e+00,-3.10750818e+00, 1.15589404e+00, 8.35985005e-01,
   1.24920106e+00,-3.22981930e+00,-1.31561935e+00,-1.74735463e+00,
   1.37162650e+00, 1.34059417e+00,-9.87559319e+00,-2.86512136e+00,
   4.49194163e-01, 5.23001194e+00,-1.87366641e+00,-1.36803699e+00,
  -1.73524559e+00,-3.63507700e+00,-3.37434745e+00,-3.28346539e+00,
  -2.73682564e-01,-6.63906693e-01, 7.08668709e-01,-1.14263189e+00,
  -1.00373220e+01, 1.04429252e-01,-8.42878044e-01,-1.52554929e+00,
   6.87270117e+00,-2.69211471e-01, 8.75704288e-01, 6.02805689e-02,
   6.87198699e-01,-8.16761971e-01,-3.01461482e+00,-4.07048523e-01,
  -4.39719647e-01,-2.38652635e+00, 1.72746614e-01,-4.48618841e+00,
  -3.91377270e-01, 7.07283556e-01,-3.64545774e+00, 2.98073858e-01,
   8.12299633e+00,-3.57912093e-01,-1.86172366e+00,-1.95017791e+00,
   8.69726956e-01,-7.80609560e+00,-1.29127426e+01,-4.67804343e-01,
   7.91145182e+00, 6.08711100e+00,-2.13066030e+00, 5.84886074e+00,
  -2.54350471e+00, 1.59838289e-01,-3.93435657e-01, 5.98114634e+00,
  -4.92251854e+01, 3.18957424e+00,-1.26617956e+00, 3.24249339e+00,
   2.17503619e+00,-3.41997933e+00, 8.08908120e-02,-5.12704328e-02,
  -1.15870118e+00, 2.81324625e+00, 3.85931659e+00,-3.02251369e-01,
  -2.42136025e+00, 3.40258980e+00,-3.84316683e+00, 2.18456745e+00,
  -5.33741093e+00,-7.92317343e+00,-1.08011580e+00, 8.64421463e+00},
 {-8.23343694e-01,-2.42885399e+00, 1.63927901e+00, 5.80368876e-01,
  -7.67644167e-01, 7.17243433e-01,-2.18715572e+00, 8.37883726e-02,
  -1.36849308e+00,-1.64158225e+00,-6.21489108e-01, 1.14500535e+00,
  -3.14224701e+01, 4.03268486e-01,-1.08193932e+01,-3.73278666e+00,
  -1.08483613e+00,-2.64872074e+01, 5.52217960e-01,-2.53379226e+00,
   1.42755759e+00,-1.08045006e+00,-3.78102207e+00, 3.06809020e+00,
  -2.20043969e+00, 1.97136211e+00, 1.93503451e+00,-3.85712337e+00,
  -4.55063850e-01, 1.29597127e+00,-1.79103508e+01, 1.67067826e+00,
  -2.25133944e+00, 3.16966414e+00,-5.76068401e+00, 5.77621877e-01,
   2.69098043e-01, 1.94048882e+00, 3.85282338e-01, 2.76958644e-01,
   2.48779640e-01, 9.05490303e+00, 1.30059993e+00,-1.42309391e+00,
   2.04276657e+00,-6.62744761e-01, 5.52149832e-01,-2.09393930e+00,
  -6.63453937e-01,-4.27349061e-01,-4.01896268e-01, 9.50888634e-01,
   2.08521104e+00, 9.42899406e-01, 1.00523329e+00, 2.34756216e-01,
   1.58862376e+00,-9.85142469e-01, 3.75071597e+00, 8.58675539e-01,
  -6.51393771e-01,-3.74645382e-01, 1.06611862e+01, 2.62962055e+00,
  -4.32656445e-02, 1.93182334e-01, 1.09326005e+00, 3.14479887e-01,
  -6.02830529e-01,-2.43213558e+00, 5.55450296e+00, 2.25407541e-01,
   8.63045514e-01, 3.71824682e-01, 6.69176698e-01,-2.95976460e-01,
   5.41169500e+00, 2.21650505e+00,-2.81684250e-01, 4.56759393e-01,
   1.59722775e-01, 2.70490479e+00, 3.78396243e-01,-3.74051690e+00,
  -1.19982612e+00, 1.68972835e-01,-2.77983117e+00,-6.07053661e+00,
   3.04484320e+00,-1.65456104e+00, 3.38306236e+00,-3.57545406e-01,
  -5.21107149e+00, 2.07755253e-01,-8.63335431e-01,-1.19515991e+00,
  -1.41096735e+00, 3.84584594e+00,-2.01408062e+01,-6.08306289e-01,
   3.02678132e+00, 9.27070498e-01, 1.14335574e-01,-1.18158078e+00,
  -1.54793918e+00, 1.49601722e+00, 7.89977014e-01, 5.22101641e-01,
   5.06359196e+00, 2.13193506e-01,-1.30012423e-01,-3.20642710e-01,
  -2.31722984e+01,-1.70597076e+00,-1.47322595e-01, 3.63824904e-01,
   3.31643844e+00, 1.28885105e-01,-4.27073598e-01, 3.57154965e+00,
   8.53359513e-03,-4.09224749e+00,-6.26856863e-01, 1.66433895e+00,
  -3.41335583e+00, 9.92170143e+00,-2.16907158e-01, 2.16630936e+00},
 { 3.85216784e+00,-9.28478062e-01,-1.39231786e-01,-1.05173898e+00,
  -2.19262719e+00,-9.26647782e-01, 2.50867152e+00, 3.62456053e-01,
   7.23159909e-01, 5.77367663e-01, 1.97675955e+00, 7.26561129e-01,
  -5.31314574e-02,-5.05791068e-01,-4.61784065e-01, 1.53012884e+00,
   2.32929319e-01,-4.85855669e-01, 6.69015646e-01,-1.30704021e+00,
  -9.52270448e-01, 5.18737197e-01, 4.18032122e+00,-8.08324242e+00,
   7.58852959e-02,-8.83289054e-02,-2.32225323e+00, 4.06103730e-01,
  -2.20509514e-01, 1.07396889e+00, 3.39458257e-01,-5.17626524e-01,
  -6.84869885e-01,-5.34567237e-01,-3.44661546e+00,-5.68936682e+00,
   4.97074425e-01, 4.85070276e+00, 1.13841450e+00,-2.66786873e-01,
  -7.08866715e-01,-4.84473646e-01, 1.22946393e+00, 1.15250599e+00,
   1.08444981e-01,-4.59073448e+00,-4.10032129e+00,-5.42905748e-01,
   4.36938554e-01, 4.83975589e-01,-1.61563897e+00, 3.16627145e-01,
  -7.28140354e-01, 6.75102890e-01,-2.72200257e-01,-7.13112235e-01,
  -9.69706249e+00,-5.87114620e+00, 7.26975948e-02, 1.42393076e+00,
   5.61388254e-01, 2.56450355e-01, 2.27150798e-01,-1.63155830e+00,
  -1.59485030e+00,-1.22811759e+00,-3.89262557e-01,-5.55674934e+00,
  -1.39740574e+00,-2.18339249e-01,-1.03055969e-01, 4.61943075e-02,
   8.00095677e-01,-1.18949294e+00,-8.35973859e-01, 2.33286953e+01,
  -1.53437003e-01,-1.44654551e+01, 1.07388866e+00, 1.37717485e+00,
  -5.00020802e-01,-7.71237731e-01,-1.18722618e+00,-1.43816054e-01,
   2.19370556e+00, 6.14512980e-01, 2.24959895e-01, 1.17693436e+00,
  -3.54285431e+00,-5.41688204e-01,-8.61348867e-01, 2.86814141e+00,
  -4.23891449e+00, 1.42028923e+01, 1.06234694e+00,-1.87446384e+01,
  -1.18111420e+00, 1.56017840e+00,-7.96121538e-01, 4.13215637e+00,
  -3.19198221e-01, 2.26986670e+00,-8.02493382e+00,-4.33164120e-01,
  -1.16823711e+01, 1.48198533e+00,-2.25687099e+00,-1.34196267e-01,
   3.17569897e-02,-7.95277953e-01, 5.58137608e+00,-4.90760899e+00,
  -3.26386690e-01, 5.16552353e+00,-1.81588101e+00, 1.68308735e+00,
   1.39320552e+00, 1.01287901e+00, 6.81493902e+00, 3.06417918e+00,
  -3.56148630e-02,-3.34660769e-01, 1.96826547e-01, 2.27355075e+00,
   4.87222403e-01, 5.50763905e-01,-5.20899105e+00, 4.92192328e-01},
 { 7.44405622e-03,-8.43956620e-02, 3.62331700e+00,-4.53496009e-01,
  -1.70479965e+01, 2.10099239e-02, 3.61818492e-01,-3.22104990e-02,
  -5.11065461e-02,-3.50242034e-02,-6.05463207e-01,-4.21246029e-02,
  -8.32214260e+00,-1.01493692e+01,-2.71981978e+00,-5.47129512e-01,
   6.71154782e-02,-5.72138214e+00, 7.69273663e+00, 2.16592103e-01,
   1.29462808e-01,-7.42610693e-01,-8.29993859e-02, 2.77800351e-01,
  -1.49940208e-01, 5.87758683e-02,-7.95028627e-01,-4.78180170e+00,
   1.74302772e-01,-1.83355473e-02,-6.37647510e-01, 2.47374237e-01,
  -3.90524685e-01, 4.59868670e+00,-9.46828556e+00,-3.03809285e+00,
   4.61633354e-02, 1.45710933e+00,-7.35746980e-01, 4.16673571e-02,
   2.06694212e-02, 1.06148186e+01,-2.62399197e-01,-6.57335615e+00,
   1.25272143e+00,-1.36465445e-01,-3.34660918e-01,-5.79516888e-01,
  -1.93404996e+00,-1.63138583e-02,-1.29181311e-01, 6.62543476e-01,
  -9.46642101e-01, 6.05735779e-01, 1.74442939e-02, 1.11944646e-01,
  -4.08642739e-01,-6.77540600e-02, 9.87542331e-01,-2.65858799e-01,
   1.61611259e-01, 7.05748498e-01,-4.56582546e-01, 1.53369576e-01,
  -4.78986055e-02, 2.99306605e-02,-2.28280401e+00,-5.86257994e-01,
  -3.32718670e-01,-1.23294389e+00, 2.16916418e+00,-4.57082224e+00,
   9.90322530e-02, 2.29572311e-01,-1.70229852e-01, 2.85680354e-01,
   6.60104096e-01, 3.90725255e-01,-4.72531939e+00, 2.37639397e-01,
  -5.56951575e-02, 4.92682159e-01, 3.99755526e+00,-1.46276128e+00,
   8.69755149e-01, 1.96282819e-01, 2.81589478e-01, 9.44718182e-01,
   3.04731168e-02, 1.17359877e-01, 4.08285916e-01,-8.61503482e-02,
  -3.27942044e-01, 4.55718227e-02, 1.33865505e-01, 7.03191638e-01,
  -2.84703881e-01, 1.59753311e+00,-6.79137325e+00, 2.79579252e-01,
   1.14451420e+00,-1.15388527e+01, 9.11480367e-01,-4.36171561e-01,
  -7.45576560e-01, 6.75128475e-02, 7.20220953e-02, 3.48660052e-01,
  -5.67966995e+01,-3.39992344e-02,-1.34486198e-01,-8.08205724e-01,
   7.86436939e+00,-2.33034983e-01, 3.63874510e-02, 1.74498081e-01,
   9.94101226e-01,-2.43515655e-01, 1.22661953e+01, 2.02928519e+00,
  -3.38946581e-01,-8.30106914e-01, 6.19539060e-02, 1.03445911e+00,
   3.82046998e-01,-3.44163179e+00, 8.71756172e+00, 1.28904366e+00},
 { 3.11048412e+00,-1.52381110e+00,-1.70029372e-01,-1.13765860e+00,
   1.52178597e+00,-4.22200727e+00, 5.76271415e-01,-2.30469871e+00,
   8.52008641e-01, 9.59683537e-01, 9.15071964e-01, 2.86620617e+00,
  -1.54368030e-02, 4.78311002e-01, 6.19088948e-01, 6.47339344e-01,
   4.85635042e-01, 3.53645653e-01,-2.64984220e-01,-1.28917325e+00,
  -2.38233268e-01,-3.44142199e-01, 1.16336927e+01, 3.16736770e+00,
   9.89664435e-01,-1.26576924e+00,-3.53119165e-01, 1.94886580e-01,
   6.19841516e-01, 6.62264675e-02, 2.03556255e-01,-9.92979765e-01,
  -3.95602316e-01, 1.10002410e+00, 2.62070298e+00,-1.12779105e+00,
   3.99951148e+00,-1.36135781e+00, 2.73687214e-01,-2.83070230e+00,
  -1.25025201e+00, 7.76493371e-01, 5.00554964e-02,-7.34781146e-01,
  -4.03896451e-01, 4.30775620e-02, 4.65213746e-01,-4.22033705e-02,
   6.86564744e-01, 1.77950352e-01,-4.56089544e+00,-2.50051916e-01,
  -3.87792826e-01,-4.40427452e-01,-2.18577325e-01,-5.78448653e-01,
  -6.89643526e+00, 1.32347333e+00,-2.55201787e-01,-8.09132755e-01,
  -4.79420871e-01, 3.14553428e+00,-3.85881364e-01, 1.06637645e+00,
  -3.12054932e-01,-2.56895795e-02, 1.52559444e-01,-1.05477057e+01,
   2.54790950e+00,-9.67292190e-01,-2.19876021e-01, 1.00973463e+00,
   1.29273224e+00,-1.33317363e+00,-3.52645546e-01,-4.53017503e-02,
  -2.95256972e-02, 1.14075102e-01,-1.19603455e-01, 1.64370799e+00,
  -5.41350007e-01,-2.46782732e+00, 4.31731611e-01, 1.55100718e-01,
   5.90087116e-01,-4.66205388e-01, 1.67705193e-02, 3.89035851e-01,
  -9.53052282e-01,-1.19644608e-02, 6.70451298e-02,-4.07182932e+00,
  -2.29051098e-01,-1.96528590e+00, 4.37431127e-01, 2.38439918e+00,
  -1.62624657e-01, 2.32724383e-01, 4.13585484e-01, 1.51425827e+00,
  -1.46668196e-01,-3.78361911e-01,-3.36081100e+00, 2.39972091e+00,
  -4.98420906e+00,-8.52406406e+00,-3.35923314e-01, 1.76324770e-01,
  -9.79217052e-01,-7.18280852e-01, 4.13126373e+00,-1.51395340e+01,
  -2.22904146e-01,-9.16588977e-02, 2.87384081e+00, 6.07975245e-01,
   7.15353847e-01, 1.21996439e+00, 1.56712973e+00, 6.14443481e-01,
  -3.31654400e-01, 1.28200948e-01,-6.18786633e-01, 6.76042795e-01,
  -4.53604981e-02,-3.04674000e-01,-1.48824418e+00,-2.99940437e-01},
 { 1.54820752e+00,-6.70057714e-01, 1.24039687e-01, 1.88631201e+00,
   7.75748730e-01,-3.48138124e-01, 8.16537887e-02, 1.37588978e+00,
   5.69255948e-01, 4.79729921e-01, 3.67897630e-01, 6.98036718e+00,
   1.04153141e-01,-1.56972334e-01, 6.03803813e-01, 3.19930267e+00,
   2.14040905e-01, 1.99246883e-01,-7.16696680e-02, 7.78951049e-01,
  -7.54201710e-01,-1.38181436e+00,-6.55585909e+00,-8.18036461e+00,
   1.19354986e-01,-1.75398862e+00, 5.28995812e-01, 4.69606146e-02,
  -2.00930381e+00, 2.37007201e-01, 1.18000761e-01,-4.66026992e-01,
  -4.40651000e-01, 2.32788339e-01,-6.26655638e-01,-6.17109358e-01,
   3.22457522e-01, 2.62975526e+00, 1.11672819e+00, 9.78667988e-04,
  -1.17512679e+00,-7.40488589e-01, 6.60819960e+00, 1.92499852e+00,
  -1.83313489e-01, 7.52410367e-02,-3.86732388e+00,-2.21144855e-01,
   1.53675079e-01,-8.07771146e-01,-8.65879238e-01,-1.34967700e-01,
  -2.40053082e+00,-3.48283029e+00, 9.71976966e-02,-1.40024400e+00,
   2.27769211e-01, 3.47121525e+00,-8.88625160e-02, 1.03870720e-01,
  -2.16274905e+00, 1.15407920e+00, 1.53213859e-01,-3.33037472e+00,
  -5.46652973e-02,-4.61175770e-01, 2.16691986e-01,-1.52758062e+00,
   1.16379082e+00,-4.85268116e+00,-4.14142944e-02,-3.21955949e-01,
   5.63588977e-01, 1.24874604e+00,-5.06424665e+00,-2.76123238e+00,
  -1.02256827e-01,-2.44550896e+01, 4.47724402e-01,-2.65908098e+00,
  -1.46830767e-01,-1.53932250e+00, 1.72464049e+00, 6.72032759e-02,
   6.43066704e-01,-2.39536799e-02,-5.11937365e-02, 1.11092412e+00,
  -6.56974137e-01,-1.46043390e-01,-3.07993841e+00,-3.27099657e+00,
  -1.63093889e+00, 1.66373348e+01, 2.65971988e-01,-3.60997081e+00,
  -1.67695081e+00,-2.20454431e+00, 8.47970322e-02,-3.57754803e+00,
   9.94236171e-02, 6.35655642e-01,-1.88464165e+00, 1.19332314e-01,
  -6.88071680e+00, 1.18761802e+00, 6.97487891e-01,-1.91268865e-02,
  -4.33400810e-01,-6.90716505e-01, 5.16721344e+00, 2.43203759e+00,
  -9.31287885e-01, 5.35053909e-01, 1.80574751e+00,-2.64349699e+00,
   1.94464490e-01,-2.93905306e+00, 1.17682564e+00, 1.16052365e+00,
   8.03097546e-01,-1.03770580e+01,-1.49486691e-01, 5.40602148e-01,
   1.61643073e-01,-3.26190799e-01,-1.14284861e+00, 2.26661038e+00},
 {-1.56078771e-01,-1.91013590e-01,-1.68231234e-01,-5.55112660e-02,
   2.96359491e-02,-2.60125306e-02, 4.21598367e-02, 2.59724148e-02,
   1.38254883e-02,-4.75718640e-03,-3.11309788e-02,-2.65641604e-02,
  -5.45807667e-02,-8.39680508e-02,-8.93603340e-02, 2.28877328e-02,
  -8.75361189e-02,-1.11139581e-01,-9.48593989e-02,-8.97861496e-02,
   3.16329487e-02, 3.48030888e-02,-1.75242707e-01,-9.28260908e-02,
  -8.63261074e-02,-2.16463786e-02,-1.44215077e-01,-8.61040875e-02,
  -6.50288314e-02,-2.34088302e-03,-1.45056650e-01, 7.13263676e-02,
   9.20294877e-03,-1.37870058e-01,-1.16240695e-01,-1.24409690e-01,
  -2.63953675e-02,-9.66645703e-02,-1.29261967e-02,-5.49563617e-02,
  -9.96143967e-02,-1.19557977e-01,-1.55633435e-01,-1.84713900e-02,
  -5.76550066e-02,-4.89302762e-02,-1.33496925e-01,-1.58371076e-01,
  -7.33616725e-02,-1.20014764e-01,-1.59031391e-01,-1.18365139e-01,
  -1.30107835e-01,-1.76747799e-01, 3.04881949e-02,-7.67137706e-02,
  -3.23057175e-02,-7.76362345e-02, 5.45759462e-02, 4.19020541e-02,
  -6.38175663e-03,-1.47511899e-01,-1.83800037e-03,-1.37476340e-01,
  -7.27619827e-02,-1.45611856e-02,-4.17502187e-02,-1.41845882e-01,
  -1.40630990e-01,-7.55396038e-02, 3.14791054e-02,-1.06903091e-01,
  -7.34403282e-02,-1.11724429e-01,-1.21197440e-01,-1.02875024e-01,
  -6.60181642e-02,-2.08678439e-01, 2.85599064e-02,-2.73321755e-02,
  -7.78073296e-02, 8.67494196e-03, 3.76018174e-02,-7.32792988e-02,
  -1.12597480e-01,-1.52863577e-01,-1.34990430e-02,-1.01760954e-01,
  -5.54457009e-02,-1.60595588e-02,-1.16202883e-01,-1.31618887e-01,
  -8.61367509e-02,-1.53271437e-01,-3.91368307e-02,-1.19592145e-01,
  -9.35600176e-02,-1.43592991e-02,-1.30266473e-01,-8.46792981e-02,
   4.37569432e-03,-8.06764737e-02,-7.93518499e-02,-9.91783589e-02,
  -7.95324594e-02,-6.24247007e-02,-8.49658251e-03,-2.09601343e-01,
  -1.60607342e-02,-1.95153713e-01,-1.32997716e-02,-3.84300239e-02,
  -1.08456083e-01,-2.61597079e-03,-1.48389772e-01,-7.17218593e-02,
  -4.83406261e-02,-2.01954581e-02,-1.93955481e-01,-8.51483494e-02,
  -1.55974934e-02,-1.63629264e-01,-4.74375449e-02,-7.98067003e-02,
  -5.33750691e-02,-1.95956185e-01,-6.40307888e-02,-9.59180593e-02},
 {-3.89922929e+00, 5.03179431e-01,-8.26831069e-03, 7.60600865e-01,
   3.94143462e-01,-1.24077797e+00,-4.23554039e+00, 2.20258117e+00,
  -1.03369594e+00,-9.82311845e-01, 5.20479716e-02,-3.57634783e+00,
   2.66113542e-02,-4.16021943e-02, 2.77505606e-01,-5.39268672e-01,
  -8.92217100e-01, 2.08478212e-01,-1.38354719e-01, 2.67095089e-01,
   4.12866861e-01, 7.43861616e-01,-3.14520907e+00,-5.95946741e+00,
   2.05401987e-01,-2.59608603e+00, 6.13684021e-03,-2.90131122e-01,
  -3.94179195e-01,-1.82395265e-01, 3.81288193e-02, 1.69094598e+00,
   8.54931653e-01,-1.29822171e+00,-2.22191000e+00, 9.85792950e-02,
  -7.36580133e+00,-1.32080603e+00,-1.50092244e-01,-5.40824986e+00,
   5.55182099e-01,-1.44569397e+00,-1.08001766e+01, 1.03268838e+00,
   3.33846211e-01, 4.06541079e-01,-7.12839317e+00, 2.97845215e-01,
  -1.58960783e+00,-1.62284046e-01, 4.09362078e+00,-3.13874316e+00,
  -1.43785596e+00, 3.43639463e-01, 3.15325767e-01,-8.94946679e-02,
   6.34035158e+00,-2.00707293e+00, 3.65038030e-02, 1.78583157e+00,
  -1.09587514e+00, 1.03701007e+00,-2.19882458e-01,-7.83940136e-01,
   4.10235554e-01,-8.64154920e-02, 2.12701946e-01,-1.50777102e+00,
   9.06733155e-01,-2.92289853e-01,-1.95353590e-02, 8.18654597e-01,
  -3.11651802e+00, 1.90585685e+00,-1.41602501e-01, 3.58668059e-01,
  -7.49136433e-02,-1.07634115e+00,-3.37937564e-01,-1.72893894e+00,
   4.65348721e-01,-9.19650078e+00,-3.22815473e-03, 1.62719656e-02,
  -3.48445845e+00, 5.76175526e-02,-3.65638919e-02,-6.55496299e-01,
   1.27605164e+00, 1.69800043e-01,-6.15545094e-01,-2.27467871e+00,
  -4.70295101e-01, 7.54259014e+00,-1.97407842e+00, 8.52251768e-01,
   1.49894550e-01,-8.33042741e-01, 1.88832924e-01,-1.22526526e+00,
   2.28778315e+00,-8.96447301e-01, 4.71218014e+00, 2.11484003e+00,
  -7.29330406e-02,-1.10436738e-01, 8.17235410e-01,-4.60300297e-01,
  -7.94960633e-02, 8.40390682e-01, 8.16272795e-02, 3.56250358e+00,
  -6.25270903e-02, 1.16608787e+00, 2.21222091e+00,-7.49070756e-03,
   2.98588246e-01,-1.51384437e+00,-3.54046011e+00,-1.21052423e-03,
  -4.06040251e-01,-3.23863089e-01, 1.52683938e+00,-3.43971777e+00,
  -2.07750130e+00,-2.63223976e-01, 2.68244362e+00,-5.26629114e+00},
 {-3.13525176e+00,-2.32886958e+00,-5.24762087e-04,-3.13599181e+00,
   1.98215294e+00,-2.53284397e+01,-5.11153519e-01,-2.94940805e+00,
   1.05088460e+00,-2.29452419e+00, 9.57826898e-02,-2.88104081e+00,
  -2.96930015e-01,-3.37117970e-01, 1.04164585e-01,-4.02114916e+00,
   8.85481298e-01,-2.09172010e-01,-1.38704646e+00, 1.77937612e-01,
   2.86036587e+00,-2.16633201e+00,-1.01139545e+01, 2.10008979e+00,
  -4.53727150e+00, 1.11351085e+00, 2.85348201e+00, 6.21469617e-01,
  -1.18532956e+00, 1.52555621e+00, 7.84243703e-01,-1.79290676e+00,
  -1.12093830e+00, 7.25703537e-02, 1.61925054e+00,-7.52717912e-01,
  -4.62323856e+00, 5.41142845e+00, 2.91902006e-01,-9.73089123e+00,
  -9.07256222e+00, 1.06822461e-01, 2.27975383e-01,-5.07619441e-01,
  -2.11469722e+00,-8.30814719e-01,-6.52109087e-03, 1.90800273e+00,
   2.69934803e-01,-7.66128421e-01,-3.08819079e+00,-7.75440216e-01,
  -4.87430304e-01,-2.68538594e+00, 2.44285750e+00, 1.71453726e+00,
  -3.60784912e+01, 1.73200536e+00, 1.22410071e+00, 1.78981006e+00,
  -6.21530890e-01, 5.67033863e+00, 4.69583362e-01, 1.64114511e+00,
  -1.66905534e+00,-2.76391244e+00, 1.57900542e-01,-3.11494374e+00,
  -1.55798423e+00, 5.41835690e+00,-1.21413365e-01, 1.15930486e+00,
  -1.32573783e+00,-2.94899416e+00, 6.28112376e-01, 5.39606333e+00,
   1.00089538e+00,-1.53647912e+00, 2.97136426e+00, 6.81629360e-01,
  -1.84505284e+00,-9.58207130e+00,-1.52634261e-02,-5.16514480e-02,
   9.56392646e-01, 5.92163205e-01, 7.41987526e-01,-1.73339880e+00,
   3.14912736e-01, 1.33622420e+00,-1.29546440e+00,-1.49315810e+00,
  -9.19254684e+00, 2.61523873e-01,-1.52397618e-01, 6.27828762e-02,
   2.13458586e+00,-5.40745974e+00,-5.31890273e-01,-4.51122284e+00,
  -4.66640532e-01, 1.77073574e+00,-2.96376556e-01, 1.37392819e+00,
  -1.11799943e+00,-1.22028816e+00,-4.80517197e+00,-1.25368047e+00,
  -6.49313509e-01, 1.77107191e+00,-1.06517434e+00,-9.48084259e+00,
  -2.54134417e-01,-4.13403749e+00, 1.82879627e+00, 2.62298203e+00,
  -5.18530846e-01, 2.17368412e+00, 5.67436934e+00, 1.03942490e+00,
  -9.10430402e-02,-4.68620348e+00, 3.54993868e+00, 9.63534296e-01,
   6.15379477e+00, 3.18890691e+00,-1.75644612e+00,-2.29861712e+00},
 {-1.38008368e+00,-4.69242126e-01,-6.10526443e-01,-2.59732485e-01,
   2.84505153e+00,-1.61447167e-01,-4.75611639e+00, 9.60186481e-01,
  -4.79743063e-01, 4.42264259e-01, 5.45702279e-01, 1.97848058e+00,
  -4.17792797e+00,-1.93561995e+00, 3.52814579e+00, 2.92119527e+00,
   3.10572982e-01, 2.89146900e+00,-7.78887272e-01,-3.98872924e+00,
  -6.01016209e-02, 1.11036539e+00, 8.10520947e-01,-4.91466665e+00,
   1.69843540e-01,-1.62358069e+00, 1.21311820e+00,-8.96863997e-01,
  -3.45182681e+00,-7.29380727e-01, 2.36014891e+00,-1.53280008e+00,
   2.97657460e-01,-1.67338693e+00,-1.08445622e-02, 9.62655783e-01,
  -1.21008313e+00,-2.95256305e+00, 2.94331813e+00, 2.37424731e-01,
  -7.70709038e-01,-6.49121046e+00,-2.76959276e+00, 9.01809216e+00,
  -1.83712423e+00, 9.42739367e-01, 2.82659978e-01, 2.27266359e+00,
  -4.00971937e+00, 1.59051883e+00,-1.79923102e-01, 1.83284533e+00,
   5.77846825e-01,-1.99181151e+00, 4.73055184e-01, 6.78509831e-01,
  -1.19311690e+00, 2.13497901e+00,-1.90114594e+00,-1.71731845e-01,
   2.11670250e-01,-2.90157819e+00,-1.78709049e+01, 9.86582339e-02,
   3.73955160e-01, 1.01681900e+00, 2.74940252e-01,-6.84971952e+00,
  -2.61462522e+00, 1.23572054e+01,-2.62194872e+00, 1.47807145e+00,
  -4.79787874e+00,-6.92233562e-01,-1.39483118e+00, 1.50209534e+00,
  -3.28622460e-01,-7.91066647e-01,-1.02590847e+00,-2.67237127e-01,
  -3.80124211e-01, 3.84418368e-01, 1.08438420e+00,-6.54614639e+00,
   4.97464895e-01,-1.33428842e-01,-1.31169093e+00, 3.68066978e+00,
   6.75604999e-01, 6.22048276e-03,-8.92972088e+00,-6.33375645e-02,
   3.55368996e+00, 1.91169310e+00,-1.32026196e+00, 1.28895655e-01,
   6.97641909e-01,-8.88325310e+00, 6.36091042e+00,-1.73413432e+00,
  -1.85366833e+00,-5.98893309e+00,-1.12435281e+00, 6.61683893e+00,
   1.69574642e+00,-3.90179455e-01,-4.56781954e-01,-2.07115722e+00,
  -2.74587870e+00,-9.85694504e+00,-4.89766777e-01, 5.51654041e-01,
  -1.62598956e+00,-2.13973999e+00, 1.55916125e-01, 9.62341726e-02,
  -4.15063000e+00, 2.86682218e-01,-8.18413925e+00,-8.80831778e-02,
   2.13995409e+00, 6.34568119e+00,-4.30857801e+00,-1.27649527e+01,
   4.23084831e+00, 2.91954517e+00,-8.83329582e+00,-8.68741322e+00}};

const float b2[sz_hid_2] = { -0.03677169,  0.23671451, -0.17798576, -9.304518  , -6.9344735 ,
   1.7066615 , -0.2872585 ,  7.285606  , -0.69077206, -6.9407086 ,
  -1.9733541 ,  7.506316  , -0.17696968, -8.747493  , -0.10019524,
   1.1790154 , -6.252582  , -0.17265256,  8.921026  , -2.1751301 ,
  -2.1888273 , -0.10210007, -6.957003  , -4.7817974 , -1.0111709 ,
   2.989726  ,  2.9178946 , -7.281052  , -0.17686336,-11.758881  ,
   6.06935   , -6.1382093 };

const float w2[sz_act][sz_hid_3] = {{-8.15114602e-02,-4.65089157e-02, 2.05936115e-02, 5.16645312e-01,
   5.69602430e-01,-2.33631611e-01, 1.10477209e-02, 9.24495421e-03,
  -1.13941304e-01,-1.09436158e-02,-3.09500188e-01, 9.66736257e-01,
  -9.81316268e-02, 3.67612531e-03, 2.85856146e-02, 2.47676242e-02,
  -2.26829946e-01,-3.53057384e-02, 1.97801709e-01,-2.23749593e-01,
   2.54393928e-03, 7.78624862e-02,-1.55874835e-02, 1.82895232e-02,
   2.01828986e-01,-9.22292378e-03, 1.10562444e-01, 1.53316587e-01,
   6.57446831e-02,-2.22999439e-01, 6.09188855e-01, 1.06367460e-02},
 {-1.83564685e-02,-2.62301683e-01, 2.02336073e-01,-1.05979713e-03,
  -2.96500623e-02, 5.16784983e-03, 1.75198000e-02, 1.56201258e-01,
  -7.78412912e-03,-1.95223182e-01,-1.22530386e-02,-2.41768942e-03,
  -6.78739557e-03, 1.33192405e-01, 1.79317296e-01, 2.32744589e-01,
  -3.83843132e-03,-5.43088727e-02, 4.60736966e-03,-9.60115402e-04,
   1.72971502e-01, 7.88171291e-02,-3.77825469e-01,-3.78281295e-01,
  -4.98310244e-03,-1.77433908e-01, 1.93811068e-03,-1.39666337e-03,
  -2.00424101e-02, 6.83930656e-03, 1.07166721e-02, 2.66906291e-01}};

const float b3[sz_act] = { 0.13100089,-0.37228608};

