Epoch	AverageEpRet	StdEpRet	MaxEpRet	MinEpRet	AverageTestEpRet	StdTestEpRet	MaxTestEpRet	MinTestEpRet	EpLen	TestEpLen	TotalEnvInteracts	AverageQVals	StdQVals	MaxQVals	MinQVals	LossPi	LossQ	Time
1	-260.30618	11.777468	-232.26622	-281.24612	-250.44023	24.018911	-206.3212	-284.6906	100.0	100.0	1499	-4.696828	1.585936	0.14770344	-8.9818535	4.613938	0.22933097	6.443906784057617
2	-257.8578	19.721727	-225.80606	-303.27142	-239.92468	23.399792	-207.7123	-278.70575	100.0	100.0	2999	-15.193853	4.9612627	-3.5969946	-30.022392	15.0334635	0.15321441	21.270188093185425
3	-258.771	22.975525	-196.03125	-309.0045	-238.88936	16.4298	-210.11775	-264.03198	100.0	100.0	4499	-31.386353	5.4771805	-12.430116	-51.289204	31.112713	0.4585037	35.608431816101074
4	-257.5845	13.133397	-232.95148	-280.77402	-251.61523	18.894215	-225.24825	-285.15433	100.0	100.0	5999	-46.679043	5.4841466	-24.573133	-65.505066	46.319786	0.7079909	49.72784686088562
5	-249.25395	18.596645	-206.17648	-284.02316	-216.98857	24.08109	-171.02884	-254.85558	100.0	100.0	7499	-61.058193	5.5729823	-36.855556	-81.3884	60.632076	0.9310752	63.99672794342041
6	-258.02206	14.730578	-231.84792	-294.2774	-241.25398	35.946674	-189.44994	-300.1286	100.0	100.0	8999	-74.830986	5.6389747	-49.0295	-94.216835	74.39648	1.0799806	77.94149208068848
7	-248.16801	15.05899	-229.81348	-272.00455	-240.16142	21.860102	-207.7489	-281.48746	100.0	100.0	10499	-87.98013	5.592087	-63.694805	-105.97861	87.55959	1.1836834	91.93769979476929
8	-229.75449	17.659058	-192.61804	-260.79623	-236.87231	15.883751	-215.2391	-264.60254	100.0	100.0	11999	-100.34019	5.711147	-76.01862	-119.60667	99.948906	1.2530953	106.09307599067688
9	-240.1966	18.274853	-205.4824	-278.838	-229.75883	15.454403	-201.45801	-255.42441	100.0	100.0	13499	-112.274216	5.927719	-89.06295	-132.8797	111.90058	1.3065556	119.07098078727722
10	-218.91861	25.346102	-171.67639	-250.68849	-235.2958	28.688955	-162.50153	-270.8011	100.0	100.0	14999	-123.64084	6.215533	-99.60588	-146.52641	123.26326	1.3796296	131.785502910614
11	-216.67	28.410711	-156.38948	-256.3116	-204.68314	39.922222	-105.42804	-248.0688	100.0	100.0	16499	-134.41458	6.4813986	-111.09861	-158.25616	134.0385	1.413402	144.68011593818665
12	-211.00238	36.086334	-131.62285	-262.94293	-236.93753	40.474026	-126.438385	-278.00922	100.0	100.0	17999	-144.67027	6.8390727	-120.26861	-170.9506	144.29915	1.5226953	157.5630509853363
13	-217.85518	27.793936	-166.13606	-267.77768	-202.64784	28.11829	-131.36272	-234.41962	100.0	100.0	19499	-154.23468	7.174255	-130.44507	-181.56644	153.83484	1.6040114	170.52143502235413
14	-225.27524	33.79254	-131.416	-278.5009	-218.86133	29.88856	-166.64267	-261.55142	100.0	100.0	20999	-163.32603	7.519983	-138.27452	-191.51958	162.90875	1.6880386	183.46397495269775
15	-211.95216	32.0036	-140.28261	-253.70746	-200.66008	45.18849	-111.59635	-248.66692	100.0	100.0	22499	-171.92148	7.973964	-143.5011	-201.79623	171.50508	1.8016198	196.28690481185913
16	-205.7972	27.12164	-149.51476	-244.16814	-216.29605	26.976803	-183.69041	-252.62077	100.0	100.0	23999	-179.85063	8.515385	-150.7168	-211.05556	179.41458	1.8833597	209.0878028869629
17	-211.54785	28.56415	-153.54211	-254.57465	-212.63876	36.875313	-113.28612	-240.92552	100.0	100.0	25499	-187.25685	9.112973	-157.57071	-219.65292	186.79442	2.0116491	221.8939027786255
18	-205.75581	39.578773	-114.2475	-259.956	-193.00941	34.762486	-129.75008	-243.6341	100.0	100.0	26999	-194.21973	9.6673765	-163.70534	-228.87585	193.7493	2.0875037	234.5076208114624
19	-192.69257	16.492962	-157.77063	-217.13985	-205.57405	23.525564	-163.96992	-241.15549	100.0	100.0	28499	-200.70766	10.139688	-168.61375	-235.33073	200.24551	2.0922172	247.26872491836548
20	-187.61967	57.235516	-58.127163	-259.074	-189.59486	39.767975	-134.90825	-250.30862	100.0	100.0	29999	-206.99895	10.74347	-174.54758	-244.508	206.53758	2.1602898	259.98453092575073
21	-202.2989	28.835323	-135.6625	-237.96078	-207.49417	20.550495	-174.16997	-234.73598	100.0	100.0	31499	-212.87822	11.388076	-178.27934	-253.10359	212.42108	2.2203212	272.6221749782562
22	-196.09305	31.704233	-132.71843	-247.13916	-179.43233	24.397005	-136.7128	-208.30692	100.0	100.0	32999	-218.54256	12.139246	-182.55634	-258.88724	218.0892	2.3607492	285.3160619735718
23	-189.73918	28.61428	-156.50754	-252.91403	-209.64893	17.01746	-180.34138	-239.36243	100.0	100.0	34499	-223.74498	12.941817	-185.4749	-267.12714	223.27582	2.4726093	298.0833978652954
24	-193.3132	25.957743	-133.41054	-237.66682	-196.09186	39.37289	-114.30095	-246.03448	100.0	100.0	35999	-228.46141	13.598854	-187.22328	-273.30624	227.96577	2.5572774	310.8782799243927
25	-190.28763	36.828175	-91.21948	-220.58986	-180.0918	39.153038	-109.212425	-229.06989	100.0	100.0	37499	-232.954	14.043654	-189.11234	-279.91916	232.45479	2.682107	323.4947328567505
26	-179.98817	46.716938	-86.8943	-255.052	-178.20332	46.067623	-119.82261	-241.87148	100.0	100.0	38999	-236.90634	14.770055	-190.15039	-285.4799	236.38585	2.7395482	336.17363381385803
27	-199.45921	17.562935	-161.0677	-220.80937	-189.5118	39.71749	-140.22899	-260.15863	100.0	100.0	40499	-240.61118	15.364353	-190.0287	-290.90604	240.08337	2.8707051	349.1016867160797
28	-175.4293	35.260944	-94.41624	-229.32843	-169.49564	61.943382	-63.14962	-244.8003	100.0	100.0	41999	-244.02571	16.064276	-190.85837	-295.56183	243.49437	2.9262838	361.7845730781555
29	-187.33414	36.050198	-88.90334	-233.80347	-206.72925	24.945208	-148.49358	-252.41394	100.0	100.0	43499	-247.02768	16.71877	-191.75673	-302.2802	246.49437	2.9835114	374.5440979003906
30	-170.36702	46.88936	-68.13036	-233.25555	-185.75497	41.843536	-113.10821	-254.34752	100.0	100.0	44999	-249.87672	17.41726	-192.52353	-308.48367	249.33014	3.0998788	387.3816237449646
31	-178.09439	31.45529	-117.70249	-228.71045	-182.8992	38.769127	-91.855835	-233.58209	100.0	100.0	46499	-252.2132	18.140505	-193.30373	-312.2691	251.6533	3.1714199	400.0743918418884
32	-185.12637	51.544216	-28.404604	-248.01962	-164.96304	43.497505	-101.348	-229.25583	100.0	100.0	47999	-254.6119	18.821386	-191.3203	-313.70743	254.03967	3.314405	413.1318328380585
33	-179.34581	46.288647	-77.79617	-253.73628	-164.2967	50.53086	-92.29965	-238.72968	100.0	100.0	49499	-256.91895	19.43911	-190.35274	-317.72916	256.32336	3.3880775	425.80814695358276
34	-176.68668	42.61998	-76.53563	-232.96501	-183.22879	30.232746	-141.8442	-226.1117	100.0	100.0	50999	-258.3587	19.935095	-190.30179	-321.55447	257.7457	3.3946772	438.9228460788727
35	-175.87932	31.24914	-102.76052	-214.03151	-191.01903	20.36174	-144.99347	-217.0123	100.0	100.0	52499	-259.95566	20.451902	-189.86813	-324.6951	259.34464	3.520398	451.9061498641968
36	-174.69705	32.92341	-91.11858	-241.44386	-180.96878	34.25642	-119.662155	-231.31648	100.0	100.0	53999	-261.4909	20.758774	-188.97379	-332.00082	260.89215	3.5436575	464.75324392318726
37	-162.11803	37.10492	-89.19835	-223.45326	-168.94028	44.331657	-108.231865	-247.24852	100.0	100.0	55499	-262.88522	21.2959	-188.92528	-332.52625	262.28836	3.5994215	477.45067405700684
38	-183.05324	25.773273	-108.84755	-228.55673	-171.7662	43.85033	-80.91709	-228.45833	100.0	100.0	56999	-264.26828	21.770514	-189.09792	-338.22565	263.67334	3.588968	490.4151780605316
39	-168.31477	46.38513	-90.54973	-230.06737	-162.27277	41.765835	-85.04475	-221.37608	100.0	100.0	58499	-265.3731	22.271818	-189.72131	-339.25098	264.7745	3.6209252	503.1605567932129
40	-167.37022	36.61612	-102.539825	-234.6426	-149.9014	35.98814	-84.53215	-204.6384	100.0	100.0	59999	-266.4253	22.679419	-190.04953	-342.62283	265.8354	3.6684902	515.8923621177673
41	-164.23616	31.271326	-106.731705	-211.27698	-174.30945	44.091995	-96.590195	-239.55278	100.0	100.0	61499	-267.2208	23.049006	-189.86636	-341.32257	266.63068	3.6487343	528.5675048828125
42	-177.10449	43.113827	-102.99519	-230.62518	-160.30356	46.800797	-81.38969	-214.7941	100.0	100.0	62999	-267.85507	23.602966	-190.26953	-342.94202	267.2627	3.7779264	541.5090351104736
43	-170.97902	40.88109	-106.02686	-243.97165	-167.5544	38.74125	-113.527016	-248.8016	100.0	100.0	64499	-268.5457	24.136652	-190.32742	-341.3515	267.96286	3.838605	554.2033369541168
44	-142.50273	38.441986	-87.52025	-213.2653	-166.88452	30.841782	-118.64578	-213.11407	100.0	100.0	65999	-269.23636	24.602207	-189.57722	-342.26828	268.64716	3.8866334	566.926383972168
45	-169.02481	36.122322	-103.991554	-229.57245	-166.80794	30.881794	-92.56423	-207.8073	100.0	100.0	67499	-269.3403	25.24854	-190.56645	-343.93674	268.7254	3.972177	579.7812497615814
46	-172.15546	30.498812	-112.54842	-213.65076	-160.78682	35.38142	-111.947556	-214.61676	100.0	100.0	68999	-269.6351	25.892216	-189.39848	-348.35184	269.0188	4.1950808	592.3563678264618
47	-170.83925	30.859657	-114.13896	-233.36009	-152.9359	37.578644	-74.49228	-202.13297	100.0	100.0	70499	-270.0658	26.284687	-189.24771	-351.749	269.45828	4.2685	605.1425979137421
48	-144.18683	38.64048	-91.158325	-212.3852	-173.37611	42.13978	-103.36974	-224.34962	100.0	100.0	71999	-269.997	26.75895	-184.45027	-352.476	269.38107	4.2475004	617.987536907196
49	-172.55832	50.185577	-63.17795	-242.08344	-165.44847	24.760822	-129.71251	-221.44365	100.0	100.0	73499	-269.6416	27.331913	-182.38272	-354.91724	269.00827	4.558688	630.7251138687134
50	-154.66771	40.230286	-84.65986	-208.9765	-156.51125	48.259224	-79.20508	-258.83264	100.0	100.0	74999	-269.69983	27.985428	-184.72357	-356.67218	269.05386	4.6192794	643.4824588298798
51	-156.49727	39.047306	-84.1057	-219.62306	-145.01134	28.13517	-90.80184	-195.84554	100.0	100.0	76499	-268.90988	28.469255	-183.13312	-356.49698	268.22876	4.712832	656.4179849624634
52	-175.01953	32.141953	-105.1421	-221.5461	-180.81429	42.726597	-110.37413	-234.02759	100.0	100.0	77999	-268.4908	28.982021	-182.1592	-358.69727	267.83792	4.787767	669.3417718410492
53	-153.71724	50.723293	-67.78772	-221.15614	-171.29744	34.6289	-104.08766	-204.91035	100.0	100.0	79499	-267.67703	29.512493	-180.88744	-359.21783	266.98566	4.6973953	682.1433837413788
54	-171.20284	41.276077	-97.05181	-225.91917	-163.40486	30.131609	-123.43884	-217.22417	100.0	100.0	80999	-266.62582	30.418344	-180.7624	-361.85095	265.9538	4.817635	695.0086319446564
55	-173.92532	35.93788	-109.992325	-229.21924	-173.31186	33.807808	-107.82304	-228.30038	100.0	100.0	82499	-265.9141	30.923128	-179.97751	-364.4141	265.23224	4.8927693	707.8788208961487
56	-191.52345	36.68176	-121.94267	-272.42957	-176.05037	24.5752	-127.26193	-208.24359	100.0	100.0	83999	-265.23352	31.699354	-180.79022	-365.47318	264.5572	4.938232	720.6267638206482
57	-169.30493	36.223328	-91.62758	-231.2469	-186.8989	45.456554	-99.344574	-223.83961	100.0	100.0	85499	-264.60916	32.187263	-179.68777	-371.22833	263.93497	5.0244083	733.3596701622009
58	-172.91864	39.224857	-103.39261	-223.6838	-157.37428	49.149925	-98.9837	-239.02374	100.0	100.0	86999	-264.36862	32.66391	-176.92227	-372.84253	263.71854	4.693346	746.2282769680023
59	-183.46945	41.35477	-59.6886	-247.98013	-153.54524	49.003803	-91.69092	-224.65697	100.0	100.0	88499	-263.92548	32.97367	-176.66899	-378.29257	263.25546	4.865401	759.2087829113007
60	-165.29384	41.92215	-75.61963	-217.43054	-177.0837	33.46107	-110.97659	-232.23434	100.0	100.0	89999	-263.2887	33.41062	-176.11319	-376.69415	262.6248	4.846189	772.0373530387878
61	-159.89993	36.620136	-84.822624	-202.04813	-155.668	52.42931	-34.087265	-207.57135	100.0	100.0	91499	-262.74487	33.852783	-175.50507	-379.64523	262.09268	4.7504606	785.0465259552002
62	-160.40398	44.29391	-94.37299	-230.07567	-164.54439	33.730953	-120.11079	-217.13145	100.0	100.0	92999	-262.05798	34.224422	-174.4272	-380.928	261.40485	4.7770452	798.1949651241302
63	-156.45912	46.834183	-61.45362	-212.5855	-165.44539	43.06635	-93.52979	-216.69884	100.0	100.0	94499	-261.33188	34.68956	-173.75345	-385.90552	260.67975	4.7656674	811.0421059131622
64	-174.94296	53.182423	-73.74568	-256.3665	-152.68178	44.734814	-104.51093	-242.84535	100.0	100.0	95999	-260.38873	35.268852	-170.4524	-389.22488	259.73663	4.7393374	823.9687030315399
65	-153.33524	35.68996	-94.23987	-208.81119	-161.39221	41.515167	-101.57942	-231.36563	100.0	100.0	97499	-259.987	35.804375	-169.6415	-392.946	259.3235	4.8007903	837.0176129341125
66	-151.06163	42.491055	-56.646763	-200.38298	-177.31473	41.768265	-100.98914	-224.63441	100.0	100.0	98999	-258.80496	36.394993	-165.37941	-397.93286	258.12863	4.872437	849.7445659637451
67	-157.50616	41.715027	-84.21239	-232.81232	-170.80057	30.799562	-105.5059	-199.88477	100.0	100.0	100499	-257.63376	37.022533	-163.18448	-401.32117	256.97842	4.8868465	862.4711050987244
68	-170.47183	35.546165	-97.579155	-207.61963	-138.05591	33.202644	-86.23793	-193.57976	100.0	100.0	101999	-257.09372	37.380814	-159.63702	-404.4191	256.4348	4.961506	875.3495869636536
69	-137.4511	50.389515	-50.802162	-217.8785	-177.15582	38.589806	-107.60223	-239.22752	100.0	100.0	103499	-256.19882	37.747723	-156.89601	-403.99146	255.52641	4.977421	888.046731710434
70	-163.43427	50.078453	-46.230648	-231.61494	-152.07727	43.427235	-75.95706	-209.6881	100.0	100.0	104999	-255.13722	38.44658	-154.72061	-407.3074	254.4569	4.8826776	900.9894108772278
71	-165.37086	48.94982	-65.27103	-231.81223	-147.68811	51.583622	-49.95893	-210.04733	100.0	100.0	106499	-254.39313	39.02378	-151.66821	-404.12994	253.72417	4.9919147	913.956670999527
72	-165.34537	55.922073	-43.7246	-243.7273	-167.21603	50.810627	-89.85744	-276.10477	100.0	100.0	107999	-253.3274	39.56432	-146.71806	-408.03494	252.64458	5.0479836	926.8137819766998
73	-170.2141	42.686462	-105.73156	-227.04184	-152.53926	45.57147	-78.97392	-212.70955	100.0	100.0	109499	-252.46205	40.015667	-145.04935	-409.67902	251.78746	5.1231756	939.5850009918213
74	-169.45807	44.751987	-62.401638	-240.55562	-125.84645	45.269985	-33.442196	-218.56612	100.0	100.0	110999	-251.76784	40.72124	-141.58104	-409.61618	251.10065	5.224353	952.4401009082794
75	-161.58603	42.756985	-79.209625	-225.26216	-119.606766	59.607845	-34.86492	-203.16739	100.0	100.0	112499	-250.90123	41.14848	-138.6484	-411.081	250.22491	5.3716955	965.256502866745
76	-172.18839	29.883505	-122.069115	-209.51566	-154.57639	44.184956	-76.26871	-202.34126	100.0	100.0	113999	-249.62274	41.512287	-136.4257	-411.12326	248.91782	5.492006	978.0472710132599
77	-131.70932	52.009052	-46.109108	-221.65788	-177.68216	47.496166	-111.66927	-257.1962	100.0	100.0	115499	-248.63307	41.574913	-133.03546	-405.57385	247.93379	5.555074	990.7260601520538
78	-168.6408	34.44124	-113.04448	-215.97919	-119.06447	43.348587	-33.131435	-213.03763	100.0	100.0	116999	-247.17566	41.671726	-131.4094	-403.21124	246.46942	5.5517287	1003.6009259223938
79	-119.29914	29.257822	-75.85664	-193.39682	-157.31046	60.43092	-40.73708	-233.38504	100.0	100.0	118499	-246.05461	41.798912	-127.42817	-402.47055	245.35384	5.743276	1016.4499659538269
80	-137.88306	33.210884	-62.579304	-212.334	-163.14755	43.069706	-102.0598	-248.1905	100.0	100.0	119999	-244.71632	42.113056	-123.95164	-403.2969	243.99591	5.652622	1029.2759728431702
81	-154.79457	47.115147	-67.87193	-232.84473	-129.23012	53.880627	-42.70239	-203.21793	100.0	100.0	121499	-243.6614	42.327774	-122.6503	-406.7651	242.93915	5.811919	1042.2764868736267
82	-154.03099	43.335896	-80.099106	-227.27101	-150.42213	46.47831	-86.87805	-241.34717	100.0	100.0	122999	-242.2845	42.282124	-122.01884	-397.5902	241.59216	5.835707	1055.1487939357758
83	-148.83383	39.663902	-54.960464	-221.78519	-151.4808	53.119003	-69.25759	-252.8447	100.0	100.0	124499	-241.20605	42.197445	-121.73096	-390.61646	240.53058	5.8915796	1068.2094988822937
84	-147.30247	45.055145	-87.23535	-226.27664	-153.14392	41.437412	-91.63765	-212.42375	100.0	100.0	125999	-240.37128	42.363197	-120.274284	-392.27814	239.6806	5.8349714	1081.1181609630585
85	-151.25412	49.186146	-38.55386	-219.08443	-169.21338	45.18297	-86.66327	-232.15794	100.0	100.0	127499	-239.60779	42.37998	-118.21826	-393.26254	238.91457	5.8471994	1093.9372539520264
86	-169.50783	39.64441	-101.82432	-225.8415	-141.403	37.57314	-78.89783	-213.68753	100.0	100.0	128999	-238.45728	42.563274	-117.78235	-391.22574	237.75754	5.9771886	1106.6980879306793
87	-137.7104	42.004997	-80.813484	-220.51894	-171.15059	36.228584	-111.44733	-216.33061	100.0	100.0	130499	-237.50589	42.963818	-117.58064	-388.83902	236.80042	6.0142193	1119.5866119861603
88	-143.04845	48.83021	-50.135063	-216.68285	-163.28345	35.308506	-107.19101	-216.7573	100.0	100.0	131999	-236.40555	43.097683	-117.832596	-391.0642	235.70609	6.068217	1132.3927738666534
89	-153.4667	47.623466	-42.088463	-230.65477	-174.76453	39.993977	-111.405106	-223.21982	100.0	100.0	133499	-235.34221	43.381546	-115.40734	-388.2746	234.64929	6.08615	1145.5959377288818
90	-153.53589	56.413776	-46.889767	-255.46187	-138.8895	26.963238	-88.711586	-182.19107	100.0	100.0	134999	-234.21005	43.550888	-116.183014	-387.00528	233.52077	6.3481226	1158.686068058014
91	-135.13666	45.538345	-68.98372	-208.73387	-156.3826	38.103428	-114.29365	-223.96886	100.0	100.0	136499	-232.92474	43.77755	-114.88753	-389.0811	232.20676	6.380572	1171.7426850795746
92	-174.55588	37.126194	-101.57949	-247.02083	-158.2886	32.323055	-115.376785	-204.23645	100.0	100.0	137999	-231.79877	43.911274	-113.573944	-386.00793	231.0788	6.632765	1184.9502890110016
93	-141.85365	40.30177	-69.57986	-202.33794	-146.07994	30.263508	-92.706245	-195.11906	100.0	100.0	139499	-230.5608	44.205708	-113.605896	-388.60645	229.80258	6.5963006	1197.790317773819
94	-166.90132	39.34865	-100.46728	-228.15413	-150.6498	42.44569	-85.165855	-204.27628	100.0	100.0	140999	-229.00363	44.257263	-113.09012	-384.58762	228.24998	6.519073	1210.5319089889526
95	-146.78294	35.984547	-99.80192	-204.4054	-187.6089	36.35617	-122.4863	-229.84221	100.0	100.0	142499	-227.54816	44.39814	-111.989494	-379.77213	226.80634	6.4737697	1223.4232110977173
96	-160.64749	45.4951	-75.56437	-233.76318	-173.27	35.72199	-123.38682	-215.53072	100.0	100.0	143999	-226.12352	44.51662	-109.753395	-385.34857	225.40552	6.514395	1236.3174879550934
97	-172.40811	44.245594	-82.15395	-232.01396	-161.16588	45.989677	-67.50068	-233.52759	100.0	100.0	145499	-225.25024	44.903744	-108.47466	-382.5869	224.52669	6.6135054	1249.6012308597565
98	-166.16188	37.64352	-78.49033	-222.56703	-159.90724	45.57169	-42.93498	-214.65114	100.0	100.0	146999	-223.97617	45.222282	-105.79257	-380.34143	223.21466	6.719719	1262.6440320014954
99	-172.45634	32.70605	-101.215576	-216.73648	-160.15419	45.611015	-91.5689	-219.7443	100.0	100.0	148499	-222.81355	45.54662	-101.349014	-380.2602	222.08354	6.69783	1275.5030558109283
100	-157.51714	51.392796	-45.23035	-224.62297	-148.41136	47.544746	-82.21556	-221.7796	100.0	100.0	149999	-222.18523	45.85834	-99.89576	-382.25983	221.48767	6.840824	1288.400140762329
101	-153.17087	45.852356	-53.063534	-212.82002	-137.9224	46.781116	-52.983006	-210.71173	100.0	100.0	151499	-221.26018	46.214222	-96.635826	-381.93106	220.5451	6.7404323	1301.2621750831604
102	-152.60017	56.203335	-6.5416517	-220.63417	-152.3544	49.976254	-97.75527	-222.81137	100.0	100.0	152999	-220.13274	46.598503	-94.77793	-378.4292	219.42577	6.9432826	1314.1491768360138
103	-162.32066	44.063416	-79.84677	-217.32208	-134.38193	50.10935	-59.43934	-215.72795	100.0	100.0	154499	-219.39429	47.121273	-92.8458	-373.61642	218.66183	6.894706	1326.936233997345
104	-177.48224	45.447098	-79.18694	-232.95276	-166.95235	36.722515	-82.70834	-203.64157	100.0	100.0	155999	-218.57547	47.88962	-89.82648	-376.4394	217.86717	7.0398016	1339.8847649097443
105	-151.0157	41.772102	-93.05561	-218.12071	-177.18498	38.19363	-94.59251	-216.45961	100.0	100.0	157499	-217.849	48.370808	-86.63168	-374.94617	217.1285	7.027705	1352.6726348400116
106	-143.92691	36.483685	-95.68144	-203.01768	-156.27998	40.40615	-95.57637	-206.32071	100.0	100.0	158999	-216.99942	48.950653	-82.92127	-376.73926	216.287	7.203978	1365.428113937378
107	-177.1167	40.194027	-86.860504	-231.73938	-152.32321	48.503338	-87.790565	-219.69026	100.0	100.0	160499	-215.98991	49.32898	-83.34226	-374.71182	215.25542	7.25407	1378.4010808467865
108	-135.87268	41.958214	-66.35468	-210.96951	-179.15457	33.962673	-134.85628	-228.00014	100.0	100.0	161999	-215.41968	49.919952	-82.3913	-374.58765	214.71643	7.2069864	1391.423975944519
109	-153.75514	46.305058	-73.64768	-219.21558	-165.51456	45.78996	-105.666595	-257.85428	100.0	100.0	163499	-214.8668	50.32769	-80.905174	-388.55225	214.17865	7.3622847	1404.3237919807434
110	-156.28445	49.821854	-73.82544	-230.5238	-157.80643	36.054195	-113.40256	-228.96848	100.0	100.0	164999	-213.93085	50.881638	-79.36887	-375.4703	213.21939	7.317019	1417.2274389266968
111	-157.57452	36.25364	-108.947174	-212.90085	-183.38878	24.855045	-136.75438	-215.84007	100.0	100.0	166499	-212.94891	51.40603	-78.5588	-380.58762	212.2499	7.2911825	1429.9625759124756
112	-154.50877	46.85447	-70.74755	-205.53139	-197.82643	22.044237	-153.84273	-229.85268	100.0	100.0	167999	-212.64519	51.916534	-77.09216	-372.70312	211.95409	7.1912313	1442.6499218940735
113	-156.44423	49.886242	-55.45888	-228.95058	-163.06314	55.99704	-53.75107	-232.00818	100.0	100.0	169499	-212.05821	52.403557	-76.48151	-373.41467	211.37105	7.2018814	1455.4391069412231
114	-171.75484	42.54221	-90.310974	-237.45433	-154.98174	24.871296	-113.45955	-194.63258	100.0	100.0	170999	-211.49275	53.077538	-76.6808	-371.41687	210.79391	7.1332984	1468.2254700660706
115	-148.36403	57.36271	-40.408592	-255.79364	-140.56291	49.84118	-51.48198	-201.91144	100.0	100.0	172499	-211.0047	53.510494	-73.63944	-371.31802	210.27412	7.294275	1480.9388439655304
116	-142.78815	55.45092	-41.931732	-228.71294	-156.95825	56.510853	-61.186733	-213.90276	100.0	100.0	173999	-210.13216	54.032887	-72.548615	-376.37802	209.41815	7.098188	1493.7710978984833
117	-142.93898	43.497772	-65.82465	-240.22089	-163.15646	57.590775	-31.930065	-236.28505	100.0	100.0	175499	-209.06007	54.63173	-71.91849	-369.85162	208.34886	7.192723	1506.8489270210266
118	-156.46873	27.60406	-114.90184	-204.11017	-184.21973	36.918	-106.70577	-223.0211	100.0	100.0	176999	-208.57251	55.03929	-70.870255	-370.8314	207.81592	7.3138804	1519.7509970664978
119	-172.47469	37.813538	-98.480385	-234.60458	-159.23093	59.19877	-69.61668	-245.2286	100.0	100.0	178499	-207.73676	55.360775	-68.1104	-370.19547	206.9882	7.281416	1532.742311000824
120	-160.2907	42.505955	-88.52945	-209.96036	-159.2856	48.36936	-73.3628	-224.13995	100.0	100.0	179999	-206.93823	55.84308	-66.51766	-379.4256	206.18817	7.3500643	1545.7404460906982
121	-172.59177	36.611015	-104.72225	-220.45457	-161.94965	45.346123	-99.431335	-220.63528	100.0	100.0	181499	-206.15192	56.42635	-64.631546	-371.00653	205.41579	7.224784	1558.7241649627686
122	-144.53647	37.682316	-77.623436	-197.0609	-121.87111	45.7722	-67.88936	-204.79414	100.0	100.0	182999	-205.03822	56.842354	-62.16745	-363.53412	204.27847	7.499666	1571.658879995346
123	-147.3237	42.227398	-54.94111	-196.77954	-147.8959	48.703655	-93.54303	-214.99876	100.0	100.0	184499	-203.96614	57.418427	-62.51376	-368.47058	203.19412	7.4349165	1584.3362319469452
124	-165.11528	43.687344	-49.64916	-232.98582	-135.81621	42.3271	-89.06944	-206.16595	100.0	100.0	185999	-203.11168	57.86529	-61.593185	-363.69785	202.36667	7.451207	1597.2993080615997
125	-179.99136	28.163956	-107.50902	-218.49298	-153.594	31.284967	-110.82948	-191.49078	100.0	100.0	187499	-202.37251	58.467518	-61.357388	-372.1577	201.61804	7.665929	1610.1509709358215
126	-164.54655	55.176983	-76.16457	-228.9124	-133.16899	44.506958	-68.24339	-212.46452	100.0	100.0	188999	-201.66673	58.883984	-57.754234	-368.13174	200.9055	7.593491	1623.2980489730835
127	-145.6245	45.78123	-88.25968	-227.94753	-182.47964	32.639534	-112.22496	-221.06178	100.0	100.0	190499	-200.9629	59.122787	-56.431065	-364.5653	200.21167	7.5207133	1636.231547832489
128	-138.84758	57.89012	-46.95828	-234.86737	-146.40785	62.6647	-47.877377	-213.81537	100.0	100.0	191999	-199.81589	59.39588	-55.94409	-364.6985	199.05783	7.8472567	1648.9955537319183
129	-139.58229	37.204956	-79.10959	-201.20186	-168.24507	57.706017	-87.92301	-285.87296	100.0	100.0	193499	-199.27344	59.86292	-55.50857	-368.8471	198.50475	7.5645585	1662.1720650196075
130	-160.3708	38.76241	-108.94984	-216.91153	-121.44552	48.303806	-50.432705	-207.27812	100.0	100.0	194999	-197.83514	60.095356	-53.754673	-367.68295	197.04233	7.7484765	1674.9877038002014
131	-178.48593	42.894524	-101.261826	-232.83818	-129.01749	51.815746	-49.062206	-212.72623	100.0	100.0	196499	-196.76567	60.258495	-50.86959	-366.30777	195.95033	7.9669785	1687.8273921012878
132	-160.93217	47.052242	-84.47958	-234.57574	-132.41028	43.81926	-58.12529	-197.98537	100.0	100.0	197999	-195.55284	60.514	-50.174496	-369.73642	194.72188	8.017948	1700.5721628665924
133	-145.79361	40.600285	-81.99494	-212.30112	-163.6055	49.56372	-83.561874	-246.82387	100.0	100.0	199499	-194.26683	60.60799	-48.436787	-362.56784	193.41379	8.445408	1713.5168778896332
134	-148.39348	39.08997	-86.62563	-216.31165	-152.27248	43.433247	-88.25191	-211.24675	100.0	100.0	200999	-192.78905	60.83483	-45.370724	-358.00934	191.95804	8.248004	1726.4349248409271
135	-137.9694	43.55615	-82.809	-211.5535	-142.96414	43.37929	-68.52768	-202.89537	100.0	100.0	202499	-191.5819	60.921112	-44.268482	-357.89575	190.7602	8.031654	1739.2740187644958
136	-144.55258	51.889538	-56.469345	-217.76242	-159.77686	57.145786	-38.73835	-236.54433	100.0	100.0	203999	-190.60336	61.037834	-42.332104	-362.03583	189.80148	8.004905	1752.3025648593903
137	-121.31546	41.07846	-40.027103	-188.73766	-154.42697	56.31041	-51.91433	-256.77176	100.0	100.0	205499	-189.37051	61.12472	-40.786716	-355.50797	188.55646	8.195188	1765.1678969860077
138	-163.06404	39.538677	-86.896484	-204.63754	-123.10651	56.996338	-50.93444	-237.36989	100.0	100.0	206999	-188.3869	61.587193	-39.344357	-360.55774	187.5914	8.231218	1778.0130689144135
139	-153.86644	49.429203	-26.813536	-234.61682	-156.29256	41.591175	-75.89825	-211.23447	100.0	100.0	208499	-187.78261	62.164566	-37.72888	-357.24304	186.97852	8.389003	1790.8511908054352
140	-158.68175	44.111137	-93.46324	-226.22101	-160.36655	40.81601	-88.42336	-218.43347	100.0	100.0	209999	-186.84003	62.455433	-34.25137	-357.51755	186.03723	8.3338585	1803.7031707763672
141	-136.23383	54.32864	-67.9877	-227.60367	-148.85219	53.020096	-66.19796	-229.36009	100.0	100.0	211499	-185.80315	62.820763	-32.338234	-355.39767	184.99297	8.741704	1816.6967549324036
142	-133.12791	52.58281	-39.880898	-226.20526	-159.57542	46.791084	-93.455124	-232.35867	100.0	100.0	212999	-184.68895	63.28518	-31.776087	-355.5958	183.85129	9.004948	1829.6248400211334
143	-155.19595	47.060707	-88.4149	-240.64978	-135.69998	34.18661	-94.87888	-192.68326	100.0	100.0	214499	-183.50217	63.96799	-31.16442	-359.84753	182.6486	8.83445	1843.2179851531982
144	-144.01176	53.231674	-35.378498	-228.60216	-161.28256	40.213192	-110.185776	-212.12921	100.0	100.0	215999	-182.22795	64.357025	-28.85371	-360.86163	181.4071	9.189913	1857.0850360393524
145	-157.83638	50.75722	-82.05344	-240.79668	-138.69196	51.358715	-56.722824	-244.47096	100.0	100.0	217499	-181.19637	64.47945	-26.94066	-356.03802	180.337	9.251268	1870.978334903717
146	-161.37253	50.16967	-64.368706	-226.6976	-134.94621	43.39206	-69.28178	-205.63734	100.0	100.0	218999	-179.77272	64.96576	-26.270187	-357.39658	178.92354	9.2412	1883.764093875885
147	-152.87535	39.009083	-99.68767	-212.5112	-145.44402	36.2298	-82.77776	-214.6705	100.0	100.0	220499	-178.77138	65.32717	-24.910967	-361.34122	177.95006	9.21241	1896.7980470657349
148	-141.73564	40.790485	-80.80514	-209.40143	-156.10612	33.09856	-95.77588	-205.52747	100.0	100.0	221999	-178.10849	65.52322	-24.421637	-360.12708	177.27188	9.624014	1910.1039848327637
149	-142.38937	36.67453	-86.16836	-203.20888	-163.01068	32.47654	-118.004364	-219.81094	100.0	100.0	223499	-177.25398	65.89114	-23.504852	-362.04306	176.38907	9.646454	1923.0028438568115
150	-147.01398	50.029118	-59.893574	-240.85312	-172.21654	32.028603	-119.495705	-211.22954	100.0	100.0	224999	-176.1858	66.43687	-21.777992	-351.6248	175.35196	9.598436	1936.1846899986267
151	-149.36206	48.333626	-66.58465	-242.49014	-152.10202	51.784657	-68.67561	-215.90385	100.0	100.0	226499	-175.45807	66.64143	-19.849705	-355.4108	174.62257	9.444678	1949.5109939575195
152	-127.79736	39.735462	-71.51642	-207.43394	-151.76529	38.384903	-111.65055	-226.7013	100.0	100.0	227999	-174.47368	66.9595	-18.765665	-353.58795	173.64828	9.496979	1962.4070527553558
153	-128.103	38.781124	-82.370895	-240.99019	-153.94865	31.141785	-108.432594	-205.23238	100.0	100.0	229499	-173.36266	67.01279	-20.751514	-357.2466	172.54532	9.585592	1975.4652388095856
154	-149.4467	34.78292	-106.07997	-221.60478	-157.45004	40.092278	-84.53985	-209.3819	100.0	100.0	230999	-172.37315	67.03768	-18.378086	-357.86975	171.54733	9.7896595	1988.6650121212006
155	-152.87166	44.2169	-102.44335	-238.46246	-166.76321	47.582	-52.030155	-217.26007	100.0	100.0	232499	-171.84633	67.193985	-18.149752	-359.81287	171.00096	9.789112	2001.6104657649994
156	-160.24202	50.47296	-67.00152	-249.2993	-167.27272	47.574474	-106.22255	-240.21992	100.0	100.0	233999	-170.78331	67.280426	-19.136667	-363.03375	169.95117	9.836055	2014.627811908722
157	-142.28917	36.056118	-75.44832	-197.10796	-145.49655	57.664154	-59.426445	-231.76517	100.0	100.0	235499	-170.26067	67.247696	-18.046509	-363.61975	169.44276	9.840038	2027.5108239650726
158	-149.52837	39.974274	-86.78555	-213.07863	-151.75296	47.64075	-87.46885	-217.14922	100.0	100.0	236999	-169.88611	67.35182	-18.34588	-361.88132	169.046	9.810772	2040.3326978683472
159	-157.84659	38.797874	-85.979004	-214.77141	-130.08206	38.491013	-81.14947	-206.33862	100.0	100.0	238499	-169.45609	67.40817	-15.798037	-362.28555	168.63387	9.999064	2053.399122953415
160	-149.2779	41.200253	-76.90189	-207.83499	-164.95572	42.416874	-92.53623	-205.93736	100.0	100.0	239999	-168.75797	67.41904	-17.108969	-362.53128	167.9491	9.97669	2066.290638923645
161	-151.83485	40.262432	-101.51807	-241.35835	-153.98499	63.449574	-25.142344	-222.55202	100.0	100.0	241499	-168.22005	67.296585	-18.163118	-360.30142	167.42441	9.873122	2079.5162250995636
162	-134.13942	37.181377	-68.71719	-202.04343	-161.92905	44.69904	-109.42998	-225.17555	100.0	100.0	242999	-167.95709	67.43647	-16.616373	-365.12357	167.169	9.930873	2092.317029953003
163	-168.09831	45.261723	-72.41389	-217.41025	-151.9638	46.164062	-93.80317	-242.36716	100.0	100.0	244499	-167.60973	67.53899	-17.272009	-362.88177	166.83188	10.156657	2105.432226896286
164	-151.64404	41.102657	-85.391075	-233.3005	-140.30258	54.33447	-43.97402	-214.61525	100.0	100.0	245999	-167.39903	67.55763	-19.63672	-359.36703	166.60165	9.784519	2118.3467559814453
165	-133.02423	41.454147	-76.42341	-209.65219	-158.7024	37.37118	-115.74208	-227.06587	100.0	100.0	247499	-167.3263	67.847374	-20.784578	-364.64896	166.56023	9.836405	2131.28928899765
166	-149.46745	42.015003	-73.155876	-213.50934	-161.49329	32.761124	-111.2264	-204.67911	100.0	100.0	248999	-167.15208	67.93651	-23.982885	-379.11554	166.37077	9.638095	2144.39018201828
167	-151.93677	38.31706	-97.525536	-206.1411	-194.65701	38.821568	-126.94129	-256.1354	100.0	100.0	250499	-166.74059	68.2618	-25.42624	-372.5324	165.94696	9.818463	2157.200642824173
168	-155.06633	42.284607	-50.71482	-203.38623	-149.86374	37.82714	-109.28357	-214.70593	100.0	100.0	251999	-166.97008	68.473045	-21.340773	-365.24155	166.18875	9.762434	2170.0669770240784
169	-148.32967	50.162857	-27.033363	-223.79848	-142.8619	56.456387	-29.881271	-218.87631	100.0	100.0	253499	-166.35704	68.373405	-24.835312	-364.7951	165.56056	9.9316845	2182.898125886917
170	-146.77888	34.4813	-95.15011	-205.41139	-149.28125	54.016006	-43.97	-214.138	100.0	100.0	254999	-165.94388	68.55429	-22.419582	-363.0761	165.11621	10.058117	2195.681072950363
171	-134.51295	45.07899	-37.28742	-220.82385	-138.41275	31.381126	-85.248695	-195.47127	100.0	100.0	256499	-164.99306	68.78852	-21.399763	-364.88107	164.19106	10.239216	2208.6696050167084
172	-128.45421	32.851185	-67.535324	-215.88081	-171.48782	43.431328	-58.222675	-215.53693	100.0	100.0	257999	-165.06596	69.14596	-19.080442	-360.23975	164.2852	9.88642	2221.6622269153595
173	-125.78782	52.836845	-26.250708	-210.85701	-134.05367	43.535305	-92.07812	-209.96123	100.0	100.0	259499	-164.6517	69.15743	-20.244204	-362.7519	163.85454	10.282384	2234.727546930313
174	-152.88788	47.375618	-95.85651	-253.36281	-156.67079	32.86909	-107.7657	-207.01712	100.0	100.0	260999	-164.15186	69.59002	-18.04588	-365.8875	163.33865	10.351375	2247.693515777588
175	-136.1583	34.184517	-85.14016	-207.32172	-151.4512	49.4938	-58.076202	-215.41888	100.0	100.0	262499	-164.18642	69.81417	-20.693865	-370.30716	163.38582	10.330018	2260.5034630298615
176	-143.09781	32.350567	-93.596886	-207.03351	-125.5858	28.98915	-85.43272	-179.37859	100.0	100.0	263999	-163.95271	69.84814	-20.623196	-357.64517	163.15715	10.291309	2273.2094719409943
177	-152.34001	37.594166	-101.633224	-221.86043	-179.392	45.80029	-89.98908	-242.1542	100.0	100.0	265499	-163.57866	70.10117	-17.553371	-361.3067	162.7582	10.458524	2286.2892370224
178	-159.48593	37.889168	-95.56238	-212.92603	-135.94278	36.40622	-82.0472	-193.1872	100.0	100.0	266999	-163.50629	70.21002	-20.547419	-363.56036	162.68692	10.440736	2299.0239250659943
179	-142.2998	46.751213	-63.035404	-228.0577	-163.52774	27.823946	-126.78079	-207.42072	100.0	100.0	268499	-162.6803	70.5095	-21.260368	-360.72495	161.85875	10.37051	2311.689800977707
180	-132.71394	43.815746	-75.44794	-209.97308	-156.62125	43.575916	-86.18245	-239.33241	100.0	100.0	269999	-162.09903	70.4132	-22.383291	-359.03662	161.23512	10.0794325	2324.45809006691
181	-143.39143	53.11261	-61.936028	-230.72417	-141.4863	41.40782	-80.4491	-215.17073	100.0	100.0	271499	-161.04834	70.57695	-19.809563	-361.23953	160.19678	10.257987	2337.1762330532074
182	-146.97182	41.650238	-73.48108	-207.0433	-114.95418	43.391403	-59.123898	-175.5596	100.0	100.0	272999	-160.65192	70.4057	-18.160172	-361.04932	159.787	10.305736	2350.174983024597
183	-149.57747	35.361988	-77.490486	-212.5943	-143.89455	44.319447	-91.22796	-212.4439	100.0	100.0	274499	-159.84064	70.41828	-14.976416	-360.65005	158.93713	10.422044	2362.9887058734894
184	-145.31438	46.42704	-63.433296	-214.03467	-171.25597	61.408768	-50.79947	-253.95323	100.0	100.0	275999	-158.6802	70.217926	-14.780337	-359.7124	157.78143	10.533599	2375.9423608779907
185	-154.09639	56.953476	-39.599022	-217.53598	-169.6015	40.549072	-104.388695	-224.89017	100.0	100.0	277499	-158.07932	70.10589	-18.116306	-354.39587	157.18971	10.66892	2388.8760929107666
186	-133.56248	35.867954	-92.5417	-215.67245	-141.23495	33.43574	-96.917816	-202.39174	100.0	100.0	278999	-156.85762	70.01275	-19.03037	-358.0608	155.96762	10.404118	2401.7705109119415
187	-142.49843	45.75618	-69.453606	-214.8805	-146.18704	50.052914	-83.70405	-224.26201	100.0	100.0	280499	-156.56447	70.125	-20.75159	-359.61285	155.6515	10.345359	2414.586539030075
188	-141.01183	39.358784	-81.29538	-204.34148	-128.14294	46.033848	-51.740143	-203.9588	100.0	100.0	281999	-155.49269	69.82377	-20.060299	-358.2458	154.58772	10.451945	2427.5693457126617
189	-160.19759	49.654995	-79.81394	-244.55992	-149.70468	46.985588	-93.35506	-234.83488	100.0	100.0	283499	-154.34238	69.70878	-19.884544	-359.49216	153.3869	10.533797	2440.452838897705
190	-147.27246	34.511303	-102.86688	-214.39896	-153.61395	34.318058	-99.692245	-203.69043	100.0	100.0	284999	-153.54053	69.646355	-21.12691	-355.78436	152.62877	10.633583	2453.3417418003082
191	-166.70589	40.68419	-100.32487	-227.8163	-165.38387	40.84444	-93.61876	-221.07428	100.0	100.0	286499	-152.63115	69.65468	-19.34638	-354.76788	151.70164	10.744892	2466.2545568943024
192	-131.57974	37.607967	-44.96077	-198.54286	-166.37878	43.335167	-103.82909	-225.26747	100.0	100.0	287999	-151.71289	69.5567	-18.264566	-353.84985	150.81706	10.931184	2479.71133184433
193	-158.86082	47.680283	-83.4362	-222.83467	-156.72215	38.68012	-97.566246	-212.12822	100.0	100.0	289499	-151.40494	69.41025	-17.681353	-357.58746	150.48705	11.032416	2492.581540822983
194	-135.0389	47.377293	-76.48961	-224.99258	-139.52634	56.41852	-70.80489	-209.96739	100.0	100.0	290999	-150.8696	69.46962	-16.644571	-359.81967	149.94862	10.954909	2505.4793858528137
195	-144.99976	54.28092	-31.746601	-225.3326	-152.32431	34.76734	-107.16048	-215.78091	100.0	100.0	292499	-150.03577	69.54566	-16.203289	-355.81296	149.10338	10.689757	2518.235246896744
196	-133.29048	38.78363	-82.83747	-216.72337	-145.69283	37.289368	-87.23887	-207.62425	100.0	100.0	293999	-149.33911	69.448326	-13.455093	-350.29642	148.40916	10.45984	2531.0764129161835
197	-154.4243	47.314476	-72.90791	-228.31654	-152.06499	52.257874	-58.3508	-230.71875	100.0	100.0	295499	-148.62491	69.39905	-13.076305	-352.71606	147.69331	10.386252	2543.833249092102
198	-125.683525	43.765987	-57.986137	-212.56107	-171.76517	32.018944	-129.40952	-209.2969	100.0	100.0	296999	-147.75499	69.181206	-17.611889	-351.85843	146.81046	10.26844	2556.611939907074
199	-149.1857	47.39956	-59.61841	-210.38818	-141.06741	38.804104	-85.26503	-205.01703	100.0	100.0	298499	-146.7747	69.01489	-16.076048	-349.52365	145.84554	10.058564	2569.4148008823395
200	-137.98817	44.632774	-26.416397	-215.14336	-131.58609	29.971975	-89.7729	-177.81761	100.0	100.0	299999	-146.08334	69.349556	-17.167313	-346.90958	145.14246	10.484603	2582.254730939865
201	-147.92747	47.669548	-51.782696	-210.4241	-134.34726	42.207546	-36.04863	-204.55563	100.0	100.0	301499	-145.13663	69.41203	-13.999889	-342.8953	144.19661	10.440124	2595.370162010193
202	-130.40276	47.492996	-51.609707	-213.78986	-134.11073	56.751495	-26.561678	-213.18796	100.0	100.0	302999	-144.71442	69.26305	-13.166088	-349.7097	143.81313	10.769496	2608.3384227752686
203	-144.785	46.458134	-51.637615	-210.07018	-153.53511	37.332577	-108.10208	-222.96722	100.0	100.0	304499	-144.15347	69.30355	-14.023258	-343.78058	143.21721	10.139709	2621.2614648342133
204	-136.2072	32.44593	-86.17365	-190.666	-138.50473	37.83738	-71.43188	-206.486	100.0	100.0	305999	-143.62032	68.9085	-11.11209	-342.0473	142.71338	10.460916	2634.127336025238
205	-152.29817	44.198288	-42.572487	-208.30643	-148.76537	51.53196	-53.429245	-230.88655	100.0	100.0	307499	-143.03464	69.02069	-8.5381365	-343.17267	142.12508	10.457298	2647.026181936264
206	-151.63692	28.834517	-94.96528	-199.8576	-148.28456	37.683002	-85.75516	-205.75005	100.0	100.0	308999	-142.25612	68.99986	-9.271622	-340.98618	141.35536	10.525234	2659.838497877121
207	-158.46793	46.858646	-47.76391	-222.36325	-141.92871	36.78337	-93.093376	-202.44582	100.0	100.0	310499	-142.26965	68.913574	-6.5141	-341.30594	141.38873	10.205063	2672.66916680336
208	-155.0605	48.909245	-76.84634	-228.54073	-122.791565	34.914295	-57.460217	-175.79091	100.0	100.0	311999	-141.78625	68.80986	-7.7638154	-338.04843	140.87997	10.436266	2685.463627099991
209	-144.12064	58.65501	-38.714	-212.78	-135.1276	35.364216	-57.59085	-190.15935	100.0	100.0	313499	-141.46387	69.10512	-5.2548947	-337.7598	140.57466	10.395757	2698.3203489780426
210	-148.59593	41.428947	-95.67431	-213.00192	-116.34322	18.355991	-86.1304	-147.76442	100.0	100.0	314999	-141.41728	69.10462	-5.8418226	-343.59662	140.52449	10.573104	2711.6185159683228
211	-161.36937	36.953495	-92.675514	-223.67926	-139.2471	48.053085	-68.71594	-222.76083	100.0	100.0	316499	-141.32207	69.334145	-4.576569	-336.8321	140.43925	10.529686	2724.471748828888
212	-151.51884	39.78021	-91.81108	-214.82191	-136.4089	55.996006	-35.975964	-243.05196	100.0	100.0	317999	-141.10588	69.07383	-3.9815834	-339.1331	140.2288	10.597414	2737.294184923172
213	-139.19273	30.907244	-88.045845	-190.18956	-163.34755	46.479286	-94.03671	-222.2971	100.0	100.0	319499	-140.69684	69.39437	-3.7352886	-337.43048	139.76038	10.652218	2750.074054956436
214	-115.42412	34.804874	-39.345215	-167.27916	-151.78189	41.441242	-98.74312	-219.81618	100.0	100.0	320999	-140.05542	68.89609	-4.6185203	-341.66626	139.16055	10.731182	2762.8355779647827
215	-134.60265	35.709305	-84.63592	-208.80573	-136.23758	49.26835	-73.0266	-219.56273	100.0	100.0	322499	-139.87848	68.9756	-4.9620414	-342.99292	139.00632	10.537145	2775.686199903488
216	-147.58	43.54995	-70.833145	-217.33353	-148.9098	31.024984	-113.05987	-196.96178	100.0	100.0	323999	-140.26607	69.156654	-2.9773777	-349.36093	139.39325	10.996818	2788.517505168915
217	-127.57201	45.75244	-42.947006	-179.3461	-147.08058	35.203945	-92.96811	-203.37114	100.0	100.0	325499	-139.7077	68.98169	-2.5718417	-348.92084	138.80208	10.701629	2801.393415927887
218	-140.04073	52.317142	-35.72348	-218.48671	-152.97551	42.53734	-75.98073	-207.4834	100.0	100.0	326999	-139.79008	68.755646	-3.3310184	-354.22137	138.89864	11.194193	2814.3483939170837
219	-137.5022	45.995995	-59.523502	-227.09755	-140.12296	32.982746	-101.88061	-183.68329	100.0	100.0	328499	-139.4882	69.10501	-2.492692	-351.516	138.59961	10.784489	2827.246617794037
220	-166.525	27.98152	-107.661766	-209.33261	-123.08891	47.932163	-66.023254	-213.87614	100.0	100.0	329999	-139.75345	69.30231	-2.2518427	-349.4951	138.89752	11.369398	2840.342271089554
221	-141.00423	43.22808	-77.237854	-220.26505	-135.20493	46.470997	-52.548386	-194.98491	100.0	100.0	331499	-139.95967	69.23209	-3.734475	-348.95953	139.10023	11.195909	2853.121580839157
222	-139.04527	37.09735	-88.28705	-220.82098	-154.2286	43.670395	-78.23966	-205.21307	100.0	100.0	332999	-140.14743	69.081055	-4.6414976	-348.97308	139.30058	11.143523	2866.0210587978363
223	-147.15067	46.23071	-73.570076	-211.54012	-138.35919	49.976864	-73.602615	-252.93782	100.0	100.0	334499	-139.9255	69.13849	-3.0677125	-343.47934	139.07518	11.131976	2878.9892077445984
224	-117.980064	45.413265	-53.577404	-212.36285	-125.52354	36.7192	-87.10829	-205.1696	100.0	100.0	335999	-139.9386	69.324844	-5.4015036	-349.34402	139.08205	11.181248	2892.317487001419
225	-111.64706	40.2034	-38.512688	-169.16475	-165.30063	55.765663	-91.79465	-247.56978	100.0	100.0	337499	-139.93651	69.46829	-4.839873	-355.16895	139.0922	11.490797	2905.1921648979187
226	-150.45532	32.84949	-104.27497	-198.31104	-141.56303	43.04819	-99.5032	-210.40419	100.0	100.0	338999	-140.1501	69.403694	-6.088603	-352.20816	139.31468	11.105265	2917.9053778648376
227	-151.3677	32.48794	-95.670334	-204.7678	-145.11003	40.27286	-82.140114	-205.52292	100.0	100.0	340499	-140.41393	69.52848	-5.3096156	-346.35364	139.57962	11.160146	2930.700813770294
228	-147.31914	57.82216	-54.273094	-269.44168	-166.81354	38.53857	-84.54048	-210.32805	100.0	100.0	341999	-140.65181	69.95181	-5.8051033	-345.80716	139.8184	11.938003	2943.593248128891
229	-125.789024	26.611547	-88.05372	-200.0468	-141.51031	38.24611	-95.52926	-199.32034	100.0	100.0	343499	-140.612	70.0403	-5.7093306	-342.17612	139.7743	11.421843	2956.359790802002
230	-129.53618	33.430683	-78.41146	-189.44647	-128.71098	42.199673	-68.48455	-191.35602	100.0	100.0	344999	-140.76674	70.396675	-4.643956	-342.1295	139.90974	11.720552	2969.3961279392242
231	-139.83546	41.055466	-63.64773	-215.579	-115.71101	53.89117	-43.301575	-240.25974	100.0	100.0	346499	-140.84198	70.814064	-3.2847936	-344.27515	140.0024	11.862245	2982.181527853012
232	-139.47943	39.60172	-76.95319	-216.20589	-138.26436	51.377087	-37.370693	-218.67809	100.0	100.0	347999	-140.6223	70.864456	-1.4714695	-343.07483	139.75702	12.219677	2995.001238822937
233	-158.61554	27.29516	-120.07922	-217.72392	-137.16995	37.891693	-96.89544	-201.78552	100.0	100.0	349499	-140.7509	71.438286	-1.9525337	-343.5248	139.90335	12.016502	3007.8393049240112
234	-128.73195	40.696987	-68.707146	-215.24686	-148.15253	53.2605	-45.137302	-226.11012	100.0	100.0	350999	-140.58408	71.673325	2.4185712	-344.76974	139.7424	12.546824	3020.7123889923096
235	-138.81577	42.94342	-84.68789	-214.2272	-123.8444	37.414204	-93.099205	-205.31476	100.0	100.0	352499	-140.66234	71.926575	-0.9910524	-348.49805	139.77281	12.342892	3033.6444919109344
236	-133.71562	41.934753	-65.00098	-204.15324	-142.008	50.798264	-61.30445	-239.22191	100.0	100.0	353999	-140.31155	72.07007	1.1008846	-344.44733	139.4257	12.165427	3046.4943339824677
237	-167.86723	33.637264	-112.36568	-222.20995	-113.82754	44.300568	-57.307777	-187.49925	100.0	100.0	355499	-140.00482	72.449524	1.7560804	-346.92206	139.06125	12.222714	3059.222541809082
238	-155.54652	48.39446	-83.97876	-258.49222	-121.64647	51.10252	-39.248447	-218.62419	100.0	100.0	356999	-138.9779	72.58079	1.2440577	-351.4553	138.03056	12.83727	3072.315747976303
239	-146.98396	34.202286	-99.988945	-212.74527	-126.980064	54.647392	-20.337511	-193.83594	100.0	100.0	358499	-138.92067	73.25859	2.7505064	-352.71066	138.02036	12.665438	3085.263890028
240	-138.92123	43.526924	-70.38752	-217.39397	-166.52757	33.02642	-111.439354	-226.98085	100.0	100.0	359999	-138.95671	73.41281	3.2659194	-352.20447	138.08171	12.433703	3098.2531218528748
241	-168.44025	41.84868	-87.10002	-224.0053	-168.07957	42.974426	-117.32234	-226.26627	100.0	100.0	361499	-138.19875	73.95932	4.3566194	-364.90628	137.27698	12.73353	3111.14781498909
242	-153.01192	49.013786	-66.33582	-227.6463	-155.84995	44.367725	-59.747528	-218.7296	100.0	100.0	362999	-138.12569	74.59819	7.0092306	-360.69836	137.22586	12.9316435	3124.0170109272003
243	-147.73244	65.83153	-26.59245	-225.01355	-153.02505	44.45263	-101.126854	-217.88078	100.0	100.0	364499	-137.77434	74.96759	7.951853	-364.928	136.81859	13.307368	3136.8342270851135
244	-155.35327	46.404053	-64.42834	-222.71832	-122.79393	31.17042	-52.025238	-180.23071	100.0	100.0	365999	-136.91415	75.31043	10.957477	-360.6952	135.98082	12.963731	3150.003466129303
245	-138.59529	46.607903	-36.217762	-204.73166	-149.979	56.177753	-24.481876	-220.59229	100.0	100.0	367499	-136.39902	75.84971	11.595403	-361.22064	135.46512	13.326834	3163.0103759765625
246	-156.85857	34.87147	-103.47135	-212.58269	-142.84244	27.603727	-87.83739	-183.10657	100.0	100.0	368999	-136.05019	76.11656	13.34637	-360.1667	135.10956	13.556315	3176.0680458545685
247	-145.3388	43.411007	-90.901215	-227.75594	-145.4587	37.313225	-92.87479	-206.056	100.0	100.0	370499	-135.3032	76.66147	14.475856	-363.40097	134.3433	14.007688	3189.110162973404
248	-151.55482	40.222157	-89.98786	-222.26651	-142.73433	46.763992	-76.92062	-222.68146	100.0	100.0	371999	-135.17331	76.901215	14.78456	-361.1369	134.22914	13.788974	3202.1602981090546
249	-143.41823	39.13826	-92.20579	-211.74506	-148.70232	53.244625	-67.636536	-229.59015	100.0	100.0	373499	-134.78062	76.814255	15.888059	-366.3694	133.79799	13.779961	3215.2968139648438
250	-142.84903	42.086185	-64.29354	-213.8173	-161.3145	40.92278	-87.65754	-219.64906	100.0	100.0	374999	-133.78078	76.81707	13.394779	-363.86264	132.8262	14.294964	3228.0874860286713
251	-136.61818	55.69228	-48.400616	-225.83768	-157.66621	39.558308	-84.53163	-229.83163	100.0	100.0	376499	-132.7843	76.8981	12.276619	-361.22742	131.78741	13.903152	3240.8348309993744
252	-131.32207	40.25143	-41.44443	-203.33337	-146.7343	40.897736	-93.563995	-233.43752	100.0	100.0	377999	-132.17947	76.759705	14.554758	-358.65253	131.24098	13.833146	3253.7630479335785
253	-138.20688	44.3131	-70.81508	-203.28868	-132.80682	37.460545	-63.987473	-195.80888	100.0	100.0	379499	-131.17429	76.53478	15.391536	-365.4444	130.19292	13.689349	3266.7371747493744
254	-129.9893	29.02914	-92.1123	-194.97011	-143.46017	47.942383	-80.10642	-208.09087	100.0	100.0	380999	-130.68803	75.96772	14.251813	-364.70044	129.64827	14.093237	3279.669451713562
255	-131.99135	43.404243	-22.78711	-201.36528	-124.505936	28.989841	-85.45452	-166.62679	100.0	100.0	382499	-129.63086	75.95049	9.587618	-360.7126	128.63982	13.723744	3292.622570037842
256	-148.06268	43.43495	-94.22815	-219.10913	-151.60031	43.32629	-92.29466	-214.1846	100.0	100.0	383999	-128.53372	75.76258	14.40482	-364.63248	127.519905	13.583781	3305.904654979706
257	-128.18289	47.85312	-22.479162	-208.63954	-134.39575	44.478016	-40.37534	-200.76437	100.0	100.0	385499	-127.384346	75.17806	15.345539	-362.66074	126.42101	13.740078	3318.988879919052
258	-132.64694	42.244335	-38.19734	-202.35243	-162.79073	63.053276	-67.34975	-261.22412	100.0	100.0	386999	-127.252655	75.08697	11.2818575	-358.8372	126.26624	13.32295	3331.977047920227
259	-129.7433	38.659645	-60.418205	-206.58134	-133.38383	51.206787	-11.802181	-204.18896	100.0	100.0	388499	-126.828384	74.859634	8.134489	-360.80365	125.81392	13.484399	3344.905023097992
260	-131.79573	44.087738	-60.513054	-227.98132	-136.65509	26.572104	-91.34408	-175.09793	100.0	100.0	389999	-125.82499	74.56595	8.308365	-358.49765	124.83679	13.682604	3357.945149898529
261	-127.776344	40.725742	-64.666306	-194.09128	-134.42253	39.594105	-40.4618	-189.55112	100.0	100.0	391499	-125.50732	74.3294	5.8297515	-358.4614	124.499664	12.714607	3370.7818717956543
262	-147.23286	46.461704	-85.14356	-214.04083	-149.40268	47.590828	-58.6833	-210.13904	100.0	100.0	392999	-124.35436	73.89915	5.5332727	-354.97144	123.34267	12.823229	3383.619083881378
263	-147.62605	41.505096	-92.89568	-216.3811	-127.66376	47.21248	-34.60484	-191.40381	100.0	100.0	394499	-123.69152	73.75656	4.699219	-358.4811	122.671844	13.126401	3396.4320118427277
264	-136.51035	49.55814	-49.346844	-238.31462	-126.619675	23.302563	-100.53551	-187.67859	100.0	100.0	395999	-123.43198	73.360916	5.7138305	-355.71155	122.41611	12.877736	3409.4129071235657
265	-137.77715	40.701347	-57.92086	-199.94762	-159.26875	48.062466	-93.466	-253.91782	100.0	100.0	397499	-122.740746	73.07475	7.1607447	-355.49655	121.72979	13.093942	3422.5096459388733
266	-137.5816	47.615173	-68.896286	-215.93707	-155.68558	51.997284	-83.382515	-239.61273	100.0	100.0	398999	-121.86488	72.85334	8.387028	-366.22867	120.886665	13.05024	3435.456656932831
267	-141.30666	50.03576	-74.04629	-241.55905	-108.25441	23.609816	-70.83933	-147.7759	100.0	100.0	400499	-121.81995	72.83199	8.117116	-362.6608	120.86248	13.053532	3448.5706870555878
268	-141.6964	35.312763	-97.12805	-205.1439	-145.6267	35.29661	-97.10307	-198.02808	100.0	100.0	401999	-121.40732	72.8084	11.33052	-357.39865	120.41406	13.176651	3461.426281929016
269	-143.67209	34.379585	-101.993706	-214.98016	-123.28485	27.906572	-70.27095	-179.80151	100.0	100.0	403499	-121.37714	73.21226	12.017104	-358.43582	120.38171	13.263651	3474.3328988552094
270	-156.1806	39.763817	-87.44965	-230.59988	-124.70036	16.204363	-96.348564	-145.63277	100.0	100.0	404999	-120.375465	73.253815	12.993233	-354.35553	119.359726	13.224297	3487.016079902649
271	-119.38929	24.421055	-81.217445	-168.44002	-161.25566	33.638836	-97.299576	-205.4849	100.0	100.0	406499	-120.297615	73.017876	13.593664	-362.20117	119.34851	13.318604	3499.9101021289825
272	-142.37091	50.697964	-58.863605	-214.88477	-137.74913	33.878212	-79.60644	-193.7169	100.0	100.0	407999	-120.09823	73.05112	8.723695	-363.69022	119.10763	13.15239	3512.8101148605347
273	-153.45078	39.684967	-106.217415	-246.60698	-132.60442	39.651627	-75.38891	-208.42899	100.0	100.0	409499	-119.542946	72.87604	8.293982	-360.24884	118.58134	13.157564	3525.747323989868
274	-138.18564	38.118073	-84.52265	-218.5377	-134.99423	50.717907	-63.29845	-217.98576	100.0	100.0	410999	-119.50004	73.067955	10.382754	-360.46548	118.4778	13.49556	3538.8235619068146
275	-118.95505	33.049007	-65.24638	-205.64737	-152.32478	35.02346	-105.79606	-203.4551	100.0	100.0	412499	-118.18713	72.88954	9.583864	-363.55307	117.14202	13.494287	3551.6096489429474
276	-138.50192	42.8668	-61.98943	-207.8475	-169.25888	40.21735	-112.52866	-254.8059	100.0	100.0	413999	-117.60112	73.042274	6.3123894	-354.01212	116.58014	13.656404	3564.580790758133
277	-140.7473	42.525234	-57.450806	-225.39468	-156.56966	39.22506	-77.019394	-211.2005	100.0	100.0	415499	-117.188	73.12215	7.9924192	-351.00476	116.20116	13.530907	3577.3529827594757
278	-143.57854	54.07038	-69.02534	-238.35977	-150.96896	34.343575	-93.91927	-205.2012	100.0	100.0	416999	-117.667656	73.17353	6.8311124	-361.13177	116.6973	13.588793	3590.112791776657
279	-128.54523	57.79389	-44.97413	-232.15083	-142.56274	47.948387	-60.511875	-218.22475	100.0	100.0	418499	-117.19393	73.2171	8.487563	-355.8452	116.16346	13.336127	3602.9343569278717
280	-138.64084	43.61602	-76.498344	-221.9478	-138.56462	37.28692	-83.91404	-199.29625	100.0	100.0	419999	-116.51764	73.24848	7.9587975	-353.72504	115.52561	13.272169	3615.804619073868
281	-133.77733	51.74429	-44.415424	-226.52802	-132.7562	21.174572	-97.51452	-185.18228	100.0	100.0	421499	-115.89581	73.33868	9.143487	-355.50146	114.91179	13.424207	3628.5673077106476
282	-166.73337	38.5491	-92.737656	-217.78813	-132.21745	30.008953	-89.95215	-188.95197	100.0	100.0	422999	-116.16707	73.49221	9.618189	-355.48993	115.20498	13.388174	3641.6761889457703
283	-125.86413	51.95049	-52.82237	-271.4334	-158.26204	49.217484	-76.048256	-240.153	100.0	100.0	424499	-116.06957	73.39842	7.804502	-353.20636	115.10053	13.419554	3654.5385649204254
284	-145.3116	48.7216	-91.72705	-280.9291	-145.86606	48.91312	-67.35716	-216.97308	100.0	100.0	425999	-116.23463	73.636444	11.0808115	-355.35605	115.278	13.563638	3667.4711968898773
285	-156.09355	48.673508	-92.62966	-238.0631	-126.44576	40.277653	-62.96833	-196.54408	100.0	100.0	427499	-116.13599	73.49825	9.268686	-350.58206	115.22677	13.948245	3680.4266288280487
286	-136.47429	35.475445	-90.463776	-206.2294	-157.77689	58.246555	-86.077225	-255.6772	100.0	100.0	428999	-116.73434	73.463455	10.85861	-362.0879	115.82598	13.917287	3693.530860900879
287	-136.5014	34.668922	-92.34971	-199.79286	-143.3779	66.49631	-46.080105	-250.10547	100.0	100.0	430499	-116.4995	73.38675	7.7790613	-359.4255	115.53815	14.302628	3706.5165750980377
288	-142.61836	41.763737	-83.19596	-216.47177	-159.0198	66.04333	-61.365784	-300.53552	100.0	100.0	431999	-116.58275	73.36923	8.273705	-353.3227	115.60341	14.078142	3719.8790600299835
289	-135.24652	37.1942	-75.587166	-222.73198	-133.49033	33.218006	-93.368744	-197.05708	100.0	100.0	433499	-116.12356	73.64053	12.83642	-358.89258	115.14929	14.404292	3732.8662569522858
290	-137.35268	56.17126	-25.742489	-231.12093	-149.45074	54.78315	-72.33833	-232.61372	100.0	100.0	434999	-116.527855	73.44961	17.45099	-357.12833	115.579346	14.327018	3745.8669078350067
291	-135.59122	50.834213	-44.16777	-213.06535	-129.5598	49.10935	-55.125305	-231.54349	100.0	100.0	436499	-116.18208	73.17674	14.741235	-354.0765	115.231476	14.450188	3758.858379840851
292	-173.86223	56.23173	-69.585335	-255.53172	-178.13103	60.094177	-56.168804	-289.57358	100.0	100.0	437999	-116.2948	72.80776	18.561314	-350.86597	115.35809	14.510201	3771.7379100322723
293	-133.95805	49.227074	-35.588417	-215.40611	-141.35648	52.310665	-37.26199	-205.31674	100.0	100.0	439499	-116.05212	72.342766	18.606352	-375.43	115.0535	14.717874	3784.6895151138306
294	-130.71262	45.57858	-59.78009	-234.94037	-161.62009	42.023052	-108.90262	-218.64761	100.0	100.0	440999	-115.6563	72.043396	19.773533	-371.27872	114.64863	14.719414	3797.690603017807
295	-146.31627	46.7254	-84.38119	-258.3483	-134.77536	57.55589	-47.770504	-255.1268	100.0	100.0	442499	-114.88248	71.288055	18.778402	-353.1412	113.85938	14.626365	3810.8391740322113
296	-148.60768	31.63671	-99.898254	-203.61118	-153.74168	46.3687	-92.130775	-232.03789	100.0	100.0	443999	-114.19884	70.84011	16.071238	-348.24664	113.16686	14.73899	3823.853329896927
297	-141.9628	52.921936	-21.024534	-241.78365	-119.39348	41.995796	-39.65617	-202.53027	100.0	100.0	445499	-113.61198	70.33936	16.478983	-349.88342	112.61936	14.220685	3836.6728689670563
298	-134.66971	42.93561	-48.808163	-241.02226	-135.22952	31.725853	-90.746826	-192.91628	100.0	100.0	446999	-113.44001	70.20934	15.514675	-346.25336	112.43291	14.482707	3849.493306875229
299	-147.23041	48.949375	-64.431114	-225.23917	-138.69276	36.316956	-88.72812	-207.00484	100.0	100.0	448499	-112.8078	69.57225	14.372959	-362.76926	111.817894	14.307492	3862.2950699329376
300	-152.00783	47.032196	-68.785225	-218.37039	-129.59836	35.317127	-86.560265	-203.77591	100.0	100.0	449999	-112.61171	69.004074	14.115614	-343.5132	111.59766	15.071214	3875.2420790195465
301	-135.42511	41.209846	-62.086407	-220.5781	-133.20346	25.51935	-80.769165	-165.94453	100.0	100.0	451499	-111.87657	68.23963	10.526956	-347.8587	110.89907	14.73949	3888.149558067322
302	-147.05447	47.31908	-82.82178	-232.1357	-137.22446	52.053886	-43.810047	-211.88301	100.0	100.0	452999	-111.920815	67.9752	10.062357	-348.24887	110.95935	14.488858	3901.0331740379333
303	-153.09346	42.65005	-56.3581	-220.58902	-121.85325	38.73055	-35.892002	-193.78848	100.0	100.0	454499	-111.44628	67.70573	11.688576	-345.5463	110.425606	14.781836	3914.0001270771027
304	-143.40895	51.948704	-27.389791	-211.42764	-147.53586	41.355637	-92.5623	-209.96683	100.0	100.0	455999	-111.04276	67.22504	15.076825	-335.0221	110.048836	14.461386	3927.086194038391
305	-147.14793	51.414894	-36.63401	-223.53548	-147.96823	49.653156	-43.463715	-222.34456	100.0	100.0	457499	-111.215454	67.397545	12.567828	-335.85208	110.23883	13.906393	3940.0094878673553
306	-136.5208	54.55391	-67.67842	-234.70854	-123.03408	40.629154	-53.19759	-226.48438	100.0	100.0	458999	-111.04825	67.14964	13.459577	-340.54037	110.07605	14.495517	3953.2223308086395
307	-160.78767	47.752163	-98.07547	-229.09492	-124.66121	44.905888	-30.708254	-192.9984	100.0	100.0	460499	-110.72094	66.75998	10.383816	-332.7613	109.75045	14.024235	3966.4562468528748
308	-126.19881	55.725986	-34.438698	-242.05196	-179.87766	33.088017	-108.349724	-214.77635	100.0	100.0	461999	-110.71162	66.58099	15.478129	-342.7435	109.733635	14.055062	3979.2550308704376
309	-141.94765	51.707005	-49.453426	-228.98529	-121.68004	27.094313	-90.86105	-173.91956	100.0	100.0	463499	-110.94836	66.79868	14.766108	-353.87164	109.9925	14.227339	3992.1814908981323
310	-129.02681	39.358643	-57.71702	-199.5593	-139.77191	24.88348	-105.778076	-182.25914	100.0	100.0	464999	-110.603134	66.94471	15.732315	-349.3883	109.60871	13.709276	4005.195723056793
311	-150.39851	45.845562	-43.72014	-219.72128	-144.2136	33.174576	-109.89903	-219.06755	100.0	100.0	466499	-110.48824	67.08968	12.82087	-328.9381	109.493935	14.304576	4018.0019290447235
312	-152.70177	42.98461	-72.479095	-232.85703	-148.62267	47.16906	-42.234787	-216.0848	100.0	100.0	467999	-110.52887	67.36297	15.569323	-352.15027	109.54176	14.138427	4030.8241109848022
313	-150.19614	58.58417	-27.484472	-244.71823	-137.87505	72.20806	-38.348904	-222.6206	100.0	100.0	469499	-110.58669	67.68594	14.882072	-338.194	109.62756	14.151822	4043.774514913559
314	-145.50531	52.68599	-43.923336	-245.5169	-136.26138	56.399815	-60.507015	-229.00587	100.0	100.0	470999	-110.80138	67.638725	15.421171	-343.9875	109.865585	13.897312	4056.920721054077
315	-142.70842	43.03078	-70.73549	-230.08571	-140.52078	26.932013	-105.80257	-195.81607	100.0	100.0	472499	-110.8892	67.647224	12.95089	-359.9076	109.99023	14.0145	4070.0131211280823
316	-126.378654	49.738453	-36.401245	-240.9749	-154.0356	48.56787	-85.36246	-258.96207	100.0	100.0	473999	-111.18144	67.31907	13.684648	-365.15735	110.27193	13.404122	4083.051742076874
317	-134.3192	33.009872	-71.963005	-178.68265	-148.17511	40.7229	-94.398445	-215.33218	100.0	100.0	475499	-111.450005	67.34718	12.052101	-365.93134	110.561966	13.647126	4096.108881950378
318	-138.20573	33.218967	-88.6379	-216.69069	-136.06485	37.823917	-64.06195	-182.97983	100.0	100.0	476999	-112.18091	67.276245	12.478938	-347.00284	111.231155	13.472487	4108.902098894119
319	-130.85724	46.183193	-67.880936	-236.28882	-141.31656	61.645092	-33.617268	-232.98744	100.0	100.0	478499	-112.20274	67.02262	12.351079	-338.13403	111.29152	13.503906	4121.83203792572
320	-122.05874	30.107538	-69.85131	-199.1029	-121.90853	28.60562	-60.619183	-160.66579	100.0	100.0	479999	-112.42608	66.84538	15.97445	-338.81473	111.52189	13.064307	4134.994423866272
321	-129.35396	47.43156	-55.84567	-226.36588	-129.68182	45.638027	-30.02585	-219.85463	100.0	100.0	481499	-112.08867	66.48302	17.863958	-338.87433	111.13038	13.049117	4147.7701897621155
322	-142.41437	55.217403	-35.02319	-218.27444	-125.806435	34.19386	-64.04518	-196.6339	100.0	100.0	482999	-112.298294	66.898094	20.066854	-337.1668	111.39059	13.043721	4160.723173856735
323	-115.10075	36.472443	-64.52999	-198.60637	-120.13757	66.59849	-20.98792	-266.12796	100.0	100.0	484499	-112.90757	67.228905	16.932543	-350.11874	111.96872	12.96529	4173.8384578228
324	-134.99464	41.210323	-84.608345	-204.45998	-175.91557	49.83885	-104.71581	-236.15617	100.0	100.0	485999	-113.019226	66.93544	17.202291	-330.64706	112.04856	12.893299	4186.998854875565
325	-129.67056	38.84305	-25.248497	-184.76776	-138.40558	37.797455	-77.53066	-215.22655	100.0	100.0	487499	-112.8606	66.60605	18.154837	-348.0016	111.926315	12.819433	4199.968261003494
326	-129.76578	55.254585	-58.11566	-271.39017	-139.67245	45.849567	-83.724236	-226.95299	100.0	100.0	488999	-112.48673	66.13108	19.140942	-343.80328	111.51198	12.494963	4212.797261953354
327	-132.98265	41.17293	-71.764786	-200.72905	-147.50116	32.38311	-100.07012	-201.04893	100.0	100.0	490499	-112.3987	65.878815	23.456924	-331.5083	111.42369	12.988776	4225.452632904053
328	-136.5859	47.577274	-65.25932	-219.7498	-150.76535	52.73212	-59.217133	-217.23305	100.0	100.0	491999	-112.1347	65.47375	25.038567	-349.7219	111.19646	12.81087	4238.386697053909
329	-137.99677	47.02306	-35.146484	-220.22533	-149.72685	37.952908	-82.06424	-200.62769	100.0	100.0	493499	-112.22784	65.186676	23.329802	-353.42526	111.21422	13.050271	4251.2092270851135
330	-124.03825	40.00403	-40.80478	-189.62515	-160.9009	33.55814	-117.99406	-231.40167	100.0	100.0	494999	-111.83873	64.634964	23.862713	-350.52362	110.819695	13.230693	4264.086090087891
331	-154.75055	57.23696	-59.5677	-214.79008	-141.07782	41.573944	-94.83772	-221.86966	100.0	100.0	496499	-111.12582	63.782417	24.291801	-358.32098	110.093376	12.976459	4277.056682109833
332	-144.24715	34.31503	-76.070694	-219.83601	-137.96516	20.731745	-110.42818	-178.62912	100.0	100.0	497999	-110.85201	63.130756	21.366175	-352.6738	109.85454	13.088763	4290.289083957672
333	-138.48364	33.552017	-93.90376	-202.74718	-129.1973	39.527813	-71.42645	-221.23792	100.0	100.0	499499	-110.66994	62.905254	21.183723	-339.68375	109.66706	12.710901	4303.258753061295
334	-158.32079	46.980064	-96.69688	-256.95508	-143.97287	52.06616	-53.448067	-211.2104	100.0	100.0	500999	-109.99406	62.090897	19.973867	-335.29877	108.97149	12.9785595	4316.1800310611725
335	-134.93333	41.26603	-63.863453	-200.39067	-130.46399	53.53794	-33.120277	-203.10359	100.0	100.0	502499	-109.71114	61.709675	20.020487	-338.59897	108.699814	12.535602	4329.0868129730225
336	-136.6204	43.43402	-38.960777	-241.44344	-163.43759	45.056786	-64.4259	-218.37666	100.0	100.0	503999	-109.50604	61.43024	19.845264	-349.87415	108.49881	12.75643	4341.9862768650055
337	-141.54475	47.374268	-48.24565	-236.80536	-130.25218	34.147083	-50.5116	-168.50246	100.0	100.0	505499	-109.33801	61.39623	17.272537	-348.06036	108.3602	12.488745	4354.8421149253845
338	-156.0771	38.509583	-72.131294	-211.5742	-131.46945	31.70796	-74.65476	-178.4068	100.0	100.0	506999	-109.14908	61.083294	17.91948	-339.58936	108.15171	12.763112	4367.76319694519
339	-148.5831	52.38652	-58.410213	-244.18633	-133.91206	28.82101	-90.82317	-181.52641	100.0	100.0	508499	-108.83165	61.191734	17.655672	-342.50284	107.84444	12.596278	4380.6052050590515
340	-146.8671	41.34681	-51.507843	-224.73825	-141.18655	36.844357	-92.25935	-194.54362	100.0	100.0	509999	-108.68248	60.8206	16.694838	-344.80304	107.69572	12.363824	4393.714946746826
341	-135.0873	44.91929	-56.48728	-241.45071	-136.43228	49.475266	-49.998825	-212.07173	100.0	100.0	511499	-108.79679	60.60959	17.163689	-342.97482	107.779274	12.513329	4406.592014789581
342	-157.81026	49.63161	-66.449394	-224.04987	-136.89467	37.521442	-67.62326	-196.80544	100.0	100.0	512999	-108.909256	60.018253	16.853516	-335.29297	107.9555	12.141094	4419.724166870117
343	-130.3423	41.49491	-59.814846	-192.74928	-133.08315	75.834496	-50.926407	-306.06372	100.0	100.0	514499	-108.99045	59.585808	15.075357	-323.74066	108.02147	12.171997	4432.984226942062
344	-133.81718	38.862103	-55.012676	-208.78264	-123.707504	66.7386	-18.660162	-209.59795	100.0	100.0	515999	-108.99045	59.058647	13.952309	-335.316	108.05646	11.95078	4445.946043968201
345	-149.22263	42.146652	-50.862648	-195.25896	-131.23596	38.5341	-70.4684	-199.03091	100.0	100.0	517499	-108.93016	58.879314	16.152267	-324.97565	107.97462	11.789223	4459.092148065567
346	-148.11865	41.978374	-90.784706	-214.03633	-136.34283	52.704544	-45.97787	-203.30415	100.0	100.0	518999	-108.68141	58.486324	15.770312	-330.9669	107.67177	11.491638	4472.12761592865
347	-140.75932	41.475975	-54.90623	-206.88658	-154.76588	37.177647	-80.0518	-213.39507	100.0	100.0	520499	-108.293465	58.368027	17.278772	-322.9143	107.30515	11.502654	4485.119719982147
348	-164.14851	52.55529	-36.696667	-227.5672	-109.41565	40.130554	-19.15653	-172.1842	100.0	100.0	521999	-107.90402	58.414402	15.135483	-319.4118	106.89325	11.131921	4498.111732006073
349	-113.30088	59.645187	-20.335672	-212.56009	-138.46141	49.49387	-38.024788	-212.07289	100.0	100.0	523499	-107.50302	58.306095	17.949535	-317.1447	106.484116	11.196401	4510.955757856369
350	-118.75403	42.42475	-66.008156	-198.8645	-127.63167	45.89567	-34.610027	-210.72203	100.0	100.0	524999	-106.35318	58.161854	16.98897	-319.2346	105.305565	11.252987	4523.878178834915
351	-139.14032	30.126867	-102.425354	-210.20125	-137.13301	43.587536	-84.96438	-200.96078	100.0	100.0	526499	-106.19347	58.131172	16.443426	-317.66064	105.2214	10.967295	4537.239467144012
352	-122.86494	48.80376	-21.93598	-205.54005	-145.70764	44.947037	-44.11266	-224.5695	100.0	100.0	527999	-106.19813	58.18268	17.674091	-322.0207	105.20558	11.235869	4550.292259931564
353	-141.58058	57.844765	-35.183277	-226.17174	-150.36864	45.68294	-72.48787	-200.28163	100.0	100.0	529499	-105.36876	57.792717	16.907936	-322.76453	104.40842	10.640078	4563.192775011063
354	-151.35962	37.86303	-89.265305	-206.98863	-122.91325	46.134785	-57.521492	-211.32492	100.0	100.0	530999	-105.4612	57.662895	16.987305	-320.50955	104.47026	11.648537	4576.001159906387
355	-139.1391	42.607155	-26.065197	-208.64526	-149.50827	54.45518	-18.109966	-204.89232	100.0	100.0	532499	-104.81837	57.73069	16.399868	-318.41522	103.84075	11.10097	4588.945015907288
356	-124.31787	27.017693	-74.93197	-176.48299	-146.59866	46.891365	-49.647438	-199.24652	100.0	100.0	533999	-104.61524	57.245052	16.026129	-323.7803	103.65423	10.9208	4601.794940948486
357	-144.19025	35.75847	-81.76829	-203.60275	-168.09654	38.57268	-95.04362	-209.04236	100.0	100.0	535499	-104.78333	57.393513	16.091724	-321.15817	103.836876	11.108405	4614.856653928757
358	-145.74672	37.110886	-103.70942	-211.50554	-138.80928	47.1304	-63.073048	-208.02931	100.0	100.0	536999	-105.0455	56.894176	15.356957	-318.99893	104.13267	11.175674	4627.8303129673
359	-136.21222	49.983433	-19.8544	-221.27338	-123.51029	45.059464	-46.58593	-199.03058	100.0	100.0	538499	-105.37392	56.710056	15.095763	-319.79807	104.428314	10.923417	4640.797996759415
360	-144.60205	36.639412	-65.97194	-207.34157	-158.06465	46.27602	-74.34492	-206.3325	100.0	100.0	539999	-105.037445	56.588646	14.139919	-313.6795	104.11228	11.039323	4654.048574924469
361	-144.70213	37.74668	-95.702446	-209.15205	-130.25293	34.06213	-88.69629	-206.42078	100.0	100.0	541499	-105.20718	56.688126	15.117057	-316.7676	104.26898	10.857891	4666.953753948212
362	-138.81808	48.25137	-45.58129	-224.01982	-125.326866	46.789352	-59.35821	-209.4489	100.0	100.0	542999	-105.20009	57.016647	15.823914	-312.75684	104.248314	11.109581	4679.842627763748
363	-122.65308	35.802837	-71.016594	-188.78845	-120.14624	28.44686	-72.36514	-179.49364	100.0	100.0	544499	-104.94889	56.945248	15.5740795	-314.99893	104.015144	11.200969	4692.745283842087
364	-142.54083	36.864555	-70.977684	-215.61922	-139.34573	52.00894	-33.768497	-214.92386	100.0	100.0	545999	-104.92135	57.379368	15.643173	-315.24945	103.96202	11.14306	4705.700103998184
365	-128.47528	58.735043	-27.220766	-225.58694	-162.77815	54.986633	-54.314552	-223.76743	100.0	100.0	547499	-104.918106	57.90879	16.857204	-319.03644	103.93829	11.152881	4718.728726148605
366	-137.99619	39.513912	-84.15228	-229.21063	-146.6017	50.973072	-59.576584	-214.37498	100.0	100.0	548999	-104.91693	58.483448	17.719875	-319.6171	103.97825	11.3481455	4731.682976007462
367	-140.04666	36.20177	-68.86961	-196.83514	-110.3113	52.957138	-15.706431	-194.64546	100.0	100.0	550499	-104.754906	58.614964	21.143547	-322.8979	103.79269	11.522515	4744.637434959412
368	-124.31953	51.42846	-43.142242	-208.89723	-140.05814	30.759655	-78.17139	-181.57768	100.0	100.0	551999	-104.384796	59.15158	21.504616	-325.55698	103.415535	11.445444	4757.645793914795
369	-142.01244	41.678497	-78.98341	-212.24898	-146.6614	41.891064	-82.69863	-204.72801	100.0	100.0	553499	-104.216	59.58828	23.068995	-324.47168	103.22252	12.267567	4770.990751981735
370	-150.60667	50.146618	-18.046223	-221.4055	-134.04396	29.440935	-79.64433	-193.69861	100.0	100.0	554999	-103.840645	60.11593	22.91636	-320.2908	102.87474	12.27517	4784.021939992905
371	-131.73637	34.334805	-60.45895	-197.95908	-151.15622	44.820747	-68.745476	-210.4341	100.0	100.0	556499	-103.47341	60.64971	25.238474	-323.05685	102.53592	11.969905	4796.983162879944
372	-150.74222	53.17358	-43.635563	-219.59015	-137.12398	45.48799	-74.38843	-213.73386	100.0	100.0	557999	-103.64464	61.314682	28.068539	-319.58603	102.68279	12.336875	4810.0623087883
373	-126.47883	30.498959	-43.793026	-164.56174	-132.8594	43.59988	-68.186295	-204.15254	100.0	100.0	559499	-103.219376	61.941204	28.444407	-320.157	102.24906	12.748524	4823.1503648757935
374	-160.07518	56.49191	-45.917114	-264.7248	-116.29415	29.054977	-61.085987	-147.72052	100.0	100.0	560999	-103.12511	62.63683	30.568514	-328.17255	102.19077	12.499526	4836.268552064896
375	-147.98056	36.7076	-81.05103	-211.67029	-139.51039	48.86096	-51.3655	-199.5341	100.0	100.0	562499	-102.67812	63.102062	29.129156	-322.20767	101.69647	12.558252	4849.2469918727875
376	-107.219376	50.742718	-34.897446	-199.0263	-160.6268	36.93488	-117.011795	-242.54907	100.0	100.0	563999	-102.394066	63.82482	28.537405	-328.2674	101.42496	13.2375965	4862.212859869003
377	-138.41792	37.713097	-73.42759	-211.2782	-133.68784	32.40766	-69.36144	-173.31253	100.0	100.0	565499	-101.877205	64.1038	29.929913	-324.80826	100.89159	12.968086	4875.210980892181
378	-113.46342	50.62057	-27.664007	-208.07007	-139.42578	31.948845	-91.51238	-196.74748	100.0	100.0	566999	-100.833374	64.18098	30.110168	-322.2696	99.81652	12.931374	4888.230349779129
379	-133.70944	47.34936	-39.209557	-212.34218	-102.53218	56.28388	-43.75292	-223.96927	100.0	100.0	568499	-100.15012	64.3341	29.153133	-331.82016	99.118835	13.178266	4901.425802946091
380	-143.59183	36.499413	-88.314926	-207.84868	-140.54283	41.186123	-77.34918	-205.25679	100.0	100.0	569999	-99.268295	64.57891	31.116812	-326.15515	98.23121	13.018213	4914.514049053192
381	-131.46692	44.49562	-60.802845	-207.403	-124.19436	49.4176	-54.334057	-229.3126	100.0	100.0	571499	-98.38364	64.57382	33.72481	-327.58905	97.31503	12.884583	4929.82866692543
382	-131.78908	41.705673	-62.46195	-202.05551	-151.25334	49.9999	-67.057884	-213.4839	100.0	100.0	572999	-96.95098	64.61205	35.530663	-321.38876	95.87036	13.1872015	4943.481944799423
383	-147.71483	45.352753	-77.96581	-211.49538	-124.74086	49.94469	-50.751266	-212.00525	100.0	100.0	574499	-96.290764	64.702126	35.321487	-325.0718	95.23329	12.9563	4957.475723743439
384	-125.45346	47.305138	-53.082966	-213.74823	-166.5285	33.904404	-106.06078	-217.1825	100.0	100.0	575999	-94.91074	64.5729	36.333652	-320.34433	93.83271	13.114013	4970.54309797287
385	-152.73227	54.963917	-34.660824	-217.01701	-116.06246	46.358154	-24.560495	-186.0895	100.0	100.0	577499	-93.70109	64.41538	38.71526	-322.58066	92.61758	13.223301	4983.66090297699
386	-137.89459	52.941254	-42.531593	-202.3822	-136.6267	42.3689	-71.125984	-199.61076	100.0	100.0	578999	-92.86805	64.1644	38.584843	-322.80026	91.84936	13.412555	4996.849336862564
387	-139.496	49.41951	-42.630497	-253.6388	-134.31721	45.976288	-59.39124	-226.86888	100.0	100.0	580499	-92.68345	64.01445	37.620922	-322.72556	91.66102	12.9429035	5010.2975697517395
388	-132.75423	57.8938	-27.1789	-232.06429	-127.18817	57.674603	-51.02483	-218.52757	100.0	100.0	581999	-92.13288	63.578857	38.06483	-316.05283	91.1232	12.62632	5023.538918018341
389	-152.19482	45.468956	-80.195114	-232.80649	-132.6539	35.304874	-91.868515	-195.99335	100.0	100.0	583499	-91.67556	63.567303	38.46848	-315.09738	90.63985	12.82724	5036.427377939224
390	-128.23317	43.04452	-68.39912	-219.33313	-108.44316	40.123856	-14.666977	-154.99094	100.0	100.0	584999	-91.09437	63.70273	39.42766	-317.41443	90.06328	12.74717	5049.418190956116
391	-145.26491	45.56001	-47.490566	-211.60129	-149.46484	42.52207	-95.91797	-225.14595	100.0	100.0	586499	-90.46516	63.681595	38.858315	-321.8322	89.44505	12.914743	5062.489816904068
392	-129.2571	56.098457	-37.279488	-215.23262	-150.49721	27.832779	-111.27199	-195.39156	100.0	100.0	587999	-90.05972	63.825584	40.955273	-316.35934	89.04636	13.149526	5075.559056997299
393	-124.82598	53.30815	-24.738245	-211.51262	-112.508934	44.97642	-43.021465	-177.4237	100.0	100.0	589499	-89.629395	63.544746	42.96048	-319.65326	88.59971	13.06431	5088.578150987625
394	-128.69675	58.94326	-18.989151	-225.73453	-117.002235	46.019825	-46.247173	-219.98705	100.0	100.0	590999	-88.91206	63.790176	42.1308	-322.04248	87.9026	13.397365	5101.493702888489
395	-151.43015	49.26883	-80.16711	-244.65388	-118.98396	29.559166	-83.33635	-181.21474	100.0	100.0	592499	-88.55604	63.82602	44.37812	-318.831	87.50762	13.302699	5114.710811853409
396	-132.7493	50.237473	-46.271477	-248.86406	-122.05752	40.994446	-56.56707	-206.8513	100.0	100.0	593999	-88.06561	64.07941	43.61457	-321.62128	87.059296	13.21515	5127.530396938324
397	-138.2137	52.79805	-60.9397	-226.69928	-132.87297	51.03505	-53.033554	-223.74683	100.0	100.0	595499	-87.67583	64.05663	44.988907	-323.09543	86.63512	13.225076	5140.870242834091
398	-123.040794	48.943096	-39.949738	-210.22629	-118.72788	44.236942	-41.255226	-178.06189	100.0	100.0	596999	-87.629196	63.976654	41.341885	-316.29498	86.60153	13.440125	5153.923450946808
399	-146.79889	52.389053	-24.380415	-208.09999	-132.74655	55.0193	-44.918404	-217.67502	100.0	100.0	598499	-87.02592	63.827694	42.513428	-318.0652	86.0012	13.438346	5166.914608001709
400	-143.79793	44.62534	-55.176662	-205.0755	-136.0893	62.221245	-31.48567	-233.47684	100.0	100.0	599999	-86.67442	63.620777	44.496155	-312.81363	85.638145	13.372453	5179.908740997314
401	-131.61507	43.86404	-40.273804	-204.81686	-131.52774	37.907024	-76.89984	-201.46902	100.0	100.0	601499	-86.38742	63.46815	46.721596	-326.6336	85.37853	13.403417	5192.901173114777
402	-135.43565	41.30879	-77.82069	-214.26566	-143.75099	40.75599	-67.48366	-230.50307	100.0	100.0	602999	-86.097664	63.480732	46.941017	-330.73495	85.13304	13.264341	5205.812855958939
403	-125.24684	50.090675	-48.356777	-220.2298	-115.8672	43.67896	-61.631844	-201.44054	100.0	100.0	604499	-86.430275	63.61334	48.9728	-320.29425	85.43467	12.911331	5218.7845640182495
404	-120.0008	46.52542	-44.646236	-221.08356	-126.93829	58.5563	-43.303577	-223.12073	100.0	100.0	605999	-86.13578	63.448296	47.594078	-322.76703	85.1102	13.12015	5231.745121717453
405	-136.63351	55.348648	-38.481033	-209.3039	-119.94132	62.432167	-30.588472	-207.7684	100.0	100.0	607499	-86.183495	63.40081	53.718475	-326.1581	85.14758	13.131515	5244.727196931839
406	-144.17912	45.300835	-70.11289	-210.72859	-132.912	29.61925	-87.99505	-174.51764	100.0	100.0	608999	-85.690216	63.197327	53.69861	-329.60574	84.66751	13.446885	5258.057457923889
407	-140.44551	65.77971	-51.430565	-250.77452	-101.55416	49.382977	-28.195002	-201.65608	100.0	100.0	610499	-85.355705	63.088657	50.966896	-326.06598	84.35436	13.14806	5270.987287759781
408	-126.05041	57.694714	-38.25051	-220.49997	-126.75454	33.128235	-57.10283	-187.6458	100.0	100.0	611999	-85.21845	62.67446	52.723095	-320.32718	84.17946	13.152247	5284.063226938248
409	-148.30637	36.97034	-76.78432	-201.6085	-152.39369	45.13278	-42.168358	-210.28175	100.0	100.0	613499	-84.7789	62.364086	51.899014	-323.9758	83.741806	12.723754	5297.058001041412
410	-140.25768	43.5924	-66.14837	-211.75735	-131.45914	58.94902	-47.854996	-225.60103	100.0	100.0	614999	-84.819626	62.15198	48.911533	-327.06943	83.81193	13.190967	5310.048150062561
411	-128.11916	55.99082	-52.4713	-231.90164	-132.8983	60.318497	-39.69505	-205.59479	100.0	100.0	616499	-84.50114	61.90898	47.15826	-321.17908	83.50474	13.317415	5322.946650981903
412	-125.1821	65.80568	-10.073842	-211.95334	-141.81557	45.23755	-65.748924	-226.91438	100.0	100.0	617999	-84.30648	61.381676	45.167435	-331.37766	83.29705	13.432286	5335.845565080643
413	-133.38345	44.063713	-56.34249	-202.25748	-150.30905	30.836407	-98.62677	-200.71924	100.0	100.0	619499	-84.37319	60.69814	40.832024	-326.79187	83.38817	13.373971	5348.643306970596
414	-148.89886	44.67206	-43.94577	-227.4021	-153.32112	36.320095	-112.528694	-220.59442	100.0	100.0	620999	-84.35103	60.186554	38.763027	-340.12808	83.36854	13.18625	5361.578015089035
415	-157.91187	35.026627	-81.08875	-214.85318	-139.95854	38.13998	-78.767456	-208.25471	100.0	100.0	622499	-84.81526	59.72683	38.07773	-329.97046	83.87739	12.497707	5375.180861949921
416	-156.40869	36.814034	-70.911575	-214.7442	-157.2027	54.73397	-82.475876	-278.2056	100.0	100.0	623999	-84.87286	59.5795	34.76784	-330.52	83.91657	12.825334	5388.338884830475
417	-142.49704	47.945667	-56.38923	-218.76884	-118.208664	59.866177	-50.789883	-222.15471	100.0	100.0	625499	-85.55109	59.60686	35.7134	-326.1943	84.64247	12.871631	5401.364049911499
418	-166.23888	37.458744	-84.31054	-231.24582	-160.54044	40.062817	-80.52836	-213.18387	100.0	100.0	626999	-85.95413	59.528446	34.42987	-329.95105	85.04766	12.641057	5414.480907917023
419	-116.612946	47.212696	-22.664278	-217.36398	-157.41771	43.070095	-96.24233	-210.30243	100.0	100.0	628499	-86.59112	59.646774	34.407562	-327.83304	85.65852	12.523399	5427.425571918488
420	-130.92732	50.40826	-47.116814	-211.01863	-132.44394	59.255676	-32.12652	-218.3019	100.0	100.0	629999	-86.83747	59.37779	33.442726	-327.57663	85.90365	12.615722	5440.375119924545
421	-141.58589	44.520405	-52.86418	-222.58986	-114.951744	58.081978	-11.393622	-188.82954	100.0	100.0	631499	-87.404366	59.034393	33.913597	-337.35867	86.457466	12.760528	5453.3256158828735
422	-146.42172	51.157623	-75.551796	-234.0145	-122.59761	28.12143	-63.032234	-171.25407	100.0	100.0	632999	-87.48338	58.50076	31.043442	-341.79395	86.55189	12.440919	5466.318060874939
423	-129.10544	49.757114	-19.992563	-213.20468	-163.0014	58.928978	-41.251877	-230.68634	100.0	100.0	634499	-88.194664	58.513027	33.352276	-335.81848	87.244545	12.484891	5479.275671958923
424	-147.94656	43.974396	-65.07837	-210.39597	-142.4321	49.379765	-36.613113	-185.78917	100.0	100.0	635999	-88.361305	58.221012	36.27419	-332.33502	87.44345	12.327362	5492.2627720832825
425	-141.1951	54.739708	-56.554005	-240.08882	-149.15677	38.76347	-80.85362	-219.42062	100.0	100.0	637499	-89.330696	57.98668	34.820248	-349.48157	88.42727	12.253896	5505.47216296196
426	-139.93588	45.8158	-50.981583	-235.14915	-137.10684	65.98104	-21.604753	-237.1609	100.0	100.0	638999	-89.83773	58.078	35.910034	-338.79733	88.907875	12.260271	5518.411246776581
427	-134.30426	46.98186	-39.221268	-237.52942	-156.3754	24.458643	-127.51181	-204.1136	100.0	100.0	640499	-90.10026	57.989944	35.03321	-336.51123	89.157425	12.207424	5531.389145851135
428	-151.08786	28.304232	-98.89717	-215.94409	-153.63928	40.234333	-67.87667	-211.06235	100.0	100.0	641999	-90.35287	58.0642	35.59849	-332.75128	89.43277	12.028323	5544.324479103088
429	-126.235176	43.065273	-53.25265	-187.75487	-139.17374	52.502758	-36.898075	-204.20654	100.0	100.0	643499	-90.63797	58.348663	35.253574	-346.05414	89.72064	12.296987	5557.351606845856
430	-144.46333	57.11348	-38.141098	-207.40857	-171.45999	36.120758	-131.83867	-246.64676	100.0	100.0	644999	-91.09126	58.585003	34.972683	-339.25583	90.1676	12.270747	5570.477195739746
431	-118.4251	48.32062	-29.151274	-198.93204	-129.46814	45.206066	-41.18826	-192.64684	100.0	100.0	646499	-91.320114	59.088726	38.313915	-339.5671	90.38068	12.036505	5583.366285800934
432	-167.86102	32.102196	-89.034485	-223.27151	-142.38823	50.827084	-53.907425	-216.19989	100.0	100.0	647999	-91.37829	59.08139	36.23392	-335.91324	90.43088	12.315376	5596.4018268585205
433	-142.55783	51.78225	-37.675335	-214.65546	-157.9065	43.49141	-62.099567	-208.66899	100.0	100.0	649499	-91.81256	59.25531	37.73617	-327.85107	90.89333	12.165315	5609.455223798752
434	-141.06412	46.40972	-63.75509	-245.14685	-146.7258	64.11645	-31.207542	-251.29703	100.0	100.0	650999	-92.14257	59.90103	36.39747	-334.03012	91.21385	12.439328	5622.545261859894
435	-124.630875	44.085205	-45.43391	-207.72655	-144.38634	44.434566	-64.24428	-198.98643	100.0	100.0	652499	-91.99445	60.673717	39.558434	-340.51608	91.02076	12.241003	5635.556968927383
436	-120.35521	41.473618	-48.36037	-213.05136	-150.19154	46.420815	-56.939056	-206.93312	100.0	100.0	653999	-92.32365	60.9767	38.346107	-335.63535	91.372795	12.340115	5648.563452005386
437	-138.77742	53.201897	-40.8221	-229.84781	-125.370926	53.162327	-34.128597	-203.7397	100.0	100.0	655499	-91.83674	61.350105	40.093586	-347.77563	90.885315	12.672461	5661.53564286232
438	-119.01028	50.53954	-40.333862	-220.3548	-132.62856	23.772081	-96.891464	-168.62556	100.0	100.0	656999	-92.157425	61.736336	40.919334	-323.13687	91.20969	12.658349	5674.498142957687
439	-138.47803	52.372684	-38.209515	-212.49556	-143.85812	47.8514	-61.330498	-210.38547	100.0	100.0	658499	-92.096985	61.988422	42.656757	-322.22003	91.11202	12.625393	5687.542604923248
440	-142.55183	56.580112	-28.689417	-218.89687	-115.80501	57.294174	-23.633615	-208.63203	100.0	100.0	659999	-91.88139	62.360786	45.039387	-317.0546	90.88427	12.415362	5700.553146839142
441	-137.21544	48.79251	-64.1343	-223.98984	-132.69113	25.131657	-72.802536	-169.98552	100.0	100.0	661499	-91.20478	62.385727	46.335724	-317.3078	90.2054	12.64013	5713.670060157776
442	-144.28065	55.62121	-51.57924	-227.00719	-134.51016	51.66482	-52.953735	-234.96825	100.0	100.0	662999	-91.02716	62.63707	48.761505	-314.50095	90.02333	12.946044	5726.48907494545
443	-133.13663	56.46819	-64.73025	-228.70467	-160.92863	52.295803	-57.166546	-235.85242	100.0	100.0	664499	-90.708534	62.582634	49.881824	-310.99326	89.72174	12.322993	5739.93084192276
444	-144.91104	37.02208	-59.63949	-227.60732	-141.80678	63.877728	-12.074555	-238.12856	100.0	100.0	665999	-90.75894	62.539597	51.28351	-312.21527	89.77056	12.342979	5753.117103815079
445	-131.92639	51.120106	-61.02322	-212.52895	-139.248	35.689705	-51.44393	-183.77472	100.0	100.0	667499	-90.30326	62.486492	53.09997	-310.2879	89.31393	12.38747	5766.085459947586
446	-145.19989	45.810287	-48.61065	-238.77359	-138.00754	61.025204	-21.92291	-229.87277	100.0	100.0	668999	-90.2666	62.793247	53.55944	-313.58914	89.28291	12.319732	5779.126569032669
447	-140.78825	57.04301	-46.295006	-212.14943	-145.81822	61.835014	-29.254135	-250.5596	100.0	100.0	670499	-89.81712	62.91931	55.46266	-311.31146	88.81072	12.588292	5792.470155715942
448	-134.39825	51.087822	-50.156197	-243.38148	-124.06291	43.09117	-26.705168	-169.88872	100.0	100.0	671999	-89.4416	63.05172	56.656067	-308.8455	88.46485	12.255721	5805.428908109665
449	-155.50307	35.155067	-79.00255	-217.97162	-126.35393	59.453724	-34.444283	-212.92767	100.0	100.0	673499	-89.219376	63.09096	59.081005	-313.38303	88.27777	12.102282	5818.509783744812
450	-148.9688	45.28176	-71.21216	-217.20177	-116.69826	46.391808	-46.07521	-181.49188	100.0	100.0	674999	-89.48482	63.629234	61.258568	-317.9014	88.51734	12.694507	5831.508840084076
451	-115.182724	49.083153	-48.87482	-224.01465	-122.33488	55.993465	-41.652206	-240.84477	100.0	100.0	676499	-89.46073	63.987667	60.435593	-326.47305	88.49254	12.499562	5844.499459981918
452	-140.67973	40.649635	-68.93229	-204.02486	-123.68776	43.50562	-64.979004	-213.66185	100.0	100.0	677999	-89.31331	64.24225	60.06251	-316.8413	88.3788	12.702472	5857.479422092438
453	-154.77556	43.404842	-74.94882	-237.12155	-142.358	46.966583	-43.19165	-203.87254	100.0	100.0	679499	-89.54284	64.33306	60.943233	-321.16135	88.61129	12.611081	5870.7265911102295
454	-103.58892	59.611893	-21.504385	-201.51341	-133.6517	64.2619	-35.906094	-227.06958	100.0	100.0	680999	-89.46077	64.61087	59.639565	-327.3801	88.542336	12.755322	5883.874582052231
455	-143.25105	58.200077	-22.9922	-212.17343	-110.23863	46.199768	-44.429947	-205.72285	100.0	100.0	682499	-90.39537	64.41057	60.487103	-316.07797	89.48631	12.881466	5896.847490787506
456	-130.62376	52.42792	-20.1147	-207.87495	-179.58969	37.2145	-105.77912	-214.62508	100.0	100.0	683999	-90.38889	64.679794	60.888584	-330.5026	89.43619	12.795015	5909.838217973709
457	-121.68641	51.601437	-24.464848	-199.22247	-161.85881	43.965477	-96.20578	-232.08638	100.0	100.0	685499	-90.36054	64.94452	59.007423	-317.34702	89.37875	12.892578	5922.687412023544
458	-157.13036	51.811424	-35.847954	-228.1168	-135.43993	47.89963	-46.386593	-181.35968	100.0	100.0	686999	-90.11033	64.78465	60.639336	-318.50055	89.09688	12.575762	5935.729341030121
459	-125.59835	61.58734	-37.22861	-234.53154	-136.34387	29.748266	-87.20723	-188.22383	100.0	100.0	688499	-89.872	65.596535	61.519707	-330.64014	88.87523	13.266309	5948.762334108353
460	-141.99919	59.444336	-41.49553	-239.71263	-117.00913	56.685333	-13.987395	-218.75151	100.0	100.0	689999	-88.98596	65.98597	61.587494	-326.38077	87.93155	13.403867	5961.819110870361
461	-138.33603	48.194035	-40.21068	-218.72089	-131.84262	36.858353	-72.7644	-184.9917	100.0	100.0	691499	-88.16763	65.92015	59.88816	-328.86267	87.13483	13.793679	5974.732753992081
462	-138.84332	60.935318	-44.570366	-225.56561	-138.76376	47.744442	-60.442947	-203.52228	100.0	100.0	692999	-87.87751	65.979225	63.17596	-336.59662	86.86848	13.385518	5988.004991054535
463	-136.51852	54.136894	-21.445677	-211.82059	-157.11124	43.194946	-77.38664	-215.5031	100.0	100.0	694499	-87.95919	66.4574	62.823837	-332.45465	86.95326	13.246243	6000.981617927551
464	-152.42844	41.122555	-47.63691	-208.11302	-133.63754	37.663353	-73.079956	-187.33047	100.0	100.0	695999	-87.30276	66.67426	63.35306	-340.76233	86.238045	13.670664	6014.331181764603
465	-115.924576	53.672695	-31.34795	-203.41092	-123.1783	43.02424	-34.73486	-208.1423	100.0	100.0	697499	-86.48675	66.92999	64.1978	-328.26593	85.44719	13.397554	6027.2356679439545
466	-124.924644	48.607616	-47.16693	-222.98805	-179.23369	24.536015	-140.69267	-227.77177	100.0	100.0	698999	-86.1107	67.20134	64.189415	-327.6706	85.01694	13.462364	6040.297561883926
467	-154.4033	53.046436	-57.323902	-229.18338	-145.74353	35.30731	-86.25748	-190.83105	100.0	100.0	700499	-84.75726	67.05113	66.90777	-340.18466	83.64264	13.745295	6053.306758880615
468	-143.81137	42.673523	-77.78072	-209.61484	-159.74835	34.571564	-113.05173	-211.04039	100.0	100.0	701999	-84.3146	67.31928	67.5185	-332.91888	83.20861	13.619222	6066.309055089951
469	-139.90889	40.90821	-63.828068	-217.55045	-136.58734	48.374302	-35.47871	-210.80292	100.0	100.0	703499	-83.301285	67.43701	66.94875	-346.77	82.24349	14.059297	6079.297739744186
470	-119.49084	52.533226	-36.298447	-232.46727	-135.94131	39.609436	-78.23481	-208.20232	100.0	100.0	704999	-82.894356	67.58697	66.55673	-342.25302	81.87491	13.633378	6092.517639875412
471	-151.7599	42.872288	-68.10183	-212.96745	-135.46393	54.976707	-16.289978	-208.43068	100.0	100.0	706499	-82.970345	68.06703	68.433815	-351.6706	81.95878	13.662857	6105.799755096436
472	-128.74927	43.32027	-52.932125	-198.42453	-115.140396	35.52904	-53.493046	-172.31516	100.0	100.0	707999	-82.71166	68.3227	71.740845	-351.57297	81.67951	13.90295	6118.856433868408
473	-146.58672	37.74193	-76.84057	-225.90166	-121.02544	51.605076	-51.812485	-235.78433	100.0	100.0	709499	-82.14824	68.57371	73.331314	-351.9352	81.12668	14.0805855	6131.720982789993
474	-146.02435	35.254524	-84.23296	-239.8687	-153.12749	48.13519	-91.598145	-224.9939	100.0	100.0	710999	-81.37443	68.73404	75.86129	-345.93802	80.324524	14.695394	6144.59768986702
475	-130.90144	52.089912	-46.054066	-223.97498	-172.21872	39.04672	-77.98545	-215.84207	100.0	100.0	712499	-80.80631	68.86469	76.071434	-344.44138	79.670555	14.633511	6157.597179889679
476	-134.85274	52.879005	-55.197502	-210.38396	-102.992165	60.405945	-25.132574	-208.55597	100.0	100.0	713999	-80.10391	68.94381	79.14318	-338.8031	79.025345	14.555714	6170.6534259319305
477	-141.67442	41.629925	-58.681347	-212.25015	-121.02638	27.35641	-83.30983	-176.97078	100.0	100.0	715499	-78.850746	68.63497	83.64501	-336.15045	77.77099	14.406071	6183.713772058487
478	-145.9924	38.045918	-79.16873	-225.65973	-155.0458	39.426216	-83.576324	-199.2559	100.0	100.0	716999	-78.503395	68.26367	84.176956	-327.6677	77.41949	14.115833	6197.065875053406
479	-139.7051	45.19576	-43.908436	-225.34515	-157.45924	43.09257	-53.34826	-199.50163	100.0	100.0	718499	-77.71449	68.04926	84.20545	-344.50653	76.61837	14.093396	6210.299031734467
480	-124.90563	64.25289	-20.20654	-283.1374	-152.92671	44.86964	-66.04013	-215.07587	100.0	100.0	719999	-77.28976	67.74525	78.498764	-339.85138	76.24536	14.215784	6223.328539848328
481	-125.485214	56.195217	-26.952133	-206.6324	-138.62444	38.287907	-65.74168	-202.01619	100.0	100.0	721499	-77.05275	68.14051	83.31743	-339.42932	76.012085	13.937818	6236.627764940262
482	-121.71444	48.032616	-46.754948	-198.1453	-133.67508	37.79933	-73.605644	-197.6031	100.0	100.0	722999	-76.86336	68.573494	86.95418	-331.29868	75.80227	14.402306	6249.6060700416565
483	-146.83286	48.438457	-30.22846	-210.99104	-131.73152	53.390064	-30.793339	-219.229	100.0	100.0	724499	-76.017975	68.8138	84.96209	-352.92273	74.94944	14.390107	6262.577793121338
484	-115.64564	40.88651	-49.675285	-193.12492	-123.56261	51.96415	-44.996178	-199.27202	100.0	100.0	725999	-75.37271	69.17826	83.14373	-322.12717	74.31856	14.065562	6275.5827050209045
485	-127.31609	43.959393	-22.978024	-185.6152	-165.43555	56.827194	-27.825495	-228.43678	100.0	100.0	727499	-75.0505	69.943184	84.546555	-314.01596	73.957	14.38813	6288.752181053162
486	-131.59535	51.53143	-39.993477	-211.58229	-140.21965	63.407143	-45.011772	-235.09561	100.0	100.0	728999	-74.15958	70.389305	84.67646	-324.71506	73.01582	14.717885	6301.736132860184
487	-124.53111	45.723133	-62.915787	-217.93307	-113.79463	63.300667	-24.721495	-216.67471	100.0	100.0	730499	-73.1223	71.25388	87.82532	-325.86108	71.99538	14.969481	6314.910248041153
488	-149.38797	46.857044	-85.7016	-225.13922	-132.78319	57.060253	-36.83822	-210.52306	100.0	100.0	731999	-72.37547	71.23785	86.97801	-323.82874	71.22391	15.199062	6327.9662919044495
489	-126.6956	52.55787	-32.063377	-224.26326	-94.7177	42.845768	-33.483604	-156.19142	100.0	100.0	733499	-71.349144	71.403076	85.76631	-334.46606	70.20533	15.038224	6341.0610871315
490	-156.33392	40.908115	-74.07618	-217.37839	-139.71303	41.408512	-59.656574	-182.7146	100.0	100.0	734999	-70.16328	71.53256	84.758514	-332.9353	68.959816	15.706626	6354.267576932907
491	-145.54486	43.655666	-64.79047	-216.22868	-120.42224	57.64331	-40.403767	-233.77052	100.0	100.0	736499	-68.9324	71.67104	89.82486	-329.14316	67.73611	15.715052	6367.4028108119965
492	-138.47704	53.571655	-29.989357	-255.24324	-134.65053	49.54301	-52.49775	-197.82253	100.0	100.0	737999	-67.603424	72.028656	85.09639	-327.53772	66.39332	15.914263	6380.476288080215
493	-123.98421	43.39247	-54.03625	-185.29138	-135.87875	47.876995	-55.3371	-215.9768	100.0	100.0	739499	-65.93271	72.27694	85.4371	-330.6662	64.74623	15.886771	6393.448884963989
494	-151.37196	39.510105	-87.10836	-205.83907	-118.25531	60.13629	-35.5467	-223.3491	100.0	100.0	740999	-64.81351	72.347664	84.37287	-321.63605	63.612793	16.068775	6406.546191930771
495	-127.64639	59.17801	-41.210716	-216.13116	-92.26672	51.37867	-30.625698	-187.11519	100.0	100.0	742499	-63.84882	72.521645	83.92585	-316.53784	62.70248	15.721709	6419.598915815353
496	-117.1932	52.60436	-28.53292	-202.43161	-129.48294	42.902706	-35.652218	-202.91646	100.0	100.0	743999	-62.888775	72.52339	81.57134	-320.4657	61.721886	15.4656315	6432.640476942062
497	-133.04425	42.704163	-57.62601	-225.85689	-114.19954	68.51508	-25.203642	-207.98164	100.0	100.0	745499	-62.33836	72.43455	82.64776	-319.33173	61.176834	15.376622	6445.691507101059
498	-143.44308	55.811245	-27.965693	-229.24603	-143.7356	50.921272	-51.893738	-221.68317	100.0	100.0	746999	-61.39007	72.22099	79.479	-319.6093	60.30904	15.3433485	6458.58135509491
499	-140.88205	48.543	-25.079208	-200.77956	-118.83966	35.549164	-59.836426	-155.74951	100.0	100.0	748499	-61.559433	72.024475	78.57328	-323.29993	60.48189	15.100537	6471.919647932053
500	-133.72424	53.56178	-39.283348	-229.75247	-116.75664	35.11757	-37.30143	-175.2651	100.0	100.0	749999	-61.176575	71.98447	78.053276	-343.97794	60.101574	15.175485	6484.8504819869995
