Epoch	AverageEpRet	StdEpRet	MaxEpRet	MinEpRet	AverageTestEpRet	StdTestEpRet	MaxTestEpRet	MinTestEpRet	EpLen	TestEpLen	TotalEnvInteracts	AverageQVals	StdQVals	MaxQVals	MinQVals	LossPi	LossQ	Time
1	-66.71935	15.9251585	-42.01716	-107.194664	-64.611786	17.61608	-39.23109	-102.591866	100.0	100.0	1499	-1.3606647	0.6427955	0.02914863	-4.575915	1.2835479	0.062145565	3.8135223388671875
2	-66.27379	13.246234	-37.49248	-98.89741	-69.327545	24.42207	-10.840363	-100.48675	100.0	100.0	2999	-3.6879237	1.761829	-0.32936633	-11.989518	3.5087063	0.09360012	9.960909843444824
3	-64.13928	9.216174	-46.67259	-82.4033	-48.761116	20.764645	-1.7354228	-77.14392	100.0	100.0	4499	-6.133643	2.1507225	-0.91426575	-15.751941	5.785209	0.22180928	14.805957078933716
4	-67.0711	15.108035	-39.297077	-95.01784	-31.265873	24.690353	-5.618604	-93.67016	100.0	100.0	5999	-7.848355	2.5085924	-0.7492994	-18.834335	7.442992	0.2973726	19.696247816085815
5	-61.29639	9.161679	-39.322014	-72.20412	-37.78491	17.615128	-9.166692	-68.25443	100.0	100.0	7499	-9.0463295	2.9184291	-0.55052423	-19.372149	8.583905	0.38300163	24.304858922958374
6	-62.069294	14.384781	-38.614357	-97.03279	-35.37397	11.863559	-13.847651	-57.87137	100.0	100.0	8999	-9.825392	3.1866555	-0.19043137	-21.87438	9.339656	0.39993653	28.823346376419067
7	-54.62891	21.08133	-12.572598	-83.976006	-29.93797	11.352678	-11.97951	-50.33315	100.0	100.0	10499	-10.315087	3.4964619	-0.2120503	-22.665743	9.795905	0.44215125	33.52972149848938
8	-20.15301	10.866276	-3.5674918	-40.438538	-24.966398	11.703248	-7.9031353	-42.909317	100.0	100.0	11999	-10.298067	3.8954036	-0.19017027	-24.445099	9.7823305	0.4216892	38.26809644699097
9	-19.090843	15.0347185	-2.7409134	-54.334858	-15.279454	9.989274	-5.0046806	-35.14697	100.0	100.0	13499	-10.063919	4.22653	-0.1710069	-25.136684	9.58138	0.3944191	43.03704071044922
10	-27.520247	17.293966	-5.7445374	-65.15147	-19.00645	9.195829	-5.613418	-37.612835	100.0	100.0	14999	-9.792362	4.5545096	-0.08333659	-25.203176	9.341846	0.38228145	47.813493490219116
11	-18.698751	11.422756	-5.893537	-46.144363	-10.956375	5.694216	-1.4750452	-20.009089	100.0	100.0	16499	-9.566914	4.893369	0.055840176	-25.452347	9.11743	0.3851561	52.586400747299194
12	-13.868791	8.7875395	-2.339169	-39.89743	-12.501442	10.886966	-2.1461082	-40.702896	100.0	100.0	17999	-8.991761	5.217346	0.20863186	-26.053759	8.55416	0.38189545	57.31892681121826
13	-13.966928	8.60831	-1.3185322	-33.28368	-12.280851	7.431647	-0.5785777	-26.790768	100.0	100.0	19499	-8.391381	5.4523635	0.3631667	-27.174084	7.95729	0.3672253	62.0334415435791
14	-15.803158	11.633502	-3.4090939	-50.842495	-12.082188	7.4506817	-1.7020782	-27.08535	100.0	100.0	20999	-7.6525283	5.8021827	0.54703945	-28.633787	7.226948	0.35857528	66.80645060539246
15	-20.318806	13.781046	-6.6839995	-48.79408	-14.774182	10.952247	-3.6183367	-37.38486	100.0	100.0	22499	-6.9270406	6.0408707	0.6840845	-30.821747	6.5170584	0.36067864	71.54145383834839
16	-12.817555	7.8576913	-1.3621712	-24.96016	-17.121784	13.522969	-7.4285984	-49.449352	100.0	100.0	23999	-6.3186526	6.1070447	0.81059635	-31.493704	5.94169	0.3527334	76.26771020889282
17	-16.87373	13.737661	-2.358587	-56.699013	-12.649506	8.879075	-0.53659666	-31.479578	100.0	100.0	25499	-5.9336104	6.044927	0.7839572	-32.57104	5.574843	0.33743998	81.0107352733612
18	-11.851153	7.35323	-3.290839	-30.020985	-14.409556	10.138575	-4.2628484	-40.443844	100.0	100.0	26999	-5.356156	5.8364706	0.9045248	-33.07515	5.0153813	0.30141252	85.7796106338501
19	-16.521473	11.062171	-3.2176566	-45.703632	-11.738128	7.991932	-2.1166816	-29.979479	100.0	100.0	28499	-4.8703985	5.611776	0.8050226	-32.634777	4.544159	0.2889911	90.53231549263
20	-12.768827	10.076744	-1.4886932	-36.93792	-16.744184	9.220199	-2.809116	-33.45675	100.0	100.0	29999	-4.467399	5.31972	0.79009867	-31.02367	4.155908	0.2823444	95.37342882156372
21	-16.112938	11.210076	-4.8587046	-47.57763	-8.826885	3.6678915	-2.8995483	-15.894538	100.0	100.0	31499	-4.105826	5.0060253	0.73770446	-28.967873	3.80691	0.26731357	100.1685094833374
22	-12.285204	6.460337	-3.5601444	-28.48304	-12.645314	6.1675506	-4.2380776	-23.027876	100.0	100.0	32999	-3.7520392	4.700362	0.65968585	-26.914906	3.4679213	0.262885	104.8934268951416
23	-11.427832	5.1185417	-6.0128303	-26.620626	-11.722523	7.466259	-2.7469733	-24.354448	100.0	100.0	34499	-3.4198062	4.395186	0.5615229	-26.404228	3.1486256	0.24451368	109.73504757881165
24	-14.911832	8.941099	-1.3464016	-31.00253	-14.014364	12.622874	-3.5402257	-42.47076	100.0	100.0	35999	-3.1250496	4.0976343	0.4348039	-24.8893	2.8623998	0.22808422	114.55013394355774
25	-11.958282	5.844582	-2.828576	-26.67049	-12.356601	10.957945	-3.198886	-36.640045	100.0	100.0	37499	-2.920112	3.801175	0.29431844	-24.563437	2.6693826	0.22196876	119.30073690414429
26	-8.331966	4.8508415	-0.8193547	-18.105051	-6.0468116	3.6776953	-1.058956	-14.590836	100.0	100.0	38999	-2.7177258	3.5113413	0.16113551	-23.824152	2.4741843	0.21001926	124.12962484359741
27	-12.057362	8.833693	-3.2371316	-37.05463	-16.032785	9.699796	-4.836887	-34.149357	100.0	100.0	40499	-2.5941525	3.3267224	0.02075834	-23.1949	2.3586428	0.20112543	128.89474868774414
28	-11.456999	6.301153	-2.3577507	-24.367022	-12.057088	5.806362	-2.8547482	-21.549686	100.0	100.0	41999	-2.4659474	3.1089911	-0.13999267	-23.256317	2.238705	0.19244249	133.6705939769745
29	-14.056141	10.280969	-2.4781165	-34.4784	-14.266945	10.332873	-5.258649	-39.764984	100.0	100.0	43499	-2.400863	2.9059234	0.14527279	-21.357779	2.1911743	0.18138824	138.4241077899933
30	-13.497682	10.401551	-2.1452425	-38.219166	-8.1518	5.3618526	-1.4739895	-20.25876	100.0	100.0	44999	-2.4343379	2.7617717	0.85621053	-20.853159	2.2358177	0.16716236	143.20632791519165
31	-8.319869	5.139054	-1.2596809	-19.289593	-14.128032	11.775045	-2.3371067	-46.308052	100.0	100.0	46499	-2.4896424	2.631505	0.67989284	-19.671434	2.3015747	0.15973063	148.00440096855164
32	-15.683053	7.1497583	-4.369442	-30.277569	-7.8986425	3.4436848	-2.476791	-12.125188	100.0	100.0	47999	-2.5954044	2.5172045	2.6268375	-19.058945	2.4110076	0.1536095	152.87983989715576
33	-9.62237	8.123815	-2.0968707	-30.490799	-9.706151	7.8275185	-1.7070645	-26.258959	100.0	100.0	49499	-2.7187486	2.4472773	0.46494782	-19.121435	2.5423727	0.14838676	157.76940631866455
34	-8.951344	4.571352	-0.78807986	-19.16771	-7.0003786	4.4240117	-2.7794907	-16.882399	100.0	100.0	50999	-2.8296645	2.4080634	-0.8252522	-17.900251	2.6573884	0.14591092	162.64320588111877
35	-10.915994	8.253028	-1.2194661	-28.139587	-12.5034	11.2901745	-2.3032641	-40.83516	100.0	100.0	52499	-2.9428782	2.3341517	-1.1953359	-17.556812	2.7749133	0.14237523	167.68174195289612
36	-10.432663	6.7039976	-2.4733436	-25.636522	-7.6088967	5.0768666	-0.7007222	-15.205937	100.0	100.0	53999	-3.0575159	2.263304	-1.0872833	-18.478773	2.8961403	0.14087714	172.63671827316284
37	-15.01054	11.874812	-3.1798818	-46.862736	-9.866804	6.3650637	-3.0319564	-23.118765	100.0	100.0	55499	-3.2087142	2.2257257	-1.6945562	-19.906145	3.052606	0.13461281	177.58074259757996
38	-12.981576	10.330661	-2.920863	-38.470333	-17.771114	11.689297	-6.9818397	-43.514965	100.0	100.0	56999	-3.3999147	2.2046475	-1.4759084	-18.997194	3.247325	0.13222462	182.5170669555664
39	-7.1969924	5.496895	-1.2157545	-20.518034	-16.296839	7.6510825	-2.828005	-27.2724	100.0	100.0	58499	-3.5687196	2.1567245	-2.0085785	-20.329903	3.4205961	0.123141356	187.44831466674805
40	-12.417428	7.252899	-2.0498095	-29.181757	-10.784872	8.348382	-2.1282275	-33.357918	100.0	100.0	59999	-3.7447271	2.1230567	-2.5190516	-20.718113	3.6021647	0.117560424	192.3812165260315
41	-15.282119	9.327629	-1.7110505	-36.52446	-12.165743	5.1677513	-5.8676825	-23.083254	100.0	100.0	61499	-3.9308705	2.0939734	-2.7300756	-23.722563	3.789435	0.11486942	197.32203912734985
42	-7.091952	3.9341223	-1.2384557	-14.026854	-6.946312	4.6846156	-0.43436408	-14.463739	100.0	100.0	62999	-4.104265	2.0684469	-2.8666687	-21.738268	3.9666562	0.1154077	202.25163650512695
43	-9.600659	6.1025376	-2.1746514	-23.98331	-12.9324465	6.782503	-4.369674	-27.716612	100.0	100.0	64499	-4.294376	2.0871947	-3.0791347	-21.917187	4.1575813	0.11401038	207.18242716789246
44	-9.596174	8.597019	-0.7281447	-34.102715	-6.1252255	5.8871045	-0.2701882	-16.591234	100.0	100.0	65999	-4.4667306	2.062651	-3.1972108	-19.464651	4.3342757	0.113708295	212.10329842567444
45	-11.699619	4.806264	-3.5320852	-17.921177	-12.709288	6.640941	-7.0440307	-27.939442	100.0	100.0	67499	-4.6339107	2.044002	-3.5155525	-18.737637	4.502939	0.10986735	217.03963232040405
46	-10.794653	7.6673756	-1.7482584	-28.625803	-10.393993	9.725664	-1.1409326	-34.718315	100.0	100.0	68999	-4.7884936	2.0188596	-3.3423412	-19.146019	4.661058	0.10918181	222.0202431678772
47	-9.356921	5.401493	-1.8480105	-17.631798	-8.0954275	5.424001	-2.161458	-20.86989	100.0	100.0	70499	-4.9549985	2.007267	-2.4531412	-20.612923	4.8315835	0.10648643	226.98187708854675
48	-7.7201324	5.3313546	-0.8585195	-16.764652	-12.729723	5.1801777	-4.996069	-22.234398	100.0	100.0	71999	-5.1124926	1.9744828	-1.6083224	-20.855553	4.9901915	0.10371978	231.9599974155426
49	-13.982977	10.424864	-1.6012309	-40.472748	-9.510014	6.403784	-2.1740506	-21.654322	100.0	100.0	73499	-5.2870564	1.96501	-2.0642314	-21.458319	5.1673546	0.10298539	236.9615979194641
50	-11.6140585	6.5625677	-2.6720169	-25.277529	-13.493753	9.306765	-2.4606867	-27.617857	100.0	100.0	74999	-5.4559426	1.947926	-0.78672695	-23.71468	5.337738	0.098787665	241.9668219089508
51	-13.684616	9.083511	-1.3901448	-30.123756	-9.77892	5.525794	-2.6923208	-22.998531	100.0	100.0	76499	-5.6157427	1.9330627	-1.2413337	-21.330805	5.501105	0.09764773	246.9734663963318
52	-9.492003	6.6477804	-2.1452963	-23.293306	-13.729009	10.94413	-2.5713756	-38.8096	100.0	100.0	77999	-5.7749844	1.9166015	-4.407199	-20.453045	5.663097	0.10113292	252.01420402526855
53	-17.04223	13.252488	-0.9414407	-47.44399	-6.3805604	3.4511578	-2.714984	-11.924023	100.0	100.0	79499	-5.94544	1.9306585	-4.239457	-20.138027	5.8353357	0.10085843	257.0242383480072
54	-11.679103	7.9280415	-1.8056318	-34.741932	-7.8802667	4.604026	-1.4862555	-15.745123	100.0	100.0	80999	-6.1059265	1.9300289	-3.9476352	-20.51855	5.9952435	0.100630626	262.0435287952423
55	-10.904779	9.161716	-2.3417964	-28.534979	-8.913359	3.890908	-2.299837	-15.979383	100.0	100.0	82499	-6.2552958	1.9173629	-4.2971597	-20.833174	6.1433463	0.09914827	267.1216399669647
56	-12.201416	6.869925	-1.8940567	-22.9841	-7.537352	2.8587797	-2.9731867	-12.146157	100.0	100.0	83999	-6.395825	1.9002377	-4.5548472	-21.211523	6.285771	0.09848864	272.19833612442017
57	-9.97867	8.418142	-1.8555363	-32.145386	-7.744027	3.9108076	-1.8651414	-15.774861	100.0	100.0	85499	-6.536779	1.9097722	-4.656288	-21.818262	6.4267645	0.098831564	277.274071931839
58	-11.427341	7.5697064	-3.9398913	-32.169514	-7.276343	4.0713897	-2.471928	-15.9976635	100.0	100.0	86999	-6.6344304	1.8905395	-4.9056935	-22.063921	6.5235925	0.09683632	282.33003544807434
59	-10.505472	11.255496	-0.92622674	-45.64461	-8.892084	6.7284417	-1.3893787	-26.336323	100.0	100.0	88499	-6.729871	1.8704671	-5.5542703	-22.233334	6.620568	0.09931784	287.4038999080658
60	-9.513224	9.360301	-1.3304694	-40.216484	-9.594522	10.940724	-1.3626873	-39.12179	100.0	100.0	89999	-6.825279	1.8299942	-5.3559813	-21.554045	6.719801	0.09113811	292.50013256073
61	-9.001391	7.43928	-2.1658897	-27.66436	-10.500796	6.7720222	-3.340812	-23.032907	100.0	100.0	91499	-6.9190173	1.8061066	-5.565906	-20.429268	6.815488	0.08773601	297.5648458003998
62	-11.124637	8.38274	-1.4777714	-33.13902	-10.368629	6.139999	-1.6238239	-23.274208	100.0	100.0	92999	-7.0333486	1.8325795	-5.76639	-22.694939	6.9306955	0.09233252	302.6780016422272
63	-9.725078	7.119177	-0.98446625	-31.775349	-12.605851	5.4884386	-1.182467	-21.230267	100.0	100.0	94499	-7.123998	1.8261515	-5.078231	-23.611616	7.024521	0.093395814	307.7609066963196
64	-8.702018	5.401217	-2.8353522	-20.63644	-8.681973	4.734082	-3.9457154	-17.950588	100.0	100.0	95999	-7.21042	1.8275912	-5.445861	-21.739138	7.111471	0.091495365	312.8457453250885
65	-8.3605	5.663381	-2.004714	-21.387789	-9.580039	5.351882	-2.05825	-17.60388	100.0	100.0	97499	-7.300801	1.7980596	-5.2444906	-23.050867	7.201247	0.09091024	317.9476640224457
66	-9.706463	6.204353	-2.2698722	-27.251335	-8.333216	8.730643	-1.0466436	-29.132732	100.0	100.0	98999	-7.39704	1.8092645	-5.753974	-22.671194	7.2975144	0.08953891	323.0187466144562
67	-15.196726	14.3035755	-1.1162323	-43.03738	-17.519419	13.174345	-0.7770298	-43.72002	100.0	100.0	100499	-7.4640718	1.7631236	-5.4562225	-23.783642	7.367268	0.08890336	328.0914742946625
68	-13.360555	12.111229	-1.42672	-46.373547	-8.185849	3.52124	-3.8136392	-15.92676	100.0	100.0	101999	-7.5540533	1.7498535	-5.679722	-23.28353	7.4573865	0.08631444	333.1872625350952
69	-10.965766	5.8892903	-2.8809013	-21.973114	-10.013043	5.1456776	-3.2079453	-19.870224	100.0	100.0	103499	-7.6292577	1.7121841	-5.290122	-22.938805	7.535847	0.08618442	338.23661184310913
70	-12.368699	8.717328	-2.110531	-38.639362	-14.63915	5.961808	-2.9485588	-23.492527	100.0	100.0	104999	-7.726782	1.7360469	-5.49897	-23.109844	7.633278	0.08544268	343.2665374279022
71	-14.062818	12.566074	-1.7000552	-44.43319	-12.404266	6.9933834	-1.428361	-25.66403	100.0	100.0	106499	-7.8006525	1.7165468	-6.3896103	-23.583153	7.708508	0.084644645	348.32496070861816
72	-11.69198	6.323745	-3.20387	-22.699024	-20.608606	12.916325	-4.293463	-46.73348	100.0	100.0	107999	-7.8922915	1.7213259	-6.0858603	-25.850224	7.802902	0.08430295	353.3977801799774
73	-11.312869	7.1052446	-2.9062822	-25.96769	-6.31938	3.1829705	-1.9856223	-11.893443	100.0	100.0	109499	-7.971268	1.727326	-6.5940485	-26.57427	7.8798637	0.08992622	358.4383888244629
74	-10.900191	4.783293	-1.7660346	-18.318928	-13.829081	9.353196	-5.3035603	-35.377438	100.0	100.0	110999	-8.03535	1.7106428	-6.982538	-25.70064	7.943403	0.085201174	363.5035593509674
75	-11.911006	13.068198	-2.5410576	-44.13856	-12.237681	8.114752	-2.2988636	-31.58177	100.0	100.0	112499	-8.092807	1.690888	-6.760622	-25.303017	8.001475	0.08258596	368.5704710483551
76	-8.365087	4.7216825	-2.3343263	-22.047539	-10.44902	7.843877	-4.6580715	-27.936092	100.0	100.0	113999	-8.156703	1.68523	-6.806334	-23.537607	8.066873	0.078148775	373.67044162750244
77	-11.299832	8.9665575	-2.6687949	-37.743706	-11.797399	5.298433	-1.8636853	-22.268147	100.0	100.0	115499	-8.2204685	1.6808413	-7.0108795	-24.767097	8.132867	0.07718693	378.7859239578247
78	-8.797789	6.9549856	-2.2055771	-24.392868	-9.445437	4.912692	-4.5942163	-20.171179	100.0	100.0	116999	-8.277588	1.6459664	-6.68754	-25.12926	8.192211	0.074357376	383.89770102500916
79	-9.335087	8.505896	-1.2352952	-36.231724	-10.865922	4.278866	-6.544848	-20.264963	100.0	100.0	118499	-8.350403	1.6449639	-6.713983	-24.098125	8.265004	0.07356472	388.9989650249481
80	-12.784343	7.0035944	-3.9483228	-28.55769	-10.413997	5.688835	-4.139201	-23.307245	100.0	100.0	119999	-8.4139385	1.6529602	-6.243619	-23.574629	8.3279705	0.07697241	394.0948600769043
81	-10.877392	7.1409554	-1.7942983	-23.129763	-13.944021	10.603487	-3.4139903	-42.819496	100.0	100.0	121499	-8.466481	1.646607	-6.6380367	-25.16845	8.382256	0.07626286	399.17637729644775
82	-11.188991	6.661796	-1.7741661	-24.204132	-11.593091	9.726963	-3.7368958	-35.68227	100.0	100.0	122999	-8.54116	1.6755519	-6.9425945	-25.24207	8.455733	0.07849843	404.2646555900574
83	-8.773935	4.7096567	-1.3715909	-20.188368	-10.793849	6.6414227	-3.3775043	-25.367908	100.0	100.0	124499	-8.589474	1.6703864	-6.4852962	-24.758907	8.504699	0.07767271	409.3445246219635
84	-13.927074	7.127114	-4.0086994	-28.73923	-9.492167	6.258825	-2.5852537	-22.303446	100.0	100.0	125999	-8.636609	1.660282	-6.932846	-23.827307	8.552716	0.07743101	414.41447496414185
85	-8.554202	6.3429656	-1.3119246	-23.98785	-12.7966795	12.009379	-2.897816	-42.15872	100.0	100.0	127499	-8.6826	1.6519192	-6.574955	-24.700672	8.599132	0.07606	419.48241353034973
86	-8.540422	6.7615423	-1.119546	-25.571806	-9.327269	5.6719685	-1.4494269	-21.394896	100.0	100.0	128999	-8.731133	1.6662925	-8.003046	-24.932468	8.64827	0.07607784	424.56917810440063
87	-9.478926	7.2055817	-2.2963338	-25.066256	-10.500012	6.3200154	-0.9004412	-21.168472	100.0	100.0	130499	-8.769584	1.6462554	-7.93902	-24.475746	8.686713	0.074692115	429.66384506225586
88	-12.080659	9.814856	-1.1843327	-37.64055	-9.29322	4.2566414	-4.3818507	-19.753252	100.0	100.0	131999	-8.803998	1.603578	-6.8515778	-25.116676	8.723519	0.07279446	434.76143646240234
89	-10.138735	6.5307693	-1.5716449	-23.836855	-10.539705	4.5746703	-3.8125365	-19.87665	100.0	100.0	133499	-8.848505	1.6078615	-6.865	-25.595436	8.769626	0.07332275	439.84441447257996
90	-9.11644	4.588664	-2.8748262	-17.280064	-9.728631	5.3690777	-1.069464	-17.444094	100.0	100.0	134999	-8.883698	1.6002622	-7.5500956	-25.637102	8.804918	0.07301732	444.91475439071655
91	-10.358049	6.3416853	-3.0952802	-22.783352	-11.872216	12.600661	-4.159018	-48.367622	100.0	100.0	136499	-8.915862	1.596368	-8.0081835	-27.90257	8.836932	0.07231638	449.99644446372986
92	-8.368322	4.507636	-2.7343352	-15.859541	-10.780661	8.230719	-0.9980741	-30.600834	100.0	100.0	137999	-8.96456	1.6116811	-8.071159	-25.772003	8.886247	0.074755654	455.0742633342743
93	-14.547455	8.523759	-3.3559196	-35.976177	-10.509611	7.720957	-0.8867471	-22.426085	100.0	100.0	139499	-8.997043	1.5839711	-7.7728314	-24.926115	8.916993	0.072902575	460.12751603126526
94	-10.685244	4.742835	-4.2091904	-18.867048	-9.26613	5.2885404	-3.9007063	-22.63856	100.0	100.0	140999	-9.028553	1.5587071	-7.5944643	-26.446465	8.951784	0.07226141	465.2197654247284
95	-11.275911	9.807346	-2.2122896	-40.07757	-9.091623	3.340517	-4.0192914	-15.962682	100.0	100.0	142499	-9.074244	1.5783274	-7.411682	-26.586292	8.996552	0.07042717	470.33039450645447
96	-10.8685875	5.5845227	-5.151409	-25.022583	-9.821328	6.74996	-3.5442512	-26.032078	100.0	100.0	143999	-9.099014	1.5573479	-8.396951	-25.99113	9.023734	0.0692859	475.4235870838165
97	-12.281063	7.9928694	-3.1445467	-30.649265	-10.22503	5.9711494	-0.85413355	-18.759338	100.0	100.0	145499	-9.143165	1.5551987	-8.329159	-26.480461	9.06769	0.07111191	480.5127806663513
98	-11.683402	6.4845276	-1.4507455	-24.261705	-8.428815	6.9123855	-2.0494685	-21.394373	100.0	100.0	146999	-9.16604	1.5312533	-8.545695	-25.766926	9.0922365	0.0693299	485.64513206481934
99	-13.175975	8.501736	-1.7003736	-35.57199	-8.181714	6.235275	-0.22818778	-20.168808	100.0	100.0	148499	-9.204091	1.5380466	-7.6814117	-26.429531	9.12805	0.067515306	490.7191300392151
100	-14.252262	9.539639	-5.072866	-39.49595	-8.092928	7.689364	-2.5228767	-26.78098	100.0	100.0	149999	-9.231105	1.5252405	-8.421656	-28.047993	9.158391	0.06810771	495.7748086452484
101	-12.527674	15.189727	-1.7072014	-58.852264	-9.8636055	10.042308	-1.6124159	-35.911102	100.0	100.0	151499	-9.276585	1.5386909	-8.668395	-26.012417	9.203434	0.06800435	500.8200945854187
102	-9.96173	6.5271683	-1.107586	-23.933237	-8.807654	7.5728664	-1.4399557	-27.77731	100.0	100.0	152999	-9.30144	1.5194702	-8.640207	-27.694183	9.22782	0.068687014	505.8962676525116
103	-9.042462	6.115301	-0.92401826	-19.461952	-10.947115	6.9903326	-2.7274563	-27.12495	100.0	100.0	154499	-9.32739	1.5164042	-8.465741	-25.315727	9.25347	0.066237226	510.9755244255066
104	-7.8992443	5.7939587	-1.4589983	-22.381945	-6.1071157	4.20938	-1.3231467	-13.081591	100.0	100.0	155999	-9.354739	1.538205	-8.740916	-28.210054	9.281155	0.06950192	516.0002312660217
105	-10.7221775	6.2572074	-3.6352956	-23.494783	-10.989096	6.6298227	-2.9897006	-25.98341	100.0	100.0	157499	-9.3641615	1.5071135	-8.632999	-25.782757	9.291969	0.069459766	521.0629925727844
106	-11.816668	7.688896	-3.2039042	-32.665424	-6.724866	4.0855594	-2.3770485	-15.069763	100.0	100.0	158999	-9.39237	1.5074071	-8.2747345	-25.493153	9.321314	0.06800516	526.1087980270386
107	-11.0321	5.4397483	-3.566812	-21.291218	-5.8350277	2.92567	-1.5149088	-9.921307	100.0	100.0	160499	-9.410965	1.5120465	-8.482779	-26.02879	9.338982	0.06768173	531.1595206260681
108	-8.1828575	4.664324	-2.097178	-18.547472	-10.034583	6.6040154	-2.2749634	-23.822117	100.0	100.0	161999	-9.426685	1.5208893	-8.275533	-25.914787	9.353982	0.06881665	536.1732394695282
109	-8.778471	6.4248476	-1.8589431	-27.553978	-7.220294	3.3226502	-1.144347	-13.946035	100.0	100.0	163499	-9.438323	1.4925971	-8.220262	-26.681137	9.36891	0.06845739	541.1976277828217
110	-7.9667974	4.7002096	-0.8374375	-16.697344	-9.72896	6.9062457	-1.6318092	-23.160276	100.0	100.0	164999	-9.466625	1.5046964	-8.640469	-29.702026	9.396221	0.0658069	546.2818031311035
111	-7.832536	5.178038	-0.7425764	-18.709251	-13.148346	15.820632	-1.039041	-54.343346	100.0	100.0	166499	-9.476922	1.4790537	-8.406784	-27.285582	9.407012	0.064204276	551.3462197780609
112	-9.994031	8.953229	-1.5926753	-36.977386	-10.095701	4.564773	-4.684969	-17.414204	100.0	100.0	167999	-9.499684	1.4870596	-8.583836	-26.90503	9.432048	0.06557425	556.371066570282
113	-9.907607	8.721996	-1.875728	-30.661081	-6.816246	5.5097747	-1.5077007	-21.936098	100.0	100.0	169499	-9.513551	1.481788	-8.440597	-26.668983	9.444942	0.06594875	561.417243719101
114	-9.587795	4.776525	-3.2303643	-21.235548	-9.843244	4.3200593	-2.0594418	-17.616625	100.0	100.0	170999	-9.53438	1.4805641	-8.626699	-27.190811	9.466227	0.06299387	566.4643318653107
115	-7.803895	4.3280654	-2.0406432	-16.78551	-10.36847	5.378379	-3.2589831	-18.697567	100.0	100.0	172499	-9.55194	1.4805434	-7.810968	-26.569622	9.483673	0.06626265	571.4876697063446
116	-8.501588	6.341511	-0.49700493	-27.577084	-11.398082	7.143868	-0.9557319	-27.80166	100.0	100.0	173999	-9.560453	1.4716983	-8.219627	-27.172235	9.492109	0.06522009	576.5330369472504
117	-9.287749	5.8186183	-3.9709349	-24.55055	-9.812692	4.586905	-2.2187676	-18.154587	100.0	100.0	175499	-9.566288	1.4527184	-7.822018	-26.338087	9.499612	0.06320797	581.5711369514465
118	-10.606674	4.9181027	-3.3056717	-19.905212	-11.545236	9.777818	-1.7708645	-36.73661	100.0	100.0	176999	-9.579822	1.4492177	-7.5309105	-29.102123	9.514064	0.06532585	586.5901527404785
119	-9.400347	6.024675	-1.0518898	-24.072979	-7.383853	4.9882135	-2.0662298	-17.028788	100.0	100.0	178499	-9.593343	1.4408232	-7.592828	-28.184769	9.528184	0.06516163	591.5783176422119
120	-7.8065314	5.1413116	-1.1527346	-19.839014	-9.124276	4.474749	-3.3409755	-20.07324	100.0	100.0	179999	-9.604083	1.4264014	-6.977994	-27.182083	9.538785	0.0645948	596.6519358158112
121	-9.052426	4.306358	-2.5534146	-17.411184	-7.8993654	2.6651433	-2.81685	-13.101905	100.0	100.0	181499	-9.627992	1.4470712	-4.6210594	-29.35765	9.562452	0.06204834	601.751415014267
122	-9.35811	6.3165073	-1.0956684	-24.609215	-11.084944	5.2844534	-2.924072	-19.172	100.0	100.0	182999	-9.619461	1.4295925	-4.4634213	-27.497162	9.553327	0.062584125	606.7769033908844
123	-8.290229	4.9086356	-0.3790785	-17.691172	-12.650494	11.62651	-2.9741008	-42.70888	100.0	100.0	184499	-9.617709	1.4432406	-3.2167344	-26.944725	9.550559	0.063685425	611.929060459137
124	-9.219202	5.6395254	-1.067398	-21.37331	-7.089433	4.7767396	-2.6064386	-20.075922	100.0	100.0	185999	-9.606112	1.4454232	-2.40866	-25.372646	9.54005	0.0622731	616.9695303440094
125	-8.402954	5.6668224	-1.1483958	-20.335651	-8.817938	5.503313	-1.5051335	-18.537264	100.0	100.0	187499	-9.573984	1.483338	-1.5291061	-26.966587	9.503471	0.06318114	622.039758682251
126	-9.620579	6.035426	-2.0436878	-23.420517	-8.119008	4.1126027	-1.327184	-15.791551	100.0	100.0	188999	-9.494857	1.569464	0.7969713	-26.43266	9.417681	0.0682387	627.0931162834167
127	-8.91566	7.5588837	-2.5699584	-32.29628	-9.998434	6.3670864	-2.161211	-20.345947	100.0	100.0	190499	-9.380038	1.69862	2.7974281	-25.182343	9.29849	0.07242148	632.1681063175201
128	-13.087958	9.201169	-4.3929224	-36.472954	-7.979042	5.2668343	-0.83457655	-16.716295	100.0	100.0	191999	-9.22448	1.8859261	3.7517195	-26.752708	9.13954	0.07492996	637.1966967582703
129	-8.698829	6.3821745	-2.0519402	-23.965534	-15.21505	14.702256	-2.5582058	-50.21173	100.0	100.0	193499	-9.054329	2.067251	4.2803574	-26.804256	8.967516	0.08056863	642.2829430103302
130	-8.561474	3.8825116	-1.2967786	-17.616405	-6.9709024	5.1883016	-1.1421779	-18.078947	100.0	100.0	194999	-8.862438	2.264492	4.728279	-25.592201	8.77266	0.08274998	647.3298451900482
131	-9.260042	3.497468	-0.87533456	-16.597937	-7.74373	5.0226493	-1.8726522	-18.640787	100.0	100.0	196499	-8.650698	2.4475796	4.717	-25.266438	8.558222	0.085798554	652.3621859550476
132	-9.74711	4.8414903	-2.0806704	-18.563097	-11.995402	5.1591043	-4.822017	-20.771551	100.0	100.0	197999	-8.401499	2.6700304	5.393697	-26.740875	8.303569	0.09143693	657.374253988266
133	-13.03244	13.328753	-0.7272372	-48.521397	-13.067876	5.207623	-3.6139717	-21.286493	100.0	100.0	199499	-8.123456	2.876047	5.8029013	-26.819496	8.019826	0.0941141	662.4443769454956
134	-7.2543664	5.364321	-1.151909	-19.854572	-9.76412	3.2773533	-4.172348	-14.040519	100.0	100.0	200999	-7.781592	3.1320245	6.546445	-26.368366	7.666942	0.098349996	667.434427022934
135	-13.156646	5.957313	-2.740593	-29.878754	-9.452169	5.5837364	-2.1824386	-17.397043	100.0	100.0	202499	-7.3936434	3.378868	6.5155525	-26.32349	7.2761445	0.10435781	672.4296472072601
136	-10.252298	5.6684194	-2.1652408	-24.064684	-9.54266	5.129518	-4.2922835	-21.033655	100.0	100.0	203999	-7.015655	3.6327934	6.811844	-26.831043	6.898444	0.10865983	677.4604551792145
137	-8.49809	6.3514266	-0.203106	-22.682878	-12.6608715	8.455286	-7.725209	-37.203922	100.0	100.0	205499	-6.6158957	3.8218446	6.9677324	-26.986885	6.492205	0.109313965	682.5099949836731
138	-11.87302	7.9322705	-2.8586001	-31.011919	-11.837814	5.5901875	-5.0487404	-21.730534	100.0	100.0	206999	-6.137924	3.9802568	7.718836	-25.484787	5.998548	0.10589795	687.5599195957184
139	-9.116911	4.1311083	-3.6948829	-18.026237	-8.453187	5.3190265	-1.726748	-19.90673	100.0	100.0	208499	-5.568676	4.1267915	8.73026	-26.691643	5.423416	0.10757199	692.5846908092499
140	-8.518454	5.4981623	-1.9282542	-21.263393	-7.121525	4.4903746	-2.4298	-17.61564	100.0	100.0	209999	-4.9743247	4.276231	9.168944	-27.647867	4.8293524	0.10771855	697.5889286994934
141	-9.856561	5.9175863	-3.907114	-26.171373	-9.018016	5.064006	-3.9834425	-19.825947	100.0	100.0	211499	-4.3975887	4.3703823	9.674325	-26.919495	4.251569	0.11517101	702.6484251022339
142	-9.136708	4.5023503	-2.4024913	-16.456894	-11.411886	5.2080116	-3.6256227	-19.873035	100.0	100.0	212999	-3.8641841	4.4653335	9.94444	-25.578445	3.7191777	0.11542948	707.7093150615692
143	-6.602647	4.1878104	-1.1307812	-15.787643	-7.82128	3.6509488	-2.3518944	-12.539699	100.0	100.0	214499	-3.340032	4.565697	10.745336	-25.447523	3.1947415	0.11567041	712.7249953746796
144	-6.0835896	2.6753843	-2.1850364	-12.65898	-6.9756446	4.840108	-1.0430363	-14.265439	100.0	100.0	215999	-2.830107	4.609047	11.797678	-25.103477	2.688549	0.11502063	717.768233537674
145	-9.638778	5.064669	-1.7385343	-20.922588	-7.854396	6.272875	-1.1608932	-22.681578	100.0	100.0	217499	-2.421449	4.6337376	11.914925	-27.189835	2.2869086	0.11561877	722.8040149211884
146	-9.721182	7.893501	-1.1971087	-29.01041	-7.0774865	5.5042996	-2.1011684	-19.598646	100.0	100.0	218999	-1.9964162	4.6531396	12.053483	-26.24723	1.8549266	0.112399414	727.8678193092346
147	-8.987302	5.3110533	-1.3243159	-22.36083	-7.2438498	2.247023	-3.4767895	-11.373208	100.0	100.0	220499	-1.5587012	4.675464	12.988813	-27.202671	1.4188111	0.11512353	732.9326388835907
148	-8.568725	4.454058	-2.3556275	-20.735327	-9.861324	5.089918	-1.7996104	-18.482208	100.0	100.0	221999	-1.1468607	4.664402	13.435713	-28.298023	1.0087664	0.120525576	738.0373582839966
149	-7.7204027	5.20983	-1.2931986	-17.892736	-6.707917	4.226885	-1.376013	-13.803021	100.0	100.0	223499	-0.6770756	4.6180654	14.203131	-26.824377	0.52961904	0.11928115	743.0719182491302
150	-8.974986	8.014644	-2.2905097	-27.792538	-11.553577	4.9416714	-3.4118903	-19.687004	100.0	100.0	224999	-0.23631723	4.568138	14.694635	-25.704033	0.09072462	0.119097	748.1438653469086
151	-8.880805	3.817988	-2.798694	-18.390772	-8.733668	7.14382	-2.5160425	-29.269402	100.0	100.0	226499	0.14788638	4.5149055	15.053339	-25.430195	-0.292204	0.12091125	753.2198760509491
152	-7.4907374	4.4022417	-2.61975	-20.250986	-8.334737	4.6814346	-2.1189	-15.848237	100.0	100.0	227999	0.510707	4.461805	15.369224	-26.199303	-0.6515301	0.11630439	758.2887246608734
153	-9.211699	3.1503634	-5.4179325	-19.04776	-8.998529	5.4553027	-3.3056288	-20.31856	100.0	100.0	229499	0.8877261	4.331914	14.92466	-26.60902	-1.0264553	0.1167742	763.315883398056
154	-9.695933	9.005907	-1.3516666	-35.107235	-8.353112	5.9008408	-0.7659402	-17.910301	100.0	100.0	230999	1.248902	4.245205	14.690617	-26.058243	-1.3897461	0.115593605	768.3785378932953
155	-9.1205635	6.239894	-0.60986906	-21.170654	-9.848512	5.1192145	-3.9774704	-21.364885	100.0	100.0	232499	1.588409	4.148457	14.333848	-26.14334	-1.7311891	0.116594866	773.3714604377747
156	-8.269903	4.22464	-2.2721624	-17.837793	-6.835935	4.489875	-1.6156068	-17.844955	100.0	100.0	233999	1.9636627	4.050499	13.69162	-26.164526	-2.1038063	0.12022228	778.3760023117065
157	-9.373201	5.7887244	-3.9429283	-25.618029	-4.7722096	2.0627759	-1.727179	-8.862075	100.0	100.0	235499	2.2689202	3.9867685	13.286454	-22.91342	-2.408454	0.11713505	783.3977615833282
158	-5.813649	2.544262	-0.9330051	-12.07993	-9.331807	6.233734	-2.9119346	-22.829088	100.0	100.0	236999	2.581583	3.9544444	13.660962	-23.877384	-2.7182803	0.115975685	788.4630291461945
159	-6.4005327	3.9621155	-1.0916626	-13.222822	-8.402634	8.574015	-1.6223532	-31.917763	100.0	100.0	238499	2.8574655	3.8715699	13.765103	-23.045208	-2.9948149	0.11267404	793.5215804576874
160	-7.3889008	3.7229104	-1.7351142	-15.740629	-7.2372017	3.4320846	-1.4386015	-12.51918	100.0	100.0	239999	3.1348813	3.807098	12.314771	-20.759247	-3.2725418	0.112512104	798.563056230545
161	-7.8551126	3.8482049	-2.719108	-14.793284	-8.766634	3.635167	-1.6223518	-14.781356	100.0	100.0	241499	3.430937	3.7523065	12.895055	-23.932106	-3.56994	0.10947759	803.6339433193207
162	-8.316617	4.55191	-3.196385	-16.488432	-6.8371887	3.3085082	-1.6236824	-12.24002	100.0	100.0	242999	3.720287	3.727411	13.127425	-20.18562	-3.8635662	0.1124916	808.6844990253448
163	-12.288386	7.787534	-0.6402826	-26.076452	-10.410769	8.320869	-1.394382	-31.728502	100.0	100.0	244499	4.0160136	3.6953087	13.29402	-20.26531	-4.157333	0.11082246	813.7048673629761
164	-8.408525	5.4142656	-2.0273767	-21.135717	-7.343087	4.8055015	-2.4916992	-16.915497	100.0	100.0	245999	4.2836685	3.6354783	13.011845	-19.607344	-4.4230137	0.11264297	818.7635407447815
165	-10.176931	7.4750056	-3.3147898	-32.07869	-5.494552	5.1946507	-0.42112434	-15.639389	100.0	100.0	247499	4.550925	3.5874653	13.12775	-16.908588	-4.6925735	0.11487899	823.8102045059204
166	-10.826816	11.026403	-1.8255881	-43.820053	-6.3006916	3.450625	-1.8461517	-12.524181	100.0	100.0	248999	4.782076	3.567571	12.826296	-16.912256	-4.9203696	0.113312945	828.8232097625732
167	-7.562312	4.382033	-2.0174239	-18.083744	-7.4235067	5.3287344	-1.2887466	-18.421701	100.0	100.0	250499	5.0187426	3.5509217	12.693387	-19.99954	-5.162476	0.115094684	833.9062581062317
168	-9.563645	7.1871014	-0.7254531	-30.547844	-10.106666	6.575212	-4.6159453	-22.601786	100.0	100.0	251999	5.333037	3.549361	12.439646	-18.308899	-5.4809895	0.11257373	838.9754860401154
169	-7.084836	5.0582376	-1.8053843	-19.637653	-6.4974036	4.9133997	-0.21875185	-14.663411	100.0	100.0	253499	5.61419	3.5539649	12.212935	-18.653355	-5.760409	0.11296365	844.0428576469421
170	-7.9391055	6.34421	-0.44642782	-20.593842	-6.584899	4.625524	-0.51032495	-18.588984	100.0	100.0	254999	5.8907666	3.5803857	12.203574	-17.156977	-6.0415792	0.112573184	849.0992183685303
171	-7.2987866	3.700728	-2.391287	-15.811234	-9.016645	6.9576406	-2.0212312	-27.193697	100.0	100.0	256499	6.1868343	3.6383142	12.521658	-16.48114	-6.336597	0.120806485	854.17480301857
172	-8.359532	5.146346	-1.5143149	-23.826563	-6.3169174	6.0316854	-1.4097456	-23.748789	100.0	100.0	257999	6.4495807	3.7183778	13.0992155	-19.66847	-6.601115	0.11654608	859.1881921291351
173	-9.381571	6.95092	-2.6881952	-25.98512	-5.873681	3.762638	-1.5438131	-12.022363	100.0	100.0	259499	6.758207	3.7356906	13.493513	-19.459679	-6.9149427	0.119176455	864.2031745910645
174	-9.25608	5.162191	-1.4233389	-21.324673	-6.4310913	5.267834	-0.92497444	-19.471102	100.0	100.0	260999	7.051134	3.7699068	13.943359	-16.76617	-7.201828	0.118126966	869.2176766395569
175	-9.338521	5.037645	-2.6402028	-21.412466	-5.796122	3.6463695	-2.1691663	-14.062412	100.0	100.0	262499	7.32464	3.7798996	14.173336	-18.477	-7.477239	0.11807487	874.2552354335785
176	-7.5669866	4.1633077	-1.1175034	-15.229718	-12.985008	9.876908	-2.338285	-36.999683	100.0	100.0	263999	7.5563965	3.8421032	14.491963	-20.39882	-7.709638	0.12383906	879.3181736469269
177	-10.344496	5.804711	-4.514907	-25.703445	-6.956374	6.1848173	-1.1568773	-18.367407	100.0	100.0	265499	7.83759	3.8332322	14.902962	-17.970947	-7.987768	0.11888629	884.3444926738739
178	-8.615078	4.3451347	-2.6961467	-18.655363	-5.374524	3.0695484	-1.4034863	-11.484404	100.0	100.0	266999	8.051618	3.8313837	15.010496	-15.200763	-8.204492	0.115250655	889.3451597690582
179	-9.816883	5.7196565	-2.9234545	-24.597013	-9.778699	7.5774775	-3.1548889	-26.777767	100.0	100.0	268499	8.294108	3.8605094	15.460306	-15.610619	-8.4478035	0.117438875	894.4019548892975
180	-9.246885	7.595424	-2.5361	-31.059229	-10.035488	9.6448	-3.2530248	-35.6695	100.0	100.0	269999	8.56568	3.9104671	15.865721	-17.743526	-8.718982	0.11781657	899.4355902671814
181	-7.216038	7.355659	-0.6120128	-30.385336	-7.1460686	3.7653508	-3.0210457	-14.6655035	100.0	100.0	271499	8.775775	3.9520547	16.251982	-16.203701	-8.92278	0.11467055	904.4874539375305
182	-7.3128333	5.90278	-3.3141875	-27.499737	-10.446211	7.2652664	-2.5634627	-27.153671	100.0	100.0	272999	8.953762	3.9545348	16.51542	-15.125114	-9.100854	0.114671506	909.5476877689362
183	-6.89211	4.359915	-0.19258483	-15.97552	-7.023509	5.4729075	-2.9854748	-22.190529	100.0	100.0	274499	9.092098	3.9589484	16.940838	-14.439665	-9.233342	0.11357362	914.5835793018341
184	-7.9861655	6.2624974	-1.1422831	-23.77733	-10.852321	8.192006	-2.2379696	-27.688686	100.0	100.0	275999	9.27126	3.9658008	17.241873	-13.404889	-9.416996	0.11268441	919.7045114040375
185	-6.641148	6.1948457	-1.0412246	-21.398521	-9.067858	5.2633986	-0.9877193	-19.26931	100.0	100.0	277499	9.398975	3.9909387	17.578707	-14.206837	-9.538495	0.11520374	924.7934494018555
186	-7.104073	4.073096	-0.8326105	-15.785768	-6.4394546	3.5015368	-0.87321466	-13.889044	100.0	100.0	278999	9.505594	3.9888084	17.986153	-15.130077	-9.64108	0.11408919	929.7786822319031
187	-9.61962	6.5447326	-1.1130207	-20.317009	-8.589008	4.9217486	-0.4344566	-19.393791	100.0	100.0	280499	9.580156	3.969608	18.086628	-14.389853	-9.712016	0.11439238	934.8423607349396
188	-8.955895	4.154445	-3.2254946	-16.773975	-8.095784	4.539682	-1.4910873	-14.313448	100.0	100.0	281999	9.631624	3.9689975	18.269905	-13.341066	-9.765032	0.11025261	939.8489379882812
189	-6.89215	2.8922691	-3.7946703	-13.137714	-4.4510684	2.8772895	-0.34476286	-8.632386	100.0	100.0	283499	9.66573	3.9477382	18.302896	-16.271286	-9.798789	0.1100176	944.7338016033173
190	-8.06058	5.701653	-3.6353767	-24.443111	-7.745284	4.19974	-3.1876292	-18.00406	100.0	100.0	284999	9.758054	3.9094765	18.443724	-14.784517	-9.894529	0.11252254	949.6662786006927
191	-7.073554	5.4632177	-0.3114635	-19.737612	-9.321605	5.991598	-1.4097893	-24.274939	100.0	100.0	286499	9.84005	3.8786232	18.52384	-12.842842	-9.972363	0.11563751	954.6181654930115
192	-7.326043	5.452094	-0.7667392	-19.52735	-6.927924	3.9745154	-1.3407217	-14.210386	100.0	100.0	287999	9.889289	3.8416178	18.441944	-14.349358	-10.021102	0.11121204	959.5274126529694
193	-10.261053	6.1931133	-0.60222566	-22.036234	-7.505394	4.97471	-1.1050351	-20.668846	100.0	100.0	289499	9.96269	3.8251178	18.711458	-14.842457	-10.096853	0.10903945	964.4072413444519
194	-6.926115	5.3468423	-0.62530434	-18.885193	-6.4679794	4.470097	-1.9179608	-17.704586	100.0	100.0	290999	10.042968	3.7868376	18.814293	-13.270142	-10.177327	0.112174846	969.3157341480255
195	-6.4490933	4.1520886	-1.7392436	-19.050394	-9.97685	7.006268	-1.5097957	-26.333618	100.0	100.0	292499	10.090715	3.7605658	18.851665	-13.297567	-10.225413	0.111521415	974.2444410324097
196	-10.006619	5.9665346	-2.6075602	-24.007053	-7.9982963	6.2606335	-0.869233	-22.243494	100.0	100.0	293999	10.172671	3.7292628	18.908087	-14.805559	-10.309218	0.109034374	979.2003684043884
197	-6.78192	3.0333135	-2.532272	-12.889945	-8.1583605	4.009574	-2.57107	-14.008237	100.0	100.0	295499	10.277132	3.6803606	19.111961	-12.982792	-10.417002	0.10954893	984.1417281627655
198	-7.785922	4.430688	-1.909969	-18.282595	-6.292094	5.2985682	-1.5691508	-20.755873	100.0	100.0	296999	10.355004	3.6543734	19.36829	-15.206203	-10.49423	0.1089722	989.1206419467926
199	-8.84746	3.280076	-2.4280748	-14.165886	-7.0567994	2.6255875	-2.6621346	-10.415298	100.0	100.0	298499	10.447867	3.6113815	20.040655	-15.647528	-10.583757	0.10893158	994.0230298042297
200	-7.1867003	4.8292747	-1.03668	-19.07776	-10.768408	4.509059	-3.8497286	-18.702904	100.0	100.0	299999	10.5086155	3.5854535	20.369637	-15.471531	-10.641157	0.108408734	998.9219405651093
201	-12.028958	7.6812487	-1.1526642	-28.830748	-7.933562	4.638884	-2.4430556	-16.188534	100.0	100.0	301499	10.538444	3.5677233	20.491812	-15.215054	-10.667085	0.10587632	1003.8381514549255
202	-6.392983	4.66662	-0.5476759	-18.79823	-5.7672024	2.8784525	-2.062684	-11.921544	100.0	100.0	302999	10.517294	3.5429428	20.757347	-14.205017	-10.643334	0.1023407	1008.6889126300812
203	-6.1377797	3.5270035	-1.0964285	-14.107503	-14.421041	9.320991	-4.2716923	-28.403856	100.0	100.0	304499	10.502213	3.5319283	20.695602	-13.821196	-10.622599	0.09948493	1013.6368815898895
204	-7.3941355	3.596049	-1.5984279	-14.197232	-7.0355043	3.9868703	-2.2730513	-14.552182	100.0	100.0	305999	10.447776	3.5224273	20.542492	-16.425344	-10.568403	0.10212435	1018.5919675827026
205	-8.371974	6.399221	-2.295456	-24.79554	-8.892506	3.900214	-3.8872814	-15.699737	100.0	100.0	307499	10.411653	3.51558	20.179485	-12.496087	-10.5304365	0.0994295	1023.5045170783997
206	-9.145931	3.8543308	-3.9604661	-19.307217	-6.165056	5.385054	-0.35269397	-20.102009	100.0	100.0	308999	10.360797	3.4916139	19.8143	-13.437929	-10.479686	0.103234254	1028.4677815437317
207	-6.7728868	4.242014	-2.4590983	-17.421955	-6.094211	3.3257875	-2.4577057	-11.740224	100.0	100.0	310499	10.311281	3.5078607	19.669708	-14.879929	-10.432324	0.09916567	1033.417685508728
208	-8.792038	5.1220183	-1.0596501	-21.103083	-5.6770644	2.8827436	-0.8669592	-11.394663	100.0	100.0	311999	10.286396	3.5186455	19.431562	-12.365329	-10.409204	0.101862416	1038.3443205356598
209	-11.06305	6.5963197	-0.8097352	-26.228117	-5.2471604	3.1681879	-0.78664917	-10.286169	100.0	100.0	313499	10.290288	3.526603	19.1299	-14.304668	-10.415819	0.0978019	1043.2865374088287
210	-7.802895	6.377628	-1.7231991	-27.411926	-8.715601	4.2394023	-2.867542	-17.742315	100.0	100.0	314999	10.279069	3.5506516	19.069931	-12.153543	-10.400971	0.10142735	1048.1951847076416
211	-7.452444	5.6651907	-1.5180666	-22.752506	-6.744526	4.6151886	-1.8115501	-17.354128	100.0	100.0	316499	10.25163	3.5602305	18.996386	-12.127328	-10.370278	0.09691803	1053.1269800662994
212	-6.922237	5.927817	-1.3217925	-27.51608	-9.24692	4.481878	-2.6938705	-16.008097	100.0	100.0	317999	10.1796875	3.562834	18.873821	-12.071278	-10.298978	0.09688588	1058.0813009738922
213	-7.7523527	3.4659138	-2.630139	-13.748988	-7.5067315	4.437914	-2.1638432	-16.327572	100.0	100.0	319499	10.151366	3.59022	19.007875	-10.643333	-10.272294	0.09459458	1063.045163154602
214	-8.884406	3.7882612	-3.7448552	-16.43523	-10.93046	4.7765436	-5.529789	-22.100176	100.0	100.0	320999	10.115559	3.6247323	19.300905	-13.890245	-10.239624	0.10107391	1067.9698765277863
215	-7.0758157	5.2892323	-1.3188506	-18.696354	-10.903723	6.3593335	-3.6641104	-25.3434	100.0	100.0	322499	10.148366	3.6341312	19.257315	-11.817502	-10.271034	0.09980477	1072.8896052837372
216	-8.618808	4.362494	-1.7094823	-18.638897	-8.80155	7.018986	-1.2557838	-23.081224	100.0	100.0	323999	10.139182	3.6355288	19.297514	-11.999491	-10.260506	0.09869997	1077.767575263977
217	-8.323732	3.914431	-1.7781545	-13.656819	-7.201982	4.4959416	-1.9306443	-16.56112	100.0	100.0	325499	10.117446	3.6074188	19.18452	-14.610411	-10.23936	0.09769847	1082.7312123775482
218	-5.654755	4.291493	-1.0777392	-17.811638	-7.589137	5.5187926	-0.7716917	-18.66912	100.0	100.0	326999	10.122511	3.6062832	19.177471	-13.565682	-10.242513	0.09947146	1087.665560722351
219	-9.20682	7.2493176	-0.3652068	-32.133015	-6.5088654	4.3475933	-0.79822004	-15.232357	100.0	100.0	328499	10.096838	3.5918534	19.08973	-14.389275	-10.218214	0.09391659	1092.6074521541595
220	-7.1039877	3.4745734	-2.1796284	-14.544327	-7.864816	3.0066705	-1.540448	-11.824261	100.0	100.0	329999	10.117724	3.6259122	18.994913	-13.457762	-10.244663	0.099913076	1097.5245156288147
221	-7.878706	6.8725276	-2.5461364	-30.482845	-11.130537	7.3228254	-4.9628	-29.936663	100.0	100.0	331499	10.148297	3.6253986	19.157114	-13.864908	-10.270287	0.09388987	1102.4394903182983
222	-6.129783	5.481174	-0.6369599	-17.077847	-8.749921	5.4710274	-4.5007353	-23.9092	100.0	100.0	332999	10.112933	3.6405559	19.336521	-13.041859	-10.236835	0.1005041	1107.405469417572
223	-8.835431	6.8141336	-0.640361	-27.77315	-8.427507	4.12659	-2.5068343	-14.931993	100.0	100.0	334499	10.123788	3.6678865	19.197247	-13.213005	-10.250711	0.10076125	1112.3592882156372
224	-6.7350087	3.912274	-0.632774	-13.629829	-9.53166	5.964187	-1.6828682	-23.919928	100.0	100.0	335999	10.184908	3.6649883	19.370909	-13.238505	-10.316625	0.09948176	1117.3245227336884
225	-6.9316087	5.209245	-1.7040186	-22.819197	-7.7234545	5.328792	-1.8587139	-19.220676	100.0	100.0	337499	10.275961	3.6862981	19.276562	-14.127914	-10.406192	0.10320156	1122.3050420284271
226	-7.983355	4.2608385	-1.562461	-16.318407	-5.4818463	3.771624	-0.21985209	-12.377054	100.0	100.0	338999	10.3325	3.696026	19.350388	-12.386044	-10.465746	0.09933614	1127.238154411316
227	-8.8405695	5.421521	-3.0988173	-23.677732	-7.7069654	4.2825904	-4.171538	-19.41369	100.0	100.0	340499	10.40655	3.717509	19.62776	-13.364721	-10.53667	0.10106629	1132.1843502521515
228	-6.165365	4.4815016	-0.947209	-15.4910755	-8.211536	4.982054	-2.413671	-18.873964	100.0	100.0	341999	10.473887	3.7418883	19.873348	-14.16909	-10.606949	0.10071792	1137.1367189884186
229	-7.4817348	4.7203836	-1.1233722	-17.598448	-8.564286	9.805659	-0.5096262	-32.531193	100.0	100.0	343499	10.552832	3.7653174	20.264278	-13.143409	-10.686295	0.100848794	1142.0845532417297
230	-9.429574	4.875502	-3.0657837	-20.290329	-6.4684577	6.0274	-1.2134037	-21.880096	100.0	100.0	344999	10.67985	3.7661998	20.570686	-13.069006	-10.814542	0.10311438	1147.041985988617
231	-9.070386	6.7116313	-0.48106265	-21.717869	-9.7185	8.235395	-1.5351689	-29.591097	100.0	100.0	346499	10.756283	3.800793	20.807104	-11.843151	-10.894951	0.10588363	1152.0171439647675
232	-7.8418097	3.7523632	-1.9901661	-14.116354	-8.09844	3.8680785	-2.4707613	-15.225473	100.0	100.0	347999	10.857866	3.7601168	20.993107	-12.441754	-10.990299	0.102867596	1156.9622871875763
233	-8.446507	5.9583545	-1.4161502	-24.993593	-6.5419855	2.6398761	-2.2989287	-9.548907	100.0	100.0	349499	10.956222	3.7728765	21.369644	-11.831762	-11.094487	0.10820806	1161.921811580658
234	-10.379252	7.6673875	-1.5509073	-32.937843	-4.670288	2.83657	-0.32597768	-9.447504	100.0	100.0	350999	11.071595	3.749482	21.456535	-12.631037	-11.207776	0.106070586	1166.862410068512
235	-5.3101645	2.6406605	-1.8230247	-10.584527	-6.722276	4.4184346	-3.1990213	-18.137783	100.0	100.0	352499	11.149473	3.704077	21.540154	-11.527997	-11.284669	0.101085894	1171.828703403473
236	-8.479722	5.8069863	-1.2472222	-22.939695	-7.8792753	7.479235	-0.7573707	-28.862122	100.0	100.0	353999	11.22187	3.7235694	21.666515	-11.818205	-11.354948	0.10121344	1176.7880172729492
237	-8.264779	5.3244724	-1.2477003	-23.05937	-5.7999125	2.9737442	-1.3029287	-11.274304	100.0	100.0	355499	11.284803	3.7224805	21.644701	-12.5293255	-11.414718	0.10119251	1181.7756431102753
238	-7.869208	6.122586	-1.4122782	-24.452559	-6.0306444	2.5861683	-0.8165282	-9.635364	100.0	100.0	356999	11.314996	3.720461	21.778566	-14.138244	-11.444382	0.10257479	1186.7403981685638
239	-7.7172675	6.4052343	-1.3960253	-25.005058	-7.719104	4.2889605	-2.6513298	-16.229956	100.0	100.0	358499	11.380669	3.7355363	21.881943	-10.819462	-11.51245	0.10420989	1191.714641571045
240	-9.564376	4.8882613	-1.2960359	-17.578684	-9.791803	4.898082	-4.0814247	-22.02604	100.0	100.0	359999	11.425312	3.7388809	22.09673	-13.264304	-11.555667	0.102521695	1196.642103433609
241	-5.9890847	3.9266088	-1.1464497	-16.550694	-7.41605	5.6115136	-1.2311108	-22.280964	100.0	100.0	361499	11.4769745	3.7250335	22.120327	-14.771542	-11.605851	0.10242902	1201.5960075855255
242	-6.756854	4.3619833	-0.6677093	-16.65781	-6.192602	3.4942107	-2.598495	-13.363387	100.0	100.0	362999	11.4886265	3.7134473	22.094328	-15.186216	-11.616906	0.10093626	1206.595330953598
243	-7.9132714	4.5047345	-2.038286	-15.009453	-10.037118	7.5490623	-0.61734104	-25.928734	100.0	100.0	364499	11.522738	3.6973379	22.001432	-14.111301	-11.649778	0.10747333	1211.541999578476
244	-9.857083	5.995	-1.2306184	-20.32689	-6.228999	2.2460287	-3.4287388	-11.611842	100.0	100.0	365999	11.531578	3.7063034	22.103872	-13.986778	-11.658431	0.10419448	1216.482444524765
245	-6.752703	3.3822784	-2.7370539	-15.276067	-7.6442895	5.0154023	-1.631718	-19.158033	100.0	100.0	367499	11.5472555	3.7238214	22.079208	-13.055471	-11.674383	0.1049237	1221.4239983558655
246	-7.3420086	4.5068035	-1.8652371	-18.252886	-8.507318	6.351007	-1.4015025	-23.557573	100.0	100.0	368999	11.517503	3.7389743	21.782806	-12.687908	-11.640935	0.10367468	1226.360594511032
247	-7.402798	5.9964995	-0.871675	-22.28722	-7.84861	5.697935	-2.216566	-18.861483	100.0	100.0	370499	11.538459	3.713123	21.43862	-10.924154	-11.66131	0.10646164	1231.3143091201782
248	-7.201739	3.678928	-1.8243107	-14.590106	-9.124926	4.9244432	-1.8241558	-20.505146	100.0	100.0	371999	11.529316	3.7274158	21.662046	-14.684122	-11.652318	0.10562683	1236.3175971508026
249	-8.052237	5.256448	-1.763567	-23.74449	-7.545007	5.787887	-1.4793178	-22.710155	100.0	100.0	373499	11.529617	3.7418895	21.580067	-13.030769	-11.655898	0.10645275	1241.3598265647888
250	-6.4206386	5.140429	-0.8253125	-21.065058	-8.114208	3.9282992	-2.178573	-16.145681	100.0	100.0	374999	11.568025	3.7547014	21.799358	-14.125263	-11.699565	0.10788006	1246.4511098861694
251	-6.722557	4.818949	-1.6295924	-19.103598	-7.915264	2.9730487	-2.3399363	-12.218959	100.0	100.0	376499	11.629057	3.7215571	22.133268	-13.467154	-11.756391	0.10433367	1251.5619149208069
252	-8.961379	5.9089394	-0.84262496	-21.16986	-7.8496313	6.1647763	-1.2780805	-18.768085	100.0	100.0	377999	11.628808	3.7115808	22.195635	-13.562504	-11.751508	0.10388465	1256.6635921001434
253	-5.7890234	3.6714478	-1.0780222	-13.638977	-5.0612116	3.6907353	-1.7945569	-13.842156	100.0	100.0	379499	11.659423	3.686333	22.017326	-11.684495	-11.787125	0.10408274	1261.7252995967865
254	-7.589827	4.0221605	-1.657341	-16.16162	-7.607502	4.928553	-1.6851327	-17.720995	100.0	100.0	380999	11.644483	3.7080886	21.846243	-10.975145	-11.764838	0.102954365	1266.840347290039
255	-7.1961484	4.313718	-2.544745	-19.031332	-7.5315323	3.4383466	-3.8106313	-16.089876	100.0	100.0	382499	11.642797	3.6955082	22.07639	-12.92203	-11.766509	0.10211859	1271.915233373642
256	-8.809353	6.5190024	-0.783899	-24.997183	-7.607478	5.300795	-1.0762175	-17.550173	100.0	100.0	383999	11.646831	3.6594398	21.80847	-12.8887415	-11.772451	0.10039983	1276.997427225113
257	-5.7111063	4.1565967	-0.49300715	-14.216852	-9.51737	5.3893113	-2.6260355	-19.561617	100.0	100.0	385499	11.681045	3.639008	21.742777	-11.276491	-11.808102	0.0991642	1282.104033946991
258	-7.1272364	3.684508	-0.8199936	-12.352837	-9.636339	6.2821565	-3.3350258	-25.409767	100.0	100.0	386999	11.716112	3.6726046	21.736311	-11.153423	-11.847039	0.10584896	1287.2221479415894
259	-5.9811764	4.59466	-0.815523	-19.074535	-6.198141	2.9624429	-2.2446933	-11.336252	100.0	100.0	388499	11.772003	3.6558332	21.666096	-11.351672	-11.904635	0.10098671	1292.311787366867
260	-5.042849	3.5964897	-0.275871	-11.040849	-7.8937354	3.9791007	-2.1041436	-16.926737	100.0	100.0	389999	11.82724	3.6490588	21.762106	-12.582401	-11.960224	0.10515447	1297.3614180088043
261	-6.8704586	4.2055798	-1.7486477	-14.547171	-9.193557	5.4168553	-1.3297124	-19.216396	100.0	100.0	391499	11.912682	3.612398	21.634182	-13.243996	-12.043446	0.10374687	1302.4144365787506
262	-6.7426887	4.109274	-0.73096895	-17.910002	-5.837373	4.8410816	-1.0836802	-18.0231	100.0	100.0	392999	11.935356	3.604091	22.032331	-10.682163	-12.066128	0.096697874	1307.4795362949371
263	-6.592801	3.3239756	-1.9526569	-13.232652	-6.2294054	4.2237787	-1.2303464	-16.087631	100.0	100.0	394499	11.983466	3.599864	21.740776	-10.328005	-12.109589	0.099889696	1312.5884273052216
264	-9.685868	5.397825	-4.149212	-22.058226	-4.7623343	3.3639178	-0.3251129	-10.996356	100.0	100.0	395999	11.980185	3.5811179	21.522692	-9.975428	-12.10529	0.099893145	1317.6722512245178
265	-6.176265	3.0779133	-1.1015333	-11.993919	-9.11883	4.184735	-2.9935954	-18.293806	100.0	100.0	397499	11.992943	3.5678756	21.74589	-9.364306	-12.118745	0.09835854	1322.7703759670258
266	-5.1291556	2.9912603	-0.6340531	-12.946314	-10.183047	5.713567	-3.5294495	-24.248291	100.0	100.0	398999	12.002748	3.5497384	21.760664	-11.829597	-12.125003	0.10111169	1327.829389333725
267	-5.875547	3.6872332	-2.6784956	-14.693395	-6.4184546	3.5256958	-1.5613549	-11.720846	100.0	100.0	400499	11.976221	3.5140097	21.676743	-12.272795	-12.095899	0.09685722	1332.963532924652
268	-7.879676	5.6207767	-1.5102375	-21.66646	-8.791885	6.3991466	-1.9215964	-23.594448	100.0	100.0	401999	11.943943	3.468923	21.137098	-10.264524	-12.064539	0.09809483	1338.0612318515778
269	-6.9825764	4.2275953	-2.8516912	-17.743114	-7.7237105	4.0635204	-0.55319095	-12.452462	100.0	100.0	403499	11.914217	3.4605534	21.220385	-10.819558	-12.032404	0.09768498	1343.1026368141174
270	-6.480914	7.00112	-0.84959567	-30.938217	-6.296706	3.476536	-2.795896	-14.532472	100.0	100.0	404999	11.889856	3.4420571	20.73217	-9.762823	-12.012659	0.09711754	1348.1945025920868
271	-5.482186	3.1513412	-0.969072	-11.690198	-6.3454266	2.7953146	-0.9824325	-11.33046	100.0	100.0	406499	11.896267	3.4014602	21.143938	-8.490884	-12.020133	0.0978912	1353.2643842697144
272	-9.347685	5.1275187	-1.7506487	-20.264889	-6.3171854	2.7894726	-2.356954	-11.083759	100.0	100.0	407999	11.922835	3.3773293	20.951399	-10.933804	-12.041642	0.09700784	1358.3694920539856
273	-7.5780015	3.7264016	-2.2656128	-15.230837	-6.8278704	5.5595193	-0.3980426	-20.059622	100.0	100.0	409499	11.871403	3.365384	20.845667	-10.794471	-11.990219	0.097794324	1363.4404711723328
274	-8.718965	8.917735	-1.4457767	-38.11965	-8.802586	4.973571	-2.3936484	-21.650814	100.0	100.0	410999	11.844622	3.3663754	21.06035	-13.480277	-11.961667	0.09614997	1368.5489284992218
275	-8.63351	7.979356	-2.0265133	-34.378986	-7.847074	4.136283	-2.0958624	-16.47788	100.0	100.0	412499	11.796205	3.3660564	21.15828	-12.391374	-11.910552	0.094087645	1373.6683266162872
276	-6.801533	4.0015535	-1.3786963	-15.172329	-7.8903093	6.016977	-2.6565175	-25.041983	100.0	100.0	413999	11.755628	3.3848603	21.182991	-12.75869	-11.874208	0.09710931	1378.8162159919739
277	-6.741025	3.9024296	-0.8715809	-14.126238	-5.7090416	3.7988808	-1.1424214	-10.909995	100.0	100.0	415499	11.71441	3.3864224	21.606276	-13.62207	-11.831979	0.097225375	1383.8898153305054
278	-7.5337124	4.1360264	-1.3944863	-15.04447	-4.895612	2.95266	-0.6027866	-9.835769	100.0	100.0	416999	11.673359	3.4040756	21.360836	-13.321285	-11.788962	0.09733935	1388.9976522922516
279	-5.3960676	3.020432	-0.6178455	-11.019799	-8.82366	4.5657873	-2.7262409	-18.55041	100.0	100.0	418499	11.666439	3.3976915	21.149008	-12.972399	-11.785888	0.098246075	1394.1636729240417
280	-7.009129	3.608691	-0.6623624	-13.745019	-6.0461416	4.017707	-0.73926556	-16.20128	100.0	100.0	419999	11.640767	3.4088793	21.156591	-12.872453	-11.757873	0.10242513	1399.2646400928497
281	-7.791926	4.5070786	-0.8951962	-18.568863	-9.524442	9.252983	-1.5314455	-33.857494	100.0	100.0	421499	11.629554	3.3996542	21.276373	-11.481503	-11.747587	0.0993801	1404.3777258396149
282	-5.8074603	3.6260383	-1.3492242	-14.94981	-5.467274	3.7266645	-1.4513024	-13.281674	100.0	100.0	422999	11.593587	3.3652778	21.185966	-11.195445	-11.711458	0.09715688	1409.5287563800812
283	-8.721713	5.8903956	-2.0544806	-22.138515	-7.0145698	4.2124887	-1.4423375	-14.939391	100.0	100.0	424499	11.561795	3.3499181	20.945646	-10.749123	-11.678409	0.09297827	1414.6246755123138
284	-6.8553524	4.2015176	-1.6926577	-14.7679825	-8.526392	4.1488256	-1.3974099	-15.96747	100.0	100.0	425999	11.508006	3.3189151	20.74561	-12.28817	-11.621195	0.09359682	1419.7102127075195
285	-6.7516675	3.8689206	-1.5348455	-14.493321	-9.401717	5.960311	-2.3363938	-22.90467	100.0	100.0	427499	11.497851	3.2889414	20.985575	-10.144494	-11.61424	0.091061585	1424.8068552017212
286	-6.63728	4.6020107	-1.230463	-16.084173	-5.8099475	5.967324	-0.66546524	-22.275276	100.0	100.0	428999	11.46128	3.302119	20.537014	-9.998247	-11.5770235	0.091153115	1429.8699100017548
287	-8.49325	4.0923667	-1.678245	-16.19461	-6.3301344	2.679707	-1.4988382	-10.408901	100.0	100.0	430499	11.411934	3.2854362	20.296482	-10.758644	-11.528253	0.09134678	1434.9833691120148
288	-8.622851	4.487829	-2.5139465	-19.36712	-6.7542114	7.1927104	-1.508774	-27.665606	100.0	100.0	431999	11.405482	3.2717805	20.460808	-9.127359	-11.525737	0.09211725	1440.087895154953
289	-8.177388	4.495934	-2.0563583	-21.526106	-6.3224273	2.3347564	-3.4002855	-11.119931	100.0	100.0	433499	11.415403	3.2170887	20.052296	-13.895531	-11.530627	0.08610154	1445.1540303230286
290	-7.1522045	3.1733534	-2.3299108	-14.716805	-9.07751	5.5956235	-0.80637383	-18.994179	100.0	100.0	434999	11.364377	3.2269828	19.981121	-10.920207	-11.477918	0.08727882	1450.241729259491
291	-10.5244055	6.6686854	-3.081488	-24.091187	-7.888973	5.678808	-1.4679223	-17.37158	100.0	100.0	436499	11.303156	3.2207694	20.166393	-9.790262	-11.414185	0.08966263	1455.388056755066
292	-9.402083	6.108753	-1.071461	-27.56112	-7.811792	4.5551443	-3.254252	-18.784721	100.0	100.0	437999	11.2674265	3.176016	19.517094	-12.8188	-11.381957	0.09095364	1460.4869754314423
293	-8.745841	5.3678327	-0.73007816	-16.657526	-9.028818	4.3119917	-1.7272058	-14.763232	100.0	100.0	439499	11.251548	3.1671786	19.303913	-12.794096	-11.367729	0.08555589	1465.5609464645386
294	-6.1508865	3.446168	-0.5197681	-12.285803	-7.827469	6.121826	-2.3135793	-23.27733	100.0	100.0	440999	11.222995	3.1678028	19.16013	-12.797144	-11.337481	0.08867035	1470.6826357841492
295	-8.488182	5.478465	-0.5812217	-18.30195	-10.361129	9.344773	-3.1143923	-29.341543	100.0	100.0	442499	11.181551	3.1552763	19.078241	-9.25956	-11.295431	0.09004358	1475.7884001731873
296	-7.8264766	4.356642	-2.113171	-17.630362	-9.390401	3.4593656	-3.0267293	-14.283893	100.0	100.0	443999	11.162441	3.146794	18.889439	-11.227025	-11.277715	0.09147193	1480.9462473392487
297	-6.5120764	5.7112885	-1.4749583	-20.120758	-7.3137345	2.1525192	-2.97302	-10.654699	100.0	100.0	445499	11.149608	3.0753517	18.965204	-9.796461	-11.261687	0.087485544	1486.1010200977325
298	-5.719601	2.9724963	-1.2578385	-12.5861635	-9.51336	5.0595355	-2.45919	-18.31864	100.0	100.0	446999	11.093401	3.0537248	18.784653	-14.49242	-11.202801	0.09050163	1491.245510339737
299	-7.566328	4.527346	-1.1067411	-17.429241	-4.815615	3.4382336	-0.46333203	-13.528018	100.0	100.0	448499	11.066929	3.0349302	19.43264	-11.738493	-11.183589	0.090256736	1496.414309978485
300	-6.9303412	4.9540052	-1.1626469	-19.114517	-6.5329413	3.691106	-2.9502861	-15.048263	100.0	100.0	449999	11.05555	3.0239096	19.632471	-11.715797	-11.171066	0.09109559	1501.522929906845
301	-8.117829	6.4628897	-2.1700656	-29.51865	-9.960955	7.8725047	-2.9151258	-30.689587	100.0	100.0	451499	11.007426	2.9893308	19.521055	-9.326781	-11.118715	0.08631939	1506.6344156265259
302	-7.614914	3.3234003	-3.564596	-15.160553	-9.3071	4.708948	-3.1656444	-15.588154	100.0	100.0	452999	10.9630165	2.9705124	19.201794	-9.702114	-11.076203	0.08835173	1511.7473361492157
303	-7.5945635	6.0435724	-1.214504	-24.313482	-5.7678823	2.7928817	-1.5480719	-11.792309	100.0	100.0	454499	10.932778	2.9518638	19.061117	-9.390545	-11.045009	0.088157356	1516.7895817756653
304	-7.1606674	4.040814	-1.2407908	-14.449524	-9.182071	6.264168	-2.975802	-26.882853	100.0	100.0	455999	10.892188	2.9338422	18.931068	-9.806047	-11.000548	0.086646706	1521.8859736919403
305	-9.381721	5.6749578	-2.9751596	-20.66847	-8.125597	5.6969132	-2.014149	-23.435541	100.0	100.0	457499	10.819424	2.9209137	18.939253	-10.103924	-10.924733	0.08715269	1526.9954743385315
306	-6.280037	3.4177117	-1.0440549	-12.976219	-8.27449	7.4681425	-2.3698277	-28.37438	100.0	100.0	458999	10.759145	2.8991702	18.899395	-10.249327	-10.867125	0.08799961	1532.111512184143
307	-8.76988	5.0362687	-2.5457823	-19.096867	-6.8940597	1.9459381	-3.7753046	-10.054543	100.0	100.0	460499	10.682291	2.8692274	19.038074	-11.609539	-10.785764	0.0885355	1537.234216451645
308	-8.644175	4.7369003	-2.5403688	-16.781973	-9.105973	8.536841	-1.7471611	-30.632053	100.0	100.0	461999	10.617117	2.8545403	19.306894	-11.06229	-10.725098	0.0894351	1542.3661453723907
309	-5.936685	3.8049796	-2.6326816	-14.991989	-7.765817	3.8587518	-2.6045747	-15.360615	100.0	100.0	463499	10.589415	2.8252614	19.750792	-10.139647	-10.697349	0.089163974	1547.471048116684
310	-6.9426923	3.4114332	-1.7087535	-14.205727	-10.559394	6.118419	-4.336415	-22.192785	100.0	100.0	464999	10.527668	2.835899	19.981575	-12.6389885	-10.6359625	0.08715696	1552.5522701740265
311	-7.18992	4.9100337	-1.1431881	-18.340948	-9.713129	5.1629	-2.0938342	-20.998129	100.0	100.0	466499	10.455146	2.8481238	20.048916	-12.929804	-10.560693	0.09202726	1557.698985338211
312	-6.3073773	2.1547172	-2.6698701	-10.32016	-6.9127336	4.7137604	-0.31549183	-15.915922	100.0	100.0	467999	10.418953	2.8516145	20.042027	-10.551386	-10.5258665	0.085206896	1562.7731790542603
313	-8.401488	4.5826335	-0.7331339	-18.228397	-7.4153495	1.7713082	-4.9555798	-9.954878	100.0	100.0	469499	10.377867	2.8656113	20.016876	-10.75013	-10.487864	0.086407155	1567.8719968795776
314	-7.612952	4.341909	-1.6107994	-21.576311	-9.387211	5.441784	-1.1961318	-20.684137	100.0	100.0	470999	10.371194	2.8704178	20.33424	-9.0111885	-10.48194	0.08624938	1572.990636587143
315	-6.8334284	2.7072055	-3.6288228	-12.99442	-5.0849667	3.3477285	-0.86889577	-10.496902	100.0	100.0	472499	10.3314905	2.897086	20.255623	-11.787046	-10.435874	0.084302284	1578.0788326263428
316	-6.505454	3.2915325	-1.4156469	-11.4123535	-7.116736	4.373274	-1.3074597	-17.847616	100.0	100.0	473999	10.271905	2.902091	20.490767	-13.039043	-10.379752	0.08690609	1583.208820104599
317	-8.110141	3.401848	-1.0058045	-13.070153	-5.12257	2.1491406	-1.6603645	-8.302076	100.0	100.0	475499	10.253275	2.886129	20.429085	-14.210948	-10.359498	0.08748648	1588.299277305603
318	-8.972427	5.734472	-0.54956645	-22.584305	-3.712582	1.991333	-1.2276828	-7.581823	100.0	100.0	476999	10.214031	2.8925686	20.361294	-12.97654	-10.323362	0.08412179	1593.452154159546
319	-6.5253973	4.254005	-1.7441427	-18.910429	-8.891321	5.8911605	-2.2176225	-20.002506	100.0	100.0	478499	10.196276	2.8878846	20.68134	-13.046217	-10.303248	0.083391905	1598.5930461883545
320	-8.868232	4.44713	-3.3110247	-19.741482	-7.9265304	5.7383776	-2.021694	-18.702242	100.0	100.0	479999	10.166634	2.8944936	20.832184	-9.246206	-10.276056	0.08530284	1603.69681930542
321	-8.174609	4.7071605	-2.870089	-18.622108	-7.9799523	5.3225603	-1.2797155	-20.870092	100.0	100.0	481499	10.148982	2.9405992	20.964905	-14.281447	-10.26024	0.08468889	1608.857604265213
322	-6.2290416	4.1930466	-0.3864132	-14.381786	-9.029093	3.427822	-3.8822687	-13.690267	100.0	100.0	482999	10.166517	2.9606543	21.12166	-11.876764	-10.275094	0.08032684	1613.9539196491241
323	-9.588776	5.757825	-1.164713	-24.255875	-9.589248	8.694781	-1.5480784	-30.644476	100.0	100.0	484499	10.133339	2.9919395	21.480865	-10.921104	-10.242084	0.086713195	1619.0926141738892
324	-8.447698	4.9551115	-2.3368769	-24.038712	-8.689431	4.227982	-2.1531765	-15.580253	100.0	100.0	485999	10.118102	2.9834914	21.616274	-14.085059	-10.224004	0.08415498	1624.2557747364044
325	-6.037578	3.9455752	-1.58297	-14.118668	-4.663186	3.141927	-1.0834126	-12.8428955	100.0	100.0	487499	10.053967	2.9725084	21.055151	-13.611212	-10.157401	0.0828759	1629.3735439777374
326	-7.4254026	3.7006779	-0.83197653	-14.71058	-9.039286	5.3281546	-1.1838335	-18.95435	100.0	100.0	488999	10.015939	2.9365783	20.669155	-12.251519	-10.120533	0.08433698	1634.521385192871
327	-9.649947	6.1158543	-1.1178179	-25.65792	-7.923709	3.0268998	-2.3665624	-12.220673	100.0	100.0	490499	9.985294	2.9648948	21.01497	-12.088371	-10.092143	0.08301027	1639.632375240326
328	-8.456149	3.4963307	-1.4860325	-13.222634	-7.382759	4.994104	-1.1207557	-19.452093	100.0	100.0	491999	9.938926	2.990769	21.866772	-12.648277	-10.043629	0.08229062	1644.76132273674
329	-8.700979	4.434924	-1.7884651	-17.239307	-9.014667	2.979178	-4.7528977	-14.716372	100.0	100.0	493499	9.933603	2.9972801	21.953636	-11.959391	-10.039007	0.08043794	1649.8499977588654
330	-8.368913	4.1542635	-2.3243535	-18.777689	-9.351568	5.743533	-2.7381122	-20.39662	100.0	100.0	494999	9.882655	2.9675615	22.07645	-10.602488	-9.988769	0.08051985	1654.9736092090607
331	-8.533009	5.8084	-3.047256	-24.50937	-9.014175	3.8842154	-3.2029674	-14.166924	100.0	100.0	496499	9.85179	2.9971037	22.140814	-10.588296	-9.956764	0.081628166	1660.131433725357
332	-9.364154	5.8056946	-1.6225882	-21.820295	-8.16387	6.1747746	-2.7465308	-20.649889	100.0	100.0	497999	9.820652	2.9995782	22.042908	-11.091801	-9.925296	0.08171773	1665.2901668548584
333	-9.433812	5.426139	-1.9618306	-20.328684	-8.11273	3.590851	-1.4627362	-13.864005	100.0	100.0	499499	9.796263	3.0220091	22.236643	-13.667861	-9.90038	0.08298308	1670.4556140899658
334	-7.820232	5.4656625	-0.8896064	-21.130642	-5.5970736	2.4067557	-2.218857	-9.846433	100.0	100.0	500999	9.7411175	3.0327249	22.297476	-15.665498	-9.8439245	0.08352425	1675.6003587245941
335	-8.223533	5.0096984	-0.41193798	-16.97174	-10.844287	5.7895226	-4.056637	-19.245224	100.0	100.0	502499	9.69939	3.0198276	22.012823	-11.389341	-9.802121	0.085178874	1680.7423672676086
336	-7.9919415	3.9908514	-2.640931	-14.866017	-8.066184	4.197614	-3.8857667	-18.599146	100.0	100.0	503999	9.68545	2.9976974	21.888	-18.549839	-9.78832	0.08370817	1685.8749859333038
337	-8.74777	4.171615	-3.0113702	-16.000872	-7.9439673	4.8564196	-2.5044196	-17.22028	100.0	100.0	505499	9.624772	2.9854493	21.524715	-13.5282	-9.72749	0.083623625	1691.0046348571777
338	-10.1553	6.117703	-3.3271253	-27.054111	-8.8462925	6.4522896	-1.0692713	-25.080835	100.0	100.0	506999	9.608445	2.9606745	21.845848	-10.649277	-9.715397	0.085610695	1696.1378724575043
339	-9.527437	6.065018	-1.5384907	-24.397825	-6.617404	2.1961226	-4.205927	-10.8766165	100.0	100.0	508499	9.617662	3.003061	22.026009	-13.715081	-9.72216	0.08594291	1701.2038462162018
340	-8.674331	7.4620924	-1.4267073	-30.723188	-8.0545635	4.5374045	-1.7520705	-15.47296	100.0	100.0	509999	9.615197	3.0113616	22.825747	-18.019255	-9.722474	0.08524771	1706.3452997207642
341	-7.5773487	2.841705	-3.2910933	-12.40455	-10.378746	4.213351	-5.2441235	-19.528835	100.0	100.0	511499	9.613502	3.044378	22.682419	-17.816956	-9.719229	0.0875781	1711.5276019573212
342	-4.6604304	3.7521334	-0.697951	-13.3761	-6.950405	4.5571	-1.3417	-15.862389	100.0	100.0	512999	9.632466	3.0569165	22.671476	-14.0968895	-9.740594	0.084288284	1716.648537158966
343	-8.132586	6.1742697	-1.8805393	-26.942577	-9.133107	2.9723735	-3.4349167	-14.459363	100.0	100.0	514499	9.661701	3.0604405	23.268429	-16.806213	-9.76876	0.08429603	1721.7919754981995
344	-6.8957057	3.669248	-0.5621393	-13.257676	-8.19157	4.4085345	-1.1538979	-17.014814	100.0	100.0	515999	9.628427	3.0669637	23.0022	-14.98832	-9.735901	0.083655536	1726.869473695755
345	-8.274302	4.5145397	-2.0047815	-21.271072	-6.0104995	2.7324004	-1.5321021	-10.014226	100.0	100.0	517499	9.647629	3.1001916	23.639257	-19.857035	-9.755691	0.08306216	1731.9967424869537
346	-8.895297	5.2127867	-0.57342947	-20.236223	-7.2004304	3.3268344	-1.348698	-11.49674	100.0	100.0	518999	9.642779	3.1247244	23.373661	-15.706203	-9.749389	0.082388416	1737.1355667114258
347	-7.821452	3.0328383	-2.2517679	-13.065648	-8.459479	4.8022804	-2.5953193	-18.500233	100.0	100.0	520499	9.640295	3.161114	24.087662	-14.308857	-9.744006	0.083108716	1742.247367143631
348	-8.8907385	4.9950743	-0.8176818	-17.839296	-6.016184	4.6317725	-1.0841656	-16.208248	100.0	100.0	521999	9.617528	3.173921	24.002022	-10.924398	-9.723515	0.08280739	1747.3871076107025
349	-5.8236785	3.951484	-1.1886187	-12.846613	-7.2960405	3.3867915	-1.9399968	-13.210888	100.0	100.0	523499	9.60181	3.2024193	23.753683	-13.551383	-9.705278	0.08151244	1752.5162189006805
350	-8.775812	5.445768	-2.4816046	-21.196135	-7.845137	4.5307064	-2.148828	-13.728198	100.0	100.0	524999	9.574353	3.2212763	24.115938	-11.078409	-9.676324	0.08065555	1757.6178193092346
351	-6.8826566	2.4951625	-2.1454732	-11.009831	-6.8943963	6.4813395	-1.2097733	-19.000954	100.0	100.0	526499	9.534376	3.232053	24.221992	-13.7115135	-9.641755	0.08429002	1762.755534172058
352	-9.068174	5.5883746	-3.0646636	-23.753216	-8.780539	5.7913837	-0.8518256	-18.30937	100.0	100.0	527999	9.539739	3.2019327	24.03549	-13.323055	-9.644638	0.08714276	1767.909215927124
353	-7.975592	4.175432	-1.6956469	-14.372228	-6.333398	3.8584208	-1.7041011	-14.302122	100.0	100.0	529499	9.536844	3.154559	24.149908	-13.091005	-9.638499	0.08095821	1773.096302986145
354	-8.050236	3.884931	-1.5291942	-14.957387	-7.881376	4.4964952	-2.0367634	-14.806246	100.0	100.0	530999	9.505975	3.1535735	23.620499	-11.751122	-9.608615	0.08728857	1778.2255787849426
355	-5.97412	4.516384	-0.50996345	-15.433464	-8.836086	5.6171927	-1.6541483	-19.484793	100.0	100.0	532499	9.487942	3.1200113	23.262705	-10.922566	-9.592214	0.08197177	1783.3465373516083
356	-7.907056	7.3504868	-1.8712068	-33.358906	-10.342115	4.3754954	-3.9433317	-16.696707	100.0	100.0	533999	9.474583	3.1348424	23.570105	-13.81097	-9.580118	0.08296883	1788.507065296173
357	-7.6236773	3.775104	-1.4921774	-15.09915	-10.310255	7.322185	-2.6874099	-29.959822	100.0	100.0	535499	9.479013	3.1163251	23.399216	-14.709884	-9.582636	0.08218992	1793.6460165977478
358	-8.669362	4.4110994	-1.5381393	-19.615187	-5.62621	3.3540611	-0.45525062	-10.627467	100.0	100.0	536999	9.452066	3.1119173	22.936804	-11.357994	-9.552914	0.07934238	1798.7631430625916
359	-8.45505	4.560404	-0.9820517	-17.616703	-9.046021	4.839239	-2.8609183	-16.669487	100.0	100.0	538499	9.430391	3.1034472	22.797287	-11.836519	-9.532416	0.07855781	1803.8955116271973
360	-7.172768	3.9013295	-1.0210612	-15.383698	-7.764682	7.575213	-1.2793813	-28.44722	100.0	100.0	539999	9.413012	3.0981307	22.474085	-10.644167	-9.512861	0.07900635	1809.00483584404
361	-8.517853	3.9867759	-1.8842497	-17.596989	-8.946925	5.436154	-3.1888914	-21.241848	100.0	100.0	541499	9.381743	3.1007779	21.83082	-11.57036	-9.485462	0.08191639	1814.1175878047943
362	-5.429533	2.5101547	-1.3215904	-10.887597	-7.190838	4.826086	-2.7384973	-15.34977	100.0	100.0	542999	9.351021	3.1313865	21.277649	-10.853682	-9.4514475	0.08415327	1819.1987192630768
363	-9.963244	9.277446	-0.9033725	-39.53788	-7.526671	3.0985792	-4.260462	-14.881602	100.0	100.0	544499	9.33087	3.1504762	21.395239	-11.333473	-9.432203	0.08199116	1824.3724019527435
364	-8.506568	4.5989203	-2.233342	-17.403292	-7.9972525	6.5557337	-2.18283	-21.99941	100.0	100.0	545999	9.300707	3.1623466	21.635654	-12.135933	-9.402268	0.085542575	1829.480880498886
365	-7.101364	4.1776686	-1.1417631	-18.5159	-5.3245263	3.7552128	-0.21394369	-13.200099	100.0	100.0	547499	9.293097	3.1863163	21.729206	-13.877178	-9.39614	0.084306106	1834.6082355976105
366	-5.5668035	2.6746058	-1.7466893	-12.022238	-8.594519	4.3011527	-2.646365	-14.734621	100.0	100.0	548999	9.280293	3.1786132	21.324116	-12.615233	-9.382641	0.08530974	1839.7357060909271
367	-7.4698935	4.8932767	-1.9368557	-20.944403	-7.573983	5.124439	-2.0347936	-17.448357	100.0	100.0	550499	9.262691	3.1722271	21.663742	-11.882036	-9.365377	0.07956534	1844.8448059558868
368	-6.8281546	4.6998568	-1.0481993	-18.209715	-8.16752	4.1884866	-2.5623145	-15.625247	100.0	100.0	551999	9.242028	3.2217937	21.673845	-11.369146	-9.347303	0.08135643	1849.9638650417328
369	-7.517869	3.8497086	-1.8324046	-15.716488	-7.367756	3.2500057	-2.722089	-13.794377	100.0	100.0	553499	9.286312	3.23597	22.018467	-12.67392	-9.392218	0.08462062	1855.0432968139648
370	-6.531532	3.712701	-1.1496187	-16.591028	-8.67243	2.7830257	-1.422564	-11.534647	100.0	100.0	554999	9.283901	3.2514045	22.12787	-10.937933	-9.382196	0.08019251	1860.1597917079926
371	-7.2788076	6.1617403	-1.1019682	-22.362833	-6.876813	3.3344452	-1.3491969	-12.694317	100.0	100.0	556499	9.223415	3.3054736	22.082113	-11.488575	-9.320897	0.08355037	1865.2805969715118
372	-9.867377	5.8172064	-2.4469082	-25.374355	-10.053497	5.655279	-2.9094076	-25.010973	100.0	100.0	557999	9.170302	3.3195305	21.987679	-13.8965	-9.2679205	0.08325862	1870.3858280181885
373	-6.6814094	2.211755	-3.2188528	-9.997351	-6.5634866	3.1720734	-1.7038819	-12.329433	100.0	100.0	559499	9.131983	3.3364775	21.977884	-11.05091	-9.227909	0.08214623	1875.485044002533
374	-7.7214856	3.4353926	-3.1119103	-14.233043	-9.673169	7.531907	-2.9279718	-30.032839	100.0	100.0	560999	9.070435	3.35316	21.789753	-11.275421	-9.169253	0.08101885	1880.5730831623077
375	-7.2808447	3.4205694	-2.685043	-13.714129	-5.6501136	3.5161502	-1.9825727	-13.618693	100.0	100.0	562499	9.051135	3.3653195	21.902946	-12.687354	-9.151122	0.08278421	1885.6796803474426
376	-7.50598	4.5806	-2.8469431	-22.666916	-6.8253927	5.010894	-1.2496574	-20.091898	100.0	100.0	563999	9.050963	3.4220679	22.295727	-11.012586	-9.1499405	0.08012657	1890.7825119495392
377	-7.634902	3.4873428	-2.0109165	-14.490089	-7.5580506	4.017832	-3.062362	-15.560064	100.0	100.0	565499	9.02264	3.455568	22.443844	-12.55094	-9.123719	0.08059578	1895.9538080692291
378	-7.77852	4.588772	-0.86787903	-16.580814	-6.4408274	2.0765889	-3.5732386	-10.754555	100.0	100.0	566999	8.999158	3.4559762	22.357746	-12.230892	-9.098336	0.08370295	1901.071366071701
379	-8.613306	5.132348	-0.58381504	-20.49231	-6.682177	4.592757	-1.0247312	-16.282793	100.0	100.0	568499	8.974037	3.4656496	22.39296	-12.591522	-9.070825	0.078516036	1906.1963255405426
380	-5.1914105	2.616852	-2.1701458	-10.491233	-5.3076296	1.9541322	-2.4165328	-10.130815	100.0	100.0	569999	8.923067	3.4404802	22.544132	-13.351589	-9.021804	0.07713206	1911.3084671497345
381	-10.0219555	5.933407	-2.2149484	-27.373806	-8.080058	3.2994597	-2.368499	-14.9647875	100.0	100.0	571499	8.923603	3.4287367	22.556786	-12.919743	-9.026751	0.079658404	1916.426302909851
382	-9.16673	5.5118895	-1.8906065	-22.80774	-9.961626	4.0456233	-3.5928516	-15.835468	100.0	100.0	572999	8.947467	3.4357321	22.881582	-11.92324	-9.052039	0.084228225	1921.527999639511
383	-7.376987	3.2861092	-1.249791	-14.769342	-8.345204	4.477708	-3.2123637	-17.955452	100.0	100.0	574499	8.958689	3.4242613	22.98553	-14.764835	-9.05927	0.084493324	1926.6331124305725
384	-9.373768	4.8753147	-1.7135011	-22.623705	-7.3533735	6.15671	-1.3143762	-20.655296	100.0	100.0	575999	8.939036	3.4009318	22.607082	-12.774052	-9.036233	0.08208251	1931.6638197898865
385	-9.555789	6.6766067	-0.87626237	-27.948635	-6.568579	2.844965	-2.456379	-11.3993635	100.0	100.0	577499	8.89794	3.3709633	22.61238	-13.843129	-8.997541	0.07974354	1936.643750667572
386	-6.5968876	4.580574	-0.6537728	-16.724514	-8.047291	5.6478477	-1.0842001	-21.234844	100.0	100.0	578999	8.903478	3.368721	22.395058	-11.240789	-9.003329	0.07867621	1941.6724784374237
387	-5.994784	3.5604048	-1.1355687	-12.794516	-10.640295	7.1238427	-3.10528	-30.08477	100.0	100.0	580499	8.883728	3.379731	22.08371	-11.765468	-8.981731	0.08144031	1946.6782341003418
388	-10.794952	5.9791365	-2.4447327	-23.291536	-8.830823	5.8175373	-2.4022129	-21.309774	100.0	100.0	581999	8.86453	3.3928342	22.537716	-12.566175	-8.96297	0.08262745	1951.7378525733948
389	-9.456417	6.8645062	-2.2986658	-23.692635	-7.226701	5.864578	-0.98187023	-18.555454	100.0	100.0	583499	8.84419	3.3862126	22.309248	-13.744453	-8.944624	0.08357589	1956.7735934257507
390	-8.444695	2.9717586	-3.5018368	-14.358123	-6.932031	4.7834277	-2.0397105	-15.987716	100.0	100.0	584999	8.857666	3.3988762	22.382002	-13.148289	-8.958062	0.08054035	1961.7928745746613
391	-9.831213	5.509935	-3.200259	-21.672815	-8.656955	3.6312332	-3.8148718	-14.45761	100.0	100.0	586499	8.879734	3.439867	22.62081	-14.369419	-8.981455	0.08291648	1966.78817820549
392	-9.081204	4.892703	-1.0599867	-21.549175	-7.716666	3.8031738	-1.2653793	-14.006286	100.0	100.0	587999	8.884883	3.450802	22.731823	-14.79972	-8.98925	0.08288695	1971.7991750240326
393	-8.779675	4.194547	-1.6257129	-18.23714	-8.303479	3.6536686	-3.07004	-15.642185	100.0	100.0	589499	8.901227	3.4650455	22.754383	-11.462955	-9.002502	0.08217173	1976.8225281238556
394	-7.2761126	6.3080754	-1.5635103	-25.001389	-6.980586	5.321571	-0.46446356	-18.78531	100.0	100.0	590999	8.918375	3.4720144	22.913132	-12.393108	-9.022884	0.08475788	1981.8231375217438
395	-8.704611	4.1847234	-2.5582783	-15.04309	-7.2645826	4.711032	-1.2855633	-17.580837	100.0	100.0	592499	8.9464035	3.4696324	22.722439	-13.094638	-9.050899	0.08253267	1986.84268116951
396	-6.6799097	3.0390882	-1.9567429	-11.16082	-7.265587	3.3193362	-1.4403505	-14.427971	100.0	100.0	593999	8.98428	3.4882815	22.168344	-13.854758	-9.091051	0.08539624	1991.892451286316
397	-8.532721	4.453302	-1.9002863	-16.77728	-6.6332116	4.289042	-1.6022885	-12.406103	100.0	100.0	595499	9.077518	3.51892	22.241459	-13.826833	-9.187715	0.0828295	1996.9103095531464
398	-7.5225058	3.9558146	-2.1068034	-16.0914	-8.604769	3.0584846	-4.592748	-15.716488	100.0	100.0	596999	9.105463	3.521244	22.006506	-13.515704	-9.2100115	0.08510097	2001.9104206562042
399	-8.7939825	3.6599085	-3.7783837	-17.401676	-11.092736	8.384429	-3.333574	-33.6535	100.0	100.0	598499	9.158061	3.5311084	21.852047	-14.040083	-9.269163	0.0879942	2006.9178709983826
400	-9.935581	5.2319784	-3.4468563	-24.597193	-8.477329	5.6995854	-2.739701	-23.320072	100.0	100.0	599999	9.210311	3.50607	21.728466	-11.629009	-9.31402	0.0839484	2011.9155972003937
401	-6.7669573	3.080417	-2.152937	-12.732084	-7.0483923	5.1488914	-2.2308788	-19.476412	100.0	100.0	601499	9.248121	3.5080597	22.081453	-10.967456	-9.3536625	0.083496764	2016.9877443313599
402	-8.472045	5.2994747	-1.2048897	-20.418974	-8.403605	2.5600326	-4.9574356	-13.387735	100.0	100.0	602999	9.263773	3.4918604	21.936415	-12.785259	-9.368492	0.08182842	2022.005821943283
403	-7.949695	3.6396468	-2.9239953	-15.56456	-8.248573	3.118839	-2.3373451	-13.350678	100.0	100.0	604499	9.279214	3.507499	22.517845	-12.773065	-9.385271	0.081429966	2027.0225758552551
404	-8.673081	5.3173923	-1.5400583	-18.447739	-8.653763	4.5552216	-3.723779	-20.660131	100.0	100.0	605999	9.313422	3.4949634	22.425129	-10.9741745	-9.415783	0.08041513	2032.0563898086548
405	-8.121932	3.6434972	-2.7975736	-15.930638	-7.6274147	5.0503087	-1.6415961	-16.70592	100.0	100.0	607499	9.339975	3.4792325	22.455173	-12.523556	-9.446464	0.08242953	2037.1108231544495
406	-10.111387	6.285873	-1.7579249	-24.334707	-7.6039305	4.3379183	-0.7317658	-13.412279	100.0	100.0	608999	9.369409	3.4530978	22.561607	-15.892712	-9.477474	0.08411547	2042.1102063655853
407	-9.466716	6.475298	-1.5533284	-29.22627	-5.839202	3.0104616	-1.6128801	-12.985597	100.0	100.0	610499	9.423313	3.4423997	22.43194	-13.530016	-9.531097	0.08266509	2047.147864818573
408	-6.01827	2.9758213	-1.4433639	-11.204428	-9.990238	7.8147216	-2.7208958	-25.36973	100.0	100.0	611999	9.505815	3.454271	22.47787	-13.753778	-9.616228	0.08419815	2052.153187274933
409	-9.2294035	4.7800765	-2.4795465	-19.622057	-11.507933	6.771749	-5.2745028	-26.839779	100.0	100.0	613499	9.562382	3.432318	22.980171	-14.124393	-9.6731825	0.08774583	2057.1681201457977
410	-8.635558	5.8378806	-1.6671323	-25.867989	-6.341259	2.8787544	-2.859626	-10.9486885	100.0	100.0	614999	9.638963	3.4105208	23.399128	-13.030348	-9.74734	0.08837081	2062.1713449954987
411	-8.971071	3.7633207	-5.41104	-19.638922	-6.342976	2.8324225	-1.2999542	-11.183841	100.0	100.0	616499	9.65519	3.3604457	23.011168	-14.798935	-9.7630005	0.0864018	2067.190829515457
412	-8.153424	4.29757	-2.0828023	-20.065102	-6.2966194	2.6518445	-2.9042525	-10.617898	100.0	100.0	617999	9.714063	3.3328211	22.846777	-12.365036	-9.821347	0.08761096	2072.2245972156525
413	-8.64856	5.485839	-2.60568	-21.324276	-7.1619616	2.9493892	-2.4878623	-10.533623	100.0	100.0	619499	9.747687	3.278768	22.893396	-11.70064	-9.856138	0.08642185	2077.2528014183044
414	-8.600117	4.278213	-2.5829456	-17.702646	-8.391836	3.4878151	-4.472145	-16.921219	100.0	100.0	620999	9.79118	3.2174723	22.490887	-12.43601	-9.895935	0.0840786	2082.2741112709045
415	-7.806719	5.40215	-1.6455258	-22.03338	-9.099942	3.8927145	-2.103643	-17.868322	100.0	100.0	622499	9.798544	3.1564667	22.322166	-12.734423	-9.90279	0.08423053	2087.267951965332
416	-8.234138	2.787614	-3.4472904	-13.825853	-8.811505	6.7695727	-0.6272553	-19.863457	100.0	100.0	623999	9.809221	3.115736	22.14822	-11.898508	-9.916169	0.08680926	2092.2637736797333
417	-11.415701	6.180072	-2.666692	-23.758778	-8.237295	4.423378	-3.106882	-17.588448	100.0	100.0	625499	9.839136	3.0576355	21.96793	-11.697292	-9.944887	0.08926125	2097.2928755283356
418	-8.270857	4.5148764	-0.7610369	-17.87331	-7.220384	3.95614	-1.174017	-13.615397	100.0	100.0	626999	9.886289	3.0000226	22.010183	-12.216606	-9.994991	0.08423152	2102.336325407028
419	-10.266413	4.098955	-2.0188043	-17.6849	-6.5906463	4.032647	-2.475526	-15.608374	100.0	100.0	628499	9.916095	2.9407167	21.664917	-15.737984	-10.026989	0.084742084	2107.3307707309723
420	-12.013925	11.288714	-2.9788358	-51.9657	-9.224526	4.0129666	-3.5810754	-16.153286	100.0	100.0	629999	9.97041	2.8941317	22.24227	-11.162302	-10.0788765	0.08393314	2112.3502082824707
421	-7.2834496	3.0024097	-2.2742689	-11.755441	-7.8915863	3.6703742	-1.8868202	-13.730105	100.0	100.0	631499	10.03183	2.8656275	22.540955	-12.558653	-10.140398	0.08552409	2117.3774557113647
422	-9.808086	3.5523207	-3.3616784	-16.630999	-5.7847934	2.7842646	-2.3034825	-10.993746	100.0	100.0	632999	10.08316	2.8421178	22.372856	-10.944023	-10.192303	0.08494628	2122.381680727005
423	-7.3360925	5.6565695	-1.1543046	-22.09358	-9.144026	5.023438	-1.5806897	-20.298096	100.0	100.0	634499	10.109608	2.8292742	22.215322	-9.927236	-10.217786	0.08838926	2127.443546772003
424	-8.574077	3.6008787	-2.9761145	-16.886305	-7.274175	4.4082794	-0.98505086	-15.457414	100.0	100.0	635999	10.134101	2.8041167	22.051281	-11.927346	-10.245781	0.09153355	2132.4491353034973
425	-7.6263976	3.5475698	-1.7547203	-12.890762	-7.8028803	5.76176	-2.1519096	-21.824905	100.0	100.0	637499	10.20019	2.7717483	21.843203	-12.407526	-10.31102	0.0865145	2137.468687057495
426	-7.5763755	4.206593	-1.8944329	-16.495491	-8.499311	4.3255124	-2.9060657	-17.263317	100.0	100.0	638999	10.231977	2.7303805	21.536415	-11.041334	-10.341135	0.08725653	2142.5307998657227
427	-8.133357	3.376961	-3.5585458	-16.111238	-8.485956	3.5165703	-2.0571935	-13.875832	100.0	100.0	640499	10.292341	2.746611	21.2654	-12.21511	-10.399458	0.088035055	2147.7911427021027
428	-10.948713	5.0188923	-2.2980309	-19.847464	-7.7649856	5.272315	-1.9619174	-19.1166	100.0	100.0	641999	10.313198	2.7092786	20.928797	-11.137894	-10.421284	0.08766007	2153.002981185913
429	-9.520314	5.70817	-2.8514338	-24.837076	-5.7168655	2.9275184	-1.9094803	-11.468168	100.0	100.0	643499	10.336953	2.6849134	20.780546	-14.045349	-10.442191	0.0895578	2158.2690765857697
430	-7.830941	2.8433425	-2.6440277	-11.948658	-8.211458	5.4282165	-1.5958343	-21.702389	100.0	100.0	644999	10.312557	2.6687992	21.086607	-11.637902	-10.413703	0.08519524	2163.494180202484
431	-6.7973237	4.1891556	-1.7171795	-18.364416	-9.81599	5.379513	-1.644597	-17.712082	100.0	100.0	646499	10.287111	2.6454074	21.138199	-13.597721	-10.391089	0.0847636	2168.7071990966797
432	-8.989884	5.4357324	-2.0669668	-20.945955	-9.073322	4.2072124	-3.8820343	-17.419724	100.0	100.0	647999	10.271784	2.642765	21.855446	-10.746363	-10.375892	0.08893404	2173.8832812309265
433	-7.1892495	2.9443486	-2.7116008	-11.840882	-7.63376	5.3369446	-2.3012626	-17.572474	100.0	100.0	649499	10.257861	2.6384623	21.701252	-11.293779	-10.361569	0.08647453	2178.988712310791
434	-9.071374	4.1958313	-2.628153	-21.328115	-3.637366	2.2139356	-0.9541187	-8.8111	100.0	100.0	650999	10.262127	2.6467137	22.387419	-9.863596	-10.365173	0.090750754	2184.1096262931824
435	-7.3477697	3.202863	-2.8198729	-15.123043	-6.232122	3.6325214	-2.3346229	-13.898559	100.0	100.0	652499	10.254526	2.6350691	22.44426	-10.57867	-10.360141	0.09142854	2189.2338452339172
436	-6.837737	3.0649478	-1.3386606	-12.910231	-7.7698545	3.8701375	-2.3406315	-14.462381	100.0	100.0	653999	10.254085	2.6219673	22.915867	-8.525391	-10.356624	0.08747944	2194.3658051490784
437	-7.951271	3.4701793	-1.4461033	-12.672977	-7.445533	4.4467063	-0.9745016	-13.284933	100.0	100.0	655499	10.247982	2.602181	22.881592	-11.143858	-10.352569	0.08729128	2199.4782721996307
438	-7.5813975	4.4223194	-3.1995697	-17.925684	-6.7143683	4.4861836	-1.37731	-13.811915	100.0	100.0	656999	10.232411	2.5685818	23.096363	-10.702473	-10.336878	0.08813442	2204.5947012901306
439	-6.326572	3.7888024	-0.9481208	-13.429415	-7.4126053	3.6782272	-1.8774147	-11.668453	100.0	100.0	658499	10.248641	2.5365112	22.85239	-11.838716	-10.354205	0.08788857	2209.7166664600372
440	-7.761903	4.645023	-2.5306091	-19.463055	-5.971677	2.4485462	-0.67561865	-9.00198	100.0	100.0	659999	10.26608	2.505707	22.916328	-9.733091	-10.371484	0.084093906	2214.8480722904205
441	-8.388289	4.879281	-2.0633256	-22.31152	-8.019967	5.8621535	-2.3033648	-19.66652	100.0	100.0	661499	10.286854	2.5013216	23.135883	-9.777903	-10.395204	0.08736499	2219.9904961586
442	-7.1895046	3.6943395	-3.0903103	-15.185384	-7.3714943	3.877891	-1.2223618	-13.690583	100.0	100.0	662999	10.329799	2.5049217	23.298325	-11.528706	-10.441402	0.08774183	2225.121660709381
443	-9.34598	5.6741962	-2.4884915	-21.990107	-9.025979	6.717577	-1.5344156	-26.129498	100.0	100.0	664499	10.385461	2.4975739	23.180029	-10.926929	-10.496091	0.08702183	2230.2571942806244
444	-7.6636267	3.8635798	-0.9958228	-14.812034	-7.0709352	2.1307237	-2.9552326	-10.792095	100.0	100.0	665999	10.444709	2.4980152	24.001375	-9.512225	-10.558565	0.08896732	2235.3882732391357
445	-7.734131	5.5909653	-1.0167133	-18.31917	-7.9029646	4.5937486	-1.5888879	-14.4080515	100.0	100.0	667499	10.522401	2.4864578	23.691212	-9.775887	-10.635969	0.086425334	2240.488717317581
446	-6.4336824	2.6782758	-2.0583358	-11.6088295	-6.9059296	3.7856858	-2.899559	-15.776654	100.0	100.0	668999	10.568925	2.4731553	23.65124	-8.070086	-10.6811	0.08553938	2245.6240837574005
447	-9.754017	6.0868864	-1.8001173	-25.931744	-7.954772	5.3714595	-2.0293703	-18.588621	100.0	100.0	670499	10.614079	2.453372	22.990055	-11.108506	-10.72422	0.087187275	2250.731951713562
448	-8.883874	5.015943	-2.775865	-19.550508	-7.548992	3.8843713	-1.7124422	-14.542303	100.0	100.0	671999	10.646771	2.4524553	22.850084	-9.650462	-10.752537	0.083287686	2255.884819984436
449	-6.274088	3.8612058	-1.4964306	-14.536961	-5.342124	2.1853	-1.859276	-9.902549	100.0	100.0	673499	10.648118	2.440234	22.21913	-11.894049	-10.7576885	0.08394356	2260.98797750473
450	-7.1575704	4.102411	-1.8683875	-16.29446	-9.052416	3.8855772	-5.227696	-18.128912	100.0	100.0	674999	10.668382	2.4400609	22.485233	-10.552938	-10.775395	0.08635573	2266.0706973075867
451	-6.7892566	2.957024	-3.2665074	-13.871001	-9.346846	5.5741596	-1.3621392	-20.11257	100.0	100.0	676499	10.701025	2.4070485	22.23048	-12.278404	-10.809774	0.08343636	2271.1548738479614
452	-8.539046	5.7623286	-1.1865166	-19.10541	-5.9599156	3.6440227	-2.1046379	-15.788615	100.0	100.0	677999	10.691001	2.4033487	21.745224	-10.835131	-10.79757	0.08411195	2276.2541406154633
453	-7.1542745	3.5867186	-2.906569	-15.090338	-8.419081	3.8454285	-3.74323	-15.379291	100.0	100.0	679499	10.724882	2.3945675	21.49461	-10.735743	-10.834603	0.081580535	2281.4078874588013
454	-7.439418	4.9067674	-1.4296206	-20.089773	-7.8635216	3.2084398	-5.032963	-15.629602	100.0	100.0	680999	10.739189	2.3849285	21.326832	-11.27529	-10.846088	0.07907726	2286.5577023029327
455	-8.337477	3.1108756	-2.2399979	-13.173342	-9.864762	5.7917943	-2.5353432	-19.650658	100.0	100.0	682499	10.731059	2.387362	21.11204	-10.48837	-10.836822	0.07846245	2291.702095746994
456	-6.592077	3.356921	-1.6517422	-14.88003	-7.8389254	3.3506925	-3.8421452	-12.907825	100.0	100.0	683999	10.765128	2.3808596	20.808603	-10.776787	-10.873811	0.082776375	2296.878401517868
457	-7.3958406	4.1185727	-1.4813973	-17.222803	-8.310113	4.9853764	-0.96019644	-17.19574	100.0	100.0	685499	10.785546	2.3836455	21.017437	-9.902185	-10.895881	0.08145621	2302.028688430786
458	-7.6769795	4.491333	-3.7150161	-16.341541	-8.480765	3.728343	-2.4327364	-13.213538	100.0	100.0	686999	10.799632	2.3974419	21.064617	-11.259956	-10.906816	0.08147681	2307.1971950531006
459	-6.602104	3.5730033	-1.2180424	-15.950182	-4.112634	2.316907	-0.7035678	-7.89344	100.0	100.0	688499	10.80964	2.4043033	20.770948	-9.033575	-10.917766	0.07993639	2312.2985916137695
460	-7.417143	3.8116972	-2.2406242	-13.935147	-6.842008	5.160547	-0.6311978	-19.227962	100.0	100.0	689999	10.822217	2.395361	20.33639	-10.64119	-10.928043	0.07848951	2317.360527276993
461	-7.487656	5.442789	-2.0695438	-21.515211	-7.4245653	6.9742627	-0.8654424	-25.23549	100.0	100.0	691499	10.822117	2.3699057	20.327682	-8.495148	-10.928835	0.0778719	2322.5060477256775
462	-6.926761	3.4075139	-1.7274234	-15.498444	-4.918872	1.8216707	-1.8399686	-7.565849	100.0	100.0	692999	10.846351	2.3830698	20.590431	-11.141718	-10.9573765	0.07870912	2327.60369181633
463	-6.470877	3.8985693	-1.2799203	-14.029984	-5.936901	4.0437694	-1.5777924	-13.556861	100.0	100.0	694499	10.883849	2.380624	20.655548	-10.669346	-10.9932575	0.076405406	2332.6990144252777
464	-8.067243	6.676198	-1.6485391	-28.059214	-6.2077694	5.674427	-0.5174009	-17.706568	100.0	100.0	695999	10.865062	2.4165773	21.06063	-10.586809	-10.969172	0.077457555	2337.7776308059692
465	-6.5096765	3.3327937	-1.4090891	-13.719136	-5.6549315	3.2641413	-2.7560446	-14.588424	100.0	100.0	697499	10.848267	2.4501863	21.257332	-9.566573	-10.952073	0.08048114	2342.8804812431335
466	-6.632607	3.9673057	-0.25422168	-13.52688	-4.3367662	2.3021188	-1.7620907	-9.099195	100.0	100.0	698999	10.848594	2.4532013	21.111004	-10.483015	-10.956642	0.08297131	2347.9527328014374
467	-8.076481	4.387467	-0.9858544	-16.283361	-8.04461	2.4701967	-2.7282252	-12.141116	100.0	100.0	700499	10.8660755	2.452258	21.210241	-9.413378	-10.975458	0.0802877	2353.050889968872
468	-7.601579	4.429219	-0.21243913	-15.002834	-4.8175516	4.105469	-1.5800941	-15.455138	100.0	100.0	701999	10.906636	2.4338408	20.953365	-8.441612	-11.016324	0.08121992	2358.141394138336
469	-7.956428	4.785802	-1.4437661	-19.507795	-4.925705	2.2763069	-2.6286273	-9.667789	100.0	100.0	703499	10.940153	2.473369	20.932905	-10.177982	-11.050464	0.083716154	2363.256060361862
470	-8.293879	4.426283	-1.5030599	-18.9657	-8.194455	4.3564157	-1.8726736	-14.255615	100.0	100.0	704999	10.97679	2.4688463	21.086882	-9.570667	-11.088698	0.08220931	2368.3632459640503
471	-6.2835417	3.0652547	-0.20088992	-11.845347	-7.824285	4.360493	-1.8407917	-16.035263	100.0	100.0	706499	11.010742	2.4823396	20.964592	-10.526613	-11.12331	0.08319829	2373.4510374069214
472	-8.475382	5.536075	-1.0329801	-23.482738	-7.399929	3.6342115	-1.0161126	-12.532158	100.0	100.0	707999	11.062126	2.512403	20.75272	-10.171398	-11.175805	0.08196654	2378.5126633644104
473	-8.874712	5.946723	-0.19058594	-23.016415	-8.584131	3.5492332	-4.7717304	-15.140316	100.0	100.0	709499	11.115147	2.5110831	20.205816	-11.592291	-11.226248	0.07851579	2383.6228466033936
474	-6.4278708	3.0047977	-1.712395	-11.3926115	-6.4398355	4.3715343	-0.54090196	-14.726089	100.0	100.0	710999	11.135856	2.508762	19.914894	-10.143453	-11.246577	0.08394124	2388.7192919254303
475	-7.1616774	3.9196231	-1.72484	-13.265333	-4.520105	1.9117353	-2.1081312	-7.123333	100.0	100.0	712499	11.167359	2.501667	19.927832	-9.226114	-11.275316	0.078537636	2393.81290435791
476	-6.3859987	2.916689	-1.8476774	-12.978398	-4.767476	2.8003726	-1.3481721	-9.889724	100.0	100.0	713999	11.168556	2.5237591	20.275814	-9.693563	-11.271872	0.08220027	2398.908821582794
477	-7.264243	4.0133853	-0.98471093	-16.76825	-8.06112	4.339133	-2.7095625	-14.2322235	100.0	100.0	715499	11.128521	2.5133407	19.677101	-9.090077	-11.233353	0.08063365	2404.016946077347
478	-5.1565347	2.8165417	-1.6879233	-11.793314	-5.0280867	3.3470793	-0.5832759	-12.250477	100.0	100.0	716999	11.109814	2.5144925	19.214617	-9.827717	-11.212129	0.081207454	2409.125479698181
479	-7.472917	5.369994	-1.1367471	-22.173342	-10.703726	6.5802474	-2.5410829	-23.63559	100.0	100.0	718499	11.061267	2.4846475	19.088581	-9.127949	-11.162523	0.07758421	2414.2516610622406
480	-7.0754547	4.080057	-1.6258883	-14.226575	-5.415422	3.963307	-1.2155956	-14.405363	100.0	100.0	719999	11.019824	2.5031211	19.008026	-12.050558	-11.121333	0.08084385	2419.3578238487244
481	-8.445221	4.2536826	-0.9166257	-15.545258	-7.409425	7.1647277	-2.0383792	-25.463394	100.0	100.0	721499	10.961925	2.486777	18.932756	-11.507906	-11.05827	0.07957087	2424.328937292099
482	-7.6985097	4.428984	-1.2992355	-17.528791	-8.110497	4.65367	-1.1150271	-15.033236	100.0	100.0	722999	10.925849	2.4665105	18.614208	-9.669732	-11.02632	0.078618065	2429.2786960601807
483	-9.417323	7.785782	-1.320171	-31.369043	-7.9217772	4.4282184	-1.5219284	-13.694003	100.0	100.0	724499	10.868545	2.4678392	18.78806	-10.604229	-10.967051	0.07915446	2434.261710166931
484	-7.8305316	4.6730924	-1.0428871	-17.7438	-8.436094	3.7483528	-1.5384363	-15.148253	100.0	100.0	725999	10.804592	2.4696262	18.812408	-10.562147	-10.898377	0.07870389	2439.224122285843
485	-6.6975913	4.1996465	-0.5452485	-17.430475	-4.8635707	2.650279	-1.1670953	-11.211062	100.0	100.0	727499	10.711367	2.4750755	18.355947	-10.518839	-10.805888	0.077780314	2444.205508708954
486	-9.791925	3.6958878	-2.940333	-14.107838	-5.074933	2.2450528	-1.8557594	-10.085085	100.0	100.0	728999	10.625498	2.4657323	18.45097	-11.050298	-10.719603	0.07402298	2449.1952497959137
487	-9.199465	4.268538	-1.6947843	-17.444815	-6.4515734	3.2768626	-1.9898529	-11.98498	100.0	100.0	730499	10.53984	2.4480472	18.316114	-11.0540495	-10.631242	0.07015923	2454.1583342552185
488	-8.9829645	5.918848	-2.2367234	-26.562023	-6.2463923	3.7444518	-0.1803716	-11.884085	100.0	100.0	731999	10.444133	2.4283695	17.958416	-13.050745	-10.534859	0.07348028	2459.178279399872
489	-6.2885466	4.292142	-0.39415592	-16.807543	-4.0694785	1.9537449	-1.9366894	-8.827392	100.0	100.0	733499	10.367525	2.4186492	17.85456	-11.662796	-10.462692	0.07102978	2464.1954131126404
490	-7.367463	6.7840905	-1.2863802	-31.04016	-8.939725	5.5085373	-0.6961653	-19.194103	100.0	100.0	734999	10.309031	2.4252696	18.158726	-12.102024	-10.40168	0.07398088	2469.1919758319855
491	-6.397718	3.7867036	-1.3189416	-14.840726	-7.1991982	3.903235	-1.6933986	-12.921542	100.0	100.0	736499	10.233273	2.4604728	18.09763	-13.454151	-10.327137	0.07903037	2474.1496272087097
492	-8.1809025	6.418735	-1.4843895	-27.121168	-6.5121717	4.926945	-2.2913833	-19.820446	100.0	100.0	737999	10.157599	2.46339	17.999197	-14.188932	-10.248965	0.07681659	2479.1221725940704
493	-5.01964	3.1066751	-0.7510808	-10.602393	-5.849961	3.5377953	-1.1505167	-11.042867	100.0	100.0	739499	10.094963	2.4717364	17.825966	-13.604097	-10.187137	0.07323606	2484.0411624908447
494	-6.894101	4.697532	-2.4323537	-19.56033	-6.118602	4.4055567	-1.8940351	-18.018053	100.0	100.0	740999	10.026168	2.4913108	17.6769	-10.837158	-10.1202135	0.07908456	2489.04026222229
495	-5.9237323	3.8569431	-0.65048367	-15.865009	-7.026784	2.871385	-3.3281822	-13.850282	100.0	100.0	742499	9.976757	2.5205963	17.882439	-10.781545	-10.071035	0.075693205	2493.9936940670013
496	-8.657991	4.441555	-1.8023235	-15.5875635	-12.138043	10.888001	-0.80449283	-40.64498	100.0	100.0	743999	9.927792	2.525369	18.334492	-13.004858	-10.021667	0.07406905	2498.951431274414
497	-8.689876	3.2738748	-4.1808	-15.806969	-9.775703	6.163667	-1.4349413	-20.663122	100.0	100.0	745499	9.86628	2.5523198	18.13736	-11.2699585	-9.956824	0.07466448	2503.9210352897644
498	-9.517425	5.8525634	-1.9293368	-21.442602	-5.67048	3.5277278	-1.6242857	-14.664917	100.0	100.0	746999	9.783351	2.560747	18.46759	-9.979803	-9.875798	0.073307514	2508.903993368149
499	-7.5734634	7.371268	-0.8218465	-30.56167	-5.031735	2.204955	-1.1931893	-8.797705	100.0	100.0	748499	9.74921	2.5887146	18.089512	-11.866852	-9.843127	0.07531554	2513.9521346092224
500	-7.3230166	4.2578616	-0.8002892	-14.202554	-5.3236914	3.8006988	-0.59426373	-14.228547	100.0	100.0	749999	9.717394	2.6251037	18.409466	-15.182463	-9.812823	0.07663217	2518.937753200531
