const float w1[sz_hid_1][sz_obs] = {{ 2.33800113e-02,-1.94571982e-03,-1.46553504e+00,-4.00560093e+00,
  -2.72571850e+00,-5.47309101e-01, 6.18958427e-03, 1.12942648e+00,
  -6.73136488e-02},
 { 1.14734126e-02, 6.08107820e-03, 5.38784564e-01, 1.16821730e+00,
  -9.35042286e+00,-1.97383016e-01, 2.30325572e-02, 1.01295519e+01,
   1.85059663e-02},
 {-9.83613968e-01, 5.27309942e+00, 5.44018698e+00, 8.23549926e-03,
  -3.07126362e-02,-2.62729842e-02,-6.20174313e+00,-5.45455925e-02,
   3.68741393e-01},
 { 1.66406874e-02,-1.96651332e-02, 4.93828446e-01, 7.37045956e+00,
   4.41682482e+00, 9.63386059e-01,-2.76395045e-02,-1.43640871e+01,
   1.76361743e-02},
 { 3.94938067e-02,-9.31512192e-03, 5.18490434e-01, 2.21248433e-01,
   9.11449552e-01, 7.46302307e-01, 1.41388504e-02, 7.04583311e+00,
  -2.27809882e+00},
 { 2.14204073e-01, 2.74862677e-01, 1.29290476e+01, 1.01373345e-01,
   5.12029678e-02, 2.72079036e-02,-6.08962595e-01,-4.34508733e-02,
   1.73330396e-01},
 { 2.39092149e-02,-1.15976855e-02,-2.81350374e-01, 2.47672510e+00,
   3.70779085e+00,-4.11208123e-01,-2.94843558e-02, 1.21267538e+01,
  -9.22922567e-02},
 {-8.60871822e-02,-4.23883982e-02, 2.66989374e+00,-3.57473284e-01,
  -8.96137774e-01,-6.62244558e-01, 6.03826120e-02,-7.46958065e+00,
  -2.74287462e+00},
 { 3.92812230e-02,-9.16055143e-02,-4.46724892e-01, 2.49539495e+00,
   3.30048203e+00,-2.28307486e+00, 7.85727948e-02,-9.82104719e-01,
   1.12256563e+00},
 { 2.70793700e+00, 1.62064165e-01, 1.02484398e+01,-5.44421412e-02,
  -3.08871120e-02, 1.40332624e-01,-3.27309346e+00,-6.89510778e-02,
  -1.73464045e-02},
 { 5.83331108e+00, 1.00151145e+00, 8.00133049e-01, 7.74905737e-03,
   3.02664731e-02,-9.65087935e-02, 1.22596865e+01,-5.93490154e-02,
  -2.53280140e-02},
 { 1.92798570e-01,-1.06514156e-01,-1.56250501e+00,-2.28788376e+00,
  -3.45408607e+00,-3.01701808e+00,-2.61601657e-02, 4.55387878e+00,
   3.63649058e+00},
 { 7.79523933e-03, 1.36520684e-01, 3.90316796e+00,-2.18802404e+00,
  -1.59611642e+00, 1.40053678e+00,-9.06422734e-02,-2.41548109e+00,
  -3.81840372e+00},
 {-1.85784362e-02, 6.33685514e-02, 9.11408126e-01, 6.74560189e-01,
   5.32677460e+00,-4.61917728e-01, 3.66690606e-02,-3.74104357e+00,
  -4.51532269e+00},
 {-4.72587138e-01, 5.38876390e+00, 1.57447541e+00,-2.54369587e-01,
   3.01905572e-02, 4.20125514e-01,-5.35566711e+00,-2.33450577e-01,
  -1.05868354e-01},
 { 9.45583940e-01, 8.89010668e-01,-5.18789005e+00,-4.19361782e+00,
   1.75667191e+00, 1.28572571e+00, 3.00994682e+00, 5.09212494e-01,
  -2.78452206e+00},
 {-6.95969403e-01,-8.86617899e-01,-7.54799938e+00, 4.20482419e-02,
   1.52467294e-02, 1.85026780e-01,-5.66995192e+00,-3.39550748e-02,
  -4.22091112e-02},
 {-1.25101591e-02, 1.72466580e-02,-7.24683106e-02, 2.20647359e+00,
   9.81174290e-01,-2.58617234e+00, 8.57443064e-02,-1.71992862e+00,
  -2.36092854e+00},
 {-8.37209076e-02,-1.77821238e-02,-7.65735960e+00,-2.44820595e-01,
   2.92136765e+00, 3.16962488e-02,-1.67842388e-01,-3.17402594e-02,
  -5.84137821e+00},
 { 5.27716763e-02,-3.35104279e-02, 1.36193008e+01,-1.99608412e-03,
   9.49870329e-03, 1.35155186e-01, 7.36779571e-02, 1.72503926e-02,
   1.03102392e-02},
 {-3.53449509e-02, 1.84181295e-02,-2.01731816e-01, 3.38337231e+00,
  -2.09457016e+00, 8.61975491e-01, 8.70618038e-03,-1.21967144e+01,
  -2.75592948e-03},
 { 3.79610848e+00, 6.39070943e-02,-3.50550985e+00,-9.53889266e-03,
  -3.38740125e-02,-3.18454564e-01, 7.27609730e+00,-1.11783398e-02,
   1.14858255e-01},
 { 2.53717422e-01, 2.96212339e+00,-1.43188268e-01, 5.37410825e-02,
  -1.27165923e-02, 1.56595428e-02,-1.83200622e+00, 5.38754836e-02,
   2.24297903e-02},
 { 2.63466574e-02,-2.64734864e-01,-2.75535049e+01,-4.24149632e-02,
  -9.41813691e-04,-1.31109133e-01, 9.04897213e-01,-1.36361364e-02,
  -1.64337158e-02},
 {-1.56241488e+00, 1.14539787e-01,-2.84281945e+00,-6.31602928e-02,
  -3.16053405e-02, 7.38169551e-02, 4.62244225e+00, 1.53574079e-01,
   5.76566756e-02},
 { 2.95536816e-01,-7.07568526e-02,-6.56061220e+00,-1.81906319e+00,
  -2.54276133e+00,-6.17724583e-02, 2.52320617e-01, 7.36883223e-01,
   5.60994911e+00},
 {-2.61180472e+00,-4.94368362e+00, 8.32556963e-01, 5.06941788e-02,
  -2.44206470e-03, 1.13145716e-01, 2.20501375e+00, 8.62412229e-02,
   3.29209794e-03},
 { 3.66436791e+00,-1.51550710e+00, 1.32993376e+00, 5.82653470e-03,
  -2.47178767e-02,-1.00614667e-01,-1.08920126e+01,-7.63665885e-03,
  -2.26815660e-02},
 { 3.24014984e-02,-7.08585232e-03,-2.26532602e+00, 1.57153285e+00,
  -3.42625529e-01,-3.42588902e-01, 6.00474812e-02,-9.83401984e-02,
   3.72480965e+00},
 { 1.30625395e-02, 2.87553091e-02,-1.16308999e+00, 2.43369436e+00,
  -6.15741062e+00, 3.11508870e+00, 3.75007875e-02, 2.40406036e+00,
  -1.94574788e-01},
 { 4.94186915e-02,-1.48742022e-02, 1.08595788e-01,-1.81912315e+00,
   5.63703716e-01, 4.07978028e-01,-4.21583839e-03,-5.73940516e-01,
  -2.28533804e-01},
 { 2.38217950e+00,-2.70514655e+00,-6.21718943e-01, 1.64922723e-03,
  -6.34373305e-03,-7.86916092e-02, 7.67484045e+00,-1.07590416e-02,
   8.30372237e-03},
 {-9.53402668e-02, 3.27760889e-03, 4.22603083e+00, 3.06061387e+00,
   1.66400337e+00, 3.85904819e-01, 5.55534214e-02,-5.19257736e+00,
   3.79387045e+00},
 { 2.63291243e-02, 4.08049580e-03,-2.39443874e+00,-2.54278398e+00,
   1.11793900e+00,-1.03913948e-01, 4.84006479e-02, 1.46257615e+00,
   3.21092486e+00},
 {-2.62171887e-02, 4.54311520e-02,-3.51359919e-02,-1.50972462e+00,
  -4.29002905e+00,-9.73453939e-01,-5.05424663e-02,-5.69832516e+00,
  -6.12114035e-02},
 { 2.11429875e-02,-2.76165698e-02,-2.94807935e+00, 1.04483306e+00,
   9.91999447e-01, 1.44044399e+00, 2.95263305e-02,-3.57099462e+00,
  -3.37687182e+00},
 {-3.41968238e-02, 1.58054382e-01,-5.38343000e+00,-2.83519197e+00,
  -1.18293917e+00, 7.24702775e-01,-4.65427749e-02,-2.79633141e+00,
   4.35571289e+00},
 {-2.30912473e-02, 1.66120837e-04, 2.80828881e+00,-2.14342666e+00,
   3.42604685e+00,-2.32004188e-02,-1.94804817e-02,-2.31978917e+00,
   1.31736979e-01},
 {-1.26250923e-01,-5.73240221e-03,-1.51466274e+00,-5.16935539e+00,
   9.88882482e-01, 9.16690469e-01, 8.43607336e-02,-2.71697193e-01,
   3.77157235e+00},
 { 4.32547712e+00,-2.82524109e+00,-3.93050981e+00,-1.05487593e-02,
  -2.19251830e-02,-7.03963041e-02, 1.22136374e+01, 2.56303679e-02,
   1.62941813e-02},
 {-1.04328869e-02, 5.14735654e-02,-1.21772654e-01, 2.49060082e+00,
   3.55835676e-01,-2.34597468e+00, 1.07309766e-01,-7.93640614e-01,
   2.74946404e+00},
 {-1.39729939e-02,-1.01572433e-02,-5.21104299e-02, 7.71854967e-02,
   1.14559606e-01,-7.91218376e+00, 1.17375050e-02, 2.71896888e-02,
  -1.01104394e-01},
 { 8.17576528e-01,-3.14119816e+00,-5.25241661e+00, 7.78383687e-02,
  -5.82762845e-02, 1.30110579e-02, 5.76704121e+00, 1.08720772e-01,
   1.01468064e-01},
 {-8.25740304e-03,-5.19597866e-02, 6.40319920e+00,-2.63213348e+00,
   1.99919856e+00, 3.85663176e+00,-4.61645648e-02,-3.35996151e-01,
   4.66282463e+00},
 { 5.63168168e-01,-3.77149940e-01,-1.00527163e+01,-1.54663101e-01,
   5.45852631e-02,-1.16993763e-01, 1.49945781e-01,-2.30518162e-01,
  -1.38231859e-01},
 { 3.05811074e-02,-5.94438165e-02,-5.77854663e-02,-1.25995934e+00,
   6.31898046e-01,-1.28853583e+00, 1.27462327e-01, 3.97591257e+00,
   5.98311834e-02},
 {-2.12364737e-02, 3.13423760e-02,-1.72953854e+01, 1.38261355e-02,
   2.91492091e-03,-1.72443256e-01,-2.65912618e-02,-2.70963088e-02,
   4.48400341e-03},
 { 5.22289944e+00, 2.45275450e+00, 5.06300807e-01, 2.28252411e-02,
   3.92014597e-04,-2.60949228e-03,-3.96224570e+00, 6.59921719e-03,
  -2.91866297e-03},
 { 4.75330830e+00, 2.66653752e+00, 9.17748153e-01,-1.10824727e-01,
   8.21311586e-03,-1.16860770e-01,-2.52250743e+00, 4.31507751e-02,
   1.33194113e-02},
 {-4.62988424e+00,-1.30070031e+00,-9.33407128e-01, 3.97649929e-02,
  -3.05814687e-02, 1.52819301e-03, 1.16743076e+00, 3.08226072e-03,
  -4.08254191e-02},
 { 5.11452961e+00, 2.81531310e+00, 4.26012373e+00,-3.72320227e-02,
  -5.34669682e-03,-8.11385736e-03,-1.48744431e+01,-1.00791994e-02,
   8.81133974e-03},
 { 1.14403181e-02,-5.51363602e-02,-3.11208200e+00, 3.56828046e+00,
  -1.12908378e-01, 7.31593430e-01, 4.66508511e-03,-1.27388608e+00,
  -4.71049690e+00},
 {-2.66486015e-02, 1.65137395e-01, 3.11826968e+00,-1.87696707e+00,
  -1.47941470e+00,-2.14945841e+00, 4.78385091e-02, 3.54822421e+00,
  -5.09349918e+00},
 { 1.37761496e-02, 4.23838720e-02,-4.71714687e+00, 2.59669304e+00,
   1.64814448e+00, 1.16079569e+00, 7.25449026e-02,-3.98176670e+00,
  -4.05808735e+00},
 { 1.18510937e-02, 7.31057003e-02,-4.96823370e-01,-1.89337027e+00,
   1.05482256e+00, 1.33569062e+00,-1.05064057e-01,-7.87808895e+00,
   3.13017339e-01},
 {-2.33679544e-02, 5.51932044e-02,-1.40255392e+00,-1.93795815e-01,
   4.59043312e+00, 1.18735540e+00,-4.92566749e-02, 1.17400479e+00,
   1.49601483e+00},
 { 3.93162465e+00,-1.86591351e+00, 2.33858132e+00, 5.92801254e-04,
   1.24862147e-02, 3.06625422e-02,-1.20844450e+01,-6.24010479e-03,
   1.16984863e-02},
 { 2.27893877e+00, 3.23380375e+00, 2.81732011e+00,-1.70750124e-03,
  -6.45493797e-04, 1.00609638e-01,-5.34100771e+00,-7.85709694e-02,
   2.80779656e-02},
 {-2.00800840e-02, 1.68713573e-02,-1.57711554e+00, 1.39652431e-01,
  -7.79586077e-01, 2.72769362e-01,-4.10843603e-02, 3.38044381e+00,
   1.27844536e+00},
 { 3.16225743e+00,-2.41977668e+00,-4.45679045e+00, 6.10006824e-02,
  -1.03983045e-01, 2.04159722e-01, 5.60027313e+00, 1.47788689e-01,
  -6.74481019e-02},
 { 1.35259340e-02, 4.45812903e-02, 1.40373242e+00, 1.37799835e+00,
   4.56591082e+00, 2.23399377e+00, 2.28093099e-03, 5.48025131e-01,
  -6.36718750e-01},
 {-2.31831963e-03, 1.61156841e-02, 2.88068843e+00,-2.02936554e+00,
   1.47784185e+00,-2.19134569e+00, 4.95169535e-02, 4.91961288e+00,
   3.72359395e+00},
 {-4.01252732e-02, 2.46226676e-02,-2.36843038e+00,-2.52589345e+00,
  -2.50681907e-01,-3.48115897e+00,-8.39798376e-02,-8.18588197e-01,
   3.35844207e+00},
 {-1.71462548e+00, 3.41882110e-01, 2.63379836e+00, 1.83114409e-02,
  -7.55404402e-03,-8.54755789e-02,-4.82067299e+00,-1.23231979e-02,
   2.33714450e-02},
 { 7.64580518e-02,-4.64793779e-02,-4.05895054e-01, 6.30116686e-02,
  -5.35518789e+00,-2.17235637e+00, 9.36950892e-02, 4.69459581e+00,
   2.68351704e-01},
 { 1.14987679e-02, 5.15727252e-02, 1.50784481e+00, 2.59606647e+00,
  -1.24696426e-01, 8.34454119e-01,-3.85306031e-02, 6.03227794e-01,
   2.67869115e+00},
 { 1.82109214e-02,-2.83882418e-03, 7.74398983e-01, 3.75848961e+00,
  -3.76775646e+00, 6.55706692e+00, 1.84185337e-02,-1.16199570e+01,
   1.10049285e-01},
 {-5.68708703e-02,-4.21703007e-04, 1.13816929e+00, 5.48057735e-01,
  -9.40403104e-01,-8.71227160e-02, 1.07491873e-02,-2.17310858e+00,
  -2.10248971e+00},
 { 8.94251108e-01,-5.16249835e-01, 2.05607090e+01,-4.28180546e-02,
  -1.78929828e-02, 1.44152656e-01,-2.52356386e+00, 3.84032167e-02,
  -1.71333179e-02},
 { 3.06581818e-02, 3.50360759e-02,-2.42099896e-01, 5.82936954e+00,
   8.52751672e-01, 7.31038332e-01, 3.94307189e-02,-1.06619339e+01,
  -1.07898237e-02},
 { 3.53747988e+00, 2.30849838e+00,-1.93711257e+00,-7.04357168e-03,
   1.67541448e-02, 3.53216454e-02, 1.06490889e+01,-2.66377302e-03,
   9.29929502e-03},
 {-6.68664724e-02, 1.85785025e-01,-5.11839008e+00, 2.07023740e+00,
   2.88597393e+00, 3.70209146e+00,-6.19251616e-02,-4.25877094e+00,
   2.32975078e+00},
 {-1.04235560e-01,-2.35150084e-01, 6.76951933e+00,-1.29610654e-02,
   2.82129431e+00, 4.06320482e-01, 6.03023581e-02, 6.21062040e-01,
   6.43972254e+00},
 { 1.45307211e-02,-5.70769887e-03, 2.89269757e+00, 1.16857362e+00,
   7.73255587e-01, 6.85008109e-01, 4.20413129e-02,-2.66901374e+00,
   4.33859682e+00},
 { 2.07546377e+00, 9.27396953e-01,-1.46947086e+00, 2.95360506e-01,
  -1.07536113e+00,-2.40693048e-01,-4.57505274e+00, 2.30266333e+00,
   3.67781377e+00},
 {-1.47180229e-01, 2.25560999e+00, 1.64834833e+00, 1.42265381e-02,
  -1.04702506e-02,-5.14477417e-02,-5.91405344e+00, 5.11999540e-02,
   2.84013320e-02},
 { 1.00156572e-02, 6.21946855e-03, 2.95487851e-01, 2.48326921e+00,
   7.54744911e+00, 2.58111906e+00, 2.24129781e-02,-1.76479683e+01,
   1.78125463e-02},
 { 1.39766082e-03, 1.11218644e-02,-2.80408859e-02,-7.30572864e-02,
  -2.23682933e-02, 5.49746323e+00,-1.15928883e-02,-9.52919275e-02,
   1.99962109e-02},
 {-6.25690162e-01,-9.45520103e-01, 1.38192153e+00,-1.55991064e-02,
   4.59740385e-02, 1.60891060e-02,-2.33717370e+00,-5.88279068e-02,
  -2.23122686e-02},
 {-2.78052893e-02,-7.56994858e-02,-3.43072712e-01,-2.15277463e-01,
  -5.42626095e+00, 1.09568036e+00, 7.71262124e-02,-1.52219617e+00,
  -3.16856317e-02},
 { 1.56225884e+00,-3.16783309e+00,-3.60632849e+00, 1.78483839e-03,
   5.50994882e-03, 2.24073648e-01, 5.51340246e+00,-3.19775417e-02,
  -9.23724771e-02},
 { 1.68519366e+00, 8.88850927e-01, 6.27535105e+00,-5.50463013e-02,
   5.59754856e-03,-4.43813503e-02, 3.64559078e+00, 8.41909871e-02,
  -2.33602121e-01},
 { 3.71508710e-02,-2.27906071e-02,-1.50715923e+00,-1.50259420e-01,
   1.30476654e-01, 1.39776856e-01, 3.73187400e-02,-8.16831291e-01,
  -3.44390869e+00},
 {-7.20979944e-02,-1.55851945e-01,-2.27095509e+00, 1.83375311e+00,
   3.92207170e+00,-1.44410264e+00, 7.71539658e-02,-6.36575842e+00,
   2.22359276e+00},
 { 1.38075342e-02,-9.25203487e-02, 5.30041885e+00, 2.39484763e+00,
  -4.81911135e+00, 5.59561431e-01, 7.19365627e-02, 6.58519566e-01,
  -1.11876782e-02},
 { 5.58300257e+00, 4.16883659e+00, 2.57654285e+00,-1.59574822e-02,
   5.79788256e-03, 3.72200646e-02,-1.16214418e+01,-6.77138427e-03,
   1.36469156e-02},
 {-6.29963398e-01,-2.64668632e+00, 8.57963943e+00, 2.40625720e-02,
  -1.38611374e-02, 2.04354953e-02,-5.96536636e+00, 2.72257417e-03,
  -2.60394905e-02},
 {-3.42505693e-01, 2.30128050e+00,-1.16402903e+01, 4.06103358e-02,
  -6.54137367e-03,-4.10518609e-02, 6.45898008e+00,-1.51955694e-01,
  -1.17310118e-02},
 { 7.70501041e+00, 4.30453444e+00,-5.47909021e+00,-1.12278193e-01,
   7.14147985e-01, 2.96110034e-01, 3.81498003e+00,-5.64085543e-01,
   2.46152788e-01},
 { 1.37636864e+00, 5.48874617e+00,-1.19788563e+00, 3.74750380e-05,
  -4.82461490e-02,-8.79661143e-02,-3.62854624e+00,-4.52906406e-03,
  -4.44319323e-02},
 { 5.68379415e-04,-4.83358167e-02, 3.05764377e-01, 3.36969519e+00,
  -2.50282955e+00,-4.83734496e-02, 1.22828700e-03, 7.44544458e+00,
   1.26108423e-01},
 {-1.28872152e-02, 1.69166066e-02, 3.82170367e+00, 1.23315358e+00,
   4.66948807e-01, 3.17444086e-01,-3.01199052e-02,-2.28013849e+00,
  -3.30796432e+00},
 { 3.99946499e+00,-2.34921598e+00, 4.36521292e+00,-3.59005518e-02,
  -1.18814977e-02,-3.34897973e-02,-1.12883892e+01, 4.22386155e-02,
  -5.31275794e-02},
 {-1.89142022e-02,-1.42277423e-02,-2.04843894e-01, 5.22690248e+00,
   1.28622806e+00,-1.48625898e+00, 4.88409586e-02, 1.42728319e+01,
  -6.62258342e-02},
 { 5.39181102e-03, 2.49760821e-02, 2.90233586e-02,-1.46822727e+00,
  -3.49696666e-01, 1.01586616e+00,-1.92956682e-02,-2.41650343e+00,
   3.96109708e-02},
 {-3.59972596e+00,-2.28033710e+00,-7.89062977e+00, 2.98315566e-02,
  -1.53000718e-02, 1.11758158e-01, 4.68819904e+00, 2.57078931e-02,
  -6.38534576e-02},
 { 1.60432637e-01, 2.07440704e-02,-3.58388233e+00, 1.93037009e+00,
  -4.37718201e+00,-1.03093457e+00, 4.05311257e-01, 5.75266123e+00,
   4.19996786e+00},
 { 6.69236183e-02, 5.32939583e-02, 4.37968397e+00, 3.54665852e+00,
  -1.54248524e+00, 1.37852502e+00, 6.39564320e-02, 4.42292976e+00,
  -4.80979013e+00},
 { 4.26844740e-03,-3.27824503e-02, 5.66793978e-01,-1.68689489e+00,
   6.90352249e+00,-2.15393806e+00, 2.67679617e-02, 7.85257769e+00,
  -9.54463482e-02},
 { 2.91732885e-02, 1.01584442e-01, 1.16575038e+00, 9.27337557e-02,
   2.13885069e+00, 5.62730193e-01,-7.00724944e-02, 8.38317299e+00,
   2.15661216e+00},
 { 9.01908893e-03, 2.84464099e-02, 8.32742929e-01, 2.01312757e+00,
  -1.72291827e+00, 1.37265599e+00,-1.85407395e-03, 5.74958754e+00,
  -2.08667707e+00},
 { 9.25911963e-03,-1.44334966e-02,-2.56290168e-01, 5.14404631e+00,
   5.64096510e-01, 1.00868475e+00, 1.30874524e-02,-1.41245785e+01,
   4.09929566e-02},
 { 6.05887584e-02, 4.39352542e-02,-2.88615870e+00,-3.55530405e+00,
   4.78496456e+00, 9.43912983e-01, 3.02006416e-02,-1.88519895e+00,
  -1.70975134e-01},
 { 2.13415641e-02,-6.71446994e-02, 2.81117588e-01, 4.53551722e+00,
  -1.97533059e+00, 1.53864062e+00,-4.49047191e-03,-1.12501755e+01,
  -1.13774829e-01},
 {-1.64751057e-02,-4.22203988e-02,-7.65738189e-01,-9.19505358e-01,
   4.53048325e+00,-1.93164021e-01, 8.91144648e-02,-4.36722517e+00,
   3.79108898e-02},
 { 4.66332626e+00,-1.77450895e-01, 1.29015779e+00, 1.17764078e-01,
  -2.41781510e-02, 3.61640006e-03,-9.88831329e+00, 1.02630883e-01,
   6.63621053e-02},
 { 2.68613286e-02, 8.82438477e-03,-1.62732109e-01, 1.88347387e+00,
  -1.53934717e+00, 2.63817286e+00, 9.27667692e-03, 2.97130322e+00,
   3.47834516e+00},
 {-5.15542477e-02, 4.19682823e-03,-4.56959084e-02,-3.30238628e+00,
   1.30373549e+00, 1.60750997e+00,-4.23625037e-02,-1.36622536e+00,
  -4.42762280e+00},
 {-1.07596315e-01, 4.70785089e-02, 7.20702314e+00, 4.04095352e-01,
   6.24948072e+00,-7.57268310e-01,-1.22864403e-01,-3.88542712e-01,
   2.74326658e+00},
 { 4.52803564e+00,-9.41706061e-01, 4.42232656e+00, 1.75539348e-02,
  -1.15882410e-02, 3.88218164e-02,-1.12860899e+01,-2.66020596e-02,
  -6.12870306e-02},
 { 1.54599897e-03,-3.33081819e-02, 5.70275541e-03, 1.00336754e+00,
   3.34563494e+00, 7.09439337e-01,-8.08572769e-03,-6.42011404e+00,
   3.97398360e-02},
 {-3.39126512e-02,-9.87679325e-03,-5.63434792e+00, 3.21742868e+00,
  -2.13621163e+00,-1.29568064e+00,-7.59313479e-02,-1.70607388e+00,
   2.15923333e+00},
 { 1.94340069e-02, 2.14732531e-02, 3.62085342e-01, 2.47695971e+00,
  -1.01080275e+00,-1.39448929e+01,-3.59835103e-02, 5.91069555e+00,
  -8.52903910e-03},
 { 4.40471731e-02,-3.10052447e-02, 1.43182814e+00, 4.17242193e+00,
  -2.11674571e+00, 4.11545038e-02, 3.38160135e-02, 4.04382753e+00,
  -4.40313527e-03},
 {-2.12664413e+00, 4.36013746e+00, 5.47862053e-01,-3.58760431e-02,
   2.29755435e-02, 1.55534491e-01,-3.29853559e+00, 2.04555015e-03,
  -1.02635510e-02},
 { 2.83639431e-01,-3.09776187e-01,-1.83141804e+01, 9.96641628e-03,
  -2.65103821e-02,-1.39438882e-02,-1.77059874e-01, 1.02339070e-02,
  -1.09849341e-01},
 { 6.34852126e-02, 1.28661245e-01, 5.25450659e+00,-4.30506134e+00,
   2.12698054e+00,-1.40815943e-01,-2.22664580e-01, 1.09761536e+00,
   3.98540282e+00},
 { 9.27428901e-02, 7.78716505e-02,-4.56758547e+00,-2.36319828e+00,
   7.69487977e-01,-1.05667126e+00,-6.30811453e-02, 3.65264845e+00,
  -4.22302675e+00},
 {-4.82967729e-03,-1.68598779e-02, 3.24352235e-01, 6.87445068e+00,
  -2.48741508e+00,-1.20570242e+00, 6.22678024e-04, 1.43964319e+01,
  -5.05193658e-02},
 { 3.50471921e-02, 1.99753586e-02, 1.74976099e+00, 2.15119764e-01,
  -8.74049842e-01, 7.44558498e-02, 5.66792972e-02, 4.71275151e-01,
  -4.95270300e+00},
 { 2.18240047e+00,-2.98409748e+00,-3.15054369e+00, 8.09772015e-02,
   8.50236695e-03, 1.42350448e-02, 3.55858278e+00,-1.61455888e-02,
   1.75715871e-02},
 {-1.40030515e+00, 2.00568366e+00, 3.60015249e+00, 1.43346786e-02,
   9.13424138e-03,-9.57230553e-02,-4.18163919e+00,-2.32331883e-02,
   2.44942284e-03},
 { 3.29703856e+00, 2.79428267e+00,-2.26807618e+00, 2.90080463e-03,
   3.32574564e-04, 2.19436754e-02, 1.21169195e+01, 8.62689596e-03,
   1.16390921e-02},
 {-2.41348243e+00, 2.69870549e-01,-7.46418858e+00, 4.17612903e-02,
   3.95710804e-02,-2.51086205e-02, 3.23441088e-01,-1.73811197e-01,
   8.89701396e-02},
 {-1.45440191e-01,-2.65157998e-01,-8.14759445e+00,-2.49284792e+00,
  -1.13486195e+00,-3.87595725e+00, 6.36344969e-01,-2.24089101e-01,
  -5.34188414e+00},
 { 4.37932825e+00, 2.04780459e+00,-6.61847925e+00, 5.26193269e-02,
  -3.73426313e-03,-1.66310091e-02, 1.16197128e+01, 1.00718746e-02,
   2.69264765e-02},
 {-5.64696416e-02,-3.99742536e-02, 3.24981475e+00, 6.40127802e+00,
  -7.50776976e-02,-2.05403423e+00, 1.97611615e-01, 8.24338436e+00,
  -3.05904627e+00},
 { 4.68849802e+00, 2.67953100e-03,-3.15257835e+00,-6.66790083e-02,
  -1.71604473e-02, 1.09286606e-01,-5.98689175e+00,-1.25323404e-02,
   5.05610295e-02}};

const float b1[sz_hid_1] = {-2.5544903e+00,-4.4139137e+00,-8.0151882e+00,-6.2273521e+00,
 -6.0221920e+00,-1.6490083e+00,-9.6254148e+00,-8.3574152e+00,
 -3.4150641e+00,-2.3884878e+00,-7.6725969e+00,-7.0611310e+00,
 -4.8002253e+00,-7.2405791e+00,-7.0585828e+00,-8.4662046e+00,
 -5.2420464e+00,-2.5810566e+00,-8.3523970e+00,-9.1917470e-02,
 -8.1636066e+00,-5.1962128e+00, 5.0937122e-01, 9.5949745e-01,
 -1.4143438e+00,-9.1212616e+00,-4.3279796e+00,-7.0149059e+00,
 -1.1316643e+00,-4.6186666e+00,-5.0006759e-01,-2.4359601e+00,
 -4.9229145e+00,-4.2646976e+00,-6.9182997e+00,-1.0025743e+00,
 -6.7074208e+00,-2.5608866e+00,-6.5683584e+00,-3.2856441e+00,
 -2.8469872e+00,-1.0109892e+00,-3.1953654e+00,-6.5493011e+00,
 -2.4581642e+00,-1.1015986e+00, 1.9533118e-02,-5.1093788e+00,
 -3.0683916e+00,-2.9228826e+00,-4.4779582e+00,-5.4312692e+00,
 -6.0319471e+00,-4.5364757e+00,-4.7895446e+00,-4.3314781e+00,
 -7.4735975e+00,-2.9295700e+00,-8.2027435e-01,-3.7223475e+00,
 -4.9287720e+00,-6.6867633e+00,-4.2601056e+00,-3.2861879e+00,
 -4.8942280e+00,-2.3662922e+00,-6.9004073e+00,-1.4775256e+00,
 -1.6271373e+00,-6.6459460e+00,-7.8135419e+00,-3.8310885e+00,
 -7.3448348e+00,-1.3039398e+00,-6.9748688e+00,-3.3594515e+00,
 -1.5793101e-01,-6.5795434e-01,-8.9597795e-04,-1.8474263e+00,
 -4.5417728e+00,-4.1243215e+00,-8.0398798e-01,-4.8701506e+00,
 -4.9986286e+00,-5.6868434e+00,-6.8349457e+00,-7.6766124e+00,
 -1.1242787e+01,-1.6831007e+00,-3.5759239e+00,-1.1627454e+00,
 -6.2991452e+00,-7.7312989e+00,-8.3506376e-01,-7.1952372e+00,
 -7.9718518e+00,-5.5777497e+00,-9.9918976e+00,-8.0649662e+00,
 -2.2829437e+00,-6.1957626e+00,-4.8518190e+00,-7.8822207e+00,
 -2.4601102e+00,-7.8730497e+00,-3.2815115e+00,-5.5553088e+00,
 -9.5910063e+00,-7.2619405e+00,-1.6844822e+00,-4.8458600e+00,
  3.3668622e-02,-2.8299010e-01,-3.3442066e+00,-1.6457560e+00,
 -9.9336195e+00,-5.4610486e+00,-4.0352921e+00,-1.2948471e+00,
 -9.9999242e-02,-2.0526650e+00,-8.5844097e+00,-3.1610060e+00,
 -9.0163822e+00,-5.7328782e+00,-1.0397534e+01,-3.6628397e+00};

const float w2[sz_hid_2][sz_hid_1] = {{ 5.24587095e-01, 1.76695776e+00,-2.97045612e+00,-2.55295277e+00,
   1.26985674e+01,-1.44194221e+00,-3.81620932e+00,-1.87218773e+00,
  -2.29168010e+00,-5.03480077e-01, 2.27103636e-01,-2.46902275e+01,
   2.95891196e-01, 5.81238985e-01, 2.78456473e+00, 7.86759138e+00,
   7.50586987e-01,-3.74553323e-01, 2.71174216e+00, 1.49585354e+00,
   4.30810833e+00,-3.91364288e+00,-1.15161955e+00,-4.03871655e-01,
  -9.28158224e-01, 9.47237968e+00,-1.51558399e+00,-2.31969338e-02,
   5.56395864e+00,-1.21253528e-01, 1.28569019e+00,-1.63591051e+00,
  -5.74794912e+00,-1.03630943e+01,-6.55030906e-02, 6.28212318e-02,
   1.63114712e-01, 1.38296366e+00,-3.59242797e-01, 9.84280527e-01,
   2.11622596e+00,-6.19697332e-01,-8.51163149e-01, 2.30590558e+00,
   4.25646305e+00,-8.22777557e+00,-1.44811141e+00, 3.53054357e+00,
  -5.38002327e-02, 4.89086062e-01,-2.44092607e+00,-8.43306351e+00,
  -2.89221048e+00,-4.00054789e+00,-4.42716986e-01,-1.30692120e+01,
  -2.74361467e+00, 4.77162504e+00, 8.02119541e+00,-3.44557118e+00,
   4.55690336e+00,-4.94682236e+01,-1.74887524e+01,-1.24179053e+00,
   1.26926317e+01, 8.23530769e+00, 6.40860975e-01, 1.14641234e-01,
   3.54429096e-01, 1.04739923e+01,-5.59539700e+00,-2.99380040e+00,
  -9.39976406e+00,-5.93046331e+00,-9.29150009e+00, 2.93843555e+00,
  -1.30080307e+00, 8.55739653e-01, 2.86808491e+00, 1.51808894e+00,
   1.08241069e+00, 1.59522521e+00,-9.85936821e-01, 5.32826233e+00,
  -8.49238992e-01,-1.89961657e-01,-2.78012484e-01, 1.90934396e+00,
   3.14486504e-01,-1.21454668e+00,-3.98370361e+00, 8.39612901e-01,
  -2.72927856e+00, 8.84659708e-01, 4.62061071e+00,-7.62397647e-01,
  -1.92419744e+00, 2.02065015e+00, 1.25490417e+01,-8.09658909e+00,
  -7.02015495e+00, 7.66314602e+00,-1.04006612e+00,-9.83759022e+00,
  -2.42165661e+00, 1.62912774e+00, 1.87477612e+00, 9.38261151e-01,
  -1.10869722e+01, 3.87860727e+00,-2.12923154e-01,-4.49806690e+00,
  -4.09234911e-01,-3.68653703e+00, 1.39264965e+00,-2.26743504e-01,
  -3.09396964e-02,-1.02522981e+00, 3.76905847e+00,-7.99649134e-02,
   1.72799766e+00, 9.91387069e-01, 2.26246333e+00,-1.17627192e+00,
  -2.66039109e+00, 3.49121976e+00,-9.93185397e-03,-2.27815747e-01},
 { 5.18258631e-01,-7.22182766e-02,-1.31781507e+00, 1.60816908e-01,
   1.61204278e+00, 4.18907672e-01, 1.30637181e+00,-4.01794338e+00,
   1.69881985e-01,-1.43794930e+00, 3.91552114e+00,-4.89575207e-01,
  -2.18117908e-01,-1.89709142e-01, 5.25129795e+00, 3.27741647e+00,
   3.52599621e+00, 5.34710765e-01, 1.67523158e+00, 8.04409087e-02,
  -7.53961265e-01,-5.18753624e+00,-4.30625439e+00,-3.83444333e+00,
  -3.22564173e+00, 6.59387589e+00,-1.16083155e+01,-7.76742601e+00,
   1.09270386e-01,-5.62017322e-01,-2.85148352e-01,-1.36907339e+01,
  -1.38635409e+00, 1.96857452e+00,-1.09527433e+00, 3.40118825e-01,
  -6.19517043e-02, 1.20787293e-01,-1.80540097e+00, 4.00381088e+00,
   5.35169840e-01, 3.55852455e-01, 9.81737804e+00,-2.35952711e+00,
   4.06769609e+00, 4.16557372e-01, 4.69014692e+00, 3.16829491e+00,
  -2.26295972e+00,-5.66513681e+00,-8.73795033e+00, 6.15856528e-01,
  -2.79205084e+00, 1.07656264e+00,-4.17240322e-01,-1.37689501e-01,
  -3.24229860e+00, 1.03647337e+01,-2.07297102e-01,-7.41598248e-01,
   1.58051416e-01,-6.02614321e-02, 6.75715804e-01, 2.06097627e+00,
   6.40931487e-01,-1.25915909e+00,-1.12665810e-01,-1.72514156e-01,
  -7.23663628e-01,-7.20073640e-01,-8.05817223e+00, 1.37626484e-01,
   1.69629306e-01,-4.36498314e-01,-6.03619623e+00, 1.05740070e+01,
   2.52599925e-01, 8.81218985e-02, 1.64451587e+00, 1.33625999e-01,
  -7.22843361e+00,-7.90008545e-01, 5.81292994e-03,-3.69867277e+00,
   3.54558855e-01,-1.07828207e+01,-6.57079744e+00,-1.84419804e+01,
   8.08258057e+00,-5.03924429e-01, 1.38004315e+00, 1.07817493e-01,
  -3.34764314e+00, 2.56822199e-01, 1.55923113e-01,-3.76500282e+01,
  -1.07497704e+00,-1.77913201e+00,-4.30030525e-01,-2.01343226e+00,
  -1.04067063e+00, 8.55484009e-01,-3.91441286e-01,-1.12414919e-01,
  -4.13871884e-01, 2.70938320e+01, 1.97339678e+00, 2.07890034e+00,
  -2.67078280e+00, 5.68283272e+00,-7.21917093e-01,-5.21005034e-01,
  -1.02250755e-01,-9.72405821e-02,-9.97851670e-01, 1.75709069e+00,
   3.45733023e+00,-3.68529558e-01,-1.52762935e-01,-1.01993613e-01,
   2.22001505e+00, 2.79947782e+00, 3.26579547e+00, 1.67270112e+00,
   3.61345112e-02, 4.34166002e+00, 1.19318140e+00, 1.60636091e+00},
 {-9.29926857e-02, 1.25459237e-02,-2.40784548e-02,-2.76602618e-02,
   6.64461702e-02,-1.00491673e-01, 2.43990030e-02, 2.76212972e-02,
  -4.38737310e-02,-2.26482772e-03, 1.57537498e-02,-8.84638056e-02,
  -7.50161707e-02, 1.48939351e-02,-9.66263413e-02,-3.71470191e-02,
   7.28083625e-02, 1.07050873e-02,-6.83348998e-02,-2.83446889e-02,
  -9.35663581e-02,-7.14157969e-02,-9.69851986e-02,-1.01535425e-01,
  -3.02965119e-02,-6.48243353e-02,-5.64383194e-02,-1.81040853e-01,
  -1.40571520e-02,-5.71326651e-02,-8.43500867e-02,-7.38521591e-02,
  -9.63455588e-02,-5.71282394e-03,-8.71601924e-02,-7.35467896e-02,
   6.25519305e-02,-7.44111650e-03,-1.02944903e-01,-6.27446324e-02,
  -4.38724943e-02,-6.71978146e-02,-1.51196541e-02, 4.61558700e-02,
  -7.91608170e-02,-3.62171009e-02,-1.20432325e-01, 4.30054293e-04,
   1.41203951e-03,-1.08087339e-01,-5.55195063e-02,-9.51780565e-03,
  -2.87770610e-02,-1.06556304e-02, 1.31005817e-03,-2.38398444e-02,
  -4.55010869e-02,-4.52080853e-02, 5.45134023e-03,-3.54423076e-02,
  -1.19051740e-01,-5.35465442e-02,-5.98169398e-03,-3.43936868e-02,
  -1.05421022e-01, 2.08843984e-02,-2.58324705e-02,-1.14089958e-02,
  -3.94886583e-02,-5.96202537e-02, 2.93191336e-02,-4.50420007e-02,
  -6.26323223e-02,-8.77276715e-03, 1.07415405e-03,-3.13309729e-02,
  -1.03418440e-01,-1.77490246e-02,-1.68797269e-01,-6.68280199e-02,
  -1.51253294e-03,-4.22972441e-02,-1.64331540e-01,-3.85539606e-02,
  -3.21835540e-02,-1.11903302e-01,-5.90694994e-02, 1.58160813e-02,
   5.68170696e-02,-2.15395377e-03, 1.79594904e-02,-8.50473717e-03,
   6.02000356e-02, 1.48157952e-02,-5.90308830e-02,-5.43470792e-02,
   6.99914843e-02,-3.52830440e-02,-1.40440211e-01,-9.99659598e-02,
   1.33315381e-02, 7.31939971e-02, 5.90073317e-02,-8.62892158e-03,
   1.10722473e-02,-8.93166885e-02,-7.58357719e-02,-1.88160002e-01,
   4.60622832e-03,-3.39070000e-02,-8.68171230e-02,-1.49289258e-02,
  -9.01555866e-02,-8.00100267e-02,-2.89564449e-02,-5.63670062e-02,
  -6.83673173e-02,-1.02786653e-01,-3.41619998e-02, 3.62096839e-02,
   7.93101918e-03,-1.44249469e-01,-1.00409314e-02,-2.25194339e-02,
  -1.20773055e-01,-1.07169695e-01,-4.89187017e-02, 4.22274601e-03},
 {-8.46673608e-01, 4.24206114e+00, 8.93357098e-01,-4.01865339e+00,
  -1.93742657e+00, 5.30264258e-01, 1.73042905e+00,-5.58475113e+00,
  -2.53176517e+01, 3.68611932e-01,-2.17037845e+00,-2.62667179e+00,
   4.80182695e+00,-2.55761299e+01, 3.21911216e+00,-4.09288311e+00,
   4.98179756e-02,-5.80623245e+00,-1.77353210e+01,-1.33217657e+00,
   4.75722933e+00, 5.12579441e+00, 1.15044653e+00, 3.14158171e-01,
   9.94365275e-01,-3.48397827e+00, 1.60670960e+00,-4.91092110e+00,
   2.07761172e-02,-8.34903336e+00,-8.17733407e-01, 6.91776097e-01,
  -1.79791903e+00, 1.16127949e+01, 1.89365900e+00,-4.25382614e-01,
   2.81550050e-01,-1.92818439e+00, 1.14411846e-01,-1.49712896e+00,
  -8.95293474e-01, 4.08156425e-01, 2.71735692e+00,-7.52544403e-01,
  -9.87519324e-01,-9.98521626e-01, 7.32084155e-01,-1.43213379e+00,
   6.66106761e-01, 4.79255855e-01, 2.41339970e+00,-1.14164925e+01,
  -1.63637638e+01,-3.66272688e+00, 6.27787888e-01,-1.97430110e+00,
   3.38099909e+00,-1.27572048e+00, 1.17808056e+00, 4.45435476e+00,
  -2.93292484e+01,-3.21637106e+00,-4.36723888e-01, 1.37897694e+00,
   2.40165329e+00,-2.69409256e+01, 1.43334770e+00,-5.44688225e+00,
  -3.08437169e-01, 1.26076918e+01, 8.15636063e+00, 1.56991827e+00,
   1.20429799e-01,-2.90207207e-01, 3.79640698e+00,-2.71431828e+00,
  -1.12140596e+00, 1.10028732e+00,-2.32911420e+00, 5.62772989e-01,
  -2.96444178e+00,-3.21389794e-01,-1.10221739e+01,-3.70235801e-01,
  -8.84404480e-01,-2.76150250e+00, 6.99349105e-01,-1.16940510e+00,
   2.00198129e-01, 7.54438162e-01, 5.93851757e+00, 4.60111946e-01,
   3.02153397e+00,-6.67625904e+00, 3.76650977e+00,-5.32435738e-02,
   2.01734495e+00, 8.69826221e+00,-3.49739814e+00, 1.15981734e+00,
  -2.58692288e+00, 5.62136459e+00, 2.23242283e+00,-1.11964540e+01,
   2.41564944e-01, 2.04029489e+00,-9.63726044e+00,-3.23021245e+00,
  -6.78426743e+00,-3.83574581e+00,-3.27664793e-01,-1.65123188e+00,
  -6.36701107e-01, 9.80423570e-01,-1.22824395e+00,-7.56850719e-01,
   8.63338470e+00,-3.51304650e+00,-1.91372216e+00, 7.58699036e+00,
  -1.54224467e+00,-2.16199708e+00,-5.73382139e+00, 3.90407950e-01,
   1.76177466e+00,-2.15300465e+00, 1.37751207e+01, 8.48594189e-01},
 { 5.16150522e+00, 6.02854729e-01, 3.66969609e+00, 4.94327873e-01,
  -2.87268066e+00,-1.02211125e-01, 1.69872773e+00,-4.70100021e+00,
   7.53133595e-02, 1.18343461e+00,-4.40614909e-01,-3.98952179e+01,
  -3.36719799e+00, 3.06602883e+00,-2.51242924e+00,-6.04130864e-01,
   3.76536697e-01,-1.72334409e+00,-5.09717703e-01, 1.01315784e+00,
  -8.14808846e+00, 7.44317675e+00, 1.71985865e+00,-7.72727421e-03,
   2.63903260e+00,-2.13638802e+01,-1.06792140e+00,-6.64149904e+00,
   1.11272392e+01,-1.01422524e+00, 1.24526844e+01, 3.25548482e+00,
  -8.71065712e+00,-3.60663486e+00,-1.27164876e+00,-4.83164936e-01,
  -1.86982512e+00, 2.32346129e+00,-1.49048865e+00,-4.09493399e+00,
   1.82912123e+00,-1.65535951e+00, 7.97847652e+00, 5.25239348e-01,
  -1.52335298e+00,-7.23859596e+00,-8.49915862e-01,-1.30471277e+00,
   1.80798054e-01,-2.09348500e-02, 3.25967646e+00,-6.24501801e+00,
   7.10192823e+00, 2.21012965e-01,-1.85795009e+00,-6.99552727e+00,
   4.36802673e+00,-4.34712219e+00, 5.98035669e+00, 7.98406363e-01,
   1.47166491e+00,-5.43185854e+00,-1.18056726e+01, 5.66902733e+00,
   2.19471502e+00, 5.50144017e-01,-2.24339581e+00, 3.77852511e+00,
  -1.86817750e-01, 6.70394039e+00, 2.09668503e+01, 3.22816461e-01,
  -8.39348602e+00,-5.21609688e+00,-9.83194649e-01,-1.93900156e+00,
  -1.57842088e+00,-3.13682079e-01,-8.80679417e+00,-7.52589405e-01,
   2.80296087e+00, 1.18999732e+00, 3.51716852e+00, 2.45095778e+00,
   4.95884895e+00,-3.49839211e+00, 1.00832081e+00,-1.46088922e+00,
   4.50464249e+00, 1.45758021e+00, 3.75782967e-01,-1.26611984e+00,
   1.03255367e+01, 1.65110672e+00, 4.21165323e+00,-1.21722746e+00,
  -2.49531007e+00,-5.78779030e+00, 8.94843459e-01,-7.88084364e+00,
  -1.95282006e+00,-4.13781595e+00, 1.74795711e+00, 5.84248161e+00,
   1.47689867e+00, 5.24946404e+00,-1.80780745e+00, 5.33713937e-01,
   3.45582032e+00,-1.33324461e+01, 2.10296392e+00,-3.05261278e+00,
   6.96539819e-01,-1.38913408e-01,-2.08063078e+00, 6.10073507e-01,
  -3.19646988e+01,-6.11986542e+00,-4.73226011e-01, 1.64683616e+00,
  -5.00226927e+00,-5.01055574e+00,-1.75957794e+01, 1.06930506e+00,
   2.14553177e-01,-4.47118282e+00, 2.72001338e+00, 2.16503048e+00},
 { 1.76380306e-01, 1.89313531e-01, 1.04772177e+01,-7.51734078e-02,
   4.27360535e+00, 3.08450520e-01, 7.62172401e-01,-3.00085902e+00,
  -4.15039688e-01, 1.32903194e+00,-4.24486971e+00,-6.13769829e-01,
  -5.80633283e-01, 3.89759153e-01, 5.62677813e+00, 1.59860587e+00,
  -2.12112546e+00, 1.84330487e+00, 8.41529787e-01, 2.69267607e+00,
   9.13799942e-01,-6.05150938e+00,-1.48656797e+00,-3.55599451e+00,
   2.53581929e+00, 3.61520696e+00,-1.24559844e+00,-3.11811924e+00,
   6.08025074e-01,-5.25627911e-01, 1.14204848e+00,-4.63504404e-01,
  -3.96179169e-01, 1.76114297e+00,-6.35860682e-01, 1.26953587e-01,
  -6.70479774e-01,-4.72113669e-01,-2.34828353e+00, 2.45575690e+00,
  -2.35259748e+00, 2.22496212e-01,-7.66820621e+00,-7.69032001e-01,
   5.62253571e+00,-1.01648057e+00, 4.52777576e+00,-1.88825357e+00,
   1.44725645e+00,-3.39369416e+00,-3.96530390e+00, 9.23458159e-01,
  -2.17015100e+00,-5.94322801e-01,-1.20137715e+00,-9.28241253e-01,
   3.27094102e+00,-3.17716032e-01, 1.15364993e+00,-2.50294447e-01,
   6.50977552e-01, 3.80288929e-01, 2.76970696e+00,-3.88151908e+00,
   1.60380614e+00, 8.26016068e-01,-2.08368406e-01,-2.68719107e-01,
  -2.19941187e+00, 6.97478175e-01,-7.34068513e-01,-5.64251170e-02,
   6.97938800e-01,-8.04540634e-01, 2.27499914e+00, 5.84611273e+00,
  -9.98213664e-02, 9.37390089e-01, 6.89866734e+00, 3.76866246e-03,
  -5.52088928e+00, 4.03523254e+00, 8.09969723e-01,-6.45624250e-02,
  -2.42202610e-01, 2.26337147e+00, 1.56528920e-01, 1.43077803e+00,
  -9.36649132e+00, 2.30053559e-01, 1.96732593e+00,-2.32795283e-01,
  -5.28886437e-01, 2.06556350e-01, 5.79721093e-01, 3.01678014e+00,
  -2.17247152e+00,-1.89625597e+00, 6.47011958e-03,-3.41152263e+00,
  -2.96346092e+00, 6.29281327e-02,-1.48189425e-01,-4.58236098e-01,
  -4.83908923e-03,-6.07776117e+00, 1.69357419e+00, 2.00863624e+00,
  -1.21391582e+00, 3.60293174e+00, 6.55786991e-01,-9.07114446e-02,
  -1.33320196e-02,-1.11458167e-01, 5.65997219e+00,-9.38844919e-01,
   3.66652250e+00,-1.17628276e+00,-3.56448703e-02,-4.93908346e-01,
   3.23143482e+00,-1.76630936e+01,-2.12430668e+00, 8.96026015e-01,
  -3.39511305e-01, 9.68389511e+00, 1.84913647e+00, 3.85836577e+00},
 {-9.42688528e-03,-2.22292412e-02, 1.37548184e+00,-2.36929413e-02,
   7.35927939e-01, 1.55203843e+00, 5.41081905e-01,-4.49695617e-01,
  -2.00408287e-02, 1.32574403e+00, 1.80432892e+00,-8.32718089e-02,
   4.45557199e-02, 3.16049397e-01, 3.51204443e+00, 1.13773651e-01,
   1.57202327e+00, 2.31583521e-01,-3.06227016e+00,-9.09783649e+00,
   7.77516440e-02,-6.11634350e+00,-1.04440105e+00, 3.02598405e+00,
  -1.30091345e+00,-3.08191180e+00,-1.39891624e+00, 3.24827218e+00,
   6.37337342e-02, 6.98554292e-02,-3.05149872e-02,-1.14976609e+00,
  -8.54653418e-02,-2.04370871e-01,-2.41232645e-02,-1.54451802e-01,
  -6.47215173e-02, 1.64351672e-01,-1.40823096e-01, 1.18313730e+00,
  -2.00247437e-01, 3.47857863e-01,-7.06378996e-01,-4.13719341e-02,
  -1.63601303e+00,-1.03888445e-01, 4.29212332e+00,-6.55738294e-01,
  -5.78210056e-01,-2.33120710e-01,-3.04308152e+00,-1.62546500e-03,
  -2.88372468e-02, 8.57862458e-02, 6.80596977e-02,-5.31055145e-02,
  -2.61827683e+00,-6.75679827e+00, 1.85497880e-01,-3.60540986e+00,
  -2.22629607e-01, 5.41810930e-01, 1.88103735e-01, 8.06039333e-01,
   5.13272882e-01, 6.83821812e-02,-1.78041220e-01,-5.38696186e-04,
   4.34434533e-01, 7.00262189e-01,-2.81872106e+00,-7.43036047e-02,
  -4.13652137e-02,-5.90803660e-02, 2.21326530e-01, 2.85844231e+00,
  -5.08213416e-02, 3.60047907e-01, 1.40742695e+00, 4.15243916e-02,
   2.46332526e+00,-6.81682920e+00, 3.81184812e-03,-1.38500214e-01,
  -8.05110708e-02, 4.58005381e+00, 5.20382738e+00,-2.15549326e+00,
   5.79365015e-01,-5.23880184e-01, 2.32674167e-01, 2.08171666e-01,
  -1.23856664e+00,-5.15431799e-02, 5.00673428e-02,-4.53791142e-01,
   3.13315773e+00,-8.08059499e-02,-1.06566846e-01,-5.98804116e-01,
  -2.58530974e-01,-3.62977460e-02, 1.63898274e-01,-1.42040715e-01,
  -8.64668489e-02,-2.13652873e+00, 3.01296145e-01, 2.31453940e-01,
  -2.47311711e+00,-9.67879355e-01, 5.89260049e-02,-1.26796558e-01,
  -1.17739979e-02,-7.06466138e-02, 1.42024887e+00,-7.32984924e+00,
   5.13175828e-03,-2.65896052e-01, 2.47922279e-02,-6.39595836e-02,
   7.11016715e-01, 8.91963661e-01, 4.31982660e+00,-3.52526164e+00,
   4.95560080e-01, 1.31593072e+00,-9.34571564e-01, 1.82521250e-02},
 {-1.68926704e+00,-8.50948095e-01,-1.28876543e+00,-2.80069232e+00,
  -2.07024813e+00,-9.47758198e-01, 3.28271961e+00, 4.73958403e-01,
  -9.74159777e-01,-2.13795546e-02, 6.93464279e-01, 1.42101839e-01,
  -2.81951986e-02, 3.61836404e-01,-6.77385509e-01,-3.60711241e+00,
   3.41395974e-01, 1.54346094e-01,-2.31272054e+00, 2.63775527e-01,
   9.34905529e+00,-2.40456676e+00,-9.12783325e-01, 1.51527345e-01,
  -7.85225928e-01, 7.12578869e+00,-5.99533260e-01, 1.64185214e+00,
  -9.78925675e-02, 2.13419366e+00, 7.13187680e-02,-8.45756769e-01,
  -4.79022741e+00,-2.09338951e+00,-7.43448687e+00,-1.98551369e+00,
  -3.94939637e+00,-1.53912663e+00,-1.66698813e-01, 6.66220903e-01,
   5.41736174e+00, 5.45564222e+00,-2.37582088e-01,-4.68895704e-01,
   1.80283928e+00,-5.73087692e-01,-8.41737509e-01, 1.10231864e+00,
  -2.97580779e-01,-3.17647425e-03,-1.76473284e+00,-3.31935436e-01,
  -1.19995999e+00,-1.56225872e+00, 2.68037438e-01,-1.41620245e-02,
  -1.81268489e+00, 1.70825052e+00, 1.11212027e+00,-1.83083963e+00,
   2.31321797e-01, 1.92836893e+00,-5.25044501e-01, 2.55599637e-02,
   6.83190763e-01,-3.93542671e+00,-1.98262012e+00, 2.30882451e-01,
   2.44757339e-01, 3.67706037e+00,-3.42018580e+00,-3.36481953e+00,
   1.40725493e+00,-1.44705224e+00,-5.76095521e-01, 1.96930790e+00,
  -2.96956515e+00, 3.05958688e-01, 7.43972123e-01, 3.16876888e+00,
   9.33792889e-01,-4.73952234e-01,-1.17992319e-01,-1.00254421e+01,
  -1.12663507e-01, 1.16022837e+00,-1.69575870e-01, 1.15016989e-01,
   4.01911974e-01,-4.40891445e-01,-4.31245136e+00, 1.95547879e+00,
  -1.04570031e+00, 4.17760754e+00, 4.94056273e+00,-4.58334833e-01,
  -7.55317286e-02, 1.53891611e+00, 2.22975039e+00,-8.07872415e-01,
  -6.70594722e-02,-7.68325663e+00, 4.29746419e-01,-6.88226819e-01,
  -1.91862345e+00,-1.60361612e+00,-6.07296133e+00,-2.10007782e+01,
  -1.18882728e+00, 2.74715376e+00, 1.62901936e+01, 2.84602475e+00,
   1.79839939e-01, 2.07017589e+00, 8.21650743e-01,-3.98049712e-01,
   3.41055512e+00, 4.21882302e-01, 2.90711880e+00,-1.66169330e-01,
   5.69248378e-01, 6.92624629e-01, 2.51209879e+00,-4.81869489e-01,
   7.62351084e+00, 1.35716772e+00,-7.85071135e+00,-4.50944528e-02},
 { 1.82184672e+00, 9.72655773e-01, 3.37280363e-01, 3.18200207e+00,
   1.03455210e+00,-4.39393967e-01,-4.71310425e+00, 1.17761505e+00,
   3.98040056e-01,-5.59377372e-01, 9.59697127e-01, 4.13408220e-01,
  -1.21142902e+01,-1.81202960e+00,-2.22451377e+00,-6.39598727e-01,
  -2.66151205e-02,-1.05863771e+01,-3.86601114e+00, 2.29680014e+00,
  -2.22874908e+01,-3.29551768e+00,-9.85947728e-01, 2.08011493e-01,
  -7.92450309e-01, 1.58522644e+01,-3.73923481e-01, 4.08864260e+00,
  -1.26469958e+00,-1.78033006e+00, 1.74790919e+00,-1.26552129e+00,
   9.32343841e-01, 4.78463984e+00,-5.97907944e+01, 1.18225873e+00,
  -1.69676912e+00,-1.12261086e+01,-1.04482162e+00, 1.09207726e+00,
  -7.88276494e-01, 4.28424537e-01,-8.29824626e-01,-6.50291741e-01,
   2.22280478e+00, 4.54623073e-01,-1.48708463e+00, 9.92607772e-01,
  -5.23199201e-01, 4.06215973e-02,-1.78363144e+00, 3.58006024e+00,
  -3.84794921e-01, 1.43564939e+01,-5.85072861e+01, 8.95690143e-01,
  -2.13293648e+00, 1.06375620e-01,-2.19829059e+00,-2.79851222e+00,
  -8.88821125e-01,-3.66296697e+00,-2.39685802e+01,-7.09901571e-01,
  -3.41023731e+00, 5.12608349e-01, 1.93385255e+00,-3.04978418e+00,
   2.93362647e-01,-2.92344456e+01,-4.66207886e+00,-1.19970981e-02,
   1.08370997e-01, 1.04232883e+00, 1.81372106e-01, 2.01896429e+00,
   3.93565178e+00, 3.78236961e+00, 1.71320200e+00,-3.10687900e+00,
   1.92812514e+00,-1.26770198e+00, 1.37894118e+00,-7.45163560e-01,
   4.95984346e-01, 2.22099662e+00,-1.40676582e+00,-1.17341316e+00,
   8.96279216e-01,-5.79384089e-01, 3.16267657e+00,-5.87478113e+00,
  -1.81672847e+00,-4.23897505e+00,-5.70059872e+00,-5.85372388e-01,
   7.52183580e+00,-6.72975636e+00,-2.24070048e+00,-7.02151155e+00,
   2.65395617e+00, 6.16618204e+00, 7.79283333e+00,-4.72126007e+00,
  -1.50060282e+01,-2.64091468e+00,-1.22319171e-02, 7.39559904e-02,
   2.08587933e+00, 2.91374588e+00,-1.75325661e+01,-1.02214622e+00,
  -6.85389787e-02,-2.21940970e+00, 7.28496909e-01,-2.19904736e-01,
   4.44957113e+00,-2.15525341e+00,-3.80618644e+00,-7.43079543e-01,
   1.01298833e+00, 1.19222462e+00, 3.67157197e+00, 3.97655070e-01,
   2.82426143e+00, 1.73398721e+00, 6.32913530e-01,-2.80288607e-01},
 { 1.93314052e+00, 1.26658809e+00, 1.76018012e+00, 2.97975922e+00,
   3.27081889e-01, 1.69844842e+00,-2.21822023e+00, 1.49260216e+01,
  -1.49745929e+00, 3.09652716e-01,-1.49361861e+00,-1.07786465e+00,
   1.22114033e-01,-7.78862298e-01, 1.34214199e+00,-4.45335031e-01,
  -2.31604800e-01,-8.06483030e-01,-3.50671291e-01,-1.35755134e+00,
  -1.33231616e+00, 5.31136608e+00, 1.33203530e+00,-1.99735373e-01,
   1.45949864e+00, 3.51018858e+00, 1.30218768e+00,-3.64302564e+00,
  -3.67449713e+00,-1.75918782e+00,-3.69374466e+00, 1.51402783e+00,
   2.11242032e+00, 3.80474329e+00,-3.61470566e+01, 2.73744583e+00,
  -2.40928783e+01, 2.75429034e+00,-1.97980523e-01,-1.73295140e+00,
  -2.81239758e+01,-1.18377471e+00, 1.27289629e+00, 1.19978750e+00,
  -1.22282588e+00, 5.44846579e-02, 1.19706464e+00,-8.25776756e-01,
   8.77645075e-01, 1.97277933e-01, 2.79762435e+00, 3.09595406e-01,
   9.40611243e-01, 1.02180624e+00,-5.96171417e+01,-1.04131734e+00,
   2.95413566e+00,-1.19233549e+00, 5.07856727e-01, 4.76940346e+00,
   5.43160200e-01,-3.41410232e+00, 4.96151924e+00, 2.66419828e-01,
   3.06689000e+00, 3.57497543e-01, 1.99072099e+00,-4.07032967e-01,
  -1.76211610e-01,-1.20050936e+01, 5.86956501e+00,-3.72576356e+00,
  -2.35230494e-02, 2.81030464e+00, 2.50926089e+00,-2.98906684e+00,
   2.99885702e+00, 3.50438118e+00,-1.47664654e+00,-3.70925641e+00,
  -3.15143275e+00, 1.95821822e+00,-1.62758753e-01, 5.83406925e+00,
   3.94624732e-02,-3.53757286e+00, 7.22680449e-01,-4.05754417e-01,
   2.82742798e-01, 9.08213556e-01, 1.87055528e+00,-1.24058247e+00,
   2.02244973e+00,-5.63977766e+00,-4.92221451e+00, 4.65050489e-01,
   3.87130678e-01,-1.07480741e+00,-2.31076932e+00, 3.79122823e-01,
   4.84329849e-01, 7.61926317e+00,-2.48270845e+00, 3.48023653e+00,
  -8.58974838e+00, 4.78297281e+00,-5.19699633e-01,-8.28175068e+00,
  -2.26321530e+00,-5.00888729e+00,-1.08179464e+01,-1.33318675e+00,
  -9.83375981e-02,-2.69113421e+00,-1.34831858e+00, 1.94381420e-02,
   5.13960838e+00,-3.65107918e+00,-3.27022576e+00,-6.58821404e-01,
  -1.04221272e+00,-1.53898609e+00,-5.11896563e+00, 7.99375892e-01,
  -4.54533905e-01,-2.20836830e+00,-9.41606712e+00, 3.07792068e-01},
 { 7.91639462e-02,-8.55643600e-02, 2.35705400e+00, 1.03598244e-01,
  -1.19421470e+00,-5.28187370e+00,-1.87014937e-01, 1.12014580e+00,
   3.79013270e-02, 4.45402861e+00, 1.51652038e+00,-6.00366473e-01,
  -6.34072395e-03, 1.58104878e-02, 2.38386989e+00, 2.44368076e+00,
   6.01146370e-03,-3.78568381e-01, 6.75338984e-01,-2.59444380e+00,
  -4.18850809e-01,-1.74248619e+01,-2.47168899e+00, 2.09334874e+00,
  -8.00337851e-01, 1.53349245e+00,-3.07558203e+00,-5.80867434e+00,
   1.44530870e-02,-1.65583819e-01,-1.45649239e-01,-9.25013363e-01,
  -8.94555524e-02,-2.78048158e-01,-6.99641705e-02,-2.16353223e-01,
   1.06704071e-01,-6.81054778e-03, 1.60594851e-01, 2.80483603e+00,
   4.68784600e-01, 2.94190824e-01,-1.96677647e+01, 2.27970362e-01,
  -2.95267057e+00, 3.18528041e-02,-1.07400751e+00,-1.01425223e-01,
   3.71844316e+00,-2.17272496e+00, 3.32953811e-01,-3.92564423e-02,
  -1.22781418e-01,-5.20594597e-01,-7.67345959e-03, 1.22766010e-03,
   3.39138031e+00,-6.18904209e+00,-6.22487441e-02,-2.09695148e+01,
  -1.31886750e-02,-3.17144573e-01,-4.31415260e-01, 1.45887148e+00,
   1.24336565e+00,-3.58429521e-01, 1.13783948e-01, 1.79517433e-01,
   4.08966112e+00, 6.47300959e-01,-3.63436437e+00, 3.06032747e-01,
   4.37278263e-02, 4.12970819e-02,-3.94937921e+00, 4.63637978e-01,
   2.28085369e-02, 4.87976432e-01, 2.81173277e+00, 5.33716157e-02,
   2.01537395e+00,-3.02664256e+00, 8.95256326e-02,-5.08465222e-04,
  -1.62510052e-01, 1.34194684e+00, 4.53803587e+00,-6.59790754e+00,
  -1.40234976e+01, 9.89598155e-01, 7.25267291e-01, 1.16523989e-01,
   2.27726698e+00, 1.27577066e-01,-1.36398628e-01, 1.91534443e+01,
  -4.77277726e-01, 3.21263433e-01, 2.74960734e-02, 8.92896771e-01,
   3.82738590e-01, 2.37389222e-01,-1.75054088e-01,-2.13237032e-01,
  -4.82346816e-03,-2.50708961e+00,-4.24803913e-01,-7.54368961e-01,
   2.15083838e+00,-4.56013203e+00, 1.22428268e-01, 4.11258727e-01,
  -3.98664211e-04, 1.13571920e-01,-1.28531039e+00,-1.34334600e+00,
   2.26228619e+00, 4.60295111e-01, 7.02445731e-02,-9.70596448e-02,
  -1.24291325e+00, 5.51668465e-01, 8.53138733e+00,-4.87525940e+00,
  -2.68209726e-01, 1.29025996e+00, 1.63359857e+00, 3.31268692e+00},
 { 3.34798157e-01,-3.68260670e+00,-2.48897634e-02, 6.99971896e-03,
  -3.76341033e+00, 2.05347911e-01, 1.12446356e+01,-2.45912187e-02,
  -6.20236588e+00, 1.55413505e-02,-1.25977725e-01,-1.24167833e+01,
   1.38065189e-01, 6.10580862e-01, 1.87442303e-01,-2.13255668e+00,
   3.97508591e-02, 3.14350992e-01, 4.84584379e+00,-2.73363382e-01,
  -5.31352282e-01, 8.58468637e-02,-8.59678164e-02,-5.92894740e-02,
  -2.47424673e-02,-6.75376773e-01,-4.87613343e-02,-1.54751047e-01,
  -1.96474567e-02, 4.74388808e-01,-2.83632636e-01, 5.35615720e-03,
   4.54114407e-01, 1.14276886e+00, 1.13655306e-01, 7.03793839e-02,
   5.33867851e-02,-4.23606783e-01, 4.73119169e-02,-7.12080393e-03,
   1.52046263e-01,-3.91213864e-01, 1.33942381e-01,-6.24103248e-01,
  -2.96949714e-01, 1.31239974e+00, 3.04994822e-01, 1.18624926e-01,
   1.14997635e-02,-3.81193645e-02, 7.64243156e-02, 3.35138828e-01,
  -2.83201957e+00, 2.32017085e-01,-2.36210525e-01, 3.91562748e+00,
  -1.00671098e-01,-2.81233415e-02,-9.45906579e-01, 9.08752307e-02,
   2.83650255e+00,-1.56185710e+00,-1.32908542e-02, 7.56814554e-02,
   1.60531712e+01,-3.36145610e-01, 4.11141872e+00, 6.50325418e-02,
  -3.61439846e-02,-4.84038019e+00,-1.40445620e-01,-2.03202918e-01,
   1.27072191e+00,-7.07239807e-02, 2.44493589e-01, 4.69552539e-02,
   1.49436927e+00, 1.31015170e+00,-1.38977632e-01, 6.53168619e-01,
   3.61892544e-02,-9.56192240e-03,-2.39504114e-01,-4.37621295e-01,
  -9.41087425e-01,-2.11132303e-01, 8.98800120e-02,-1.48923233e-01,
   2.88881928e-01, 2.30841208e-02, 2.00979853e+00, 6.21836213e-03,
   1.77507564e-01, 3.22578549e+00,-1.88562143e+00, 2.20084656e-02,
   3.61041284e+00,-3.75811040e-01,-3.66908836e+00,-9.82829475e+00,
  -3.56328309e-01, 3.13419342e-01,-1.27240610e+00,-5.75973988e-01,
  -5.78328252e-01, 2.28930667e-01,-1.33041218e-01,-5.46338521e-02,
   1.19638979e+00,-5.75377680e-02,-5.26314437e-01, 3.14024478e-01,
   1.07698195e-01, 2.36528945e+00,-9.56581254e-03, 1.83204170e-02,
  -1.06424294e+01,-6.16593790e+00,-8.19536865e-01, 6.92568198e-02,
  -1.16923027e-01,-5.71806356e-02, 3.73619571e-02,-7.05856383e-02,
  -3.90544868e+00,-1.25487829e-02,-1.42606993e+01, 9.31040384e-03},
 { 2.73418164e+00, 1.91974998e+00,-8.31982851e-01, 2.03247523e+00,
   7.94045702e-02,-9.96376634e-01,-1.58274488e+01,-1.20615301e+01,
   1.38260674e+00,-3.64329308e-01, 9.61242523e-03, 2.03517175e+00,
  -1.52065153e+01,-7.47186232e+00,-1.68518043e+00,-1.11455476e+00,
  -3.37017715e-01,-5.49074888e+00,-3.22026205e+00, 4.95291650e-01,
  -6.15421629e+00,-8.60377908e-01, 2.25409679e-02,-3.08452010e-01,
  -1.44903719e+00,-9.73269939e+00, 1.01992643e+00, 1.08345184e+01,
  -3.98198652e+00,-1.13931477e+00, 1.81290112e+01,-1.52172840e+00,
  -5.20384371e-01, 5.35800409e+00,-1.65160484e+01, 4.08168697e+00,
  -2.50297871e+01, 1.77749085e+00,-7.23538256e+00, 1.65209150e+00,
   7.60429859e-01, 2.23981595e+00,-3.13436657e-01, 2.89950758e-01,
   1.23026383e+00,-4.58708525e+00, 1.89198267e+00, 1.35592258e+00,
   2.74703801e-01, 1.28528845e+00,-5.83481610e-01,-7.30998564e+00,
   1.37808955e+00, 1.07755411e+00,-8.59858551e+01, 1.42641079e+00,
  -5.05692816e+00,-5.83175607e-02,-2.64648223e+00,-8.48505497e-02,
  -1.79133070e+00,-2.70773244e+00,-1.87127960e+00,-3.18447292e-01,
   9.20364738e-01, 6.78293228e+00, 2.22455764e+00,-1.07638264e+01,
   7.26928532e-01,-5.76786280e+00,-8.76971436e+00,-4.44074631e-01,
  -2.13069344e+00, 1.98027909e+00,-6.52395487e-02,-8.23811054e-01,
   1.18509758e+00, 7.25450337e-01, 1.10518134e+00,-4.07451344e+00,
  -8.84157240e-01,-2.00449098e-02,-1.27760530e-01,-2.82091856e+00,
  -9.58644986e-01, 2.16932917e+00,-4.97078657e-01,-2.92133063e-01,
   6.39906764e-01,-7.12693274e-01, 8.21971416e+00,-7.77583599e-01,
  -2.26143050e+00,-5.79916620e+00,-4.77167473e+01,-1.00730944e+00,
  -1.34733093e+00,-3.62498689e+00,-9.50110182e-02,-1.14750738e+01,
   1.87744915e+00, 3.09803152e+00,-1.10618508e+00, 4.08256531e+00,
   1.55910540e+00,-2.57620168e+00,-1.83004856e+00, 3.07274789e-01,
  -2.90148139e+00, 2.38138661e-01,-6.50627851e+00,-1.41032994e+00,
  -9.17716146e-01,-2.59256721e+00, 2.48060298e+00,-1.46236455e+00,
  -7.18276739e+00,-3.36235213e+00,-2.69993877e+00, 1.03832960e+00,
   2.55551368e-01,-5.58116883e-02, 7.74839497e+00, 6.27526641e-01,
   3.56358933e+00, 4.45595592e-01, 8.69545174e+00,-2.62965107e+00},
 { 2.01590419e+00,-9.46832120e-01,-2.83311224e+00,-3.50185454e-01,
   6.07636213e-01,-3.25049758e+00,-8.66097987e-01,-3.54502225e+00,
   1.44761503e+00,-1.46613747e-01,-3.45383763e+00,-1.36429262e+00,
  -1.28815861e+01,-1.03496063e+00,-3.75905228e+00, 1.53556669e+00,
  -1.85844496e-01, 2.55877399e+00,-9.47414112e+00, 1.86943042e+00,
  -2.19108486e+00,-1.42531300e+00,-5.07804251e+00,-4.54630327e+00,
  -3.32433367e+00,-1.26710033e+01, 1.75183010e+00, 7.09566641e+00,
  -2.36528945e+00, 1.83220136e+00, 4.75277567e+00,-2.00682831e+00,
   1.45093584e+00, 6.49558210e+00,-7.24331796e-01,-1.11513007e+00,
  -3.38151288e+00,-1.13407576e+00,-3.74660462e-01, 3.93272066e+00,
  -2.40913796e+00,-3.38208646e-01,-6.81074047e+00,-1.07014120e+00,
  -3.06114793e+00,-2.52427983e+00, 6.18911886e+00,-7.73607194e-01,
  -1.82446384e+00, 2.13945413e+00,-3.51129603e+00, 6.78831398e-01,
  -2.72278905e+00,-4.08258295e+00,-3.76655698e+00, 1.67438626e+00,
  -8.03426266e+00, 5.65867424e+00, 7.73602843e-01,-4.45771933e+00,
  -2.83528447e+00,-5.40352154e+00, 2.47638631e+00,-5.60691023e+00,
  -2.64797783e+01,-1.54152906e+00,-1.84854046e-01,-7.19504404e+00,
   9.86528575e-01, 8.58630300e-01,-5.18662500e+00, 9.69842255e-01,
  -8.25809193e+00, 6.32580471e+00,-2.42829156e+00, 2.83349895e+00,
  -4.51896816e-01,-3.94479632e-01, 1.35761261e+00,-2.58962655e+00,
   6.89610767e+00, 5.88795960e-01,-1.07080345e+01, 1.57938814e+00,
   2.96546638e-01, 3.94482112e+00,-2.17685223e+00,-6.07480288e+00,
  -9.89147091e+00,-1.08816457e+00,-7.47754946e-02,-4.17347908e+00,
  -4.35341120e+00, 3.29703420e-01, 3.03331757e+00,-1.19300222e+00,
  -1.79712334e+01, 1.40771174e+00,-1.46522498e+00, 2.92098641e+00,
  -2.36970931e-01,-1.64506769e+00, 1.15127099e+00, 2.03601003e+00,
  -9.51651335e-01, 7.18012094e+00,-6.34516299e-01, 4.40853548e+00,
  -2.45511794e+00, 2.65273309e+00, 2.07260609e+00,-6.05798841e-01,
   3.77731979e-01, 1.64538753e+00, 4.44343996e+00, 1.46069884e-01,
   4.23214108e-01,-2.55023313e+00,-2.23739505e+00, 1.37525768e+01,
   5.51519990e-01, 6.03232718e+00, 3.83331132e+00,-4.83523750e+00,
   3.13693023e+00, 5.50333834e+00, 1.92548704e+00,-2.56281233e+00},
 { 4.43519449e+00,-1.21394742e+00,-4.76250410e-01,-2.17603707e+00,
  -3.23749161e+00,-4.45796102e-01,-1.07694960e+00, 4.59005928e+00,
  -6.49500418e+00,-5.25229871e-01, 3.47807616e-01, 3.08722544e+00,
  -2.31168032e+00,-9.86136341e+00,-9.78633046e-01,-9.69656408e-01,
   3.98521543e-01, 2.29656172e+00,-2.85796404e-01, 8.67617071e-01,
   1.23299837e+01,-5.37912416e+00,-2.13345647e+00, 1.91546783e-01,
  -7.02358484e-01,-3.60706449e+00,-9.77333248e-01, 5.00382471e+00,
  -1.65834880e+00,-2.43174002e-01, 3.14703345e+00,-2.89881855e-01,
  -2.51825619e+00, 3.30988622e+00,-5.72087109e-01,-3.83146143e+00,
   2.02485061e+00,-2.63396835e+00,-4.54550505e+00, 5.45649469e-01,
   2.29963446e+00,-2.22896910e+00,-3.78766489e+00,-3.45823944e-01,
   8.70043635e-01,-5.20696878e+00, 3.30716163e-01,-7.11320698e-01,
  -3.68763924e-01,-9.63068306e-01,-2.06036615e+00,-3.56413436e+00,
  -1.46063156e+01,-1.66924477e+00,-4.60088444e+00,-1.87260485e+00,
  -5.17390490e+00, 3.49548364e+00, 4.70784140e+00,-2.94735163e-01,
  -3.07986283e+00,-4.34527254e+00, 1.74479544e+00,-2.57817698e+00,
   2.04464078e+00,-5.55474091e+00,-1.24061811e+00,-3.52326751e+00,
   3.50133091e-01,-3.97976923e+00,-4.59363699e+00,-2.77661896e+00,
  -3.43107748e+00, 2.91565776e+00, 8.60066712e-02, 3.74721432e+00,
  -1.14525735e+00, 6.96313739e-01, 3.58692169e+00,-2.04106212e+00,
   1.81703913e+00, 5.78328669e-01,-1.61290503e+00, 1.74720287e+00,
  -2.17776132e+00, 1.37715566e+00,-1.21131802e+00,-4.13090259e-01,
   7.87148893e-01,-9.25885439e-01, 2.90875983e+00,-2.31755662e+00,
  -3.83822465e+00,-2.93952417e+00, 4.31020355e+00, 2.27642655e+00,
  -8.31367195e-01, 2.87769890e+00,-1.36027932e+00,-1.90122776e+01,
  -2.93348575e+00,-4.32726049e+00, 7.39803696e+00, 2.84420180e+00,
  -1.63794565e+00, 2.78392166e-01,-5.29071236e+00,-7.19298744e+00,
   2.46793890e+00, 3.86727357e+00, 6.87930822e+00, 3.63281035e+00,
   7.63982534e-01, 1.12549841e+00,-3.97362947e-01,-1.02545708e-01,
  -9.67133331e+00,-1.35897713e+01,-6.54169738e-01, 9.00736237e+00,
   6.44511998e-01, 1.98339200e+00, 2.64694285e+00,-1.29641318e+00,
  -8.50150299e+00, 3.69330478e+00, 3.58103323e+00, 1.34128341e-02},
 {-4.65852953e-02,-8.46351981e-02,-6.24702796e-02,-9.93346348e-02,
  -9.15337279e-02,-1.96006969e-02,-2.43603289e-02,-1.23166293e-01,
   8.44229385e-03, 1.56248352e-02, 6.29198626e-02, 2.00355463e-02,
  -1.04419909e-01,-5.85282631e-02,-1.21760473e-01,-8.37840233e-03,
  -5.12982300e-03,-4.00949977e-02, 3.23519297e-02,-2.28435360e-02,
  -9.99916419e-02, 2.04903223e-02,-3.99980582e-02,-2.05946919e-02,
  -8.61738771e-02,-6.35037646e-02,-1.90451778e-02, 1.57508045e-03,
   9.89204645e-03,-1.56459827e-02, 5.52879320e-03,-3.01466137e-03,
   6.28101826e-03,-8.71531144e-02, 2.19195057e-02,-9.18917507e-02,
  -5.66909611e-02, 2.74534095e-02,-1.42454216e-03,-5.84366657e-02,
  -1.22599695e-02,-9.36178863e-02,-2.93983631e-02, 1.79612674e-02,
  -5.81053225e-03,-1.22144453e-01,-1.03207834e-01,-3.19601339e-03,
  -6.71722665e-02, 3.93309677e-03, 2.50154417e-02,-3.78335565e-02,
  -6.08139820e-02,-9.67260674e-02, 2.94965599e-03, 2.35901065e-02,
  -5.41568436e-02,-1.16766520e-01,-1.20418817e-01,-1.54110556e-02,
  -4.20377031e-02,-6.73034340e-02,-9.75452885e-02,-6.99511170e-02,
   7.89205078e-03, 2.69736769e-03,-9.39196274e-02,-9.60957780e-02,
  -1.44216523e-01, 3.19403480e-03,-4.43834588e-02,-4.16723639e-02,
  -3.84874828e-02,-1.41509786e-01,-1.07280873e-01,-1.20109797e-01,
  -8.12704265e-02, 1.22507103e-03,-1.31883487e-01,-3.91510390e-02,
  -5.23362681e-02, 7.09684566e-02,-7.24957138e-02, 5.16588576e-02,
  -1.35108739e-01,-1.13527752e-01,-1.67687726e-03,-6.16656244e-02,
  -1.08691084e-03,-1.14360355e-01, 2.93152705e-02, 3.14253643e-02,
  -3.10707968e-02,-4.98202741e-02, 5.09163328e-02, 4.01557051e-02,
  -1.49624482e-01,-2.96241120e-02,-9.67408568e-02, 9.55077354e-03,
  -5.07334769e-02,-2.72689816e-02,-6.94286600e-02,-6.94935098e-02,
  -3.84690426e-02, 4.38030474e-02,-5.89978620e-02,-3.50428633e-02,
   4.90814112e-02, 2.15111244e-02,-4.05936167e-02, 1.94052607e-02,
  -1.28884306e-02, 2.66263355e-02,-2.19200160e-02,-1.02662601e-01,
  -9.66209397e-02,-1.09608797e-02,-2.08078069e-03,-1.41845971e-01,
   4.34037820e-02,-1.04146861e-01, 2.66511068e-02, 5.45700304e-02,
  -7.09206390e-04,-3.90493348e-02,-7.73413479e-03,-6.74023852e-02},
 {-5.76693751e-02, 1.90452058e-02,-2.44384956e+00,-6.62369505e-02,
  -8.82172048e-01,-5.42762399e-01,-3.03949505e-01, 7.24594057e-01,
  -4.42347750e-02,-4.05109793e-01,-2.75736642e+00,-5.08706011e-02,
   1.08950501e-02,-2.49421224e-01,-2.70767498e+00,-1.09689042e-01,
  -2.20529699e+00,-2.52469450e-01, 2.46562052e+00, 3.94695306e+00,
   6.07375614e-02, 1.03928642e+01, 1.89032602e+00,-2.97401166e+00,
   2.79704118e+00, 3.81568575e+00, 2.12929296e+00,-8.89338589e+00,
  -1.29600391e-01, 1.21034771e-01, 8.80217776e-02, 2.77391458e+00,
  -3.10491882e-02,-2.06743971e-01,-1.33577049e-01, 4.93653379e-02,
   6.79964945e-02, 1.79663405e-01, 1.74451731e-02,-3.13795185e+00,
   2.26968855e-01, 3.15112360e-02, 1.73081601e+00, 7.75730312e-02,
  -5.56144238e-01,-4.45922092e-02, 8.77224541e+00, 3.99251890e+00,
   1.46670580e+00, 2.22588349e-02, 6.04346991e+00,-4.17886395e-03,
  -4.93600257e-02,-2.52238661e-01,-1.13480166e-01,-1.89394632e-03,
   4.46014500e+00, 3.80514264e+00,-1.67517856e-01, 8.16565323e+00,
   1.53701097e-01,-3.64444524e-01,-3.96041811e-01,-1.11691725e+00,
   1.31145686e-01,-6.83633909e-02, 4.48186882e-02, 5.36874272e-02,
  -4.85354900e-01, 1.11192751e+00, 8.28675652e+00, 1.91557199e-01,
   9.29099396e-02, 1.24228723e-01, 3.55764061e-01,-1.36175976e+01,
  -3.26314606e-02, 4.10911083e-01,-2.48159957e+00,-1.78519227e-02,
  -5.27031994e+00, 4.35434675e+00,-6.97374856e-03, 2.69648790e-01,
   1.35103554e-01,-1.18770475e+01,-7.27922535e+00,-9.72062016e+00,
   4.92213535e+00, 1.73076248e+00,-7.84029514e-02,-1.24604791e-01,
   2.79155207e+00, 1.08203679e-01, 3.03302228e-01, 1.88650358e+00,
   2.72764444e+00, 1.35541767e-01, 1.11096904e-01, 9.83459711e-01,
   3.29428107e-01,-7.68685294e-03,-1.81108966e-01,-2.66713709e-01,
  -6.86068386e-02, 5.53782845e+00,-2.78182238e-01,-5.42291105e-01,
  -1.47342193e+00,-2.15936959e-01,-3.32400724e-02, 1.38500512e-01,
   1.01704905e-02, 8.39516297e-02,-2.64383411e+00,-5.19992065e+00,
   2.53355455e+00, 3.84228975e-01, 4.89056706e-02,-2.46413965e-02,
  -1.56447029e+00,-2.20998335e+00,-9.42424297e+00, 7.56375265e+00,
   6.26544714e-01,-3.28342223e+00, 1.18145561e+00,-2.83033967e-01},
 {-7.65791237e-02,-1.13966770e-01,-4.25596461e-02,-3.70933861e-02,
  -7.44471475e-02,-7.30332499e-03,-6.65459558e-02,-1.44387826e-01,
  -3.03185992e-02,-6.66185766e-02,-6.43889010e-02,-5.46155274e-02,
  -1.15634866e-01,-3.11835557e-02,-1.27478123e-01,-4.13543433e-02,
  -8.99309963e-02,-1.16144039e-01,-8.06326121e-02,-6.28584996e-02,
   6.64080307e-02,-1.31313458e-01,-4.03182432e-02,-2.55314391e-02,
   1.16067827e-02,-8.77092928e-02,-8.43615979e-02,-8.63403305e-02,
  -4.25285660e-02,-1.72749326e-01,-1.50192231e-01,-5.06887324e-02,
  -1.13434047e-01,-4.48424816e-02,-4.83205281e-02, 1.99950114e-03,
  -4.69610514e-03,-1.55430092e-02,-8.50117591e-04,-1.08530685e-01,
  -1.39931262e-01, 1.92043297e-02,-7.63225183e-02,-5.86279444e-02,
  -2.16465201e-02,-7.83098768e-03,-2.82236394e-02,-9.05549452e-02,
  -7.56251216e-02,-9.49157923e-02,-4.07065861e-02,-2.44392548e-03,
   3.46450768e-02,-3.48765738e-02,-4.26057950e-02,-1.30099813e-02,
  -4.57028300e-02,-8.21380466e-02,-9.52065215e-02,-2.16323286e-02,
  -8.75478387e-02,-1.09084425e-02,-2.39982884e-02,-1.39160408e-02,
   6.83349231e-03,-4.29906212e-02,-9.52170044e-02,-1.94327384e-02,
  -4.20852602e-02, 5.73912114e-02,-2.52097100e-03, 4.08101417e-02,
   8.85601807e-03,-9.26882476e-02,-5.75902238e-02,-7.71179497e-02,
  -3.55616920e-02, 2.98844613e-02,-1.01624355e-01,-1.20495267e-01,
  -1.24450527e-01,-1.50546385e-02,-5.25627621e-02,-1.04441181e-01,
  -7.42100477e-02, 8.73593688e-02,-1.13203125e-02,-7.14936778e-02,
  -2.65761446e-02, 5.65426573e-02,-9.65947956e-02,-9.38861631e-03,
  -5.34574687e-02,-2.22470146e-02, 8.78200494e-03,-3.41859385e-02,
  -5.48396520e-02,-1.04834549e-02,-1.28865734e-01,-7.68029466e-02,
   5.04957652e-03,-8.91286656e-02,-4.98782322e-02,-1.32518634e-01,
  -5.18369861e-02,-7.78452531e-02,-7.00042844e-02, 6.45864829e-02,
   6.82045370e-02,-1.10517135e-02,-6.49053156e-02,-1.30399048e-01,
  -9.49978754e-02,-1.41826361e-01,-5.46557158e-02,-3.07096317e-02,
  -5.78858145e-02, 1.16929278e-01,-1.43042818e-01,-7.21593052e-02,
   1.16203623e-02,-1.01611726e-01,-7.05617107e-03,-4.65405956e-02,
  -7.41456300e-02,-1.50571289e-02,-2.40632147e-02,-3.17117572e-02},
 { 4.75938678e-01,-1.24600977e-02,-2.91322082e-01, 1.98486641e-01,
   1.84208453e+00,-5.93707705e+00, 6.11887909e-02,-3.28535223e+00,
  -3.93506177e-02,-8.93126786e-01, 1.41004682e+00, 1.81289315e-01,
  -3.82209569e-01, 8.05592656e-01,-2.06398582e+00, 4.57019758e+00,
  -2.62827826e+00, 5.59751630e-01, 1.39285040e+00,-1.90742657e-01,
   3.18771273e-01,-8.57301652e-01,-1.24240839e+00,-1.41021681e+00,
  -3.09247589e+01,-6.44097090e-01, 2.16497207e+00, 5.75449839e-02,
   1.51763775e-03,-6.62879050e-01, 9.28874195e-01,-2.08430314e+00,
  -2.07080221e+00, 1.23445356e+00,-8.49033833e-01, 7.69809067e-01,
  -3.12583709e+00, 5.29856026e-01,-1.56633449e+00, 2.71015477e+00,
  -2.27750206e+00, 6.20984614e-01,-2.31897855e+00,-1.07001889e+00,
  -5.85409880e+00,-4.88924831e-01, 5.86858130e+00,-4.09198046e+00,
   8.76944423e-01, 3.99802089e+00,-3.06811976e+00, 1.33950487e-01,
  -3.10278606e+00,-2.43165684e+00,-7.71911979e-01, 2.98107326e-01,
  -6.32574368e+00, 2.48904729e+00, 5.10567963e-01,-3.37915277e+00,
   4.45812404e-01, 1.64794475e-01, 1.14940357e+00,-2.73973751e+00,
  -1.88027889e-01,-5.61069138e-02,-1.57626495e-01,-5.14674366e-01,
   3.72962761e+00, 4.47175652e-01,-2.69474053e+00,-5.44273891e-02,
   4.99968827e-01,-3.51541996e-01,-2.61671734e+00, 4.34742069e+00,
  -2.17634484e-01, 7.42101192e-01, 4.49312305e+00, 3.27267230e-01,
   1.44470024e+00,-1.26749325e+00, 6.02206826e-01,-9.40776914e-02,
  -2.50592232e-01, 3.42126679e+00,-1.76100707e+00,-1.45872498e+01,
   1.00089092e+01,-1.04295111e+00, 2.26799989e+00, 3.13006967e-01,
  -4.59070015e+00, 7.09072948e-02, 2.11934894e-01, 1.12663326e+01,
  -2.43079400e+00,-1.73931050e+00, 9.65944305e-02,-2.68324232e+00,
  -1.54283607e+00, 3.91142309e-01,-5.12572587e-01, 6.78329170e-01,
  -4.19090003e-01, 1.56058884e+01, 6.29006684e-01,-2.35910594e-01,
   2.63670951e-01, 1.37208927e+00, 7.17585087e-01,-1.13926210e-01,
  -2.09748507e-01,-1.71597809e-01, 2.25819254e+00,-2.47504687e+00,
   5.32471657e+00,-4.95564006e-02, 2.42677882e-01,-9.65065479e-01,
   2.82580638e+00, 1.91821957e+00, 2.97563815e+00, 4.42853165e+00,
   5.04054368e-01,-2.90977573e+00, 2.83122301e-01,-3.02454257e+00},
 { 1.50418293e+00, 8.76886368e+00,-1.51102543e+00, 2.64476848e+00,
  -6.88350916e+00, 1.42203474e+00, 1.06567745e+01, 6.61063373e-01,
   2.01860857e+00, 3.42874885e-01,-2.39561582e+00,-1.08047733e+01,
  -7.18908429e-01,-5.86385059e+00, 6.40410042e+00,-5.14139271e+00,
   2.91912798e-02,-1.83316994e+01,-3.38968611e+00,-4.45275128e-01,
  -5.58527660e+00, 3.49271512e+00, 6.84773028e-01, 1.06458515e-01,
   1.21834552e+00,-2.33786583e+00, 5.54482341e-01,-5.37925911e+00,
   3.89852911e-01,-1.12930145e+01,-1.08053231e+00, 1.38226509e+00,
   3.28496426e-01, 2.32310128e+00,-1.38856995e+00, 9.11062777e-01,
  -3.52115750e+00, 7.85302758e-01,-5.07175064e+00,-1.57154500e+00,
   1.21647012e+00, 3.87138867e+00, 2.12110662e+00,-2.78715324e+00,
  -6.68558419e-01,-1.06759758e+02, 1.76867157e-01,-1.02138078e+00,
   1.09507346e+00,-1.13390438e-01, 2.12881780e+00,-4.97639656e+00,
  -4.05165100e+00, 1.79744399e+00, 1.70114741e-01,-2.34341145e+00,
   3.34695435e+00,-1.28233269e-01, 3.36944962e+00, 2.27245998e+00,
  -1.15062857e+01, 1.67144833e+01, 3.08272862e+00, 1.45239902e+00,
   3.13318682e+00, 4.85870838e+00,-1.32437873e+00, 9.10248637e-01,
  -7.95009255e-01, 1.54309750e+00, 8.34354210e+00,-9.23033535e-01,
   2.35004097e-01,-4.43350673e-01,-2.24175334e+00,-2.01101255e+00,
  -5.23485720e-01, 2.78953314e+00,-1.64883208e+00,-1.29525781e+00,
  -1.47491610e+00, 1.79811037e+00, 1.19600117e+00,-3.65236878e+00,
  -2.54540801e+00,-3.57963014e+00, 1.29557180e+00,-8.32917571e-01,
  -5.45244098e-01, 7.33101308e-01, 7.61673880e+00,-1.28734505e+00,
   2.53550792e+00,-6.38274431e+00, 9.05481651e-02,-6.35272980e-01,
   6.21067762e+00, 8.58718514e-01,-9.73341274e+00,-1.69801159e+01,
   1.56179571e+00,-1.44789982e+00, 2.51115829e-01, 5.22589731e+00,
   6.20517552e-01, 4.10038137e+00,-4.49593735e+00,-4.56902474e-01,
   4.94678450e+00,-3.74084878e+00, 2.41709426e-01,-2.26472878e+00,
  -8.84654641e-01,-1.93731821e+00,-1.12210703e+00,-1.26172841e-01,
  -1.41671705e+01,-9.47369576e+00,-4.33309889e+00,-4.51472074e-01,
  -1.15010536e+00,-1.84726489e+00,-5.21021700e+00, 9.17282939e-01,
   1.00837624e+00,-8.55776250e-01, 6.26678133e+00, 9.22185779e-01},
 {-7.86316931e-01,-6.81258440e-01, 4.29314017e-01,-2.54575324e+00,
  -1.34388760e-01, 1.93005872e+00, 5.28515530e+00,-4.49305201e+00,
   5.13445616e-01, 8.31288546e-02,-1.49307001e+00,-4.14870119e+00,
  -3.75029802e+00,-8.31273174e+00, 2.24573755e+00, 2.93212980e-01,
  -2.76388973e-01, 1.98968756e+00, 3.51498866e+00,-1.75239253e+00,
   1.56424332e+00, 4.16141319e+00, 1.11632442e+00,-2.48134673e-01,
   9.09569979e-01, 3.62738043e-01, 1.06746125e+00,-3.90156794e+00,
   3.37306190e+00, 1.77377570e+00,-9.79788676e-02, 1.14613461e+00,
  -9.54099715e-01,-5.81172752e+00,-3.24540215e+01,-4.67382479e+00,
  -6.67343616e+00, 1.26996911e+00,-1.75384102e+01,-1.33266973e+00,
  -2.13446096e-01, 2.63250160e+00, 1.14131093e+00,-6.07451439e+00,
  -1.11845040e+00,-3.94034684e-01, 1.18654227e+00,-1.46831310e+00,
   6.64636254e-01, 2.13413045e-01, 2.20380402e+00,-1.33416033e+01,
  -9.78853032e-02,-7.77195168e+00,-3.65074692e+01,-3.23133707e-01,
   2.70932055e+00, 1.43122464e-01, 9.17792976e-01, 3.78880477e+00,
  -7.29384756e+00,-2.54402065e+00, 1.07683957e-01, 5.77161193e-01,
  -4.22596598e+00,-9.53873396e-02,-2.15441537e+00, 5.95591962e-01,
  -4.34927911e-01, 1.75029182e+01, 5.72254610e+00, 6.08147621e-01,
  -3.43666524e-01,-2.44086599e+00,-1.89887211e-01,-2.54676628e+00,
  -3.54621816e+00, 1.52110541e+00,-1.78277123e+00, 3.21813011e+00,
  -2.52028179e+00, 1.98642433e+00,-1.30911660e+00, 8.44191647e+00,
   6.75370693e-01,-2.83358526e+00, 6.08689189e-01,-4.10576165e-01,
   7.22631693e-01, 5.31368852e-01,-5.85449219e+00, 2.93866777e+00,
   1.92677724e+00, 3.73146033e+00, 5.61806440e+00, 4.11436975e-01,
  -1.58723841e+01,-6.64383769e-01, 2.14414573e+00,-7.87836266e+00,
  -2.59968090e+00,-6.82675362e+00,-4.09761858e+00, 1.57474875e+00,
   3.62936282e+00, 3.48922467e+00,-1.52074978e-01,-6.60306275e-01,
   1.80115759e+00,-3.89357758e+00,-9.60858107e-01, 7.55049944e-01,
   9.39838514e-02, 1.92027473e+00,-1.07322705e+00,-2.94961095e-01,
   1.38407946e+01, 1.31424546e+00, 3.36060977e+00, 7.70002067e-01,
  -1.10583341e+00,-1.25707543e+00,-4.50494862e+00, 4.20329690e-01,
   2.59730172e+00,-1.74592865e+00,-7.55677366e+00, 3.32299262e-01},
 {-4.01800251e+00, 1.00823469e-01,-8.25557899e+00, 2.55958825e-01,
   6.64244843e+00,-4.90524530e+00,-2.36153647e-01,-1.40936136e+01,
   6.04730844e+00,-3.59671324e-01,-2.64790440e+00,-2.02153707e+00,
  -2.73976040e+01, 1.60855317e+00, 1.14090958e+01, 1.51789442e-01,
  -1.95112538e+00,-6.07065725e+00,-3.66125450e+01,-1.09350169e+00,
  -3.06799984e+00, 9.36589527e+00, 2.18237475e-01,-5.32654464e-01,
  -9.18859914e-02,-2.83461990e+01, 8.39921832e-01,-1.22702515e+00,
   4.10153866e+00, 2.37376428e+00, 9.59123015e-01, 8.08883488e-01,
  -4.18961716e+00,-8.94700348e-01, 5.79859352e+00,-1.50597894e+00,
   6.30661249e+00,-2.91704798e+00, 1.60003436e+00,-2.10857463e+00,
   5.93674612e+00,-9.95264471e-01, 5.85587692e+00,-2.89569646e-01,
   4.55713719e-01,-7.15080425e-02, 2.79245329e+00, 5.43925285e+00,
  -5.59045017e-01, 4.28032190e-01, 5.44751501e+00, 1.31870699e+01,
   1.39015615e+00, 4.77313948e+00, 3.69040203e+00,-8.71800900e-01,
   3.69554591e+00,-1.32764912e+00, 7.04846525e+00, 3.97485614e+00,
   3.77817559e+00, 4.45408106e+00,-1.08980887e-01, 5.08748484e+00,
   4.39841270e+00,-3.05106974e+00,-3.48653257e-01,-8.95717561e-01,
  -1.09237766e+01, 4.61269677e-01, 4.95669508e+00,-1.28085852e+00,
  -1.95609736e+00,-5.90827942e+00,-1.66058230e+00,-4.03770971e+00,
  -5.56400955e-01, 1.17201471e+00,-7.38316965e+00, 1.81773865e+00,
  -3.53788137e+00,-3.28570127e+00, 4.68881035e+00, 8.34230363e-01,
   1.51608562e+00,-5.83644962e+00,-1.28408928e+01,-1.78205442e+00,
   2.03703880e+00, 7.75903583e-01,-1.32180846e+00, 8.21322262e-01,
   4.58887696e-01,-5.78381300e-01, 1.11462438e+00,-1.55590737e+00,
  -7.29325676e+00,-2.37768102e+00,-1.48705256e+00,-3.73990083e+00,
  -5.26319361e+00, 1.45781112e+00, 3.90552950e+00,-3.25444174e+00,
  -6.31782949e-01,-1.66170251e+00, 8.52237582e-01,-3.52775836e+00,
   1.45698214e+01, 5.93769670e-01, 1.71821523e+00, 1.86026251e+00,
  -4.75340188e-01, 2.39514208e+00, 3.66715163e-01,-3.62831020e+00,
  -5.33301401e+00, 8.10766125e+00,-3.92978601e-02,-7.50487852e+00,
  -2.01968551e+00,-4.82220078e+00,-5.49585056e+00, 2.79156423e+00,
   2.79798222e+00,-3.05157781e+00,-2.01390743e+01,-1.29944122e+00},
 { 4.26583052e+00,-1.45203567e+00,-4.82468939e+00,-2.27613598e-02,
  -3.46641135e+00,-6.17124891e+00,-4.44914633e-03,-2.72994375e+00,
   1.12410080e+00,-3.03177595e+00,-7.11201608e-01, 2.95730996e+00,
   8.25805604e-01,-4.47031111e-01, 5.52296448e+00, 2.77702522e+00,
  -7.39647865e-01,-3.49288881e-01,-1.74380360e+01,-1.88255680e+00,
  -4.24338818e+00, 5.31816387e+00, 2.60012835e-01, 1.59689236e+00,
  -1.44470021e-01,-7.33442724e-01, 1.50122297e+00,-1.05604982e+00,
   4.37496758e+00, 2.91155887e+00, 6.42391777e+00, 5.00919700e-01,
   3.16881657e-01, 2.23604441e+00, 1.70147574e+00, 3.40946388e+00,
  -2.59510345e+01,-1.63860476e+00, 6.48254251e+00,-2.16125345e+00,
  -1.36823022e+00, 1.57500553e+00, 3.69925427e+00, 5.42297649e+00,
   1.51270330e+00,-2.16894507e+00, 1.12334347e+00, 3.95194483e+00,
  -7.50833094e-01, 3.10861945e-01, 4.38629150e+00, 7.13205814e-01,
  -1.56659830e+00, 1.74130392e+00,-6.39528036e+00,-1.90372193e+00,
   2.41623425e+00,-4.10784721e-01, 6.40195799e+00, 3.65853763e+00,
  -9.60341454e+00,-1.07842932e+01,-2.90675223e-01, 1.90283036e+00,
  -1.02367282e+00, 6.89552116e+00, 6.48308039e-01, 2.24908853e+00,
  -4.08341825e-01,-1.33467627e+00, 4.39383698e+00,-3.05206275e+00,
   9.35090661e-01,-4.84578943e+00, 1.14654005e+00,-4.02303886e+00,
   6.25517130e-01,-7.85182357e-01,-6.32102919e+00,-4.76664162e+00,
  -1.80764604e+00,-1.37310305e+01, 6.34528351e+00,-2.51564574e+00,
   7.03632641e+00,-4.21936607e+00, 3.33430886e+00,-1.89978135e+00,
   5.03935099e+00, 3.58691156e-01, 1.08511996e+00,-1.72599697e+00,
   1.20567048e+00,-1.03332770e+00,-2.90302587e+00,-4.29758010e-03,
  -2.30158836e-01,-1.34623435e-03,-1.84275985e+00,-1.51646304e+00,
  -1.99563289e+00,-3.83101702e-01, 1.01563692e+00, 3.30125332e+00,
  -7.46811807e-01,-4.60713416e-01,-1.46948504e+00,-1.50462776e-01,
   7.45266438e+00,-8.21577430e-01, 1.62648427e+00,-1.43899572e+00,
  -3.21665816e-02, 5.64862132e-01, 1.75698113e+00,-5.00954437e+00,
   8.30764389e+00,-1.38171654e+01,-9.60888147e-01,-3.00433898e+00,
  -2.03818917e+00,-1.76187575e+00,-3.07764888e+00, 1.51381028e+00,
   9.24065590e-01,-2.78578353e+00,-4.37153387e+00,-1.07573903e+00},
 { 3.93773437e-01,-1.63928419e-01,-2.25718536e+01,-3.79448116e-01,
  -1.78462315e+00,-1.75666738e+00,-8.18903446e-01, 4.32710409e+00,
   4.16769646e-02, 2.68247008e+00,-4.53167009e+00,-7.31876791e-01,
  -3.25980425e-01,-5.05416214e-01, 5.09997606e+00,-5.21769333e+00,
  -1.18916726e+00,-1.97788703e+00,-8.99207771e-01, 2.18276548e+00,
   1.43155193e+00, 9.23608494e+00, 1.88173652e+00, 2.02809858e+00,
   2.43907738e+00,-8.40959549e+00,-8.66341949e-01,-5.06569862e+00,
   1.62813678e-01, 1.35375738e-01, 7.02181280e-01,-4.97443795e-01,
  -1.77851951e+00,-3.41899365e-01,-2.95543551e-01,-5.09286374e-02,
  -2.87747413e-01, 1.49293542e-01,-1.33691370e+00,-2.32786250e+00,
   2.71159649e-01, 5.23023307e-01, 3.24403286e+00,-8.71709466e-01,
  -3.59861803e+00, 1.69941247e-01, 3.82851571e-01,-2.99777865e+00,
   1.11617219e+00, 4.11954343e-01, 5.44546556e+00,-9.78157520e-01,
   1.75782889e-01,-1.08082628e+00,-3.94180030e-01, 4.73843217e-01,
   7.85228491e+00,-4.66018057e+00,-5.76544583e-01,-1.23450589e+00,
  -8.66747424e-02,-7.82265306e-01,-2.09884953e+00, 2.75689816e+00,
   3.76317888e-01,-8.13182354e-01,-5.42238131e-02,-9.24403071e-02,
  -1.27607536e+00, 1.51329279e+00, 7.98851442e+00,-3.40187252e-01,
   4.34415728e-01,-7.68790543e-02,-5.86790204e-01,-5.50608397e+00,
  -1.33467525e-01, 7.06110239e-01,-3.94957805e+00, 2.47244194e-01,
   8.81207180e+00, 1.02759495e+01, 3.56019229e-01, 1.19191992e+00,
  -4.85003501e-01,-4.43920231e+00, 3.98913217e+00, 2.68376231e-01,
   8.99282551e+00, 2.73147202e+00,-8.72899741e-02, 2.16591775e-01,
   3.77114558e+00, 3.69147211e-01, 2.29258031e-01, 1.44933271e+00,
  -6.58519316e+00, 9.76669252e-01, 1.58134058e-01, 1.38953507e+00,
   2.81324625e-01,-5.41518986e-01, 2.23428980e-01,-1.23585336e-01,
  -2.60437608e-01, 5.80644417e+00,-1.64403367e+00,-5.06531477e+00,
  -1.02996564e+00,-1.31516857e+01, 8.95136893e-01,-1.04141654e-02,
  -6.68850169e-02, 2.74099916e-01,-5.19086075e+00,-2.64677000e+00,
   4.15897846e+00,-5.56997716e-01, 2.73346841e-01,-4.01434541e-01,
  -2.66165066e+00,-3.67602420e+00,-8.80722332e+00,-2.25328159e+00,
   4.60501425e-02,-6.06052256e+00, 1.00174820e+00,-2.88217813e-01},
 {-1.43269801e+00, 3.22644806e+00,-7.17253637e+00, 1.29442739e+00,
  -3.09642363e+00,-3.58784318e-01, 2.68086982e+00, 5.52089274e-01,
   3.21030593e+00,-2.14861202e+00,-3.49756122e-01,-2.82377934e+00,
   2.96020293e+00,-3.57305145e+00,-3.58905077e+00, 6.05476665e+00,
  -5.06269121e+00,-4.18260574e+00,-6.71415281e+00, 3.99055123e-01,
   3.34913516e+00, 7.19669676e+00,-1.72585809e+00, 7.96239793e-01,
  -3.55042839e+01,-1.02569306e+00, 8.98052311e+00, 4.58812809e+00,
  -4.15036440e+00,-3.34885383e+00, 6.20781469e+00, 6.01435995e+00,
   2.55156684e+00, 5.28745794e+00,-3.60632730e+00,-2.21403742e+00,
   5.09287024e+00, 3.31621456e+00,-2.81942177e+00,-2.41187501e+00,
  -1.42331350e+00, 5.93586266e-01,-1.47355545e+00,-2.37795973e+00,
  -8.59865248e-01,-3.22788429e+00, 4.75240612e+00, 5.12980127e+00,
  -6.73894310e+00, 1.53784857e+01, 4.19041038e-01,-5.37390900e+00,
   1.30408573e+00, 2.48225522e+00,-9.49838579e-01, 1.13607216e+00,
  -2.25733042e+00, 1.04875641e+01,-6.77560985e-01, 6.70906305e+00,
   7.87002623e-01,-2.71508813e+00,-1.14064050e+00,-1.65953465e+01,
  -2.31155944e+00, 1.30027163e+00,-1.27621099e-01, 9.59184074e+00,
  -4.78935659e-01,-7.75546849e-01, 3.83399606e+00, 1.69474697e+00,
   8.63314152e+00,-3.65770340e+00,-7.25026906e-01,-2.86131620e+00,
  -1.02373242e+00, 1.61735654e+00, 3.67490506e+00, 2.02312732e+00,
  -8.52747440e+00,-4.25467081e-02, 3.36914468e+00, 4.31582481e-01,
  -2.53436470e+00, 2.37825704e+00,-5.72038460e+00,-1.05920517e+00,
   9.18645477e+00,-5.86677265e+00, 1.56752080e-01,-1.87888630e-02,
  -8.78769970e+00, 1.47894871e+00,-3.84380651e+00,-2.26357245e+00,
   3.19484591e+00, 2.78314877e+00, 2.02759051e+00,-4.12620115e+00,
  -2.51884675e+00,-5.84220469e-01, 3.45653951e-01, 9.00072038e-01,
   1.82847774e+00, 1.97949719e+00,-2.22684979e+00,-8.38827038e+00,
  -7.18492413e+00, 8.46394062e+00, 9.90992844e-01, 7.20100664e-03,
   2.38067862e-02, 2.55448669e-02, 9.94135189e+00,-3.66304684e+00,
   3.18038225e+00, 1.19257474e+00, 2.71918863e-01,-8.06705379e+00,
   3.43948746e+00, 1.04975595e+01,-3.63233447e-01,-2.15978026e+00,
   3.29181862e+00,-4.07847548e+00,-3.34755659e-01,-5.40702581e+00},
 {-7.19064549e-02,-1.92475390e+00, 5.18433475e+00, 1.07323956e+00,
  -7.18146420e+00, 1.82923806e+00, 3.04589677e+00,-1.04305058e+01,
  -5.73549938e+00, 1.47618318e+00,-2.37154651e+00, 3.67635012e+00,
  -1.70886624e+00, 1.73989087e-01, 4.46011066e+00,-2.37432766e+00,
   6.58299148e-01, 4.45856184e-01,-6.29054189e-01,-3.59893918e-01,
  -7.20410967e+00, 3.43839550e+00, 4.82483357e-01, 3.10718119e-01,
   2.51379228e+00,-8.24073029e+00,-2.52033710e+00,-9.22342300e+00,
  -3.66018963e+00, 4.75491905e+00, 2.79120946e+00, 1.17465746e+00,
  -3.43772143e-01, 3.15517330e+00,-3.30841452e-01,-1.22801101e+00,
   3.68410206e+00, 2.26169705e+00,-1.85553932e+00,-2.79824138e+00,
  -1.61009445e+01,-7.15303516e+00, 5.25709152e+00, 1.66175342e+00,
  -5.24978817e-01,-2.67802095e+00,-1.14518249e+00,-7.03745708e-03,
   1.83372915e+00,-4.40163314e-01, 1.29874480e+00,-3.27382922e+00,
   1.38720775e+00,-1.69547319e+00,-6.01351929e+00, 8.41035843e-01,
   1.39722753e+00,-1.88858187e+00,-3.26291054e-01,-1.76713240e+00,
  -4.44468927e+00, 1.17206240e+00,-7.67819107e-01, 4.38929605e+00,
   7.82142830e+00,-1.06581898e+01,-2.97670078e+00,-9.86509204e-01,
  -1.16651237e+00, 9.91686058e+00, 1.35061502e+01,-5.13261735e-01,
  -2.73438168e+00, 4.48961687e+00, 6.42249298e+00, 1.51417375e-01,
  -2.20650220e+00, 9.09805715e-01,-2.35650659e+00,-8.65960240e-01,
   2.55145621e+00, 3.40710354e+00, 4.66998148e+00,-4.11735266e-01,
   8.59560907e-01,-5.93022537e+00, 2.15877175e+00,-1.72172523e+00,
  -3.56476235e+00, 9.46257412e-01,-6.45345592e+00,-2.49934196e+00,
   5.92495823e+00,-1.93714297e+00, 1.20761805e+01,-1.54018807e+00,
  -2.13480130e-01, 1.42914832e+00, 3.02292061e+00, 4.53040361e+00,
   1.36381280e+00,-3.95993686e+00, 1.95281351e+00, 5.65258789e+00,
   4.56864715e-01, 8.24193382e+00,-3.00838995e+00, 5.45441246e+00,
  -2.61247778e+00,-4.70434952e+00, 7.19398499e+00,-1.96492290e+00,
  -6.93508446e-01, 3.10530782e+00,-3.48371911e+00, 7.49990761e-01,
   4.99021769e+00,-3.14166927e+00, 2.70366693e+00, 2.14245749e+00,
  -1.91647601e+00,-3.85222363e+00,-1.16801109e+01, 8.87349784e-01,
   1.96953940e+00,-2.37449408e-01, 8.41058969e-01, 2.58369398e+00},
 { 5.18863089e-02,-2.80214055e-03,-5.15132472e-02, 6.59531504e-02,
   4.70797643e-02,-1.06617734e-01,-1.12133674e-01,-8.75691250e-02,
  -7.74323195e-02,-1.12940148e-01, 7.46060535e-02,-2.86204778e-02,
   6.75810501e-03,-6.40678331e-02,-1.27930209e-01, 2.66643818e-02,
  -1.41060827e-02,-5.45254014e-02,-6.84455261e-02,-3.51820067e-02,
  -2.07776800e-01, 5.03553264e-02,-1.83817018e-02,-2.96491478e-02,
  -5.03557688e-03, 3.15594710e-02,-1.29996836e-01,-1.38246179e-01,
  -4.63082232e-02,-1.40366452e-02,-3.10647972e-02,-2.69109942e-03,
  -9.28229839e-03,-2.60463059e-02, 4.07825075e-02,-5.89946397e-02,
  -3.60571854e-02,-1.13326721e-01,-8.88477340e-02,-1.22166127e-01,
  -3.89048993e-03, 2.05600634e-02, 2.15869974e-02,-7.09366724e-02,
  -5.71531951e-02,-7.87119418e-02,-4.67849933e-02,-1.18682869e-01,
  -1.71039581e-01,-5.04080579e-02,-6.25061095e-02,-3.05420849e-02,
  -6.12200610e-02, 7.18932552e-03,-1.08772397e-01,-7.74402767e-02,
  -1.22201547e-01,-1.05902523e-01,-1.59256551e-02,-4.47247028e-02,
  -5.51395155e-02,-7.28375241e-02,-1.22879736e-01,-9.70962569e-02,
   7.46569410e-03,-1.38961077e-01,-9.13428888e-02, 1.16799260e-03,
  -6.89454423e-03,-8.89924541e-02,-2.27846410e-02,-3.02228145e-02,
  -5.77722564e-02,-1.41453311e-01,-6.98541403e-02,-1.31637141e-01,
  -1.13131784e-01,-7.83250257e-02,-5.80182225e-02, 4.26030438e-03,
  -4.46544997e-02,-4.59200628e-02,-5.37221581e-02, 1.02247801e-02,
  -7.85624981e-02,-8.14773440e-02,-8.43108073e-02,-1.42702371e-01,
   6.16131071e-03,-1.84148088e-01,-9.60491598e-02,-7.37144500e-02,
   3.34087946e-02,-1.00276195e-01, 1.36403702e-02, 1.61089581e-02,
  -1.65710345e-01, 1.76464245e-02,-6.08998537e-02,-1.10212207e-01,
  -1.02338776e-01, 1.06180180e-02,-1.02895893e-01,-5.92023395e-02,
  -1.28398284e-01,-1.16269067e-01,-1.30341174e-02,-7.91177228e-02,
  -8.26109946e-02,-9.55991389e-04,-1.09070085e-01,-5.93590923e-02,
  -2.33875886e-02,-1.29471540e-01,-2.79836114e-02,-1.40866280e-01,
   7.27799430e-04,-2.31196824e-02,-4.56574187e-03,-1.13086067e-01,
  -7.74431452e-02,-2.63369326e-02,-1.54842157e-02,-5.73421270e-02,
  -1.48855925e-01,-9.82111841e-02,-9.72939655e-02, 2.51242444e-02},
 { 5.10255635e-01,-4.36022952e-02, 2.14376640e+01, 7.64812589e-01,
   2.47741771e+00,-9.17513847e+00, 7.51935303e-01,-1.24898279e+00,
   1.71804547e-01, 3.63861823e+00,-1.29667053e+01, 9.78887975e-01,
   4.88830507e-01,-8.70401740e-01, 5.07075214e+00,-5.64652443e+00,
  -2.94621587e-01, 8.60502899e-01, 2.45720029e-01,-9.88204598e-01,
   1.58386004e+00, 9.29873180e+00,-9.34468091e-01, 1.13087225e+00,
   3.13734674e+00,-2.63313222e+00, 8.47205520e-01,-8.74869728e+00,
   5.55619180e-01, 1.40234202e-01,-7.78979436e-02, 7.74670303e-01,
  -1.08887768e+00,-2.44078740e-01, 4.82913628e-02, 1.57551900e-01,
   1.00466764e+00,-1.56882489e+00,-2.01434636e+00,-3.43831420e+00,
  -1.82251561e+00, 3.97636294e-01, 1.51059544e+00,-1.22239857e+01,
  -1.72857249e+00,-1.76228237e+00, 9.41127956e-01, 2.30019522e+00,
   2.92356849e+00, 1.04800200e+00, 6.55735373e-01,-2.60989952e+00,
   1.61810458e-01, 1.56895244e+00,-2.82889783e-01,-1.24782073e+00,
   5.07914782e+00,-1.13581448e+01, 2.31071234e+00,-1.03188252e+00,
   8.44572425e-01,-2.00002611e-01, 3.14374417e-01, 8.74147236e-01,
  -1.87898219e+00, 1.01613271e+00, 3.43551874e-01,-7.97504485e-01,
   2.01128930e-01,-2.97316521e-01,-1.77255440e+01,-4.90273654e-01,
  -3.89066768e+00,-4.47594076e-01,-1.84248412e+00,-1.80597138e+00,
  -4.73550200e-01, 9.75402474e-01, 4.60645199e+00,-5.48433721e-01,
   5.00814676e+00, 1.65125978e+00, 1.71102071e+00,-1.55966520e-01,
   6.98117137e-01,-5.40585089e+00, 2.09967470e+00, 7.46739447e-01,
  -4.42276001e+00, 4.98540688e+00, 3.58464032e-01, 9.59286451e-01,
   1.30972385e+00,-8.69052112e-01, 6.22299790e-01, 4.55698609e-01,
   2.10882401e+00, 4.87049997e-01, 5.46832800e-01, 2.56007612e-01,
  -2.17253327e+00,-6.22771978e-01, 5.73814452e-01,-2.55116135e-01,
   1.49673116e+00, 4.14848995e+00,-3.07512164e-01,-1.48068655e+00,
  -7.86671019e+00,-2.72159767e+00, 6.07409716e-01, 9.49907422e-01,
  -1.21133067e-02, 1.18724324e-01,-4.39430904e+00,-2.05975771e+00,
  -7.04260492e+00, 9.49541211e-01, 5.39531447e-02,-9.98682141e-01,
  -4.39812601e-01,-1.68048632e+00, 2.02193375e+01, 6.63989604e-01,
  -1.80136740e+00,-1.85509455e+00,-9.76928806e+00, 4.89425278e+00},
 { 8.19894433e-01, 4.04109240e-01,-1.45879999e-01, 9.55370367e-01,
   8.62950534e-02,-2.15990886e-01,-9.05088425e-01,-1.35265484e+01,
  -3.70874703e-01, 2.46491153e-02, 3.41749191e-02,-4.41679917e-02,
   2.47326899e+00,-2.66129136e-01, 9.72302109e-02,-1.02364846e-01,
  -1.48348175e-02, 3.71601731e-02, 3.29951078e-01,-7.51816407e-02,
   1.91937363e+00, 1.11120895e-01,-2.09845621e-02,-6.24858961e-02,
  -8.38270970e-03,-2.25773144e+00, 8.84444788e-02, 7.44572729e-02,
  -1.19069152e-01, 7.71121755e-02,-2.58429676e-01, 5.25494143e-02,
   2.62226928e-02,-1.70485139e-01,-4.42751122e+01,-4.02310975e-02,
  -4.89736176e+00, 6.67588413e-01, 1.86615631e-01,-3.09156384e-02,
   9.16341227e-03, 2.49911523e+00,-5.13201542e-02,-4.73629199e-02,
  -1.49827644e-01, 1.54518634e-01, 8.11234117e-02,-4.07531392e-03,
   6.54518325e-03, 1.00346766e-02,-6.18671142e-02,-8.43224302e-02,
  -7.40560964e-02, 3.08813632e-01,-1.54809999e+01,-1.71919927e-01,
  -1.33452147e-01, 2.35003233e-01,-1.15798302e-01, 2.84008272e-02,
   8.90729800e-02, 1.97609747e-03, 3.11240464e-01,-5.91118857e-02,
   9.63383555e-01, 2.25558579e-01,-4.24808073e+00,-1.94501877e-01,
   2.98256166e-02, 3.94743991e+00, 2.80199926e-02,-2.04047278e-01,
   2.60211956e-02, 1.15814462e-01,-3.44175637e-01, 4.64645103e-02,
   1.75442815e+00, 2.90579891e+00,-1.08446321e-02,-6.84357226e-01,
  -1.34040833e-01, 1.08870558e-01, 3.87504324e-02,-2.42820477e+00,
   8.23428988e-01,-8.13878626e-02, 6.72095343e-02,-7.54034296e-02,
   1.44283518e-01,-2.14028694e-02, 1.90712786e+00,-1.72389597e-02,
   2.83383904e-03,-2.07730961e+00,-4.66665955e+01, 6.15544245e-02,
   2.14612365e+00,-2.51554400e-01,-1.32105839e+00, 1.32229343e-01,
   1.16641968e-01,-1.42738891e+00, 6.46621764e-01,-3.93481660e+00,
  -7.27341235e-01,-1.24911986e-01,-1.24685898e-01, 1.02823908e-02,
   2.02215910e-01, 1.37424678e-01,-4.34624577e+00,-2.35215917e-01,
  -1.39250910e+00,-1.27769709e+00, 3.25260162e-02,-1.04563743e-01,
   2.76739061e-01,-5.65683283e-03,-1.14086878e+00, 2.08113324e-02,
   1.25489943e-02, 6.73857778e-02,-9.60849598e-02,-6.99021593e-02,
  -7.94602752e-01,-1.23887043e-03, 3.68164921e+00,-3.32134478e-02},
 { 2.97273326e+00, 1.53294295e-01, 3.12024689e+00, 1.00840116e+00,
  -1.19852724e+01,-2.72969484e+00, 1.91322434e+00, 1.01556845e+01,
   3.09113455e+00, 8.58779430e-01, 2.30648088e+00,-5.57894182e+00,
  -3.75130558e+00,-2.19309497e+00, 5.18693352e+00,-3.59635735e+00,
  -2.76886272e+00,-1.99248910e+00, 1.77901173e+00, 3.41065574e+00,
  -2.76101208e+00, 2.48535538e+00, 3.27143121e+00,-3.45885068e-01,
   1.57204473e+00,-2.52146649e+00, 8.79693925e-01,-6.89215899e+00,
  -8.89628351e-01, 3.99574153e-02, 1.05239606e+00, 4.06376553e+00,
  -7.90633857e-01, 1.48240209e+00,-6.21077824e+00,-5.25844193e+00,
   7.19676137e-01, 3.58756721e-01,-1.81490922e+00,-3.62242222e+00,
   2.64879632e+00, 7.33448207e-01, 2.52474451e+00, 3.16340566e-01,
   2.07413673e+00,-9.35786366e-01, 3.41567183e+00,-1.12657022e+00,
   8.84494722e-01, 1.11294448e+00, 2.96010327e+00, 1.97171342e+00,
  -8.54928136e-01, 1.09729433e+00,-5.99239159e+00,-2.01315001e-01,
   7.06007576e+00,-3.65498781e+00,-6.21445370e+00, 4.10556853e-01,
  -3.59044933e+00,-1.39350310e-01, 6.66927934e-01, 3.65898871e+00,
   2.79289293e+00,-3.61955357e+00,-3.02436709e-01,-5.11758709e+00,
   6.03211075e-02,-9.95972455e-01, 4.20439816e+00, 2.90368974e-01,
  -1.51305127e+00, 3.31005526e+00,-8.27341020e-01,-3.72113585e+00,
   5.28904140e-01, 1.40677404e+00,-3.38618016e+00,-1.80719602e+00,
   2.92496800e+00,-3.61133766e+00,-7.54475832e+00,-3.58309293e+00,
  -9.49326873e-01,-3.37974572e+00, 1.32233489e+00,-5.32852936e+00,
   4.94977760e+00, 1.14769451e-01,-1.81325674e+00,-5.21639061e+00,
   4.90565872e+00,-3.60490251e+00, 5.43481779e+00, 9.85036373e-01,
   9.29940128e+00, 4.31247520e+00,-5.90929925e-01, 1.15627756e+01,
   1.42433691e+00, 5.28023481e-01, 5.26645947e+00, 2.38729262e+00,
   2.32602763e+00, 5.31121969e+00,-5.32378852e-01,-2.07985234e+00,
   6.55987620e-01,-8.86912537e+00,-1.87337291e+00, 4.87409890e-01,
  -1.26130208e-01, 6.14357173e-01,-2.51319623e+00,-4.38951063e+00,
  -5.99724436e+00, 4.10340452e+00,-9.92717087e-01, 1.06801004e+01,
  -2.50815392e+00,-3.58676887e+00,-3.59675264e+00, 3.76973724e+00,
  -3.17813587e+00,-3.47648406e+00, 4.03058004e+00, 8.23691666e-01},
 {-2.79672122e+00, 3.32032847e+00,-3.25707912e+00, 2.94605374e+00,
  -1.24105873e+01, 6.44158125e-01,-4.31921349e+01,-2.06879711e+00,
  -1.29001198e+01,-6.76275730e-01,-4.52820212e-02, 7.94943869e-01,
  -3.86385179e+00,-1.19212377e+00, 4.32552338e+00,-9.48677826e+00,
   1.51356292e+00, 3.68290734e+00, 1.01073446e+01, 8.18930387e-01,
  -3.75442719e+00,-4.23062611e+00,-1.47499168e+00,-4.21958566e-01,
  -9.85275745e-01,-7.25936711e-01,-1.25570023e+00,-8.85385096e-01,
  -1.63595214e-01,-2.97420263e+00, 7.51729190e-01,-2.01212335e+00,
   3.16775590e-01, 8.58829403e+00,-2.81798482e-01, 5.00503957e-01,
  -2.91465819e-01, 4.17189777e-01,-1.69460043e-01, 1.07253289e+00,
  -2.77349491e+01, 2.78907466e+00,-8.71114314e-01, 8.46579015e-01,
   1.52387583e+00,-7.06833792e+00,-1.22104180e+00, 2.62836838e+00,
   1.37137443e-01, 4.25678968e-01,-2.82617378e+00,-5.63201666e-01,
  -4.73987436e+00, 2.61593080e+00,-5.49539328e-01,-4.85870123e+00,
  -3.41070366e+00, 6.56620550e+00, 7.99951220e+00,-2.26707101e+00,
  -6.38517904e+00,-1.06518459e+00, 2.75108337e-01,-1.39047742e+00,
  -7.11277485e+00,-1.22713890e+01,-2.03238320e+00,-8.24518144e-01,
   2.12655082e-01, 8.79662704e+00,-6.48672199e+00,-1.21064007e+00,
  -2.26157737e+00, 2.69337147e-01,-1.62572181e+00, 2.91714907e+00,
   6.36790693e-01, 1.33399630e+00, 2.83434749e+00, 1.08918138e-01,
  -1.61776340e+00, 1.36881495e+00,-1.58191693e+00, 8.67537737e-01,
  -5.04164648e+00,-1.38612771e+00,-6.51056707e-01, 1.93175960e+00,
  -1.24731779e+00,-1.02148044e+00, 1.07216349e+01,-2.75579238e+00,
  -2.43636465e+00,-9.34495163e+00, 5.49168885e-01,-7.30981410e-01,
   8.02683067e+00,-3.62041974e+00,-7.30348969e+00,-1.86054325e+00,
  -4.68718082e-01,-6.20081615e+00,-6.34502172e-01, 1.52652216e+00,
   9.12045717e-01, 3.46459174e+00,-1.24164925e+01,-2.32354603e+01,
  -8.50312805e+00, 5.08851051e+00, 4.48542982e-01,-1.06387520e+00,
  -3.18360329e-01,-3.85759205e-01, 1.06767642e+00,-3.05180520e-01,
  -6.03417921e+00,-2.01436596e+01,-3.82622337e+00, 2.67325830e+00,
   1.66721451e+00, 1.54443288e+00, 3.87885261e+00,-1.13510144e+00,
   3.10412049e+00, 3.72974992e+00, 1.62985420e+01, 2.03628123e-01},
 {-1.67491186e+00, 1.42764354e+00,-1.93174534e+01, 7.22909719e-02,
  -9.05686915e-01,-2.48059916e+00, 1.89295614e+00,-2.98816061e+00,
  -4.85489845e+00,-2.48128271e+00,-2.57447600e+00,-1.13579524e+00,
   8.98395956e-01, 1.49286366e+00,-3.28014565e+00, 6.39845705e+00,
  -7.59908259e-01,-6.17669106e-01, 6.44738865e+00, 3.52619815e+00,
   2.53753948e+00, 1.58288918e+01, 4.18617344e+00, 2.20822021e-01,
  -5.69253302e+00, 6.20609426e+00, 5.29067421e+00, 1.09158456e+00,
  -1.95890117e+00,-3.45378733e+00, 2.44311309e+00, 2.96331906e+00,
  -1.69627905e+00,-3.08377528e+00,-2.32417893e+00,-1.58875382e+00,
  -1.58578873e+00,-1.72505701e+00,-1.08004475e+01,-5.12335348e+00,
  -1.60296822e+00, 1.22518909e+00, 1.26180325e+01,-1.63833392e+00,
  -1.42058626e-01,-3.29178840e-01, 1.56063569e+00, 1.68044901e+00,
  -2.69094181e+00, 1.16351624e+01, 6.07924557e+00,-1.91717601e+00,
  -3.02010369e+00,-1.80672693e+00,-5.05230129e-01,-4.62961674e+00,
   6.81399918e+00, 2.27636790e+00,-2.90708208e+00, 4.56800652e+00,
   2.68715644e+00,-1.60472786e+00,-3.50014180e-01,-1.52816811e+01,
  -4.50260103e-01,-2.13933539e+00, 1.40405804e-01,-4.29143763e+00,
  -1.07608223e+00, 5.30991852e-01, 2.49089966e+01,-4.84449834e-01,
  -7.01902926e-01,-7.14916229e-01,-7.71389425e-01,-2.94906616e+00,
  -4.25533354e-01, 1.06133163e+00,-2.24035988e+01, 1.85875046e+00,
   4.50816488e+00, 3.05439162e+00,-3.81486630e+00,-1.70449674e+00,
  -2.76113796e+00, 7.19206393e-01,-7.58064795e+00,-6.57819319e+00,
   1.03865309e+01,-7.10099697e+00, 1.35623276e+00, 4.15551853e+00,
   1.14364219e+00, 2.16886473e+00,-2.36645269e+00,-1.23238573e+01,
   1.76590443e+00,-1.72667885e+00, 1.29264390e+00,-3.67511344e+00,
   2.51787931e-01, 9.00125742e-01,-7.77724624e-01,-6.94496393e-01,
   1.97285354e+00,-5.85944557e+00, 9.84334648e-02,-4.02873904e-02,
  -6.98146200e+00,-2.07914948e+00, 9.10994351e-01,-4.91044611e-01,
  -3.05361271e-01,-1.72683311e+00, 1.19952507e+01,-1.03812599e+00,
   1.48189983e+01,-2.85611463e+00,-9.26359355e-01,-3.37359905e+00,
  -6.71466017e+00,-9.17734623e+00,-1.90207176e+01,-1.49137795e-01,
  -1.51445854e+00,-8.33876324e+00, 1.74620688e+00,-7.23611069e+00}};

const float b2[sz_hid_2] = {-14.815842  ,  4.817964  , -0.09730431,-11.47973   ,-19.096987  ,
 -16.471718  , -1.6616554 , -6.794076  ,  6.451241  ,  7.900586  ,
 -13.979771  , -9.759533  ,  1.3041403 ,-15.748323  ,-11.080543  ,
  -0.1391562 ,  1.0382794 , -0.19939627, -5.2318416 ,  7.4317017 ,
  -8.10002   ,-19.006657  ,-13.411889  , -3.1721375 ,-17.296535  ,
 -20.40629   , -0.12889045,-18.329584  , 10.068161  ,-10.460262  ,
   3.2107146 ,  7.888567  };

const float w3[sz_act][sz_hid_2] = {{-6.3523678e-03, 9.4682589e-02, 6.7927144e-02, 6.1714374e-03,
   3.9525077e-02, 1.2707628e-01, 7.3197894e-02,-8.1706587e-03,
  -7.1783112e-03, 1.7930284e-03,-1.0418018e-01, 3.5001046e-03,
  -1.5817039e-02,-2.0839688e-01, 1.2824643e-02,-1.8470298e-02,
  -8.7987103e-02, 1.1049001e-01, 1.6833417e-01,-5.7807639e-03,
   9.0326788e-03, 1.0891474e-01, 1.6105169e-01,-1.3443276e-01,
   2.2933453e-01,-2.9215640e-03, 4.2329416e-02, 1.6382375e-01,
   1.8227051e-03,-1.7191640e-01,-6.7068767e-03,-2.6819402e-01},
 {-7.9711087e-02,-1.7461469e-03, 1.0947878e-01,-8.3847411e-02,
   2.0129763e-01, 6.0544917e-03, 6.0762791e-04, 7.6426707e-02,
  -5.1531196e-02,-6.0705975e-02, 5.5923373e-03,-1.1205090e-01,
  -1.7957947e-01, 1.0474455e-02, 1.9776581e-01, 3.6810446e-03,
  -1.6359377e-03,-6.5068446e-02,-3.2235042e-03, 1.0131074e-01,
   6.9606759e-02,-7.4632422e-05,-1.4921806e-03,-4.8619388e-03,
   3.2296192e-03,-1.6176020e-01,-5.2135687e-02,-1.8823924e-04,
  -1.2876363e-01, 7.1902610e-03, 8.9845769e-02, 4.3935571e-03}};

const float b3[sz_act] = {-0.04766602, 0.4773065 };

