const float w1[sz_hid_1][sz_obs] = {{ 4.90795374e-02,-8.53669420e-02,-4.83743334e+00,-3.57405615e+00,
  -7.65035033e-01, 7.47821748e-01, 1.29551396e-01,-1.93434715e+00,
   4.94515944e+00},
 {-6.98818639e-02,-4.92938794e-02,-4.49658871e-01, 1.33385384e+00,
   5.44415808e+00,-3.51599193e+00,-6.34208843e-02,-1.63217020e+00,
  -1.82687081e-02},
 { 1.26833133e-02,-5.73389512e-03,-8.30058873e-01,-3.86459303e+00,
  -2.17690325e+00, 3.16094112e+00, 6.50462657e-02,-1.03781879e+00,
   1.72173166e+00},
 {-5.99007960e-03,-7.72392675e-02, 1.88772631e+00,-8.69407594e-01,
   9.60833728e-01, 1.07417442e-01, 5.78141809e-02,-2.63040853e+00,
   1.47747707e+00},
 { 6.34309202e-02,-3.33791859e-02, 7.26386309e+00, 2.82817912e+00,
   1.28493571e+00,-1.17370975e+00, 1.34500891e-01,-2.40566874e+00,
   9.16260660e-01},
 { 3.25890556e-02, 2.85367179e-03,-9.87325385e-02, 1.27403605e+00,
   7.56248236e-01,-5.31445801e-01,-4.24381830e-02,-3.26097512e+00,
   5.61822081e+00},
 { 2.68215425e-02,-1.01318141e-03, 1.55676296e-02, 1.46514630e+00,
  -1.63464761e+00, 7.28636026e-01,-6.79408247e-03, 5.66357970e-01,
  -2.22527099e+00},
 { 1.38418305e+00,-3.53842521e+00,-1.07151055e+00,-1.07078794e-02,
  -1.08554419e-02,-6.16140403e-02, 7.51021957e+00,-4.71878834e-02,
  -2.69700959e-03},
 {-8.69705901e-03,-2.70082187e-02, 7.04287529e-01, 5.30488920e+00,
   1.12462246e+00, 5.60741484e-01, 7.24382978e-03,-1.19176826e+01,
   7.99482539e-02},
 { 7.88751960e-01, 2.16272664e+00,-3.65577269e+00, 2.76280884e-02,
  -5.79243973e-02,-2.69262847e-02, 4.72796774e+00,-1.87485274e-02,
   7.21743256e-02},
 { 3.15507746e+00,-2.86642098e+00, 2.95532799e+00, 1.35740852e-02,
  -6.69263601e-02, 4.89772819e-02,-1.10937052e+01, 6.81539625e-02,
   4.06736247e-02},
 {-7.95582868e-03, 1.50494978e-01, 1.71426761e+00,-2.03594756e+00,
  -1.51956475e+00,-3.00333929e+00,-6.74177483e-02, 3.34518552e+00,
  -4.97084045e+00},
 { 1.37866437e-02, 2.59803701e-02,-1.64402020e+00,-2.39999801e-01,
   5.96538723e-01, 1.17571678e+01,-2.90079182e-03,-7.32136130e-01,
   7.59895006e-03},
 {-4.87329031e-04,-1.42346031e-03,-6.05380312e-02, 2.18210030e+00,
  -1.85677242e+00, 1.57783353e+00, 3.73252458e-03,-9.67198849e+00,
   5.52385487e-03},
 {-1.95788890e-02,-2.87367776e-03,-2.20299768e-03,-2.46964383e+00,
  -2.37644836e-01, 5.42202771e-01,-2.36654701e-03,-1.76791823e+00,
   8.02337602e-02},
 {-2.47012638e-03, 5.96880093e-02,-2.70826268e+00, 6.18765891e-01,
  -1.17265630e+00,-2.43738985e+00,-7.60967657e-02, 6.55964518e+00,
   1.57427144e+00},
 {-4.01417589e+00, 2.25898576e+00, 3.97296739e+00, 3.00800670e-02,
  -1.51184332e-02,-2.28316970e-02, 1.00648212e+00,-5.51995961e-03,
   1.20769389e-01},
 {-1.06295235e-02,-1.97167583e-02, 5.71116328e-01, 3.13537097e+00,
   4.71465206e+00, 4.36781287e-01, 1.78641155e-01,-6.69265223e+00,
   2.26423979e+00},
 { 7.78410723e-03,-1.72362551e-02,-3.64840174e+00,-1.22918636e-02,
  -3.29908800e+00,-1.69821307e-01, 3.26620601e-02,-6.96777999e-01,
   2.69996214e+00},
 { 3.88087109e-02,-3.15106846e-02, 1.64834106e+00,-3.54472883e-02,
  -1.11677372e+00,-1.03007242e-01, 4.88307178e-02,-7.10032463e+00,
  -1.87118864e+00},
 {-1.03335905e+00, 2.15556717e+00, 4.09945822e+00, 3.18307355e-02,
   7.87087157e-02,-2.83592977e-02,-7.70683479e+00,-1.73609570e-01,
   7.87209868e-02},
 { 4.37393188e+00, 5.50618124e+00, 4.70689106e+00,-2.95174718e-02,
  -3.14351656e-02, 1.30483806e-01,-7.36739635e+00, 3.15577127e-02,
  -5.98467607e-03},
 {-1.25516048e-02, 3.40399966e-02,-8.30893040e-01, 8.02475631e-01,
   1.35953474e+00,-5.64518809e-01,-2.51464583e-02, 8.16231346e+00,
  -1.25605583e+00},
 { 2.83783841e+00, 2.63491297e+00, 2.57148123e+00, 7.43932128e-02,
   1.41678927e-02,-6.50985986e-02,-5.64605808e+00, 1.18738592e-01,
  -1.14585519e-01},
 { 8.13707054e-01,-2.89813662e+00, 1.21312027e+01, 1.24221924e-03,
   5.86167872e-02, 2.22245485e-01,-5.36066580e+00, 7.44124502e-02,
  -2.84192950e-01},
 { 2.12861866e-01,-2.40075011e-02, 7.55412674e+00,-1.82261956e+00,
   1.92338324e+00, 1.19003022e+00,-2.75884867e-01, 5.49438477e+00,
   2.30421352e+00},
 { 8.38769525e-02,-1.94368828e-02, 3.21210766e+00,-3.92411560e-01,
   1.46881247e+00,-2.91497875e-02,-7.91971907e-02, 5.79018593e-01,
   5.06195068e+00},
 {-3.57831493e-02,-6.21959858e-04,-2.32159153e-01,-1.81359875e+00,
   1.55186582e+00, 2.30907607e+00, 7.39825191e-03,-4.64663315e+00,
   3.86164665e-01},
 { 4.34577838e-03, 2.41929665e-02,-3.34905648e+00,-1.41634500e+00,
  -7.07954407e-01,-8.01331520e-01, 8.03046860e-03,-3.98680758e+00,
   2.95355892e+00},
 { 8.76320601e-02,-4.35389299e-03,-2.02926159e+00, 2.46718073e+00,
  -1.80451739e+00, 3.62973005e-01, 4.48951572e-02, 4.10310936e+00,
  -3.69165087e+00},
 { 1.15905321e+00,-4.20555019e+00,-7.68775177e+00, 3.53814997e-02,
  -1.35893360e-01,-2.35241055e-02,-3.30900222e-01, 1.85680330e-01,
   7.67534971e-02},
 { 4.45931101e+00,-7.21293926e-01,-6.14837980e+00, 3.84997338e-01,
  -5.70943177e-01,-2.32898027e-01, 5.25663185e+00,-4.24711376e-01,
  -3.91444832e-01},
 {-5.82620442e-01,-2.81882548e+00,-8.28971672e+00,-1.00525819e-01,
   1.06192723e-01, 1.57241851e-01, 7.83715010e+00,-7.39831030e-02,
   1.27367347e-01},
 { 3.19603309e-02, 1.30789965e-01,-2.73261309e+00,-2.48415828e+00,
   1.62164140e+00, 1.59599662e+00,-2.30423342e-02, 3.66479206e+00,
  -3.41767645e+00},
 { 2.14311555e-02,-1.23183643e-02, 7.70678341e-01, 6.57793939e-01,
   1.46559179e+00,-6.20968223e-01, 2.21211948e-02, 8.87295246e+00,
   1.93808603e+00},
 {-3.14831361e-03,-5.86349610e-03, 2.22747147e-01, 2.45442200e+00,
   4.49011040e+00,-3.27813685e-01,-3.81340720e-02,-6.19632769e+00,
  -7.61437789e-02},
 { 4.31456156e-02,-2.74843089e-02,-6.92050457e-01, 5.47740400e-01,
  -5.20222521e+00,-4.19022515e-02,-5.14130667e-03, 6.52297306e+00,
  -4.45020646e-02},
 {-9.98738222e-03,-2.60843523e-02, 1.04083121e+00,-1.09920181e-01,
  -2.58921099e+00,-6.36968076e-01, 2.08571926e-02, 4.43611336e+00,
  -8.58898014e-02},
 { 5.73378243e-02, 7.11173192e-02, 6.21254539e+00,-8.20817709e-01,
  -2.59368992e+00,-8.00405145e-01,-3.48136164e-02,-4.43293142e+00,
  -1.28809345e+00},
 {-1.16306990e-02,-2.03335211e-02,-5.64129539e-02, 6.60992765e+00,
   2.09185973e-01, 2.11000729e+00, 1.77498087e-02,-1.11580133e+01,
  -8.21903720e-03},
 { 2.77749276e+00,-1.95693839e+00,-6.18963385e+00,-9.19081643e-02,
  -5.61301470e-01,-3.90650511e-01, 4.57538414e+00, 2.63790727e-01,
  -4.76697302e+00},
 { 1.14860339e-02, 1.16887204e-02,-1.14577651e-01, 4.41520166e+00,
   6.00717962e-01,-1.47657549e+00,-1.02672353e-02, 1.15615129e+01,
   2.44688671e-02},
 {-3.32104340e-02,-8.18809122e-02,-2.71346951e+00,-2.48784852e+00,
   1.56223848e-01,-5.91039360e-01, 1.36210740e-01,-2.85866350e-01,
  -3.42351055e+00},
 { 4.05990183e-02, 5.47407847e-03, 1.05489683e+00, 1.14306843e+00,
  -1.63285553e+00,-1.22454129e-01,-1.30722299e-02,-8.40267372e+00,
   1.33816934e+00},
 { 3.58394647e+00, 1.74161565e+00, 2.36002922e+00, 1.89216305e-02,
   3.02234199e-03, 1.45670893e-02,-9.50405312e+00, 8.66922829e-03,
   2.37560235e-02},
 { 7.09979609e-02,-3.96847092e-02, 3.81761169e+00, 1.08997047e+00,
  -1.13503850e+00,-6.02898836e-01, 7.37796053e-02, 4.08255100e+00,
  -3.64015222e+00},
 { 1.81638503e+00,-3.93357563e+00,-5.57013798e+00,-5.09677716e-02,
   3.08980923e-02,-7.39866570e-02, 7.47693253e+00,-7.04393461e-02,
   2.17737272e-01},
 { 5.51905744e-02, 1.08277835e-01,-1.08343191e+01, 1.07975401e-01,
  -8.41871575e-02,-3.80348563e-01,-1.95268020e-01, 5.22616841e-02,
  -4.71372575e-01},
 { 4.53638172e+00,-3.16742349e+00,-4.38402224e+00, 3.83166894e-02,
  -7.06813633e-02,-1.11487903e-01, 8.89899540e+00, 5.13534434e-02,
   1.79322399e-02},
 {-1.38848901e+00,-3.89230204e+00,-2.73491764e+00, 1.16737165e-01,
   1.23075373e-01,-1.16254777e-01, 5.08897245e-01, 6.64359778e-02,
  -3.58276032e-02},
 { 8.60090554e-02,-2.04776198e-01,-2.94869512e-01,-3.45574307e+00,
   1.05730724e+00, 3.12270379e+00, 1.40488997e-01,-2.04260901e-01,
   3.81097412e+00},
 {-5.10374084e-02,-1.14643477e-01,-6.71988010e-01,-1.00526583e+00,
  -1.28171146e+00,-1.17373705e-01, 1.33242786e-01,-7.09814501e+00,
  -5.24031878e-01},
 { 1.25772476e-01,-1.02638796e-01, 1.45462286e+00, 2.85783672e+00,
  -3.74898767e+00, 4.47434187e+00, 2.00951561e-01, 2.78101206e+00,
  -3.12422633e+00},
 {-1.18384756e-01,-4.55866456e-02,-3.60490894e+00, 2.40700528e-01,
  -8.73771966e-01, 3.35191004e-02, 5.88172525e-02,-6.68021107e+00,
   3.24274540e+00},
 {-1.35141575e+00,-2.61978602e+00,-4.70568800e+00,-2.94294022e-02,
  -2.54475996e-02,-5.54831177e-02, 5.65938282e+00,-2.99931522e-02,
  -5.66266384e-03},
 {-3.89203405e+00, 3.67193848e-01,-9.44701433e-01, 2.73624044e-02,
   3.48603576e-02, 1.51106054e-02,-1.69857121e+00,-4.44083586e-02,
   3.48666422e-02},
 { 5.22835553e-01,-1.81697631e+00, 3.12422132e+00, 3.49068195e-02,
   8.46203715e-02,-5.86067848e-02,-5.62255144e+00,-7.19938725e-02,
   5.06460667e-02},
 { 2.82743014e-03,-1.08068837e-02,-3.22646573e-02, 1.58045745e+00,
  -2.41721201e+00, 1.19672537e+00,-2.62768427e-03,-8.58285713e+00,
  -2.49033216e-02},
 { 2.48098040e+00,-4.14928257e-01, 3.04231954e+00, 3.75464954e-03,
  -8.22886080e-02, 1.99467912e-01, 5.97403431e+00, 1.40525714e-01,
  -1.13000959e-01},
 { 3.50825046e-03, 1.57521348e-02,-3.85688448e+00, 2.44950652e+00,
   5.99354267e-01, 3.46697778e-01, 5.55030107e-02,-4.43678409e-01,
  -3.12371159e+00},
 { 1.54903507e+00, 3.34962511e+00, 4.28706360e+00, 1.49442749e-02,
  -4.54783328e-02, 3.04406378e-02,-4.95359755e+00, 2.46973008e-01,
  -1.30976036e-01},
 {-3.33968992e-03, 1.68593246e-02,-7.07344478e-03, 3.60626078e+00,
  -8.70267093e-01, 5.18970668e-01,-2.17309594e-02,-9.32948112e+00,
   2.34653521e-02},
 {-4.07295637e-02,-6.44129515e-02,-6.02827120e+00, 1.06133020e+00,
   1.69508851e+00, 9.28210378e-01, 1.92386940e-01,-1.73846936e+00,
  -5.35440493e+00},
 { 9.55221280e-02,-3.11988425e-02, 1.77385006e+01,-2.29382538e-03,
   4.73230332e-02,-6.63459141e-05,-1.49113208e-01,-1.03289641e-01,
  -2.97525197e-01},
 { 7.40812495e-02, 5.15748886e-03,-8.96665901e-02,-4.52720076e-02,
  -1.01976013e+00, 3.17697287e-01,-4.85492032e-03, 3.46436119e+00,
   3.06790352e+00},
 { 1.20362220e-02,-3.29522206e-03,-1.18813701e-01,-3.41918182e+00,
   2.94939399e+00,-4.56243485e-01,-6.01202808e-03,-7.99939811e-01,
  -3.19127291e-02},
 { 2.61310720e+00, 1.18223679e+00,-7.68446016e+00, 8.48643258e-02,
   2.79722619e-03, 4.73950714e-01,-6.09959984e+00, 1.35236859e-01,
  -4.29624468e-02},
 {-2.31608367e+00,-6.26494741e+00, 7.74208927e+00, 6.59904853e-02,
   9.96202324e-03,-6.98738098e-02, 1.94900537e+00,-9.94572788e-02,
  -9.25911963e-02},
 { 4.10735893e+00, 6.30772769e-01, 3.83697748e-01, 2.85414848e-02,
  -2.54310332e-02,-3.11742201e-02, 1.00221920e+01, 1.23626385e-02,
  -5.55904917e-02},
 {-4.87811714e-02,-1.34200668e-02, 1.19555497e+00,-1.12918520e+00,
  -9.26622525e-02, 4.58059072e-01, 7.53328279e-02,-9.27845097e+00,
   2.57592648e-01},
 { 1.39709795e-02,-9.93531346e-02,-3.23140359e+00,-6.77851140e-01,
   1.52670562e+00,-8.29644203e-01, 1.42901987e-01, 2.28496766e+00,
  -3.57701612e+00},
 { 4.11566086e-02,-1.41643034e-02, 1.57020330e-01, 3.74436355e+00,
   1.41688633e+00, 3.88959169e-01, 7.15606436e-02,-8.74349785e+00,
   1.63401514e-02},
 { 2.79922891e+00,-2.16438127e+00, 5.21713066e+00, 1.56892702e-01,
  -3.74293029e-02,-5.57758398e-02,-6.52225637e+00,-2.42294058e-01,
  -7.85122737e-02},
 { 9.10707891e-01,-2.08317900e+00, 3.95940375e+00,-9.42641273e-02,
   8.71120617e-02,-3.56575921e-02,-5.53188181e+00,-1.13664784e-01,
  -2.49804631e-02},
 { 5.18489406e-02,-3.55461016e-02,-7.36644268e-02, 9.51595545e-01,
  -5.25824308e+00,-7.44772255e-01, 2.55182143e-02, 6.61632776e+00,
   3.20634954e-02},
 {-1.14991033e+00,-1.00966573e+00, 3.63481426e+00,-1.79446358e-02,
   4.87372540e-02, 2.48366550e-01, 1.54424417e+00,-2.14442965e-02,
   1.75717548e-02},
 { 5.60575438e+00, 6.10948920e-01,-6.71095037e+00, 6.39562085e-02,
   8.53926037e-03,-1.29259322e-02, 1.27963867e+01, 2.75626052e-02,
   7.63825774e-02},
 { 4.02703238e+00,-5.40403366e+00,-2.38480616e+00, 1.31033193e-02,
   1.44846970e-02, 6.21355064e-02, 1.37403994e+01,-2.65005790e-02,
  -3.16041376e-04},
 {-2.26734784e-02,-3.53093594e-02,-2.40293860e+00, 3.79102945e+00,
   8.74732733e-02, 2.20616865e+00, 2.43869815e-02,-4.23625767e-01,
   1.30131632e-01},
 { 2.28203479e-02,-8.04706290e-02, 1.72809148e+00,-2.35087380e-01,
   2.31158185e+00,-4.88523662e-01,-7.93792121e-03, 1.55290163e+00,
   2.23915410e+00},
 { 3.20631123e+00,-4.03444910e+00, 2.38058195e-01, 3.66875269e-02,
   8.88839066e-02, 4.49712761e-02, 9.07708541e-04,-1.30941033e-01,
  -1.14177063e-03},
 { 8.50499142e-03,-1.79364793e-02, 2.18620971e-01, 2.17493367e+00,
   4.82038736e+00,-1.47390574e-01, 1.15912231e-02,-4.36555195e+00,
   1.57524347e-02},
 { 4.94448519e+00,-9.06815350e-01,-4.53036880e+00,-6.19884580e-02,
  -5.48800714e-02,-4.90718745e-02, 9.56043434e+00, 4.72329278e-03,
  -7.30708092e-02},
 { 9.59360182e-01, 2.23978972e+00, 1.04347003e+00, 9.76280123e-03,
   2.24813260e-02,-8.99514258e-02, 7.68525219e+00,-7.60466140e-03,
   6.24851584e-02},
 {-8.88849609e-03,-2.52950527e-02,-8.93704668e-02, 3.67865980e-01,
   2.06688836e-01, 9.05928165e-02, 3.07465531e-03, 7.94372702e+00,
  -2.82108709e-02},
 { 2.46557638e-01, 6.74495697e-02, 1.79302227e+00,-3.23660398e+00,
  -3.38731217e+00,-2.54152775e+00, 1.12389140e-01, 1.12963520e-01,
   5.44494009e+00},
 { 2.37586713e+00,-3.13059402e+00, 3.03030825e+00, 1.52357742e-02,
  -1.42378407e-03, 6.39913650e-03,-1.06533422e+01,-5.49107138e-03,
  -1.49802426e-02},
 { 3.16908285e-02,-6.49060532e-02, 6.17736220e-01,-2.56343532e+00,
  -4.47666019e-01,-2.24495912e+00, 2.78908834e-02, 2.32070088e+00,
   4.04167032e+00},
 { 2.67337617e-02, 1.23830372e-02, 2.40972090e+00, 3.05167842e+00,
   7.94630647e-01,-2.42744517e+00, 3.93521860e-02,-9.35645103e-01,
  -3.62266731e+00},
 { 4.21370659e-03,-1.91091187e-02, 2.50138879e+00,-3.38307309e+00,
   8.07325780e-01, 3.08072042e+00, 2.17857659e-02,-5.17540097e-01,
  -3.62307620e+00},
 { 1.27787944e-02,-3.22879218e-02,-1.22617769e+00,-6.70559049e-01,
   2.75222883e-02,-4.47309524e-01, 3.17046382e-02, 1.57836664e+00,
  -5.63735306e-01},
 { 9.48704854e-02, 2.38268580e-02,-1.13003159e+00, 3.70771551e+00,
  -8.42155237e-03,-7.09501624e-01,-4.12859358e-02,-3.50860214e+00,
   2.74268961e+00},
 {-3.26873595e-03,-1.47641392e-03,-1.21650316e-01, 1.32304227e+00,
   3.34110236e+00,-1.09722996e+00,-9.77049954e-03, 9.58263969e+00,
  -1.75312627e-02},
 { 2.88887508e-02, 2.95960382e-02, 6.63961768e-01,-7.50031412e-01,
   2.08460093e+00,-2.75457692e+00,-2.27602329e-02, 5.46670628e+00,
   1.65917814e-01},
 { 1.51380142e-02, 5.45027517e-02,-1.27941096e+00, 2.51053834e+00,
   3.13163185e+00, 1.57631591e-01,-4.25091907e-02,-6.37015915e+00,
  -3.51030207e+00},
 { 3.45002264e-02, 2.94777937e-02,-6.95128393e+00, 2.50757039e-01,
  -1.64184463e+00, 1.28325498e+00, 5.39382286e-02,-2.64474130e+00,
  -2.98316407e+00},
 { 4.26190011e-02, 5.37482500e-02,-2.98578262e-01,-2.10434049e-01,
   9.97258842e-01, 5.99109828e-01, 5.15418835e-02,-3.48004103e+00,
  -2.79897070e+00},
 { 3.50330281e-03,-3.19388956e-02,-3.38606209e-01, 1.61759090e+00,
  -5.68300676e+00,-1.32078946e+00, 2.74839113e-03, 1.15305977e+01,
  -2.02086307e-02},
 {-3.39482948e-02, 8.36635940e-03, 1.00495636e+00,-3.32669728e-02,
   1.41822547e-02,-8.76137447e+00,-3.70914023e-03, 4.73368317e-02,
  -2.50281468e-02},
 {-2.54544057e-02, 8.08006898e-03, 2.29931355e+01, 8.78576282e-03,
   2.51473440e-03,-2.40605354e-01, 1.93499513e-02,-2.97833001e-03,
  -6.37625437e-03},
 { 5.65807390e+00, 3.09008360e-01, 5.91690111e+00,-6.58221468e-02,
  -4.52785334e-03,-5.22356629e-02,-1.36976089e+01,-2.55140327e-02,
  -5.91973215e-02},
 { 4.42508124e-02, 2.29335632e-02, 1.32657766e+00, 4.01200676e+00,
   7.22175717e-01, 1.31539106e+00, 4.45202701e-02, 2.39871502e+00,
  -2.17558146e+00},
 { 2.96480618e-02,-2.18470357e-02, 5.22102416e-01, 3.31827140e+00,
  -2.34602118e+00, 2.27164745e+00, 5.16702123e-02, 3.54534340e+00,
   4.74172783e+00},
 { 3.06411833e-01, 1.38886225e+00,-9.89823151e+00, 8.68914574e-02,
   1.61205810e-02, 8.26124251e-02, 7.09948587e+00,-3.90264043e-03,
  -3.79930288e-02},
 {-2.76506400e+00, 2.50021839e+00, 8.74991417e+00,-1.02784894e-01,
   2.09230945e-01,-1.07026927e-01,-2.79188895e+00,-4.83854115e-02,
   1.44066200e-01},
 {-1.33702433e+00, 4.82249498e+00,-1.96750009e+00, 6.54054210e-02,
  -2.98519488e-02,-2.61024565e-01,-4.81125069e+00, 7.10933357e-02,
   5.85822854e-03},
 { 2.56640222e-02, 3.55609250e-03, 2.02315941e-01,-1.72575474e+00,
  -2.53544211e-01,-1.68244362e+00,-8.57721642e-03, 3.25430727e+00,
  -7.62777925e-02},
 { 4.96290140e-02,-1.14184365e-01, 1.51783776e+00,-1.79721434e-02,
  -1.24714160e+00, 1.38080764e+00, 6.07605418e-03,-7.52157152e-01,
  -5.10868597e+00},
 { 3.17291665e+00, 2.16782951e+00, 3.64683437e+00, 5.11971069e-03,
   5.00894152e-02,-3.89225036e-03,-1.85531473e+00,-1.73354328e-01,
  -2.71319747e-02},
 { 2.23112516e-02, 1.47938281e-02,-2.95197945e+01,-3.41526233e-02,
  -1.75986975e-03, 1.52425349e-01,-6.23520613e-02, 3.79286073e-02,
   2.88261287e-02},
 { 4.74108011e-02, 1.55790141e-02, 4.83834410e+00, 1.52942002e+00,
   1.38882613e+00, 1.16655254e+00,-5.47280051e-02,-4.03588724e+00,
   2.93159699e+00},
 { 1.79095101e+00, 1.12265289e+00,-3.47555995e+00, 1.26060639e-02,
  -2.97524147e-02,-1.98320877e-02, 5.87586451e+00, 2.75215190e-02,
  -2.07500607e-02},
 { 2.59311427e-03,-5.49049350e-04,-4.65094662e+00, 1.23641777e+00,
  -1.61834407e+00,-1.51566887e+00,-1.83847696e-02, 4.03641939e+00,
   3.10158563e+00},
 { 1.80070531e-02,-8.04554820e-02,-1.14072025e-01, 2.60424781e+00,
   2.61494231e+00,-2.25076437e+00, 2.51088832e-02,-5.10133505e-01,
   2.34759378e+00},
 {-3.25614643e+00, 6.32690430e+00,-5.08498847e-01, 5.20291831e-03,
  -2.56649368e-02,-2.94062436e-01,-1.34939837e+00, 2.37689033e-01,
  -1.00537986e-01},
 { 1.83873355e+00, 6.23346925e-01,-3.96587229e+00, 7.82749578e-02,
  -2.11110730e-02,-2.56069889e-03, 4.14020824e+00, 6.09890968e-02,
   1.92206018e-02},
 {-2.62060831e-03, 3.95930521e-02,-3.27030092e-01,-1.43545794e+00,
  -3.49379039e+00, 4.51292133e+00, 2.05389801e-02,-3.42229366e+00,
   1.83151029e-02},
 { 1.06296539e+00,-3.18804765e+00,-2.35980105e+00, 5.55484034e-02,
   1.57821942e-02,-1.41699433e-01, 4.72128487e+00,-1.49499653e-02,
  -1.76555123e-02},
 { 3.67913103e+00,-6.50431514e-01,-7.91335773e+00, 1.52595341e-01,
   1.31343091e+00, 7.50063062e-02, 3.00446725e+00,-3.86620611e-01,
   3.13293958e+00},
 {-3.31598707e-03,-6.74708840e-03, 5.32847568e-02,-2.18637657e+00,
  -3.23657298e+00,-1.31845117e+00, 2.87256809e-03, 2.35341406e+00,
  -8.95598307e-02},
 {-2.15088463e+00,-4.40369177e+00,-1.62675810e+00, 4.70105298e-02,
  -5.24082519e-02, 8.75651687e-02, 3.55123091e+00, 9.78714824e-02,
  -2.68242843e-02},
 { 9.51437712e-01,-3.61395665e-02, 9.37600327e+00, 4.17584851e-02,
  -3.64837260e-03, 7.80685544e-02,-1.36909640e+00,-1.52129516e-01,
  -4.23645765e-01},
 { 2.15294552e+00,-1.56352356e-01,-3.16388869e+00,-3.99159163e-01,
   2.74637485e+00,-3.08465809e-02, 3.74366474e+00,-3.99833292e-01,
  -1.57250786e+00},
 {-6.13595266e-03,-3.98496985e-02,-2.24657583e+00, 4.10988855e+00,
   4.35191005e-01,-4.98560697e-01, 7.89751858e-02,-6.37200260e+00,
  -1.83356559e+00},
 { 2.92111397e+00, 3.17537189e+00,-3.42349648e+00, 4.71556820e-02,
  -4.65607494e-02,-1.85572580e-02, 1.06009607e+01,-6.10805256e-03,
   1.67184565e-02},
 { 1.90552616e+00, 3.26376033e+00,-3.75984550e+00, 5.05900430e-03,
   2.58829398e-03, 2.85146758e-03, 1.01896801e+01,-2.57597421e-03,
   1.84708927e-02},
 {-1.69571880e-02,-2.41260026e-02, 4.46243659e-02, 3.93894196e+00,
  -4.40003008e-01,-1.47187606e-01,-1.48209147e-04, 9.08710575e+00,
   1.18810507e-02},
 { 3.19242254e-02, 2.25909770e-01,-1.22848072e+01,-2.53496245e-02,
   4.57371846e-02, 6.75077677e-01,-2.28405759e-01,-7.92591944e-02,
   1.62092477e-01}};

const float b1[sz_hid_1] = { -7.370418  , -6.269512  , -4.892505  , -1.8411072 , -3.6601586 ,
  -4.274618  , -1.1988301 , -1.8297197 , -5.0343275 ,  1.7922176 ,
  -8.607807  , -5.3084993 ,  1.4470062 , -6.544587  , -0.8012417 ,
  -4.574313  , -5.5880833 , -6.0860605 , -3.8349512 , -7.3153405 ,
  -6.3836374 , -3.5115829 , -7.1575594 , -4.98437   , -6.9085927 ,
  -9.6563425 , -6.04448   , -3.5576239 , -6.4216537 , -3.3769553 ,
  -2.300591  , -8.3312025 ,-11.310001  , -7.784887  , -7.959395  ,
  -1.8106371 , -7.265508  ,  0.5148922 , -6.462372  , -5.033227  ,
  -9.669152  , -5.726014  , -3.2961767 , -7.3451405 , -3.9837615 ,
  -1.9730207 , -7.1323085 , -0.9149862 , -3.5495718 , -2.424358  ,
  -4.0701866 , -5.3571663 , -5.9100523 , -6.6273346 , -4.337556  ,
  -3.3810003 , -3.899351  , -7.066916  , -3.7032647 , -2.5664945 ,
  -4.071936  , -5.053316  , -7.73212   , -1.1930656 , -1.5668014 ,
  -3.0608695 , -4.139441  , -4.322795  , -4.817428  , -5.147619  ,
  -3.5691493 , -4.1549973 , -6.456895  ,  0.77651197, -2.9225333 ,
  -1.3514335 , -5.704091  , -1.3517131 , -2.9660654 , -2.6895556 ,
  -2.6565685 , -1.9341465 , -5.890717  , -6.4277415 , -3.2379656 ,
  -6.3503323 , -7.9061565 , -4.8527575 , -3.2112117 , -3.8516393 ,
  -0.10995765, -4.0483828 , -7.9947615 , -4.540441  , -3.4784644 ,
  -3.66997   , -1.7062125 ,  0.38963172, -0.8401837 , -0.03146735,
  -5.602605  , -3.7454545 , -4.312547  , -6.3392444 , -5.1615577 ,
  -4.660571  , -1.3630112 , -4.3315663 ,  0.09771909,  0.03997532,
  -2.4156482 , -2.6784997 , -2.1281786 , -3.6041129 , -6.039243  ,
  -0.23482434, -4.987401  , -3.0073345 , -9.947231  , -1.6974918 ,
  -3.9653366 , -2.950964  , -6.785068  , -4.3185773 , -8.784152  ,
  -7.9020343 , -4.818234  , -0.8285038 };

const float w2[sz_hid_2][sz_hid_1] = {{ 2.23574564e-02,-3.85895014e+00, 1.18092537e-01,-1.85671642e-01,
   1.38639641e+00,-8.19660723e-03,-4.25487058e-03,-8.13542772e-03,
  -2.66852915e-01,-1.23981453e-01,-5.98549098e-02, 9.45319414e-01,
   1.26200163e+00, 1.29019332e+00, 4.48315769e-01, 1.97068059e+00,
  -1.72374230e-02,-1.88203764e+00,-2.37338915e-02, 9.47274547e-03,
  -6.59301132e-02,-2.09629238e-02,-3.57741642e+00,-4.93275821e-01,
   7.69330328e-03, 7.46025741e-01, 5.23560196e-02,-5.32657914e-02,
  -1.40727982e-01,-1.85072616e-01, 8.58007185e-03, 2.01717496e+00,
  -2.50724316e-01, 9.77224648e-01,-1.05699313e+00,-1.76150292e-01,
  -9.87312019e-01, 2.41620243e-02, 1.45429578e-02,-1.94903582e-01,
  -1.79436731e+00,-4.28938007e+00,-9.70504433e-02,-2.21364334e-01,
   7.43028820e-02, 3.68324280e-01,-1.45509437e-01,-5.90927839e-01,
   5.01698963e-02, 7.08284155e-02, 1.00192890e-01, 7.56421406e-03,
  -4.84744668e-01, 1.00852855e-01,-7.88544193e-02, 3.56494896e-02,
  -5.39960619e-03, 7.35795307e+00,-5.50263822e-02, 2.41085315e+00,
   1.44515559e-01, 2.04763818e+00,-1.06928456e+00,-1.18369497e-01,
  -9.10133123e-03, 7.46521726e-02,-2.58570090e-02, 1.74065772e-02,
  -2.47326819e-03,-5.01667678e-01,-1.34943116e+00,-2.99625069e-01,
   5.54845512e-01,-5.48802540e-02, 1.43440521e+00, 3.52351628e-02,
   5.26880175e-02, 2.71423142e-02,-1.31736350e+00, 4.08376396e-01,
  -1.10269347e-02, 1.79529756e-01,-2.86854148e-01,-5.13140447e-02,
   1.23738840e-01, 1.49463937e-02,-1.45229340e-01, 2.28186831e-01,
  -1.57789421e+00, 7.22751021e-02, 5.22675872e-01, 8.09114277e-01,
  -6.06240129e+00,-4.46729565e+00,-7.57482573e-02, 4.53299321e-02,
  -1.54530387e-02,-1.83239281e+00, 1.01039879e-01, 8.75156522e-02,
  -7.20165744e-02,-6.72274470e-01,-3.60736921e-02, 5.92641383e-02,
   2.30083149e-02,-5.92346815e-03, 6.45573044e+00, 1.82362106e-02,
  -6.26054928e-02,-8.81193876e-02,-3.68104801e-02, 1.40232250e-01,
  -3.19624633e-01, 3.33381146e-01,-1.55025627e-02, 7.95629323e-02,
   5.37993908e-01,-8.45666602e-02,-4.12702858e-01,-1.51414290e-01,
  -1.27058998e-02,-2.71860920e-02, 2.90398026e+00,-1.57950032e+00,
   1.78912386e-01, 3.51637937e-02,-9.86223996e-01, 5.88200629e-01},
 { 1.93996549e+00, 1.93161428e+00,-3.65741253e-01,-2.35642362e+00,
  -1.28704667e+00,-5.27063847e+00,-2.09638588e-02,-5.69313943e-01,
   6.85003281e-01,-2.31355000e+00,-4.81850052e+00,-4.77416611e+00,
  -8.98870453e-02,-3.17390263e-01, 3.77133322e+00,-8.58071625e-01,
  -1.07548051e-01,-1.67329788e+00, 7.06062555e-01,-4.38282108e+00,
   9.92098808e-01, 1.31447822e-01,-3.73478270e+00, 1.56603324e+00,
  -8.73198807e-01,-3.63717055e+00, 7.03488588e+00, 1.73879182e+00,
  -5.80040169e+00,-2.62902641e+00, 1.49832165e+00,-7.58008146e+00,
  -2.15483332e+00, 2.97230577e+00, 1.29186714e+00, 6.33131802e-01,
  -5.23194265e+00,-1.84873044e-01, 6.68642461e-01, 2.90276170e-01,
   2.38632774e+01,-5.82405746e-01,-3.47667623e+00,-1.15915596e+00,
  -2.51659060e+00,-4.49958473e-01,-2.41057301e+01, 1.31248617e+00,
   2.27762485e+00, 9.25660551e-01,-4.35329056e+00, 1.91970134e+00,
  -3.77598852e-01,-2.81335926e+00,-8.82850528e-01, 2.42929173e+00,
  -4.25501204e+00, 1.85800016e+00, 5.96880317e-01, 5.75550675e-01,
   4.15067911e+00,-1.03419401e-01, 9.01862264e-01,-3.48990870e+00,
  -1.90486836e+00,-1.58181262e+00,-2.72678912e-01, 1.52386403e+00,
   1.14285752e-01,-3.47201014e+00,-5.30674942e-02, 5.73877871e-01,
  -6.17692804e+00,-5.01014404e-02, 6.05431736e-01, 9.99036252e-01,
   5.25762737e-01, 7.41937220e-01, 1.55104101e+00, 1.84744346e+00,
  -1.15419853e+00, 7.32088685e-02,-3.98401904e+00,-1.32146168e+00,
  -1.13265479e+00, 9.47970152e-02, 3.77965331e-01, 3.40263891e+00,
   3.61485696e+00, 2.41352224e+00, 1.22025025e+00,-3.64932895e+00,
   3.72612667e+00,-4.18434954e+00,-5.90882786e-02,-1.35968411e+00,
   2.64902830e-01,-1.15657188e-02, 4.19708908e-01, 2.57847667e+00,
   2.42621079e-02,-2.20275950e+00, 3.30597687e+00, 6.45847738e-01,
  -6.49932206e-01,-3.06764632e-01, 3.92032719e+00, 1.30652618e+00,
  -3.82506281e-01, 1.17229772e+00, 3.04109484e-01, 5.70446301e+00,
  -1.10280704e+00,-2.15472555e+00,-4.51946557e-01, 2.55046225e+00,
  -3.23295414e-01,-2.08502603e+00, 1.50856626e+00,-5.00101864e-01,
  -3.63669944e+00, 7.07218051e-01,-1.24605932e+01,-4.41981822e-01,
  -4.96178716e-01,-1.28626898e-01, 3.89033985e+00,-2.06491184e+00},
 {-7.74027929e-02,-4.12606373e-02,-1.60116870e-02,-4.93223369e-02,
   4.99870740e-02,-1.50810331e-01,-1.09243346e-02,-1.60034653e-02,
  -7.66402557e-02,-1.23689556e-02,-5.77130988e-02,-9.24206153e-02,
  -1.39100939e-01,-3.79109941e-02,-9.09246504e-02,-5.24645264e-04,
   4.23262268e-02, 1.55045036e-02,-4.64729965e-02,-3.85168754e-02,
  -5.66421300e-02,-1.12799540e-01,-3.85953672e-02,-1.32435516e-01,
   2.50216341e-03,-2.49837916e-02,-1.01504378e-01,-1.26269385e-01,
   7.11976411e-03,-1.10429049e-01,-1.11811705e-01,-8.42851624e-02,
  -7.61773884e-02,-2.47671939e-02,-1.61529034e-01,-8.61454085e-02,
   6.79841638e-02,-6.48925006e-02,-1.49451075e-02,-8.62079933e-02,
  -3.54707800e-02,-1.31750464e-01,-7.00716674e-02, 2.92865913e-02,
  -4.98191826e-02,-4.77021374e-02,-1.11722142e-01,-4.74791275e-03,
  -8.51503946e-03,-9.70734134e-02,-1.06486052e-01, 3.24504887e-04,
   6.56195625e-04,-3.55972648e-02,-3.95459756e-02,-3.01846545e-02,
  -4.34745587e-02,-1.21334605e-02, 1.62284039e-02,-4.52039726e-02,
  -7.47471526e-02,-4.74756956e-02,-2.37545837e-02,-8.25183187e-03,
  -6.42715096e-02,-2.08128672e-02, 3.66836414e-02,-2.09924821e-02,
  -6.30419552e-02,-5.34218624e-02,-3.41338255e-02,-6.77697584e-02,
  -9.07953456e-02,-3.71534266e-02,-6.04003808e-03,-3.51452939e-02,
  -1.21823385e-01,-8.67052525e-02,-2.32271887e-02,-3.76134440e-02,
   8.55200179e-03,-4.70247902e-02,-1.34356067e-01,-6.40133619e-02,
  -1.06621310e-01,-1.13924928e-01,-1.00273229e-01, 2.50660926e-02,
  -1.04416413e-02, 4.06972226e-03,-8.77263397e-03,-2.20684167e-02,
   4.42407019e-02, 2.68683285e-02,-5.97690530e-02,-5.38904592e-02,
  -1.55761875e-02,-9.28454027e-02,-1.40007928e-01,-1.07669957e-01,
   1.15918936e-02, 2.70871017e-02, 2.14514788e-02,-2.25686990e-02,
   5.34580648e-02,-1.37506276e-01,-1.27730086e-01,-7.71745443e-02,
   2.95939688e-02,-6.08448014e-02,-1.15331270e-01,-1.88547857e-02,
  -6.47879466e-02,-6.64518625e-02,-1.53973494e-02,-7.61943981e-02,
  -1.19879507e-01,-9.65467468e-02,-3.40661802e-03, 1.07011003e-02,
  -4.03684974e-02,-1.86601635e-02, 3.86129096e-02,-4.05405760e-02,
  -1.04547188e-01,-1.20388828e-01,-8.40789732e-03,-8.74322490e-04},
 { 8.24125230e-01,-5.33891773e+00,-2.20708442e+00, 5.08476686e+00,
   1.48394078e-01,-5.69678259e+00, 4.10996103e+00, 9.40748215e-01,
  -2.55534840e+00, 2.90427470e+00,-6.67458248e+00,-6.98021317e+00,
   1.68715879e-01, 3.54321027e+00, 5.36870432e+00, 6.35122657e-01,
   6.83212280e-01, 4.73414469e+00,-5.11485481e+00, 4.60740852e+00,
   1.30050492e+00, 4.16669458e-01,-9.85134363e-01,-2.97580862e+00,
   1.31425306e-01,-5.16166925e+00, 5.74557400e+00, 3.13870931e+00,
  -5.68245590e-01, 2.50597262e+00,-5.90840876e-01, 1.91440689e-03,
  -2.81469822e+00, 1.10804729e+01,-8.94960213e+00, 3.97853583e-01,
   4.29104948e+00,-1.12600374e+00,-2.62326908e+00,-3.37564135e+00,
  -1.10709739e+00, 3.96401525e+00,-2.18703580e+00,-3.18711281e+00,
  -3.76114440e+00, 3.13615131e+00, 1.13156104e+00,-1.93254030e+00,
  -1.25327718e+00,-2.30892420e+00, 1.95173669e+00,-4.02657032e+00,
   1.70052016e+00, 1.49093732e-01, 1.35625935e+00,-4.09677362e+00,
   5.16794729e+00, 1.16117001e+01, 2.43907928e+00, 4.73788112e-01,
  -1.67114162e+00, 2.20634937e+00, 1.23510618e+01, 8.41372669e-01,
  -3.15833616e+00, 5.32937527e-01, 9.64508235e-01,-1.07393801e+00,
  -2.17456079e+00,-3.38256669e+00,-3.38921595e+00, 5.85004139e+00,
  -4.83427620e+00,-1.54984581e+00,-2.61046386e+00, 8.38943124e-01,
  -1.62697279e+00,-1.26255083e+00, 2.03097153e+00, 2.26348782e+00,
   2.67972767e-01, 1.97614521e-01, 5.08685637e+00,-1.46960527e-01,
  -3.29595542e+00, 2.14776874e+00, 4.95093822e+00,-5.93078017e-01,
   1.60064554e+00,-4.70794821e+00,-1.47111006e+01,-3.80326748e+00,
   7.73474813e-01,-3.95285577e-01,-1.76005280e+00,-1.64001837e-01,
  -6.43420935e+00, 1.88874269e+00,-5.36516249e-01,-6.08357787e-01,
   4.66314650e+00,-5.02407742e+00,-8.52674294e+00, 2.00245194e-02,
  -1.33872497e+00,-1.75021696e+00,-3.78867030e+00,-2.04440403e+00,
   8.28907788e-01, 1.60943061e-01, 6.07525826e-01,-2.24516726e+00,
  -3.33599997e+00, 1.26046991e+00,-1.91353574e-01,-4.79539824e+00,
  -1.84599906e-01, 3.75030231e+00, 1.64559937e+00, 1.46130443e+00,
   2.58854985e+00, 1.74525127e-01, 1.42826021e+00, 4.90378946e-01,
   4.17867422e+00,-3.49251413e+00, 1.74064600e+00, 2.46088862e+00},
 {-6.21819258e-01,-2.42894053e+00,-7.35813236e+00, 1.57939637e+00,
   2.12238908e+00, 2.32760355e-01,-9.52631891e-01, 1.67105150e+00,
  -1.03336179e+00, 1.72441900e+00,-4.70303154e+00, 5.38519669e+00,
  -2.95522422e-01,-9.68546581e+00, 1.71332133e+00, 2.53503585e+00,
   2.19437647e+00, 7.77959824e+00, 1.39679434e-03,-3.30119753e+00,
   2.55269527e+00, 1.37513006e+00, 3.14142966e+00,-1.31410158e+00,
   4.81353045e-01,-7.28114939e+00,-1.83253074e+00, 1.35199153e+00,
  -4.74287558e+00,-1.24356174e+00,-1.75354660e-01, 1.98686039e+00,
  -7.61483371e-01,-6.21127033e+00,-9.74643898e+00,-6.43376112e-01,
   2.25911260e+00, 2.88339710e+00, 2.14963436e+00,-1.70310616e+00,
   2.25874829e+00,-3.64987046e-01, 2.56622839e+00,-1.11253920e+01,
  -5.95214128e+00,-3.30501914e+00, 8.45664501e-01, 4.00950760e-01,
  -8.50824475e-01,-5.79235852e-01,-1.12094765e+01,-2.39656806e-01,
  -6.76622868e-01,-4.84840488e+00, 7.07084596e-01,-1.64277494e+00,
   1.41994381e+00, 3.03695774e+01, 3.72338843e+00,-3.72145343e+00,
  -3.62577462e+00,-1.74448335e+00,-5.39036846e+00, 1.78548753e-01,
  -9.51025903e-01, 3.91245961e-01, 4.24062490e-01,-6.89020872e-01,
  -1.12776113e+00,-1.51540649e+00, 2.60502744e+00, 4.08098745e+00,
  -3.36506414e+00,-3.58697653e-01,-1.98743129e+00, 1.05785823e+00,
  -3.52245712e+00,-1.26514590e+00, 1.20695627e+00, 1.73284197e+00,
  -6.09421134e-01, 9.06364441e-01, 4.43127871e+00,-1.68605769e+00,
  -4.04511404e+00, 1.12446107e-01, 4.10461378e+00,-2.57546673e+01,
  -7.66903400e+00,-2.50037074e+00,-4.53655100e+00, 9.80013549e-01,
   8.91501808e+00,-2.12306261e+00, 4.67458695e-01,-1.28996825e+00,
   3.81688690e+00, 1.87088549e+00, 8.94721806e-01,-1.15826476e+00,
   4.77108383e+00,-4.16663647e-01,-6.69358969e-01,-4.45037842e-01,
  -9.01452780e-01,-6.64054751e-01,-2.12289262e+00,-6.83636308e-01,
   1.05056179e+00, 1.09182644e+00,-7.74912834e-02,-5.47425032e-01,
   5.25782347e-01, 1.53331116e-01,-3.10226887e-01,-5.50401688e-01,
  -1.12139612e-01, 1.74578917e+00,-5.99962890e-01,-1.26845038e+00,
   1.83312881e+00, 8.67387772e-01,-1.35786295e+00, 8.00177872e-01,
   3.33022094e+00,-2.35835195e+00, 7.86095187e-02,-2.41817880e+00},
 {-1.36116133e+01, 2.90331125e+00, 1.25829706e+01,-1.30295372e+01,
   5.65738857e-01,-3.34030032e-01,-1.84040689e+00,-1.71060443e+00,
   1.94417453e+00,-5.53279638e-01, 3.03337359e+00,-9.27390766e+00,
   2.93742955e-01,-1.45852213e+01,-9.02748680e+00, 6.71692753e+00,
   3.54528606e-01,-2.80343962e+00, 2.16299027e-01, 3.15941513e-01,
  -2.68140659e-02,-1.27352691e+00, 1.59072666e+01, 4.02358818e+00,
  -7.74796009e-01, 4.85051775e+00, 1.21660566e+00,-7.72351122e+00,
   2.57286215e+00, 5.16895866e+00, 5.96422315e-01,-3.56004596e-01,
   3.08310986e-01, 1.60718441e+00,-2.13232555e+01,-1.16923293e-02,
   3.61660290e+00,-1.84323323e+00,-7.40260696e+00, 5.14850760e+00,
  -4.58769321e+00,-9.82280922e+00, 7.26300418e-01, 1.14306040e+01,
   2.09492850e+00,-7.28027916e+00, 7.04392314e-01, 2.47586608e+00,
   5.55161059e-01, 2.80400319e-03,-1.05568991e+01, 9.01275253e+00,
   3.06444335e+00, 1.11874831e+00,-7.71491110e-01, 1.12303364e+00,
  -2.23183539e-02, 6.00681591e+00,-1.23032963e+00, 9.51552570e-01,
   3.45238709e+00, 3.12146211e+00,-1.54274378e+01,-1.35041201e+00,
   6.33794010e-01, 2.42945194e+01, 1.32608187e+00, 2.64217734e-01,
   4.60328698e-01,-1.77336445e+01, 5.96674919e+00,-7.37664366e+00,
   7.24808121e+00, 8.36375296e-01,-6.70537996e+00,-4.14574146e-02,
   3.21178555e+00, 1.23217177e+00,-5.44429794e-02, 5.83947539e-01,
   6.56661153e-01, 3.54240537e+00,-3.84498382e+00, 2.95844316e-01,
  -1.13995183e+00,-3.75381596e-02,-3.42823076e+00,-8.45834923e+00,
  -1.35061300e+00, 1.84889162e+00,-6.84817743e+00, 3.07159215e-01,
  -2.22768459e+01,-4.96545172e+00,-3.89742589e+00, 3.81437516e+00,
  -1.59588385e+01,-5.52701616e+00,-2.44334507e+00, 1.31823015e+00,
  -4.01302958e+00,-2.23037672e+00, 2.74021953e-01, 2.23358750e-01,
   3.21561337e-01, 8.53783131e-01, 5.93636942e+00, 7.39393902e+00,
  -3.14819634e-01,-1.04162240e+00, 5.16373515e-01,-2.95053184e-01,
  -1.37548661e+00, 6.19195811e-02, 6.61162674e-01,-9.40567404e-02,
   2.69936752e+00,-1.34166849e+00, 4.27177489e-01,-4.15850687e+00,
  -1.26640940e+00,-5.58616877e-01, 1.51383150e+00,-2.79362142e-01,
  -4.26861525e+00, 2.38279009e+00, 7.47158480e+00,-1.04443383e+00},
 { 5.37789106e+00, 1.70221591e+00,-8.19965649e+00, 7.22424805e-01,
  -1.06442627e-02, 3.95495009e+00, 3.18320107e+00, 2.23411012e+00,
  -6.76389933e-01,-1.20996869e+00,-1.89588356e+00, 8.24522781e+00,
  -9.79925692e-01, 2.25896049e+00, 1.03519220e+01,-2.04630661e+00,
  -2.30098009e+00, 2.55164862e+00,-1.09817924e+01, 3.37077141e+00,
  -1.43244135e+00, 1.64086431e-01, 8.40167522e+00,-2.37477112e+00,
   1.65682007e-02,-2.14469051e+00, 9.00548267e+00,-2.50312924e+00,
  -6.50423527e+00,-2.70940185e+00,-1.02194881e+00,-1.32865906e+01,
  -3.17049551e+00, 1.14600372e+00, 2.78599906e+00,-1.51645851e+00,
   1.00253029e+01,-2.23377562e+00,-2.12401032e+00, 2.96526015e-01,
   2.50465298e+00,-9.92390633e-01, 7.62217462e-01,-6.50628686e-01,
   2.64224052e-01, 7.38233149e-01,-1.64023840e+00, 3.32964206e+00,
   2.93401390e-01,-1.59184885e+00,-6.97747326e+00,-3.15303147e-01,
  -2.77079034e+00,-3.39813137e+00, 5.00333667e-01,-5.32270861e+00,
  -1.28253043e+00, 6.83920956e+00, 1.34670651e+00,-2.58152652e+00,
   2.49594212e-01,-1.15911365e-02, 1.11626339e+01, 3.07909042e-01,
  -7.84833193e+00, 3.34999132e+00,-2.70267218e-01,-2.15154327e-02,
  -2.10253790e-01,-5.26173639e+00,-1.18007135e+01, 3.03224611e+00,
  -5.73606431e-01,-2.42339611e+00,-2.84187705e-03,-7.33618081e-01,
  -1.35241306e+00,-1.06820655e+00,-6.65147752e-02, 3.79705930e+00,
  -1.11319423e+00, 1.81266665e+00, 2.85209918e+00,-9.62469280e-01,
  -3.26318908e+00,-1.02095108e+01, 3.67352796e+00, 3.40230846e+00,
   3.45603228e+00, 3.18741274e+00,-9.87649918e+00,-1.82287776e+00,
  -4.38875771e+00,-7.27914095e+00,-1.26027405e+00,-4.83351529e-01,
  -1.06381643e+00, 1.27748108e+00, 8.69996250e-01, 5.44676423e-01,
   1.71942818e+00,-1.04821408e+00, 2.12106419e+00,-7.34135747e-01,
   8.84270906e-01,-5.83438814e-01,-5.77209663e+00, 4.69569653e-01,
  -1.26334238e+00,-7.09202528e-01,-2.38151050e+00,-7.08331883e-01,
  -3.12989688e+00,-1.55853546e+00,-2.27755487e-01,-1.75048351e+00,
  -1.41683960e+00, 1.53165710e+00,-3.65359354e+00, 1.09623528e+00,
  -1.40434325e+00, 1.73806548e-01,-1.26892284e-01,-2.26742363e+00,
   5.41643906e+00,-3.32881236e+00,-3.48705679e-01, 7.38252178e-02},
 {-2.63356417e-01,-1.67347479e+00, 2.94398427e+00,-1.86140627e-01,
   7.50235260e-01, 4.39365208e-01,-1.05853486e+00, 1.20745444e+00,
  -1.68221247e+00,-4.09468222e+00, 2.10018516e+00,-6.71906352e-01,
   3.23947161e-01, 1.06236684e+00,-7.31788218e-01,-4.44514304e-01,
   7.77942610e+00, 2.21738338e+00, 7.91600943e+00,-1.20410812e+00,
  -3.71781158e+01, 2.26535654e+00, 2.10136151e+00,-5.39756250e+00,
  -6.74980736e+00,-8.64417136e-01, 7.78445721e+00,-2.14094400e+00,
   6.04062510e+00,-7.43432641e-01,-4.73539066e+00, 6.10238695e+00,
  -5.84777927e+00,-5.62744558e-01,-7.09071994e-01, 1.34321308e+00,
   3.57847452e+00, 7.80256927e-01, 1.82872951e+00, 4.77900922e-01,
   3.24164200e+00, 1.32453001e+00,-3.18497539e+00, 3.72091860e-01,
   9.93222237e-01,-9.83498916e-02, 2.55132198e+00, 1.72458851e+00,
   3.34345913e+00, 1.27791667e+00,-2.44721699e+00,-3.68199766e-01,
  -2.45483327e+00,-6.10493135e+00, 3.59977067e-01,-8.67616463e+00,
   4.29625928e-01, 2.43573499e+00,-7.13509142e-01,-2.51495385e+00,
   4.13678408e+00, 1.21765614e+00, 8.20098305e+00,-1.98150110e+00,
  -1.69376564e+00, 3.70141578e+00,-2.89299536e+00,-3.14315128e+00,
  -6.16854191e+00,-2.43750513e-02, 4.92195320e+00, 8.31700981e-01,
   5.36303425e+00,-1.33242989e+01, 6.91960528e-02, 1.93225488e-01,
  -2.90058708e+00,-2.92681193e+00,-5.66370070e-01, 3.46418333e+00,
   4.07326508e+00, 1.82515657e+00, 1.10407314e+01,-3.86394560e-01,
  -4.69321236e-02,-9.50219333e-02, 1.89374816e+00, 2.48906708e+00,
   2.69926578e-01, 2.51921082e+00,-8.41277301e-01,-8.39495659e-01,
   1.38632897e-02, 6.08920276e-01,-4.80503500e-01,-3.21290016e+00,
  -1.85584354e+00, 7.34819114e-01, 7.35523939e-01, 3.19675326e+00,
   4.77588129e+00,-7.72375286e-01, 1.43228436e+00,-1.29686060e+01,
  -1.28190441e+01,-2.13346660e-01,-3.34226537e+00, 4.70331383e+00,
  -4.89240825e-01, 1.01573336e+00,-2.53983164e+00,-3.36416483e+00,
  -4.19506693e+00,-1.97830474e+00, 9.31536436e-01,-1.65888405e+01,
  -1.09777784e+00, 5.95036888e+00, 3.82891726e+00,-8.20901811e-01,
   8.32923412e+00, 4.67945874e-01, 3.22993970e+00,-8.71091247e-01,
  -3.41760367e-01,-1.83069210e+01,-4.85482842e-01, 3.55070353e-01},
 {-6.64633512e+00,-7.32720554e-01,-1.98161435e+00, 3.23219180e+00,
   4.34305280e-01,-1.99938812e+01, 5.66418266e+00, 1.62194049e+00,
   1.20444238e+00, 6.56858504e-01,-7.29210901e+00,-5.39216852e+00,
   4.07540500e-01, 4.00307059e-01, 4.99352694e+00, 4.75161970e-01,
   1.53582990e-01, 2.95296335e+00,-6.40179777e+00,-7.08062172e+00,
  -6.58247530e-01, 6.82621598e-01,-6.54951811e+00,-1.37255013e+00,
   6.43705134e-04, 3.11730194e+00, 2.59843445e+00,-7.87527084e+01,
  -7.07249260e+00,-2.82205611e-01,-2.60314643e-01, 2.59309292e+00,
  -2.85579085e+00,-1.02604663e+00, 2.47337684e-01, 4.42256117e+00,
   3.42757416e+00, 1.28869057e+00,-7.41335917e+00,-3.89247060e-01,
   1.10527647e+00, 3.96744549e-01,-4.07020092e+00, 4.12638426e+00,
  -2.59887218e+00,-1.00743639e+00, 1.48296261e+00,-1.40774226e+00,
  -1.40671587e+00,-8.01648676e-01,-7.46356070e-01,-8.82782841e+00,
  -2.00408950e-01, 1.43223667e+01, 7.90472209e-01,-2.02603292e+00,
   4.06766272e+00, 1.00709925e+01, 2.71361589e+00, 1.97727525e+00,
  -6.82939351e-01,-2.30935621e+00,-9.87887669e+00, 2.50017792e-01,
   7.49464083e+00, 2.94575596e+00, 6.78522065e-02,-7.50264049e-01,
  -2.58541584e+00,-8.09421635e+00,-2.65421820e+00, 8.92977715e-01,
  -2.47877288e+00,-3.24904680e+00,-9.06823754e-01, 1.73546445e+00,
  -2.08686972e+00,-1.60662591e+00,-2.46425271e+00,-1.00951838e+00,
   1.08693552e+00, 2.39866912e-01, 5.04143763e+00,-1.09610152e+00,
  -7.47655916e+00,-2.07866240e+00, 6.97421122e+00,-1.70047724e+00,
  -1.02627528e+00,-3.11720967e+00, 1.89882851e+00,-1.97221994e+00,
   1.29467726e+01,-4.99394512e+00, 6.35757148e-01, 9.73648608e-01,
  -3.82619643e+00,-2.55069025e-02, 3.45812887e-01,-1.90490097e-01,
   3.49309683e+00,-1.33365250e+00,-4.12960720e+00,-2.08967045e-01,
  -5.32971919e-01,-4.21733633e-02, 3.84079218e+00,-3.74028832e-01,
   8.27648938e-02, 5.11289835e-01, 4.70786333e-01,-5.01237929e-01,
   6.46960378e-01,-5.91514778e+00,-1.23958337e+00,-2.20174313e+00,
  -6.58712626e-01, 3.41590333e+00, 9.66458380e-01, 2.32146382e+00,
   1.52789903e+00,-6.26948357e-01,-3.89767647e-01,-1.11464942e+00,
   5.27539444e+00,-3.28253675e+00, 1.04720855e+00, 7.90062785e-01},
 {-2.01439552e+01,-5.00369644e+00,-1.30632753e+01, 2.71234202e+00,
  -5.24645209e-01,-2.85827422e+00,-3.28496528e+00,-1.19568670e+00,
  -6.55991852e-01,-7.25235701e+00, 3.66816878e-01,-2.40713048e+00,
  -1.03098534e-01,-4.96899986e+00, 4.49008703e+00,-3.81371260e+00,
   2.76540160e-01, 2.62201762e+00,-3.93124080e+00, 1.43707430e+00,
  -8.61134887e-01,-1.53017104e+00, 6.60083008e+00, 7.98500729e+00,
   1.78803682e-01, 5.19807148e+00,-3.17619267e+01, 3.92463851e+00,
   4.58065480e-01, 2.32588553e+00, 5.83469629e-01,-9.97134507e-01,
   3.37090349e+00, 1.30060446e+00,-5.27534866e+00,-2.99451017e+00,
   2.91621065e+00,-2.61606336e-01,-6.91493320e+00,-8.92339528e-01,
   2.58431172e+00, 3.20405221e+00,-4.15483266e-01,-3.68868041e+00,
   1.95231915e+00, 4.72299767e+00,-5.18829918e+00, 8.36726487e-01,
   1.45212150e+00, 1.64626420e+00,-2.72120132e+01,-5.11506748e+00,
  -9.14291477e+00, 1.14721811e+00,-1.31354854e-01, 1.80568755e+00,
  -4.70064497e+00, 1.13766251e+01, 8.22336733e-01,-5.47472525e+00,
   5.00750732e+00, 2.35480881e+00, 6.46253586e+00, 1.09634578e+00,
  -4.28095007e+00, 2.97410941e+00,-1.26624763e-01, 3.65581483e-01,
   4.86150771e-01,-7.57589054e+00,-5.88310003e+00, 6.86613035e+00,
   8.61912155e+00,-1.98800671e+00,-5.54854059e+00,-2.11219525e+00,
   2.04079986e+00, 1.17710507e+00,-1.92882180e+00,-7.05632496e+00,
  -1.29892683e+00,-2.08123159e+00,-5.98621035e+00, 6.77409917e-02,
  -7.28762817e+00,-1.16433439e+01,-2.36117363e+00, 1.47991486e+01,
  -4.10576439e+00, 1.56848633e+00, 7.09582281e+00,-1.87255442e+00,
   9.06086159e+00,-1.03878107e+01,-3.90694082e-01,-1.04691875e+00,
   1.09500465e+01, 2.92413139e+00, 2.07676649e-01,-2.47952342e-01,
  -4.49844933e+00,-1.23421421e+01, 5.79438400e+00,-1.83177963e-02,
  -3.06767166e-01, 1.38180459e+00, 1.24607372e+00,-3.54550338e+00,
  -1.94974804e+00,-7.10428238e-01, 1.03625131e+00, 8.21131897e+00,
   4.04684877e+00,-7.88111210e-01, 7.55069256e-01, 5.66290045e+00,
   1.84311664e+00,-1.49672210e+00, 2.59464908e+00, 9.67938602e-01,
  -5.39439058e+00,-5.17504930e-01,-3.23319602e+00,-1.12342095e+00,
  -6.64796925e+00, 3.90063047e+00,-3.13529205e+00, 3.84993702e-01},
 { 4.42302704e-01, 9.61620510e-01,-4.78160810e+00, 5.15361357e+00,
   1.48131490e+00, 8.42598498e-01, 1.91582903e-01,-2.72299695e+00,
  -1.90004691e-01,-2.14288330e+00, 1.18852520e+01,-1.06628883e+00,
   4.26420495e-02, 2.31553793e+00, 7.56469917e+00, 3.88793135e+00,
  -6.02609932e-01,-5.37944853e-01,-2.63988590e+00, 1.39150572e+01,
   7.60622919e-02,-2.62741923e+00,-3.46783137e+00, 5.53239489e+00,
  -2.23804736e+00,-2.49630952e+00,-2.41989708e+01,-1.13643909e+00,
   4.48736936e-01, 1.14347315e+00, 1.02215421e+00,-1.92180672e+01,
  -1.40991364e+01,-1.56504583e+00,-1.00009346e+01, 3.50748539e-01,
  -3.81668895e-01,-4.60348845e-01, 5.29561400e-01, 1.33593750e+00,
   9.07844543e+00,-4.24684018e-01, 4.68783331e+00,-8.21306854e-02,
   1.26114523e+00, 4.44718122e+00,-4.74654865e+00,-2.75662374e+00,
   1.20674026e+00,-9.75744188e-01, 2.97035360e+00, 2.33431506e+00,
   2.70463371e+00,-3.00794792e+00,-3.25095129e+00, 1.20275569e+00,
  -8.04458201e-01,-2.80597591e+00,-2.00524855e+00, 1.09826887e+00,
   6.21564531e+00,-1.27063739e+00, 5.44687212e-01,-5.43229723e+00,
  -4.76786661e+00, 2.22386122e-01,-1.97600567e+00, 8.60965073e-01,
   5.58055460e-01,-6.38793039e+00,-5.18121338e+00,-1.29587758e+00,
   5.46645641e+00,-1.88225344e-01,-4.30498183e-01, 8.26966166e-01,
   1.95511484e+00, 1.24614799e+00,-2.68156552e+00, 7.44137228e-01,
  -7.09358931e-01, 9.95900631e-01,-1.28478551e+00,-4.04107511e-01,
  -5.36198854e+00, 1.74873841e+00,-7.92108679e+00,-3.29605401e-01,
   1.80784333e+00, 2.55890226e+00, 6.69846773e+00, 1.96241713e+00,
   4.06913185e+00,-3.98605180e+00,-3.45378089e+00, 3.42193365e-01,
  -2.39963293e+00, 3.26432467e-01,-5.31319499e-01, 3.95685267e+00,
  -3.87827945e+00,-1.38501346e-01, 2.21024013e+00, 6.72907293e-01,
   1.08677119e-01, 2.82241821e+00, 4.63232946e+00,-5.03316975e+00,
  -1.66632533e-01,-2.25607204e+00, 1.86345577e+00, 2.90954304e+00,
  -2.68406606e+00, 1.79820549e+00,-2.82179594e-01, 5.99997818e-01,
   7.59718120e-01, 7.56467342e-01, 3.62803149e+00,-8.75828803e-01,
   5.93172669e-01, 1.24549949e+00,-9.55859566e+00,-1.11530387e+00,
  -1.65498877e+00, 1.19337344e+00, 3.96916181e-01, 1.84075721e-02},
 {-5.43540567e-02, 9.69148254e+00, 6.38589323e-01,-3.11766416e-01,
   1.53953195e+00,-1.68022409e-01,-4.92644167e+00, 7.57525563e-01,
  -3.83515429e+00, 7.35142171e-01,-6.19962811e-01,-5.76619482e+00,
  -7.32018948e-02, 1.23969927e+01,-3.03457475e+00,-4.47023392e+00,
  -3.76978032e-02,-5.49673939e+00,-1.79936320e-01,-4.47389555e+00,
   8.94646168e-01, 6.40451550e-01, 1.20462761e+01,-5.30060410e-01,
  -1.87825121e-03,-1.79655242e+00,-3.11713338e+00,-5.42161703e-01,
  -2.79813915e-01, 1.02177439e+01,-1.52493909e-01, 1.51233792e+00,
   5.61430156e-02, 3.09785509e+00,-9.36229134e+00,-1.36594105e+00,
   1.26171713e+01,-7.04970980e+00,-1.59837008e-01,-4.31810260e-01,
   2.79931396e-01,-9.53506088e+00, 1.76786736e-01,-1.90206206e+00,
  -2.56548977e+00,-2.95717072e+00, 8.47197473e-01, 5.30601919e-01,
  -3.09949845e-01, 2.35317685e-02, 1.07727855e-01, 1.88272345e+00,
   6.68763590e+00, 6.35450855e-02, 4.98535514e-01,-6.22955263e-01,
   6.69598043e-01,-7.02315044e+00, 4.03474331e-01, 2.52448654e+00,
  -1.71337748e+00, 8.65023708e+00,-4.10877085e+00, 6.97820067e-01,
   2.36226058e+00, 6.91724181e-01, 4.90899682e-02,-1.36727896e-02,
  -5.63303053e-01, 1.76888213e-01,-2.46934319e+00,-2.74641848e+00,
  -2.06687188e+00,-1.64079756e-01, 3.80852771e+00, 4.05763835e-01,
  -1.55392683e+00,-6.49581671e-01, 5.51984310e+00, 5.40603876e+00,
  -3.10028583e-01, 5.97887850e+00, 3.11734128e+00,-6.34424984e-01,
  -5.73510313e+00, 8.67135450e-02, 6.90904796e-01,-7.12635803e+00,
   6.27547622e-01,-4.11728293e-01, 5.81024265e+00,-2.18141594e+01,
   1.26289368e+01,-3.10012388e+00,-5.62001991e+00,-8.42539847e-01,
  -2.28370532e-01,-7.62429667e+00,-2.21994519e+00,-4.78009552e-01,
   2.05561852e+00, 1.79647386e-01, 2.67054415e+00,-7.55069435e-01,
  -1.10368407e+00, 1.98756993e-01, 5.89600992e+00,-2.44890213e+00,
   4.94594246e-01, 3.74459356e-01, 1.17209041e+00,-1.92803815e-01,
  -7.18165064e+00,-5.36440992e+00,-4.03227568e-01,-3.93945277e-01,
   1.05523586e+00, 4.55470026e-01,-2.21183276e+00,-6.30123019e-01,
   8.86785328e-01,-3.49515826e-01,-8.29376876e-01,-2.00104046e+00,
   2.21407390e+00,-1.15759706e+00, 1.21425009e+01,-1.20408094e+00},
 {-5.27063560e+00, 4.44010496e+00,-4.19976711e+00, 6.73801422e+00,
   2.40477756e-01,-5.31497784e-02,-4.34818864e-02, 1.14966435e-02,
   3.66315097e-01, 2.92151589e-02,-3.96440893e-01, 2.12445930e-02,
   1.73987913e+00, 1.21663427e+00,-1.25825834e+00, 1.05964970e-02,
  -1.02476306e-01, 1.88501167e+00, 6.07366301e-03,-2.24012203e+01,
   7.43234232e-02, 2.80888937e-02,-2.51419008e-01, 4.39789779e-02,
   8.28466788e-02, 1.03506818e-01,-1.96539015e-02,-1.08613930e+01,
  -1.16524363e+01, 9.27854255e-02,-2.84786103e-03,-4.21828330e-02,
   2.50243902e-01, 1.06003642e-01,-3.11689556e-01, 3.05984259e-01,
   4.51456642e+00, 4.39699769e-01, 7.31675386e-01, 6.58085525e-01,
   7.74161279e-01,-1.32963085e+00,-1.44018024e-01,-1.00551624e+01,
  -1.04402587e-01,-1.08971046e-02,-3.51520211e-01, 7.61561096e-01,
  -3.32604796e-02,-1.41251544e-02, 5.40214479e-02,-6.49419212e+00,
   1.40887508e-02,-1.45994499e-01,-7.45170237e-03,-4.09701690e-02,
   2.80282814e-02,-1.90393925e+01, 2.75987148e-01,-8.28044564e-02,
  -3.37109596e-01, 4.87232357e-01,-1.72796249e+00,-8.44532922e-02,
  -5.29335404e-04,-6.55613780e-01,-1.15660846e-01,-5.90906702e-02,
  -4.84039895e-02,-1.69239006e+01,-1.90417133e-02,-3.85188389e+00,
   4.73298103e-01, 2.90532503e-03, 2.92645276e-01, 3.52098234e-02,
  -6.39352277e-02,-2.19360087e-02, 2.64203101e-01, 3.75757716e-03,
  -3.18391174e-02, 4.07684058e-01,-8.09333622e-02, 2.21745931e-02,
   6.58983290e-01, 5.48302308e-02, 1.24920711e-01, 4.56573963e-02,
  -1.37450518e-02, 6.34917617e-02, 4.42276299e-02, 1.01397924e-01,
  -1.47837925e+00, 3.23161185e-02, 2.05243696e-02, 8.58624652e-02,
   1.95079867e-03,-6.04710340e-01,-3.09246445e+00,-4.22031432e-02,
   1.20287418e-01, 3.58719900e-02,-1.87284559e-01, 1.18917357e-02,
  -5.15238382e-02,-4.59123887e-02, 5.97519934e-01,-4.23266515e-02,
   1.01027219e-02, 2.93629430e-02, 2.11933106e-01, 1.02037927e-02,
   5.39706312e-02,-5.73297217e-02,-8.10477957e-02, 2.83882879e-02,
  -4.43558550e+00,-9.17728874e-04,-6.49053335e-01, 2.54819453e-01,
   8.33898485e-02,-9.89695340e-02, 7.86947191e-01, 7.80241936e-02,
  -1.76443756e-01,-4.79378253e-02, 1.13221812e+00,-5.48454165e-01},
 { 2.67313957e+00,-5.54052651e-01, 1.56939164e-01,-4.38381463e-01,
  -2.70407009e+00, 1.88334718e-01, 2.67165780e-01, 5.13631439e+00,
   4.66729820e-01, 2.84368801e+00,-1.03627672e+01,-4.09166694e-01,
  -7.63982534e-03,-2.71004289e-01, 6.24077082e-01,-1.52213573e+00,
  -2.17588902e+00,-9.41086471e-01, 3.66925806e-01, 1.17192543e+00,
   2.34681964e+00, 2.26757908e+00, 9.19223309e-01,-4.68596792e+00,
  -1.25675523e+00,-2.32080197e+00, 1.56642765e-01, 9.17793810e-03,
  -6.29127932e+00, 1.33647728e+00,-8.14971030e-01,-7.73222971e+00,
   2.65011454e+00,-1.55940228e+01, 4.02148151e+00, 4.60422307e-01,
  -4.09050612e-03, 4.39969242e-01, 1.98476035e-02, 5.66923082e-01,
   9.27477264e+00,-1.10250747e+00, 3.69473517e-01,-2.28022742e+00,
  -9.30350971e+00,-3.02393198e-01,-9.31495857e+00,-3.20082426e+00,
  -1.40893924e+00,-1.48466182e+00, 1.47361100e-01, 1.69292435e-01,
   2.17345178e-01,-1.51948345e+00, 4.75824642e+00,-2.75447178e+00,
   1.18202353e+00, 2.10466218e+00, 1.40926516e+00, 8.31703603e-01,
  -8.42317200e+00,-5.74016524e-03, 1.92603934e+00, 3.99331188e+00,
  -4.20143872e-01,-1.59560966e+00,-1.83863747e+00, 2.99686611e-01,
  -1.83636403e+00,-4.83196855e-01,-8.17539170e-02, 9.05261159e-01,
  -1.32028284e+01,-9.34767663e-01, 4.50481623e-01, 8.45642030e-01,
  -6.85675144e+00,-4.08976984e+00, 6.31362736e-01, 9.14528251e-01,
  -1.32534170e+00, 1.03393638e+00,-4.81660557e+00, 5.79139328e+00,
   3.32270145e-01,-3.54046822e-02, 6.28751659e+00,-2.00236750e+00,
  -1.03546870e+00,-8.63103688e-01, 9.74548280e-01, 1.71153963e+00,
   4.45441216e-01,-5.28837601e-03,-6.76175237e-01,-1.29114270e-01,
  -2.21175388e-01,-3.88597310e-01, 2.79230922e-01,-2.24678516e+00,
   8.98849773e+00,-2.27024153e-01,-1.08145034e+00,-7.67726755e+00,
  -1.06030488e+00, 1.76199540e-01, 2.44236335e-01,-2.77215034e-01,
   3.38669229e+00, 3.40437555e+00, 4.96001065e-01,-1.19232488e+00,
  -2.91631430e-01, 1.71407871e-02,-6.25693607e+00,-2.57030034e+00,
   2.38141208e-03, 7.15543079e+00, 1.38231411e+01,-1.33574203e-01,
   6.94068253e-01,-1.05044508e+00,-1.27892570e+01,-1.43747270e+00,
  -7.32132816e+00,-3.51756763e+00, 2.55421591e+00,-4.77191877e+00},
 {-3.21148372e+00, 3.76602888e+00, 3.62443686e+00,-2.87390566e+00,
   3.44448805e+00,-5.75836325e+00,-1.10889912e+00, 1.41108406e+00,
  -1.45976186e+00, 9.44381058e-01,-6.68876457e+00, 1.07768526e+01,
   5.49609840e-01,-1.61468744e+00, 1.02572212e+01,-2.74991965e+00,
   7.08549976e-01, 1.56006426e-01,-5.23670912e+00,-5.24593735e+00,
  -5.55041850e-01,-2.46387556e-01,-6.77798128e+00,-2.35277009e+00,
   7.86352217e-01,-1.79076939e+01,-5.78093338e+00,-2.46632862e+00,
  -7.57938337e+00,-8.48376393e-01,-7.01240838e-01, 1.97878122e+00,
  -2.22184992e+00,-2.78971863e+01, 3.32842565e+00, 8.48877788e-01,
  -2.35158420e+00, 2.76906753e+00,-5.22505188e+00, 4.62771058e-01,
  -9.39194977e-01,-1.86834121e+00, 2.92222834e+00, 1.24350011e+00,
  -1.27950382e+00, 3.39307547e+00, 2.73143291e+00,-8.94400358e-01,
  -1.63315260e+00,-7.83796370e-01,-2.06431413e+00,-2.61621261e+00,
  -7.82354975e+00, 4.29499537e-01, 5.93444049e-01,-2.54803586e+00,
   5.71939611e+00, 7.36549187e+00, 1.00310051e+00,-1.44515944e+00,
  -1.17031610e+00,-8.11108410e-01,-2.56932950e+00,-1.21048450e+00,
  -7.78186500e-01, 5.97841692e+00,-1.12540871e-01,-3.66451263e-01,
  -2.26471615e+00,-7.83907175e+00,-1.54851980e+01, 6.33938313e+00,
  -5.20173788e+00,-3.56004119e+00, 1.37260008e+00, 9.11228776e-01,
  -1.25458372e+00,-1.26044202e+00, 1.02985787e+00, 7.74976790e-01,
   1.55744374e+00, 1.51945484e+00, 4.81960678e+00,-1.85784791e-02,
  -5.46399975e+00,-1.05439587e+01, 6.46930456e+00, 2.02840638e+00,
  -1.24359217e+01, 2.13383627e+00, 4.22379941e-01, 3.64746642e+00,
   3.66188097e+00, 3.54434669e-01,-4.47234726e+00, 4.26916361e+00,
   4.84377480e+00,-1.41056395e+00,-1.74973619e+00, 5.08901179e-01,
   2.78330541e+00,-3.91267872e+00,-1.07355392e+00,-8.98288369e-01,
  -5.93548298e-01, 5.89270853e-02,-7.31128597e+00,-5.84913969e+00,
   8.72882545e-01, 2.92722821e-01, 1.14575315e+00,-1.81097126e+00,
   6.65906191e+00, 2.99573970e+00,-2.28582621e+00,-3.82906771e+00,
  -6.95486832e+00, 2.86559701e+00, 9.58233237e-01, 7.78050065e-01,
   1.94889617e+00,-1.58080488e-01, 2.98773026e+00,-3.01567006e+00,
   5.27545357e+00,-2.82508183e+00, 4.70796680e+00, 3.94094855e-01},
 { 1.25570810e+00,-2.71654820e+00, 2.35707617e+00,-2.11274004e+00,
  -5.50359011e-01,-1.60054553e+00, 4.39197159e+00,-4.20173347e-01,
  -8.53954434e-01,-1.60841331e+01, 6.02788782e+00, 7.97586799e-01,
   3.50403994e-01, 1.81006145e+00,-1.20328343e+00,-1.92044854e+00,
   2.90004396e+00, 2.55264044e+00, 3.82251382e-01, 1.52576756e+00,
  -1.57713823e+01, 2.13946247e+00, 2.67638397e+00, 3.38635659e+00,
  -3.68301010e+00,-3.93554950e+00, 7.24821043e+00,-2.10531759e+00,
   2.83757210e-01,-8.33383024e-01, 3.51080120e-01, 1.06601882e+00,
   4.03882176e-01,-4.31562614e+00,-5.76251984e-01, 1.79866719e+00,
   7.55864859e-01, 1.34201312e+00, 9.03492928e-01,-8.52533460e-01,
   2.88605309e+00, 5.10963202e-01,-2.55556583e-01,-1.47029126e+00,
   1.37752926e+00,-3.01089764e+00,-7.18345833e+00,-3.93142581e+00,
   3.34563160e+00, 5.08882856e+00, 1.12918448e+00,-1.94223392e+00,
  -1.03238571e+00, 4.73709926e-02,-2.34866562e+01, 1.53182137e+00,
   2.43119526e+00, 2.07056570e+00,-2.89432049e+00,-1.81605220e+00,
   7.21362829e+00, 1.77563453e+00, 9.02675343e+00, 1.88635004e+00,
  -1.32607746e+00, 2.40143800e+00,-5.10526466e+00,-2.10383487e+00,
  -3.70808172e+00, 1.87433887e+00, 1.71630192e+00, 1.00152051e+00,
   4.70650482e+00,-1.18487740e+01, 8.11537057e-02,-3.02439523e+00,
   3.17763615e+00,-9.86467183e-01, 2.05452085e+00, 6.69379330e+00,
  -1.22922897e+00, 1.66534913e+00, 3.41132832e+00,-3.42219496e+00,
   7.56954551e-01,-7.07439995e+00, 2.30613172e-01, 9.33098271e-02,
  -2.09823513e+00,-1.13772798e+00,-3.59678149e+00,-1.16180480e+00,
  -1.11252034e+00, 8.65571424e-02,-1.75460351e+00,-2.30469871e+00,
  -1.50026631e+00, 6.36162579e-01, 9.93212283e-01, 1.85315561e+00,
   6.65786862e-01,-1.41968787e+00,-2.72895718e+00,-4.94824791e+00,
  -5.48220062e+00, 5.73160553e+00,-2.54117918e+00, 6.75308084e+00,
  -5.06844950e+00, 2.26537275e+00,-1.32266176e+00, 2.88739753e+00,
   1.43101132e+00,-1.57369244e+00, 4.19610167e+00, 5.27608395e+00,
  -1.23140395e+00, 9.61303234e+00, 4.72851753e+00, 1.34245443e+00,
   4.21944475e+00,-6.75599277e-01,-3.10089087e+00,-2.99707986e-02,
   5.10711384e+00, 3.62609625e-01, 1.84462488e+00,-1.78756702e+00},
 { 1.29698205e+00,-5.46908021e-01, 2.32220769e-01,-3.54553103e-01,
  -8.52042377e-01, 2.87298471e-01, 4.43745971e-01,-6.88309431e-01,
   2.98581064e-01, 1.65667042e-01,-4.57111865e-01,-1.49206474e-01,
   5.73237836e-02,-2.05446109e-01, 1.98780406e+00, 5.19011497e-01,
   7.18778992e+00, 4.40051824e-01, 4.82833564e-01, 3.35343987e-01,
  -1.03855286e+01,-7.49293327e-01,-5.31969070e-01,-4.41730833e+00,
   1.10171804e+01,-7.24224091e-01, 1.44984588e-01,-1.54283121e-01,
  -1.01086545e+00, 2.09390447e-01, 2.98512650e+00, 2.00449905e+01,
  -1.83462353e+01,-2.32835170e-02, 8.70846331e-01, 4.11510289e-01,
  -8.83861303e-01, 4.50493336e-01, 4.34337854e-01, 1.60208210e-01,
  -8.59008789e+00,-1.45188332e-01, 8.24213862e-01, 6.83744729e-01,
  -1.63512058e+01, 2.16729641e-02, 4.35460448e-01,-1.37259626e+00,
  -1.93805802e+00,-2.55161881e+00, 8.09412539e-01, 1.33285359e-01,
  -1.20949268e-01,-1.06359243e+00,-3.62246424e-01, 1.10011244e+01,
  -1.07755795e+01, 1.89309645e+00, 8.41718137e-01, 5.51928580e-01,
  -1.26215172e+01,-1.76588163e-01, 2.44615531e+00, 9.01085734e-01,
  -2.83776522e-01,-5.08073643e-02, 1.64755046e+00,-6.54894412e-01,
  -5.42130852e+00,-1.33338499e+00,-3.03142369e-01,-5.23817301e-01,
  -6.10961628e+00,-4.41825447e+01, 5.35205424e-01, 1.19826865e+00,
   1.49510527e+00, 2.23151281e-01,-1.57941356e-01, 2.53025711e-01,
   7.36580181e+00, 1.61956474e-01, 1.96705496e+00,-8.65986347e+00,
  -2.53503829e-01,-5.67227066e-01,-7.68131733e+00,-4.84790474e-01,
  -1.14031529e+00,-1.27856374e+00, 9.60121334e-01, 1.66751814e+00,
   6.02801263e-01, 3.78585942e-02, 1.15739614e-01,-3.66783053e-01,
   3.66115630e-01,-1.57779664e-01, 2.29242012e-01, 9.33374226e-01,
  -3.03033733e+00,-1.28247470e-01,-5.31153262e-01, 6.16551161e-01,
   7.95236778e+00, 4.53253508e+00,-2.45998502e-01,-5.23589849e-01,
  -1.41712761e+00, 5.48156559e-01,-1.10902381e+00,-8.12799633e-01,
  -4.01114166e-01, 5.68886340e-01,-4.22489317e-03,-1.64461374e+00,
  -5.33649385e-01, 2.66765642e+00,-1.51121073e+01,-2.90081203e-01,
   1.19740129e+00,-1.71028118e+01, 1.25609875e+01,-2.24630132e-01,
   8.73382282e+00,-3.63637471e+00, 9.74436104e-01,-1.77191150e+00},
 {-8.25232565e-02,-2.87149418e-02,-9.09577087e-02,-6.00563139e-02,
  -1.05477452e-01, 1.74744911e-02,-6.30763918e-02,-9.48975161e-02,
  -7.56741986e-02,-6.96654022e-02,-8.56259093e-02,-3.94545086e-02,
  -4.80714180e-02,-4.86644432e-02,-9.12914574e-02,-2.61798240e-02,
  -5.70542216e-02,-6.96542487e-02,-1.45219518e-02,-6.95048273e-02,
  -4.87151109e-02,-5.91206960e-02, 8.83114804e-03, 3.74345295e-02,
   4.43663122e-03,-5.87248243e-02, 7.41122989e-03,-1.32783413e-01,
   5.48393279e-02,-7.68254623e-02,-8.90035927e-02,-1.43215179e-01,
  -8.47432688e-02, 1.08658466e-02,-5.52411713e-02,-4.78448253e-03,
   2.34178756e-03,-1.91183053e-02,-9.46663842e-02,-1.41968668e-01,
  -7.47525692e-02, 4.37573120e-02,-8.67317989e-02,-6.75712302e-02,
   1.63684716e-04,-2.18904167e-02,-2.42793076e-02,-7.06540421e-02,
  -1.03972487e-01, 2.90697664e-02,-1.08943410e-01, 2.39279643e-02,
   2.07497287e-04,-1.12265348e-04,-1.31504282e-01,-2.31477115e-02,
  -8.27246755e-02,-9.55155417e-02,-4.97850105e-02,-6.73938170e-03,
  -1.28241986e-01,-7.77498707e-02, 7.65541792e-02, 2.07300261e-02,
   4.54972908e-02,-1.48569858e-02,-1.43027380e-01,-6.15284219e-02,
  -9.10854042e-02,-3.70822251e-02,-5.18379584e-02, 1.19144665e-02,
   1.45014899e-04,-1.34426847e-01,-6.39920905e-02,-1.05433114e-01,
  -7.52986968e-02, 2.55906414e-02, 2.12532151e-02,-7.01695755e-02,
  -1.11709408e-01, 1.88057031e-02,-1.24420494e-01,-7.05002993e-02,
  -7.40464106e-02, 6.49468452e-02,-1.01928413e-01,-1.01883903e-01,
  -3.76854427e-02, 3.86552606e-03,-6.57845661e-02, 2.11509597e-02,
  -1.97409699e-05, 2.82136984e-02, 5.47349788e-02,-4.37311456e-03,
  -4.91180792e-02,-1.23817502e-02,-3.93348141e-03,-5.54329827e-02,
   4.27616090e-02,-6.94319755e-02,-1.20559923e-01,-1.42336577e-01,
  -1.22299362e-02,-1.06058009e-01,-6.51525259e-02, 9.40370001e-03,
  -8.49748962e-03, 1.67212114e-02, 2.93318066e-03,-8.00360590e-02,
  -7.45814592e-02,-6.30748644e-02,-4.53339219e-02,-1.05269598e-02,
  -1.00603916e-01, 7.19072446e-02,-9.64215249e-02,-1.43065676e-01,
   7.95412511e-02,-7.63548017e-02, 5.85094057e-02, 6.25278577e-02,
  -8.05616751e-02, 3.99634615e-02,-5.37767299e-02,-6.38575554e-02},
 { 3.65829468e+00,-2.93979206e+01, 1.03266478e-01,-5.42097807e-01,
  -3.70984817e+00,-3.02031517e+00,-1.10695744e+00,-4.41387892e-01,
   4.47014838e-01, 2.29917258e-01, 1.39935684e+00, 3.41582477e-01,
   4.61155653e-01, 5.95376492e+00,-6.64399147e+00, 6.65891647e-01,
   8.99092972e-01, 6.53416634e+00, 5.01354456e-01, 1.98239326e-01,
  -5.41801155e-01,-3.20365727e-01,-1.08056331e+00, 3.84756684e-01,
  -3.56972337e-01,-2.49453688e+00, 9.65187028e-02, 1.03730476e+00,
  -2.57933197e+01, 1.35099244e+00, 4.97173257e-02,-1.62268654e-01,
  -3.53835106e-01,-4.28787023e-01,-3.36712122e+00,-3.27038193e+00,
  -1.44174805e+01,-3.46022272e+00,-6.01616383e-01,-2.32239032e+00,
   2.63159096e-01,-1.11249027e+01,-5.28543293e-01, 4.84998798e+00,
   1.01964521e+00, 3.01004738e-01, 8.29555869e-01,-1.86306763e+00,
   1.25548810e-01, 4.19658363e-01, 5.79937398e-01, 1.95255804e+00,
  -1.71634793e+00, 3.33711028e-01,-1.30811334e-01, 4.33312476e-01,
   1.59523576e-01,-3.01630235e+00,-1.08672357e+00,-4.99719739e-01,
   7.79538035e-01, 3.90314460e+00, 2.00987053e+00,-1.54060796e-01,
   3.92925590e-01, 1.57023406e+00, 2.88078845e-01, 1.02396071e-01,
   5.68353713e-01, 9.48273778e-01,-1.36865628e+00,-9.89323437e-01,
   2.43033600e+00, 4.79599357e-01, 2.39885378e+00,-3.46230239e-01,
   9.44774628e-01, 3.47292423e-01,-1.42461598e+00, 3.40015948e-01,
   1.30364224e-01, 1.30984807e+00,-7.75957525e-01,-4.01201278e-01,
   1.92428696e+00, 6.44127250e-01,-1.91479588e+00,-2.78962195e-01,
  -6.45566225e+00, 6.71490610e-01, 5.06535006e+00,-8.85530758e+00,
  -1.25005140e+01, 2.49234438e-01,-1.39135742e+00,-9.82340425e-02,
   1.56285918e+00, 1.43114567e-01,-3.71130371e+00, 6.68910146e-01,
  -1.01414084e+00,-7.60623074e+00, 1.35717487e+00,-8.20001736e-02,
   4.32912171e-01, 1.60069391e-01, 5.09129643e-01,-4.45401996e-01,
  -9.11682099e-02,-5.56955397e-01,-1.82023156e+00,-7.73607135e-01,
   1.64181507e+00, 1.47767335e-01, 3.38788629e-01,-4.40548599e-01,
   1.46382701e+00,-6.21500313e-01, 7.20038176e-01, 1.06136429e+00,
  -5.02684236e-01, 4.49141890e-01,-2.42978454e+00, 4.86417174e-01,
  -8.65154743e-01, 6.94703281e-01,-7.38640785e+00, 2.16210103e+00},
 {-3.95650506e+00, 2.19966006e+00,-1.30971417e-01,-6.28823614e+00,
  -1.19753790e+00,-2.93474984e+00,-1.70685029e+00,-1.46698189e+00,
  -9.68959212e-01,-1.47550988e+00,-2.25638485e+00,-1.99260700e+00,
  -5.31327762e-02,-3.76055211e-01,-7.10747004e-01, 9.00212169e-01,
   7.54710674e+00,-6.50545979e+00,-2.78730690e-01,-8.40038872e+00,
  -1.08507166e+01,-2.49551225e+00, 2.63955593e+00,-3.66303420e+00,
  -7.00368524e-01,-1.67334499e+01, 1.80386126e+00, 3.49521339e-01,
   2.93553805e+00,-1.98593545e+00, 8.34801644e-02,-7.42802095e+00,
  -6.83893776e+00, 7.68239617e-01,-2.79436278e+00, 2.70695716e-01,
   3.27647519e+00,-3.12461197e-01,-2.03166142e+01, 4.45363998e-01,
  -6.40740156e-01,-4.08060819e-01,-1.19321251e+00,-1.18755972e+00,
  -1.34136796e+00,-1.21974576e+00, 3.57967257e+00, 9.19303238e-01,
   2.78494567e-01, 1.12796402e+00,-7.83767164e-01, 4.65656780e-02,
  -3.29216242e-01, 4.51774263e+00,-8.04630637e-01, 2.96380663e+00,
   6.45068455e+00,-2.77162582e-01,-3.16477108e+01, 9.25066650e-01,
  -1.05217981e+01,-1.48708364e-02,-1.67078161e+00,-9.33843422e+00,
  -1.61146796e+00, 1.12685275e+00, 2.45375657e+00, 2.86203718e+00,
   2.62409925e+00, 2.08453804e-01, 1.30311772e-01, 1.91638434e+00,
  -1.32335711e+01,-2.71801925e+00,-6.33671731e-02, 6.30377579e+00,
   2.82421303e+00, 3.00591797e-01, 6.43793344e-01, 1.24791956e+00,
  -6.17079592e+00,-3.77643168e-01,-2.86323547e+00, 6.40032911e+00,
   7.89575458e-01, 8.50802004e-01, 5.56508112e+00, 2.81880116e+00,
   3.34954333e+00, 3.50422168e+00,-9.15678978e-01,-3.65239835e+00,
   9.52034537e-03,-6.24746501e-01, 3.85811925e-01,-2.24042594e-01,
   6.87384903e-01, 6.68453693e-01, 3.98999453e-01,-5.58583164e+00,
   3.74043345e-01,-3.79003191e+00, 3.65525031e+00, 5.25280905e+00,
  -1.70442951e+00,-1.26385942e-01,-8.83228540e-01, 8.59463513e-01,
   2.37382340e+00,-2.59846598e-01,-4.25998271e-01, 5.80509424e+00,
  -3.27919513e-01,-5.02581775e-01, 2.37709737e+00,-8.26640606e-01,
   1.09988958e-01,-1.79338944e+00,-8.34942341e+00, 7.38009691e-01,
  -1.84850323e+00,-1.27533255e+01,-3.26617336e+00,-1.34418905e-01,
  -2.85510235e+01, 7.98331308e+00, 2.55542219e-01, 2.08644152e+00},
 {-1.35999906e+00, 6.84265792e-02, 2.87382364e+00, 3.25298452e+00,
  -5.09385049e-01, 9.57334042e-01, 1.30390275e+00, 6.07554577e-02,
  -1.26184487e+00,-1.15681581e-01, 6.91813886e-01,-7.14378059e-01,
  -1.50347844e-01, 5.39263201e+00,-7.00053835e+00,-6.86760485e-01,
   1.09089863e+00, 3.54709792e+00,-7.75318027e-01, 5.11536884e+00,
  -2.86063761e-01,-5.87130450e-02, 3.70381624e-01, 9.88262519e-03,
   7.83764720e-02, 1.16732931e+00,-1.46023065e-01,-3.58850658e-02,
   4.18998480e+00,-1.54973710e+00,-1.32945970e-01,-5.72894871e-01,
  -1.05002455e-01,-1.39948636e-01, 1.85221583e-01,-7.49630594e+00,
  -6.88615799e-01,-8.46008182e-01, 2.90699410e+00,-4.67331123e+00,
   2.15710306e+00, 1.00962372e+01, 7.30607688e-01, 5.92274904e+00,
   6.12209320e-01,-8.17491591e-01, 9.31518078e-02, 1.93336725e+00,
  -2.19239280e-01,-2.55291313e-01,-9.88987610e-02,-7.88396311e+00,
  -4.01007533e-01, 4.53423977e-01, 2.89566070e-01,-1.51122466e-03,
  -2.99693555e-01,-4.19464684e+00, 3.27892959e-01,-3.25103551e-01,
   5.70262492e-01, 7.97048473e+00,-7.18227720e+00,-9.87892225e-02,
  -2.58558840e-01, 6.18708611e-01,-1.44757293e-02, 1.33424535e-01,
  -2.76463211e-01, 5.77903450e-01, 1.10177469e+00,-3.38068104e+00,
  -4.96427953e-01,-1.81489781e-01,-9.58677530e-01,-4.22131956e-01,
   2.98423637e-02,-5.46741225e-02, 2.23973989e+00, 7.93931305e-01,
   6.79590330e-02, 3.84223056e+00, 3.76810133e-01,-5.75682186e-02,
   1.89804065e+00,-2.76673753e-02, 1.61817729e-01, 1.26582134e+00,
   2.55256915e+00, 2.53024310e-01, 1.53556675e-01, 6.18798113e+00,
   7.52565765e+00, 1.86276770e+00,-2.69938397e+00, 6.86579823e-01,
   4.44747066e+00,-4.57983911e-01, 3.90436792e+00, 1.77942768e-01,
  -4.79571968e-01,-7.60528708e+00,-3.45995045e+00,-2.05987170e-01,
   1.57964334e-01, 2.92904750e-02, 9.05116022e-01,-2.40252280e+00,
   1.22750783e-02, 5.42230830e-02,-2.52355409e+00, 2.59945929e-01,
  -1.69074500e+00, 1.35375261e-01,-1.02251120e-01,-3.07571709e-01,
   2.04091573e+00, 1.56953812e-01, 1.03849936e+00,-4.84659910e-01,
  -3.61409620e-03,-3.87713701e-01, 8.79469693e-01, 3.51043820e-01,
   5.03598630e-01,-2.68603593e-01,-7.13486767e+00,-1.30051398e+00},
 {-5.69094372e+00, 1.71330488e+00,-3.41991544e+00,-8.33402920e+00,
   2.11889243e+00,-1.41071618e+00,-1.10162094e-01, 8.00662899e+00,
  -3.30986470e-01, 1.04403758e+00,-7.26454353e+00, 2.46708825e-01,
  -1.98481560e-01, 1.71103072e+00, 4.30955696e+00, 3.17120075e+00,
   1.22897615e+01, 9.42328215e-01,-6.76318693e+00, 6.30381203e+00,
   1.60100663e+00, 9.73099694e-02,-4.38968563e+00,-2.97188258e+00,
   2.26279545e+00, 3.88046646e+00, 3.62342501e+00, 1.49464452e+00,
  -4.87873554e+00, 1.47688597e-01,-1.51641285e+00, 1.50654049e+01,
  -2.50301099e+00,-1.47465448e+01,-3.87513828e+00,-4.33283240e-01,
  -3.55510592e+00,-8.42679977e-01, 3.13005185e+00, 2.48110557e+00,
   2.36497492e-01,-6.04979992e-01, 5.43497562e+00,-5.31765270e+00,
  -2.50917649e+00,-5.21574199e-01, 1.56149614e+00,-2.81676078e+00,
  -4.52709824e-01,-6.53315783e-01, 4.44566488e+00,-2.65621781e+00,
   3.68853378e+00,-2.98008394e+00, 1.29534209e+00,-3.23819184e+00,
   3.14236951e+00,-1.48194277e+00, 3.38692737e+00, 5.82514715e+00,
  -4.29663324e+00,-2.71812820e+00,-5.69106674e+00,-3.20423007e+00,
   8.84420109e+00, 2.85294580e+00,-1.59952950e+00,-1.45686948e+00,
  -5.12533712e+00,-5.60571718e+00,-1.76054134e+01, 9.51893866e-01,
  -5.83362865e+00,-4.84508848e+00,-1.56422603e+00,-1.80518830e+00,
  -2.56662107e+00,-4.66157436e+00,-1.57130229e+00,-6.35845375e+00,
   1.52819729e+00, 9.64272439e-01, 7.39867020e+00, 1.48338333e-01,
  -6.72730255e+00, 1.17650652e+00, 8.04502678e+00,-2.72455812e+00,
   5.74152350e-01,-2.20032930e-01, 4.26576519e+00, 4.10690486e-01,
   1.96759474e+00,-5.34719181e+00,-5.14294624e-01, 2.11316013e+00,
   3.02169943e+00, 6.29357398e-02, 2.71046102e-01,-8.64386559e-01,
   6.24085760e+00,-1.06197596e+00, 1.04015005e+00,-2.84702897e+00,
  -5.15998554e+00, 6.83782339e-01, 1.36980653e+00,-4.79594612e+00,
   1.00764179e+00, 2.17679119e+00,-5.16623783e+00,-6.03673220e+00,
   3.07545924e+00, 1.12885129e+00,-4.36379623e+00,-2.93992376e+00,
  -3.16579118e-02, 4.80690908e+00, 1.57365823e+00,-8.84873867e-02,
   8.96325409e-01,-2.38359499e+00,-5.42072153e+00,-9.36174810e-01,
   8.28448391e+00,-1.93729992e+01, 1.00956213e+00,-3.58288693e+00},
 {-8.03512514e-01,-2.99441957e+00,-4.75274205e-01,-7.92332172e-01,
  -2.19313860e+00,-2.28947282e-01, 9.04178470e-02,-4.07875395e+00,
  -1.39942929e-01,-2.22143936e+00, 1.05097122e+01,-1.42384899e+00,
   5.94076067e-02,-4.90569293e-01, 8.02638292e-01,-8.80054235e-01,
   1.63691175e+00, 4.68699485e-01,-4.04157937e-01,-4.71555138e+00,
   6.70170903e-01,-3.13473821e+00, 5.44988203e+00, 1.41428108e+01,
  -6.37160873e+00,-1.99332714e+01,-9.04261246e-02, 3.04716080e-01,
  -1.16899617e-01,-1.36904287e+00, 1.01612604e+00,-1.30307331e+01,
   2.02089233e+01, 1.08033739e-01,-5.87549448e+00,-3.04131985e-01,
   2.74530888e+00,-1.71181262e-01,-1.78984809e+00,-1.67145148e-01,
   1.63526669e+01, 1.75941721e-01, 1.36964824e-02, 3.91271329e+00,
   4.52065182e+00,-4.88716334e-01,-1.37571325e+01,-4.59576416e+00,
   2.23388910e+00, 4.64160442e-01,-2.13883415e-01, 2.28884056e-01,
  -8.71726632e-01, 1.31270456e+00,-2.70537591e+00, 3.20554399e+00,
  -7.27646232e-01,-2.18983486e-01,-3.87240982e+00, 3.55038583e-01,
   9.96570683e+00, 8.55766594e-01,-1.43855286e+00,-8.96325684e+00,
   6.21433139e-01, 1.30689830e-01, 3.98535585e+00, 1.90460515e+00,
   2.12015915e+00,-2.93556243e-01, 6.14632547e-01,-4.11639482e-01,
   4.89017057e+00, 1.88089025e+00, 1.95229322e-01,-4.77717370e-01,
   8.62753487e+00, 3.27592206e+00,-7.25997016e-02,-6.92547917e-01,
   1.73673534e+00,-3.64609957e-02,-6.00207996e+00, 6.97901189e-01,
  -3.71220052e-01, 1.64304003e-01,-1.11049681e+01, 2.85630131e+00,
   4.20739502e-01, 6.17847919e-01,-1.48505554e-01,-1.17858398e+00,
   7.73858905e-01,-4.73138601e-01, 1.44178820e+00, 4.68843967e-01,
  -9.64058265e-02, 8.21110010e-02, 2.79998273e-01, 4.68609476e+00,
  -1.08201790e+01,-9.13022876e-01, 1.31556916e+00, 1.54576564e+00,
   1.93104589e+00, 2.48134780e+00, 4.81785655e-01, 9.20406426e-04,
  -1.36941457e+00, 3.69752765e+00,-1.63255763e+00, 5.35693765e-01,
   2.70915747e-01,-2.26563632e-01, 9.80329990e-01,-2.27043450e-01,
  -1.58200800e-01,-5.14036894e+00, 1.17806778e+01, 1.35282069e-01,
  -3.25007844e+00, 9.53759491e-01,-2.03713998e-02, 1.26220524e+00,
  -1.05987682e+01, 6.97562027e+00, 4.85638946e-01,-6.21379852e+00},
 { 1.16807461e+00, 4.59975392e-01,-3.98527533e-01, 3.00907922e+00,
   1.30177355e+00, 1.47567844e+00, 4.22419935e-01, 3.15929937e+00,
  -1.24311455e-01, 4.51725197e+00,-1.17363825e+01, 2.30598521e+00,
   2.07180053e-01, 9.26716104e-02, 3.05598688e+00, 1.20252144e+00,
  -3.22661471e+00, 1.53556228e+00, 8.48401785e-01, 5.58176422e+00,
   1.00932038e+00,-5.75856030e-01,-6.59040260e+00,-6.50001001e+00,
  -6.28804684e-01, 5.35398006e+00,-2.92341232e+00,-1.03640154e-01,
  -1.81499326e+00, 8.32368195e-01,-3.18000436e-01, 2.90897179e+00,
  -4.77684689e+00,-1.09947357e+01, 4.69808435e+00, 1.30286247e-01,
  -1.15669405e+00,-9.80858386e-01, 3.85284245e-01,-3.08973372e-01,
  -3.45879316e+00,-1.02912366e+00, 2.00658083e+00,-3.42067981e+00,
  -1.12016261e+00, 1.40382802e+00, 6.19470119e+00,-1.93342400e+00,
  -1.01034951e+00,-3.25726295e+00, 2.16861963e+00, 2.85331726e-01,
   1.84124768e+00,-5.13600969e+00, 3.76255012e+00,-3.41069531e+00,
   3.26256156e+00, 3.83729029e+00,-7.75771737e-02, 1.30901352e-01,
  -3.76320052e+00,-1.13390172e+00, 5.07053137e+00,-6.50803089e-01,
  -8.39817405e-01, 1.45981455e+00,-1.16943026e+00,-7.93324769e-01,
  -2.39667726e+00,-3.21753931e+00,-1.40766227e+00, 2.22078967e+00,
  -9.44748020e+00,-1.61883235e+00,-6.74247682e-01, 1.06884456e+00,
  -3.52710462e+00,-2.98368049e+00,-1.24814200e+00, 7.55257785e-01,
   1.44798231e+00,-3.79141927e-01, 6.49994564e+00, 1.33783078e+00,
  -1.89361286e+00,-7.92209387e-01, 1.25028429e+01,-3.73205352e+00,
  -2.14296722e+00,-1.90752828e+00, 2.13666177e+00, 4.48168516e+00,
   4.87373054e-01,-8.82324934e-01,-2.04566860e+00,-3.57649952e-01,
  -9.40894037e-02, 1.17200673e+00, 1.63905859e-01, 1.66941464e+00,
   4.46841669e+00, 1.80202353e+00,-3.64302683e+00,-3.28772998e+00,
  -1.63385272e+00,-1.26536405e+00,-6.11051023e-02,-1.53964710e+00,
   2.06979084e+00, 1.18468893e+00, 1.55111209e-01,-7.84864473e+00,
  -1.44185162e+00, 1.85163498e+00, 6.04911824e-04,-4.29217577e+00,
  -2.32333764e-01, 4.47565222e+00, 5.38303852e+00, 9.71113443e-02,
   2.19834256e+00, 1.87832463e+00,-5.24872971e+00,-5.38950861e-01,
   1.08767843e+01,-5.30443239e+00, 6.75325572e-01,-1.98269796e+00},
 { 5.21999002e-01,-5.84484160e-01, 3.22554976e-01,-5.91095805e-01,
  -9.85839486e-01,-7.66986907e-01,-6.56653821e-01, 1.39450016e+01,
  -2.41808847e-01,-7.69905090e+00, 2.80739546e+00,-2.11638942e-01,
  -6.90152720e-02,-6.88968480e-01,-9.89093959e-01, 5.95283031e-01,
  -1.88009167e+00,-4.53069627e-01, 1.68049544e-01,-1.67655671e+00,
   4.87936974e-01, 7.56921411e-01, 1.42446607e-01,-2.27654147e+00,
   4.40575093e-01,-4.32733440e+00, 1.46244729e+00,-6.21035337e-01,
  -1.54865861e+00, 9.53260437e-02,-2.14975893e-01, 7.97740269e+00,
   1.93278384e+00,-1.57005501e+00, 7.74894953e-01, 4.07008916e-01,
   5.46692908e-01, 1.06416881e+00, 5.46874583e-01, 1.79463208e-01,
   9.81050491e+00,-3.03625613e-01, 6.71933442e-02,-9.87485647e-01,
  -5.12148380e+00, 5.12503207e-01,-2.93268108e+00,-9.11289692e-01,
  -2.68169594e+00, 1.21921790e+00,-3.15842927e-01, 1.80373639e-01,
  -1.62549853e-01, 1.20914471e+00,-3.34838295e+01,-1.43019831e+00,
  -3.93691039e+00, 7.62961090e-01, 2.59429717e+00,-3.00300747e-01,
  -2.07359123e+00, 2.25074276e-01, 1.56347859e+00,-2.35062218e+00,
  -2.27489397e-01, 4.59315442e-02,-2.28263187e+00,-9.53111410e-01,
  -4.75311804e+00, 8.37568045e-01, 4.72832024e-01, 8.94656479e-01,
  -4.38146400e+00,-1.35062826e+00, 5.32417357e-01,-7.13526547e-01,
  -6.40571976e+00,-5.56992626e+00, 1.07124984e+00, 3.03338587e-01,
  -6.83222198e+00, 5.80333732e-02, 7.63655138e+00,-1.54027033e+01,
   7.44407713e-01,-3.07214141e-01,-1.17542839e+01,-7.73714781e-01,
   9.02359635e-02,-2.14561403e-01,-1.20860291e+00,-3.49869579e-01,
  -1.45784393e-02,-4.11591262e-01, 1.12269074e-02,-3.23185138e-02,
   2.31402010e-01,-2.55189240e-01, 1.97931603e-01, 1.97477353e+00,
   4.00734758e+00,-2.64995009e-01, 6.64809495e-02,-7.87901306e+00,
  -1.34296083e+00, 1.45924008e+00,-5.71093380e-01, 9.35253739e-01,
   7.87039518e-01, 1.52489913e+00, 7.23872662e-01, 5.17852116e+00,
  -2.01073989e-01,-4.95908588e-01,-3.67631942e-01, 1.05240698e+01,
   3.54632348e-01, 3.71186876e+00, 6.80556297e+00,-6.10463142e-01,
  -6.47917747e+00, 5.16513646e-01,-3.74306560e+00,-6.56312823e-01,
   1.27602663e+01,-6.02583694e+00,-2.53256440e-01,-1.01277399e+00},
 { 1.16436493e+00,-3.41811967e+00,-1.37506977e-01,-4.04831600e+00,
  -2.61136246e+00,-2.84630251e+00,-8.87627029e+00,-9.33467686e-01,
   3.69682002e+00,-3.65273190e+00, 4.83767986e+00,-1.19951904e+00,
   4.78073239e-01, 5.78099266e-02,-5.25564098e+00,-3.97773409e+00,
   1.15402937e+00, 3.99928594e+00, 3.08409190e+00,-1.07469187e+01,
  -5.59768975e-01,-5.40017843e-01, 1.67765582e+00, 1.71346891e+00,
  -8.90834853e-02,-1.81137097e+00,-7.08283949e+00,-4.54473228e+01,
  -3.65207464e-01,-1.40743518e+00,-2.34424934e-01,-8.85390580e-01,
   1.25929201e+00,-1.93110740e+00,-7.81879520e+00, 4.65816069e+00,
   5.66373062e+00, 4.27325201e+00,-4.74896193e+00,-3.17631245e+00,
   1.98372304e-01, 4.84958410e-01,-2.33275771e+00, 1.53171861e+00,
   1.40620327e+00, 2.22140837e+00,-2.20162487e+00, 5.42494468e-02,
   1.42575517e-01, 2.07411146e+00,-2.05149487e-01,-1.21679106e+01,
  -9.35893059e-02,-6.59259844e+00, 2.19067931e-01, 9.49087024e-01,
  -1.08608532e+00, 1.15187006e+01,-8.44161510e-02,-4.03541946e+00,
   2.45580935e+00,-3.32266450e+00, 3.25193310e+00,-1.33542693e+00,
  -2.40558100e+00, 2.99982285e+00,-9.46299583e-02,-7.06802830e-02,
   6.72303498e-01,-9.38386726e+00, 2.27008867e+00, 1.38948953e+00,
   3.51336956e+00,-7.14232922e-01,-8.41170669e-01,-2.58552819e-01,
   5.83261967e-01, 6.63634896e-01, 1.02162647e+00,-1.37423670e+00,
  -1.88217163e-01,-1.24835956e+00,-2.38120914e+00, 1.16593778e-01,
  -3.19116354e+00,-1.03050625e+00,-4.28408527e+00,-2.36309910e+01,
  -4.04467010e+00, 1.90430236e+00,-1.48138809e+00,-1.69279504e+00,
   3.60431051e+00,-3.21591944e-01, 3.99720883e+00,-2.38008094e+00,
  -1.34505415e+01, 5.94617128e-01, 1.01411366e+00, 1.40909433e+00,
  -2.02166367e+00,-8.41646194e-01, 2.53325248e+00, 3.76608908e-01,
  -1.37895748e-01, 1.00028431e+00,-2.17148733e+00, 1.45354843e+01,
  -9.95936990e-01, 7.11157918e-03, 4.90899134e+00, 4.25255966e+00,
   1.30253410e+00,-1.94302416e+00,-4.42644984e-01, 3.77834916e+00,
  -4.58649665e-01, 2.03158706e-02, 8.50267351e-01, 1.04504526e+00,
  -3.21823478e+00,-1.73974037e-01, 9.96143460e-01, 5.27936578e-01,
  -3.96971083e+00, 2.15651202e+00, 9.65928674e-01, 5.38524568e-01},
 {-1.57403667e-02, 2.06520725e-02,-3.80694084e-02, 6.10660091e-02,
  -1.75494968e-03,-1.15204804e-01,-6.06799163e-02,-2.10592151e-02,
  -9.90108997e-02,-1.28584430e-01, 4.96463403e-02,-1.12246219e-02,
   1.12586990e-02,-3.46619859e-02,-2.61740573e-02,-1.13073867e-02,
   1.32764280e-02,-4.80784662e-02,-3.12068556e-02, 5.77537983e-04,
  -1.18877344e-01, 4.22547646e-02,-1.55947991e-02,-1.52916536e-02,
   8.30972865e-02,-1.51416473e-02,-9.27836001e-02,-1.34381428e-01,
   8.63770780e-04, 5.03981151e-02,-3.69239226e-02,-3.18574160e-02,
   1.47017082e-02,-3.64948511e-02, 4.63433415e-02,-1.10031836e-01,
  -3.10024396e-02,-5.09717204e-02,-8.83770660e-02,-1.23460531e-01,
   3.28487866e-02, 2.72809863e-02,-4.88883816e-02,-1.02081504e-02,
  -8.30566734e-02,-1.80806935e-01,-6.71281293e-02,-1.63239062e-01,
  -1.41681343e-01,-6.72010928e-02,-7.88929611e-02,-1.79986935e-02,
  -9.83687192e-02, 3.12537551e-02,-1.56761840e-01,-1.17030151e-01,
  -7.54461065e-02, 2.10381020e-02,-5.71939396e-03,-6.94671571e-02,
  -9.99827520e-04,-1.11769378e-01,-3.38304192e-02,-7.44927973e-02,
  -6.52184105e-03,-1.47066772e-01,-1.04362719e-01,-3.06122620e-02,
  -1.14832176e-02,-9.85003356e-03,-3.82120647e-02,-5.81798479e-02,
  -3.86110730e-02,-1.27060562e-01,-7.98950270e-02,-8.50838944e-02,
  -1.63236916e-01,-1.11513242e-01,-6.70405254e-02,-3.98164131e-02,
  -8.85106921e-02,-5.62841147e-02,-1.09953053e-01,-2.89247688e-02,
  -6.47685155e-02, 1.53928166e-02,-7.17992932e-02,-1.37044534e-01,
  -1.05224408e-01,-1.64767995e-01,-3.09988614e-02,-3.56341526e-02,
   2.23982241e-02,-1.06131554e-01, 9.88041908e-02,-3.27008851e-02,
  -1.01297081e-01, 1.77992228e-02,-4.74047475e-02,-1.13917202e-01,
  -7.20027611e-02,-2.80283447e-02,-1.69350445e-01,-4.93764319e-02,
   1.32860318e-02,-8.42471570e-02,-9.62307006e-02,-5.66334985e-02,
  -8.07824880e-02, 2.01376043e-02,-1.32894918e-01,-7.47270212e-02,
  -2.12231185e-02,-7.76835829e-02,-4.74060141e-02,-1.71786040e-01,
   1.89548486e-03,-1.72504429e-02,-5.65918870e-02,-1.10921271e-01,
  -2.73462720e-02,-9.34957433e-03,-8.15145299e-02,-2.29017027e-02,
  -1.21409900e-01,-2.37273529e-01,-4.69806530e-02, 1.62653737e-02},
 {-1.89253604e+00,-3.86168092e-01, 7.74281938e-03,-2.48930860e+00,
  -4.77625847e+00,-1.18300164e+00,-3.19012135e-01,-5.26798534e+00,
  -9.19070363e-01,-4.91585732e+00, 1.22349167e+01,-1.64150941e+00,
   1.38783574e-01,-1.48243439e+00,-1.27123455e-02,-1.38000417e+00,
  -3.13399971e-01, 2.03644371e+00,-2.70077795e-01,-1.12082281e+01,
  -2.06354111e-02,-3.03251743e+00, 5.32391787e+00, 9.68890762e+00,
  -3.15676117e+00,-3.31284485e+01, 2.33588314e+00, 6.92994714e-01,
   4.09714794e+00,-2.23829412e+00, 1.68324113e+00, 8.99272537e+00,
  -1.07777653e+01, 3.94204378e+00,-5.44736147e+00,-7.90724635e-01,
  -1.49662244e+00,-3.03119481e-01,-1.56176686e+00,-2.83411026e-01,
  -2.92605424e+00, 3.40121746e-01,-1.01755500e+00, 4.30171824e+00,
   5.62545395e+00,-3.12994099e+00,-4.91861076e+01,-9.18190420e-01,
   1.84859753e+00, 1.32100761e+00,-1.90199935e+00,-1.89891660e+00,
  -7.99514413e-01, 2.61768961e+00,-4.68615800e-01, 2.94353318e+00,
  -2.75480986e+00,-3.57520521e-01,-7.88450778e-01, 7.74660051e-01,
   8.81383038e+00, 1.40825403e+00,-9.70244408e-01,-2.76777089e-01,
   6.47319615e-01, 7.60105550e-01, 3.09390140e+00, 9.95401621e-01,
  -4.70145971e-01, 1.56249678e+00, 1.62068796e+00,-3.30920547e-01,
   1.42889900e+01, 8.46715271e-01,-1.11974442e+00, 2.59550095e+00,
   7.42699814e+00, 2.85069036e+00, 6.85647309e-01,-1.07439697e+00,
  -6.78231716e-01, 4.91619617e-01,-1.23938417e+01, 1.16269207e+00,
   1.03746407e-01,-1.21367979e+00,-1.16536732e+01, 3.10423684e+00,
   2.70049214e+00, 1.15007925e+00,-1.74673283e+00,-2.81782889e+00,
  -7.71427155e-01, 2.17967153e-01, 8.56785059e-01, 7.60684013e-01,
   3.53168517e-01, 3.34579825e-01, 2.85802305e-01,-5.05579412e-01,
  -9.05658722e+00,-2.11371469e+00, 2.27911282e+00, 9.68304396e-01,
   1.59474015e+00, 8.44586492e-01, 5.40808439e-01,-2.46666148e-01,
  -1.25616503e+00, 2.77755886e-01,-2.19065261e+00, 5.25330019e+00,
   1.24315596e+00,-1.25548887e+00,-1.36299479e+00, 2.64334345e+00,
  -2.03294847e-02,-2.32903004e+00,-5.63245726e+00, 7.53236592e-01,
  -4.37787676e+00,-1.25641000e+00, 1.22950611e+01, 1.35436523e+00,
  -1.39849215e+01, 7.82111120e+00, 1.28698862e+00,-1.82347274e+00},
 {-1.16321917e+01,-7.08828592e+00, 8.01105380e-01,-2.71926808e+00,
   7.74832785e-01,-1.00698650e+00, 3.95333767e-01, 1.03242207e+00,
   2.34710598e+00, 9.29558992e-01,-5.72232366e-01, 1.30473928e+01,
  -1.06505454e-01,-3.88101816e+00, 4.00863123e+00, 1.84240704e+01,
   4.55165468e-02,-4.15568085e+01,-1.73090851e+00, 3.50959396e+00,
   9.51600432e-01, 6.51286244e-01,-1.66064224e+01,-5.64893126e-01,
   2.52785116e-01, 1.64793129e+01,-1.90231400e+01,-6.69294586e+01,
  -1.10598555e+01, 4.79805350e-01,-2.60847420e-01, 1.16426611e+00,
   4.26424176e-01, 9.48390388e+00, 1.99515533e+01, 1.22465849e-01,
   2.09179854e+00,-1.73299444e+00,-2.74717760e+00, 5.80164909e+00,
   1.69716135e-01,-1.12083950e+01,-1.38155622e+01, 1.05987329e+01,
  -2.39585042e+00,-7.13083923e-01, 8.83682072e-01, 1.99773657e+00,
  -6.92202091e-01,-2.62909532e-01,-4.38120747e+00,-3.82036057e+01,
   6.07201934e-01,-4.86079931e+00, 5.39510369e-01,-6.93971515e-01,
   3.42960417e-01, 1.70988293e+01, 9.12527919e-01, 7.68234313e-01,
  -2.05131221e+00, 3.53537345e+00,-8.67499638e+00, 3.52712214e-01,
   4.25729465e+00, 1.99143181e+01, 7.07645938e-02,-1.58415847e-02,
  -5.72121799e-01,-3.12361240e+01,-7.30314076e-01,-9.79158115e+00,
  -4.23323107e+00,-1.41251668e-01,-1.27210569e+00, 2.97533095e-01,
  -1.86079776e+00,-8.27614427e-01, 2.41346374e-01,-2.47020960e+00,
  -3.46660227e-01, 4.26509380e+00, 2.72274804e+00,-2.39093065e-01,
   2.81477779e-01,-9.10286188e-01, 1.39886642e+00, 1.79649842e+00,
  -1.45698535e+00,-4.53825331e+00, 2.08784580e+00,-2.94341183e+00,
  -1.01686142e+02,-1.06393938e+01, 2.84047335e-01, 4.78403002e-01,
  -2.58191258e-01,-6.23512411e+00,-1.65570259e+00,-9.85245228e-01,
   2.19296360e+00, 9.32977974e-01,-5.43195784e-01,-2.09272742e-01,
  -1.02865197e-01,-4.38399702e-01, 2.99775422e-01,-1.91376448e-01,
   6.93291962e-01, 6.30022943e-01, 4.45884848e+00,-6.08857512e-01,
  -1.82607090e+00,-4.31475258e+00, 8.64768848e-02,-5.92424750e-01,
  -1.22587562e+00, 1.17077374e+00, 7.24177003e-01,-9.54913998e+00,
   8.91636372e-01, 1.41639277e-01,-1.07074375e+01, 8.06492101e-03,
   3.69065356e+00,-1.12565017e+00,-1.53348351e+00,-3.32557106e+00},
 { 6.36947036e-01, 1.95607710e+00, 3.93216461e-01, 1.90138742e-01,
   7.42977977e-01, 1.73511848e-01, 1.46368127e-02, 2.58783603e+00,
   1.75371796e-01, 1.92286384e+00,-2.21063685e+00, 6.42209709e-01,
  -7.76485866e-03, 1.95557475e-01,-3.10081810e-01, 1.08429484e-01,
   1.60293174e+00, 4.79771078e-01, 2.45770887e-01, 2.39993143e+00,
   7.32985660e-02, 2.43387151e+00,-2.46343303e+00,-9.28203678e+00,
   6.20523024e+00, 1.21782589e+00, 1.04206018e-01,-1.26423270e-01,
  -9.82670933e-02, 7.28681862e-01,-8.94953668e-01,-6.96950150e+00,
  -1.14111710e+01,-2.71691829e-01, 4.31811762e+00, 2.19438627e-01,
   3.35554862e+00,-4.52636667e-02, 6.04570806e-01, 2.57282436e-01,
   1.67611408e+01,-1.43383428e-01,-1.05689891e-01,-2.48377728e+00,
  -4.08366537e+00, 2.01939896e-01, 1.35091400e+01, 2.67681098e+00,
  -1.71264231e+00,-3.17540199e-01, 2.96448004e-02,-1.82260558e-01,
   3.98091555e-01,-5.66333532e-01, 1.98055983e+00,-2.26093268e+00,
   5.66736758e-01, 4.55237448e-01, 8.64774036e+00,-4.66560200e-02,
  -6.49179697e+00,-2.45416909e-01, 1.49844813e+00,-1.05407772e+01,
  -3.60420555e-01,-2.21270293e-01,-4.86169100e-01,-7.81100690e-01,
  -1.88478446e+00, 1.38128921e-01,-2.53330976e-01, 2.14118853e-01,
  -6.44775486e+00,-1.17376578e+00,-1.65223420e-01, 1.08178806e+00,
  -6.15973997e+00,-2.30377960e+00, 1.46463454e-01, 4.34503227e-01,
  -9.63460803e-01, 2.15992689e-01, 2.23638082e+00,-6.81720018e-01,
   3.88366878e-01,-2.38095239e-01, 6.86324358e+00,-1.72161651e+00,
  -3.58806312e-01,-2.93615758e-01,-1.29692525e-01, 6.02141976e-01,
  -4.35525119e-01, 3.09919089e-01,-7.84977078e-01,-2.47679934e-01,
   4.46715839e-02,-5.80980517e-02,-8.25787187e-02, 6.39523840e+00,
   7.56413984e+00, 4.09590691e-01,-7.06005633e-01,-1.23787165e+00,
  -1.89685628e-01,-1.51424408e+00,-1.16041049e-01,-1.35144278e-01,
   1.01706648e+00,-3.42441058e+00, 9.31978881e-01,-1.78034142e-01,
  -1.94517329e-01, 3.87650244e-02,-5.87166488e-01,-2.67064571e-01,
   9.96415764e-02, 3.36791539e+00,-5.56796646e+00,-1.11915497e-02,
   2.41468644e+00, 6.20045805e+00, 2.13731337e+00,-7.26463437e-01,
  -4.81604874e-01,-5.89928102e+00, 1.03025174e+00, 4.98936796e+00},
 {-2.03033948e+00, 3.73322415e+00, 1.49175060e+00, 4.09796619e+00,
   3.54273021e-01,-3.48501897e+00, 2.79090643e+00,-2.48201346e+00,
  -5.12536943e-01,-5.63224936e+00, 6.85755014e+00,-2.59076252e+01,
   5.02374947e-01,-4.02879763e+00, 1.09584017e+01,-1.65745270e+00,
  -2.11690202e-01, 3.23674202e+00, 1.91432881e+00,-1.22371016e+01,
  -2.03563914e-01,-1.35594094e+00, 5.19629526e+00, 5.85306501e+00,
  -2.15830490e-01, 2.69572711e+00,-4.54263544e+00,-3.34326923e-01,
  -1.22545183e+00,-4.56395769e+00, 2.03084186e-01,-2.91383004e+00,
   3.86904192e+00,-4.29926872e+00,-7.87511826e-01, 1.49454856e+00,
   8.18201840e-01, 5.23976898e+00, 5.89547753e-01, 8.65218222e-01,
   1.37669861e+00,-4.93774366e+00,-2.05014014e+00, 4.51620054e+00,
   2.78189707e+00, 1.92261338e+00,-5.26290941e+00, 3.90389174e-01,
   1.00343037e+00, 2.31730390e+00,-1.89204133e+00,-3.58992910e+00,
   1.73718363e-01, 1.92039621e+00, 2.79528409e-01, 1.66887701e+00,
  -3.68811750e+00, 1.45182972e+01,-7.43776381e-01, 1.43048966e+00,
   4.83363724e+00, 1.71878827e+00, 2.72576809e+00,-7.51759946e-01,
   2.08858514e+00, 2.99437428e+00, 2.67268926e-01,-1.67302996e-01,
   9.13744807e-01,-3.89123178e+00,-6.06764734e-01,-2.36948133e+00,
   4.45846844e+00,-4.23468053e-01, 4.61203909e+00,-1.64798212e+00,
   2.56018543e+00, 1.62409484e+00, 1.24745393e+00, 5.65797377e+00,
  -5.93763590e-01, 2.55084515e-01,-6.17682886e+00, 1.21685183e+00,
  -7.15083313e+00, 2.29141784e+00,-5.33581448e+00, 4.40411091e+00,
   2.48994160e+00, 1.64971426e-01, 5.44068003e+00,-1.14853649e+01,
   3.68786120e+00, 2.14318514e+00, 5.02857733e+00,-3.52312613e+00,
  -8.92397785e+00,-2.18377757e+00, 8.54135398e-03, 9.33243811e-01,
  -4.49597073e+00,-9.40039814e-01,-7.73409367e+00, 6.89853609e-01,
  -3.92520756e-01, 1.34569371e+00,-1.60239911e+00, 2.19512895e-01,
  -2.03329921e+00,-8.16051066e-01, 9.67048347e-01, 5.73996019e+00,
   1.32572711e+00,-1.19955931e+01,-2.27477223e-01, 5.75938225e+00,
  -3.85572648e+00,-1.99556804e+00, 4.45077324e+00,-1.49453461e+00,
  -3.72131991e+00,-1.39424145e+00,-2.54560739e-01, 1.48708892e+00,
  -7.77616215e+00, 3.91417503e+00, 1.04435616e+01, 1.31504631e+00},
 {-3.09939694e+00,-3.49184179e+00,-2.03660202e+00, 2.48484635e+00,
  -2.48078609e+00, 8.15550208e-01,-6.38963953e-02,-3.77869725e-01,
  -2.80721903e+00,-2.88782537e-01, 6.18537366e-01,-2.10413432e+00,
  -2.86078781e-01,-1.38788319e+01, 5.40649366e+00,-1.22121983e+01,
   7.12941468e-01, 1.98326743e+00, 1.14281766e-01, 6.69499969e+00,
  -2.19081715e-01,-1.45111144e-01, 5.86731546e-02,-4.07354861e-01,
   7.41032213e-02,-1.60002632e+01,-3.83235335e-01, 1.33495331e+00,
   3.12716484e+00,-2.93193281e-01, 5.37209809e-02, 1.88867700e+00,
  -8.43145072e-01,-1.33797579e+01,-9.22275925e+00,-1.88028646e+00,
   4.79433775e+00, 3.30334020e+00,-2.15469599e+00,-4.48517418e+00,
  -1.37899339e-01, 8.83264160e+00, 2.30997860e-01, 3.19872379e+00,
   5.35126388e-01, 1.27329707e+00, 1.97211519e-01,-1.63480771e+00,
   3.37414891e-01, 3.68365079e-01, 9.35904264e-01,-1.30786157e+00,
   5.75721979e-01,-1.55855584e+00, 6.09445646e-02, 3.47879797e-01,
  -1.85231157e-02, 8.23236275e+00,-3.34127545e-01,-2.72254777e+00,
   8.72110367e-01,-3.80904579e+00,-9.11485851e-01, 5.12649059e-01,
  -1.02109158e+00, 3.22508359e+00,-5.48745468e-02,-1.42448843e-02,
   2.46320635e-01,-8.80694211e-01,-1.32665271e-02, 5.94986486e+00,
   1.47591507e+00,-8.73211697e-02,-8.51134205e+00,-1.14349481e-02,
   5.32525599e-01, 1.87789559e-01, 1.20072055e+00,-9.84803021e-01,
   1.14377685e-01,-3.77269030e-01,-8.74981463e-01, 1.64174050e-01,
  -2.57768536e+00,-6.54670298e-02,-8.95796418e-01,-1.41011989e+00,
   1.85960853e+00,-2.43762183e+00,-2.68799233e+00,-5.73199093e-01,
  -8.29765701e+00,-5.73516178e+00,-5.49330771e-01,-2.36004904e-01,
   3.06283623e-01, 5.82429457e+00, 3.08167648e+00,-1.97401568e-01,
  -7.12976217e-01, 5.58991194e-01,-5.24693191e-01,-8.86151753e-03,
   2.78202862e-01, 2.93562531e-01,-5.65316010e+01,-6.53482199e-01,
  -1.70565456e-01,-3.17168646e-02,-4.92432177e-01, 4.05052096e-01,
   1.29802406e+00, 3.66076678e-01,-2.30699047e-01,-1.23655938e-01,
   6.69361651e-01,-4.54203248e-01,-1.49413121e+00, 5.26492691e+00,
  -4.31600004e-01, 6.32253587e-01, 3.21855855e+00,-6.34729266e-01,
  -8.50411713e-01, 3.61764938e-01,-7.32237101e+00, 1.85018933e+00}};

const float b2[sz_hid_2] = {-9.8487210e-01,-5.5979824e+00,-1.3406460e-01,-2.0766144e+01,
 -6.2223072e+00, 1.9502370e-02,-8.6191998e+00, 4.7019653e+00,
 -8.8474236e+00,-6.0509748e+00,-1.3776642e+01,-4.9548244e+00,
 -6.9872081e-01,-4.1469150e+00,-8.1851730e+00, 1.1258787e+01,
  6.1090903e+00,-9.7179629e-02,-1.1803323e+00,-1.6497150e+01,
 -1.3871952e+01,-7.2637405e+00,-1.4632442e+00,-6.1454749e+00,
  1.0382920e+01,-6.2343602e+00,-1.2500592e-01, 7.9396152e-01,
  8.6587679e-01,-1.2702547e-01,-1.0990252e+01,-5.0240970e+00};

const float w3[sz_act][sz_hid_2] = {{-1.97225856e-03, 8.27908888e-02, 7.00316057e-02,-1.61497835e-02,
   1.15473662e-02,-1.17521156e-02, 8.98402184e-02,-1.29163957e+00,
   2.04128139e-02,-2.00783052e-02,-1.79089516e-01, 2.05349247e-03,
   2.33874423e-03,-8.04991722e-02, 4.39695492e-02, 1.32632053e+00,
  -1.32071659e-01,-5.92914484e-02, 2.34290701e-03, 1.52331561e-01,
   4.00388817e-04, 2.37158135e-01, 6.67663440e-02,-1.32923007e-01,
   1.05863236e-01, 2.60682590e-03, 9.75675583e-02, 3.23792517e-01,
   1.43881897e-02,-6.27106279e-02,-1.52664003e-03,-2.04605912e-03},
 {-1.28045276e-01, 8.83274619e-03, 1.13921523e-01,-2.78303087e-01,
   9.07782316e-02,-8.17093104e-02, 2.26308927e-01,-6.62529143e-03,
  -1.96021140e-01,-2.42889971e-01,-1.26293404e-02,-6.90796301e-02,
  -1.07819110e-01,-2.30795681e-03, 1.36606574e-01, 8.81815981e-03,
  -2.18261825e-03,-1.36978641e-01,-6.30062893e-02,-9.04934108e-03,
   1.08141251e-01,-7.30286725e-03, 1.13072281e-03,-9.65109654e-03,
  -4.21055360e-03,-1.56068787e-01,-2.25256737e-02,-9.03901644e-03,
  -8.21907520e-02,-1.47983036e-03, 1.64625019e-01, 1.32649437e-01}};

const float b3[sz_act] = {0.01473531,0.23963842};

