const float w1[sz_hid_1][sz_obs] = {{ 1.11732699e-01, 6.82349801e-02,-4.58841133e+00,-3.90160465e+00,
  -7.44886994e-01, 1.16782105e+00,-1.93326145e-01,-1.75627959e+00,
   4.77861071e+00},
 {-9.78441611e-02, 3.21067236e-02,-7.04810023e-01, 9.19698179e-01,
   5.41237068e+00,-3.47649431e+00,-2.60058530e-02,-1.87052417e+00,
   5.89101128e-02},
 {-5.01331016e-02,-9.69964564e-02,-1.10570633e+00,-3.98101139e+00,
  -2.60551715e+00, 2.62803793e+00, 8.13203156e-02,-6.14453495e-01,
   1.35482168e+00},
 { 1.82085633e-02,-6.76696794e-03, 1.70932651e+00,-1.11521041e+00,
   8.87203574e-01,-4.11573127e-02, 6.07648641e-02,-2.45946670e+00,
   1.55910778e+00},
 {-6.72428831e-02,-1.75094092e-03, 6.98238277e+00, 2.97527766e+00,
   1.66493368e+00,-9.41222787e-01, 5.29317595e-02,-2.97378230e+00,
   8.36608708e-01},
 {-3.84192541e-02,-1.26033828e-01, 3.40712637e-01, 1.13608837e+00,
   8.04173052e-01,-7.52802193e-01, 1.41588911e-01,-3.33837938e+00,
   5.79688883e+00},
 { 4.31858636e-02,-2.20602602e-02, 1.32542849e-01, 1.74801350e+00,
  -2.16502452e+00, 5.08508325e-01,-6.32349402e-02, 9.98327732e-01,
  -2.48730683e+00},
 { 1.47881627e+00,-3.30452681e+00,-1.10820615e+00,-1.48856482e-02,
   6.75754505e-04, 3.30189767e-04, 7.50159407e+00, 5.92013411e-02,
  -1.26223275e-02},
 {-4.74824710e-03,-6.06735284e-03, 6.26876831e-01, 5.18628550e+00,
   1.10587549e+00, 8.33443463e-01, 4.30579595e-02,-1.17412395e+01,
   1.54117331e-01},
 { 6.15596771e-01, 2.20883894e+00,-3.49413419e+00,-6.76570609e-02,
  -1.19264917e-02,-2.01902092e-02, 4.71249533e+00, 5.48999337e-03,
   3.11251059e-02},
 { 3.14685225e+00,-2.80358553e+00, 2.89044476e+00,-8.75705108e-03,
  -5.96898198e-02,-2.76781898e-02,-1.10148258e+01, 6.02987595e-02,
  -1.56731736e-02},
 { 1.59332082e-01,-5.39082102e-02, 2.00441480e+00,-2.23709202e+00,
  -1.89465356e+00,-2.51060510e+00, 7.04051182e-02, 3.56775546e+00,
  -4.98289585e+00},
 { 3.17896553e-03, 6.48517814e-03,-2.00142407e+00,-2.52957225e-01,
   6.12260580e-01, 1.15753670e+01, 1.72421653e-02,-7.43117511e-01,
   2.64055980e-03},
 { 2.81021814e-03, 3.23008467e-03,-3.63401845e-02, 1.95991158e+00,
  -2.05422115e+00, 1.71393502e+00, 3.33344005e-03,-9.48404503e+00,
   2.29467861e-02},
 {-1.53242806e-02,-7.45934085e-04,-3.19277234e-02,-2.36482286e+00,
  -3.17915976e-01, 5.30236065e-01, 3.69702670e-04,-1.70103443e+00,
   1.15124881e-01},
 {-3.67666818e-02,-1.18760318e-02,-2.67794299e+00, 7.85741687e-01,
  -7.24466324e-01,-2.50737381e+00, 4.89133922e-03, 6.27754545e+00,
   1.39413106e+00},
 {-4.02384567e+00, 2.63909101e+00, 4.46855736e+00,-1.85791850e-01,
  -1.35951899e-02, 1.81292310e-01, 3.78128499e-01,-1.42467082e-01,
   1.28657043e-01},
 {-3.31883393e-02,-3.05512790e-02, 4.45199698e-01, 2.78086162e+00,
   4.73765802e+00,-3.64514738e-02, 6.59894571e-02,-6.33648205e+00,
   2.55092835e+00},
 {-8.23691580e-03,-3.63782234e-02,-3.89026666e+00,-2.18138900e-02,
  -3.04082274e+00, 1.16237402e-01, 5.30302972e-02,-1.15977526e+00,
   2.85029364e+00},
 { 5.41920848e-02,-7.32654287e-03, 1.71327150e+00,-5.65210819e-01,
  -1.16705489e+00,-1.56236440e-01, 4.30579558e-02,-6.81980562e+00,
  -1.87293851e+00},
 {-1.00431180e+00, 2.16284275e+00, 4.37717724e+00, 2.79223900e-02,
  -4.81853262e-02,-1.52426198e-01,-7.55658579e+00, 5.06817922e-02,
  -1.84405848e-01},
 { 4.34297085e+00, 5.49175549e+00, 4.60258341e+00, 1.85557585e-02,
  -4.34236275e-03, 3.41350511e-02,-7.15500307e+00, 3.83413248e-02,
  -3.04641388e-02},
 { 2.80072484e-02,-1.45646548e-02,-5.24431825e-01, 7.15685368e-01,
   1.24095619e+00,-4.81192052e-01, 3.96745056e-02, 8.10417747e+00,
  -1.32769835e+00},
 { 2.74589705e+00, 2.45819592e+00, 2.36903548e+00, 3.40648927e-02,
   1.48655683e-01,-1.98721260e-01,-5.68773603e+00,-1.46713272e-01,
   1.64168522e-01},
 { 8.81372094e-01,-2.81186986e+00, 1.20042038e+01, 6.29744157e-02,
   1.67878531e-02,-1.43464446e-01,-5.39786196e+00,-3.19986530e-02,
  -2.23853484e-01},
 { 8.88726562e-02, 1.21683560e-01, 7.80879498e+00,-1.72142172e+00,
   1.77598190e+00, 1.43473744e+00,-2.38640428e-01, 5.12586498e+00,
   2.39698529e+00},
 {-4.39471677e-02,-2.57663220e-01, 3.54135728e+00,-5.78619599e-01,
   1.73116302e+00, 9.28656831e-02, 1.22804329e-01, 5.20303071e-01,
   4.86980629e+00},
 { 1.09152682e-01,-3.28994193e-03,-6.32663295e-02,-1.80890453e+00,
   1.51793027e+00, 2.33733368e+00, 1.22155331e-01,-4.52550554e+00,
   1.71910271e-01},
 { 2.75964662e-02, 2.19730750e-01,-2.95207071e+00,-1.45146811e+00,
  -2.58628994e-01,-5.89822590e-01,-2.89740652e-01,-4.26648283e+00,
   3.02997732e+00},
 { 7.39479661e-02, 1.01484470e-02,-1.93716383e+00, 2.60514903e+00,
  -1.57041097e+00, 2.52234459e-01, 4.16602157e-02, 4.48958158e+00,
  -3.08035898e+00},
 { 1.44851649e+00,-4.20519781e+00,-7.96101093e+00, 6.25628233e-02,
  -6.71656802e-02, 7.58043453e-02,-3.35235119e-01,-1.28296927e-01,
   2.40488112e-01},
 { 4.23565388e+00,-2.39364773e-01,-6.48259592e+00, 2.78306872e-01,
  -1.56751096e-01,-3.21713805e-01, 5.15287828e+00,-1.69251829e-01,
   2.93526560e-01},
 {-7.14709759e-01,-2.75889492e+00,-8.38298798e+00,-7.37696663e-02,
   5.79177737e-02,-1.73556387e-01, 7.57704592e+00,-5.23592904e-02,
   2.08668277e-01},
 {-3.45983766e-02,-2.71563127e-04,-3.30977893e+00,-2.11161232e+00,
   1.28867948e+00, 1.41178560e+00, 7.46168569e-02, 4.12589979e+00,
  -3.18743277e+00},
 { 1.42265446e-02,-1.32095860e-02, 2.74024874e-01, 5.35288334e-01,
   1.45916283e+00,-6.23214722e-01, 3.64037007e-02, 8.62279892e+00,
   1.85933626e+00},
 {-1.39087886e-02, 4.17809151e-02, 7.04469681e-02, 2.57197762e+00,
   4.44680166e+00,-1.41224667e-01, 5.26573509e-03,-6.52820349e+00,
  -1.67599134e-02},
 {-2.18740199e-02,-1.72369014e-02,-5.25738180e-01, 8.63994420e-01,
  -4.67123604e+00,-2.34276399e-01,-1.79970816e-01, 7.07604408e+00,
   5.48452318e-01},
 { 2.63059903e-02,-4.10044426e-03, 1.11660445e+00,-1.04020955e-02,
  -2.73367691e+00,-7.37323046e-01, 2.31951140e-02, 4.72168589e+00,
  -3.85322012e-02},
 { 1.28014565e-01, 6.57738149e-02, 5.84663820e+00,-1.15070260e+00,
  -2.75472164e+00,-1.79729164e+00,-3.04791443e-02,-4.24664593e+00,
  -1.13559473e+00},
 { 4.21368442e-02, 2.92512681e-02,-6.83350861e-01, 6.63332844e+00,
  -2.82120109e-01, 1.98000288e+00, 2.55254190e-02,-1.01630297e+01,
  -5.86579442e-02},
 { 2.81952643e+00,-2.06943607e+00,-6.32452297e+00,-1.13520890e-01,
  -1.25442863e+00,-6.41293526e-02, 4.88410902e+00, 4.74785827e-02,
  -4.07583094e+00},
 {-1.17281536e-02,-7.67389871e-03, 8.01617932e-03, 4.34953260e+00,
   4.59347516e-01,-1.51992428e+00,-1.05127497e-02, 1.14540319e+01,
  -2.07750150e-03},
 { 6.19388632e-02,-1.17327407e-01,-2.57506871e+00,-2.64372301e+00,
   2.63382256e-01,-8.56901169e-01, 5.06386012e-02,-4.26731050e-01,
  -3.28544641e+00},
 {-2.37457473e-02, 4.93218862e-02, 9.73551691e-01, 9.94459212e-01,
  -1.61747217e+00,-1.47024944e-01,-3.91951613e-02,-8.33679008e+00,
   1.37155330e+00},
 { 3.55447268e+00, 1.74211979e+00, 2.29712009e+00,-2.06690300e-02,
  -2.03526095e-02,-4.85110581e-02,-9.50356197e+00, 2.93947589e-02,
   8.23001750e-03},
 {-2.73278039e-02, 1.53391333e-02, 3.69146729e+00, 9.00301814e-01,
  -7.47392893e-01,-6.32204831e-01,-4.91400547e-02, 4.25142288e+00,
  -3.79401779e+00},
 { 1.64016998e+00,-3.61875057e+00,-5.81308126e+00, 8.28161687e-02,
   9.27393436e-02,-7.31086656e-02, 7.34522390e+00,-1.15599781e-01,
   3.00267339e-01},
 { 4.86117527e-02,-3.38414684e-03,-1.08611937e+01, 2.32803430e-02,
  -1.44321742e-02,-7.26678848e-01,-4.64700945e-02,-1.18950882e-03,
  -5.62242806e-01},
 { 4.44034481e+00,-2.97867537e+00,-4.35457563e+00,-1.94454100e-02,
  -1.35239121e-02, 9.91519354e-03, 8.86013031e+00,-2.61724442e-02,
   5.25276959e-02},
 {-1.14735544e+00,-3.92482591e+00,-2.62594700e+00,-1.77339446e-02,
  -3.41369435e-02, 1.97722450e-01, 6.98205411e-01, 8.23386982e-02,
   2.66425442e-02},
 { 5.89237623e-02,-1.95651710e-01,-2.62525380e-01,-3.31282735e+00,
   1.18752325e+00, 2.85513830e+00, 1.48818299e-01,-9.38054979e-01,
   3.96404624e+00},
 {-3.18339840e-02, 2.75479071e-02,-1.65828362e-01,-7.24280179e-01,
  -1.13490009e+00, 1.45838320e-01,-9.00975391e-02,-7.09411287e+00,
  -4.80375707e-01},
 { 4.22909781e-02, 1.00275800e-02, 1.18499577e+00, 2.91312790e+00,
  -3.01043677e+00, 4.60084724e+00, 1.90646723e-01, 2.95863438e+00,
  -3.27033734e+00},
 { 6.18755743e-02,-4.66478653e-02,-3.89972353e+00,-3.03208888e-01,
  -1.08258712e+00, 1.50167868e-01,-5.10541312e-02,-6.20630836e+00,
   2.92449021e+00},
 {-1.39459467e+00,-2.38156629e+00,-4.72376728e+00, 5.96674047e-02,
  -4.65112552e-02, 7.12227896e-02, 5.54850292e+00, 1.36585422e-02,
   3.39846648e-02},
 {-3.72589922e+00, 3.64462227e-01,-1.10905659e+00, 5.82892820e-02,
  -6.22613542e-02,-9.84477773e-02,-1.74686027e+00,-4.97233048e-02,
   6.00389913e-02},
 { 5.32132208e-01,-1.73646784e+00, 3.04531860e+00, 2.77111176e-02,
  -1.21055748e-02,-1.16057381e-01,-5.60873747e+00,-2.67065410e-02,
   2.01409794e-02},
 { 2.18426902e-02,-1.58679602e-03, 3.15781325e-01, 1.41327822e+00,
  -2.42820692e+00, 1.23381293e+00, 1.25126150e-02,-8.42908955e+00,
  -7.56963249e-03},
 { 2.47528291e+00,-3.06671381e-01, 3.17882085e+00, 1.39816031e-01,
  -3.58618200e-02,-6.65120780e-02, 5.86478519e+00, 2.15898201e-01,
  -1.11413062e-01},
 {-4.26067412e-02,-1.71255339e-02,-3.36870360e+00, 2.49563646e+00,
   6.84212089e-01, 2.89630830e-01,-1.70294214e-02,-1.58154622e-01,
  -2.84131479e+00},
 { 1.33142197e+00, 3.50484133e+00, 4.66066265e+00, 2.18811128e-02,
   3.05133709e-03, 3.43483989e-03,-4.32366800e+00,-2.41658854e-05,
  -1.30224251e-03},
 {-6.50266092e-03,-1.41246412e-02, 7.04286098e-02, 3.44235039e+00,
  -8.10516775e-01, 3.77330333e-01, 4.89500761e-02,-9.19229603e+00,
   2.19690483e-02},
 { 2.91772299e-02,-6.32286891e-02,-5.26102495e+00, 8.00271153e-01,
   1.78866088e+00, 1.04591417e+00, 3.69154125e-01,-1.10212111e+00,
  -5.29039526e+00},
 { 2.73495406e-01, 1.07919564e-02, 1.77050190e+01, 2.05490906e-02,
   1.80374458e-02,-5.01214191e-02,-4.48866002e-02,-9.88377184e-02,
  -1.47990614e-01},
 { 1.41620275e-03, 4.73171938e-03,-1.70814961e-01, 7.90128484e-02,
  -1.04879129e+00, 4.92399633e-01, 7.84932002e-02, 3.39743638e+00,
   2.87460876e+00},
 { 1.85627583e-02,-4.00469378e-02, 6.03218190e-02,-3.34957242e+00,
   2.68510866e+00,-2.13923410e-01,-1.25128068e-02,-6.16796970e-01,
  -1.75755322e-02},
 { 2.48359609e+00, 9.42130327e-01,-7.58189774e+00, 1.52888760e-01,
  -1.03014342e-01, 2.16508880e-01,-5.76073790e+00, 2.73176908e-01,
  -5.37411198e-02},
 {-2.15510321e+00,-6.28976870e+00, 6.95012569e+00,-6.54770881e-02,
  -1.52761741e-02,-1.95156187e-01, 2.07019448e+00, 2.11376529e-02,
  -7.44265541e-02},
 { 3.98037434e+00, 5.13685226e-01, 6.58076346e-01,-6.96819928e-03,
   2.48700846e-02,-1.14161186e-01, 9.85219669e+00,-6.17249310e-02,
  -8.91425088e-03},
 { 1.14053572e-02,-4.38656248e-02, 1.23070526e+00,-1.30724120e+00,
  -2.81959057e-01, 4.58393961e-01, 3.47287133e-02,-9.01536274e+00,
   1.41988292e-01},
 {-2.85346881e-02,-1.56069919e-02,-3.18964791e+00,-8.35693955e-01,
   1.71558297e+00,-5.08556306e-01, 2.83791311e-02, 2.66313338e+00,
  -3.25345111e+00},
 { 2.97241081e-02, 5.27725555e-02, 3.04136693e-01, 3.70930505e+00,
   1.46736300e+00, 7.57925987e-01, 2.54733358e-02,-8.74819756e+00,
  -1.82155124e-03},
 { 2.76027536e+00,-2.04171824e+00, 5.16901779e+00, 4.52270091e-01,
  -2.47258469e-01,-2.61582702e-01,-6.20751286e+00,-5.22704981e-02,
  -1.80640489e-01},
 { 8.05878520e-01,-1.96172476e+00, 3.74040365e+00,-8.31806660e-02,
   1.21102847e-01,-1.83395654e-01,-5.39827824e+00,-9.22536626e-02,
  -6.78214058e-02},
 { 6.47120252e-02, 2.22079623e-02,-2.43288904e-01, 8.19759429e-01,
  -5.28855133e+00,-7.11830497e-01,-1.57060549e-02, 6.39352942e+00,
  -5.47411107e-02},
 {-7.28653431e-01,-7.93197036e-01, 3.62012887e+00,-1.48977727e-01,
  -1.94876753e-02,-1.53648868e-01, 1.59486520e+00,-2.09121872e-03,
  -2.92888969e-01},
 { 5.49213696e+00, 6.19490981e-01,-6.65495872e+00, 1.17587738e-01,
  -7.30331102e-03,-1.14637464e-02, 1.25376329e+01, 6.56759515e-02,
  -8.97374470e-04},
 { 3.99712896e+00,-5.22630596e+00,-2.49965763e+00, 2.47139204e-02,
   6.46357685e-02,-1.29189331e-03, 1.35983429e+01,-2.83410251e-02,
   6.70758188e-02},
 { 1.36964219e-02, 7.34888539e-02,-2.58853340e+00, 3.62489510e+00,
  -1.98520243e-01, 2.72059751e+00,-1.06790982e-01, 1.99588612e-01,
   1.30573332e-01},
 {-3.30537446e-02,-3.50454785e-02, 2.02920532e+00,-2.26446033e-01,
   1.81911922e+00,-4.63238716e-01, 5.76084629e-02, 2.21588492e+00,
   2.31815886e+00},
 { 3.20796013e+00,-3.96827888e+00, 5.67502141e-01, 1.01030013e-02,
  -2.65211482e-02, 1.46959990e-01, 1.05851963e-01, 2.20804997e-02,
   9.04944986e-02},
 { 2.26429990e-03,-1.96308736e-02,-2.30090335e-01, 2.32632017e+00,
   4.65496778e+00,-4.80498701e-01, 6.43861592e-02,-4.24313021e+00,
   2.56357770e-02},
 { 4.85753632e+00,-9.36809063e-01,-4.47621489e+00, 7.06834495e-02,
  -2.00202912e-02, 7.49713928e-02, 9.40285397e+00,-4.55254279e-02,
  -3.08468733e-02},
 { 1.02136755e+00, 2.24056983e+00, 1.59951460e+00,-1.19191194e-02,
  -5.15496917e-02, 8.06675255e-02, 7.57376719e+00, 8.55262280e-02,
  -1.90516971e-02},
 {-3.35308583e-03,-3.22704688e-02, 4.45232093e-02, 4.39308822e-01,
   3.06423962e-01, 2.03114897e-01, 1.93620734e-02, 7.68871593e+00,
  -9.06561986e-02},
 {-4.03952971e-02,-4.61027287e-02, 1.71796054e-01,-2.84380484e+00,
  -4.16902447e+00,-3.64677477e+00,-7.11925700e-02, 3.93779576e-01,
   4.71490860e+00},
 { 2.43117929e+00,-3.00762892e+00, 2.85712957e+00,-2.71788817e-02,
  -2.21426617e-02,-4.75431830e-02,-1.05307045e+01, 4.84893331e-03,
  -3.94433960e-02},
 { 1.24747576e-02,-1.41714280e-02, 3.22191656e-01,-2.53330970e+00,
  -6.41577184e-01,-2.30594754e+00, 1.53344860e-02, 2.42711973e+00,
   4.05551004e+00},
 {-1.24497116e-01,-8.43317807e-02, 2.39408827e+00, 3.16005874e+00,
   9.27774310e-01,-2.76933479e+00, 1.97024997e-02,-7.41310596e-01,
  -3.36863136e+00},
 {-1.01257907e-02,-6.21879958e-02, 2.26745653e+00,-3.70296121e+00,
   7.48708129e-01, 3.29451847e+00, 9.04619843e-02,-4.32058513e-01,
  -3.67720890e+00},
 { 9.92740784e-03,-8.89301207e-03,-1.09372866e+00,-5.65243304e-01,
  -9.14090276e-02,-5.46475887e-01, 3.98453400e-02, 1.69335699e+00,
  -5.92804193e-01},
 { 5.98853901e-02,-3.08037456e-02,-1.09362698e+00, 3.39393568e+00,
   8.48669335e-02,-7.35293567e-01, 5.55437542e-02,-3.78961253e+00,
   2.85712266e+00},
 { 4.67989885e-04, 2.09060460e-02,-1.92637026e-01, 1.32876396e+00,
   3.22828031e+00,-1.11008191e+00, 3.53120663e-03, 9.44315243e+00,
   3.88213946e-03},
 { 3.88636850e-02,-6.27317524e-04, 6.17896974e-01,-8.13919425e-01,
   2.05079007e+00,-3.14321971e+00, 8.98235198e-03, 5.24022627e+00,
   1.04666300e-01},
 { 3.13874222e-02,-8.27788096e-03,-9.10131633e-01, 2.49544454e+00,
   3.27681828e+00,-1.23940058e-01, 6.04786053e-02,-6.45205879e+00,
  -3.59226298e+00},
 { 6.87688589e-02,-7.52938213e-03,-7.73618412e+00, 1.53936192e-01,
  -1.34868896e+00, 1.38716280e+00, 1.37672387e-02,-2.34832215e+00,
  -2.81098223e+00},
 { 5.08638509e-02,-2.30548996e-02,-9.32269990e-02,-1.46245942e-01,
   8.54442120e-01, 6.88820124e-01,-3.51460204e-02,-3.56872773e+00,
  -2.98787475e+00},
 { 1.03334850e-02, 7.59817101e-03,-2.80035920e-02, 1.71156847e+00,
  -5.49574661e+00,-1.23844922e+00, 9.46491584e-03, 1.13586063e+01,
  -8.39757249e-02},
 {-2.81613227e-02, 5.56124700e-03, 8.01544309e-01,-4.44610678e-02,
   2.66276803e-02,-8.64989376e+00, 9.14977118e-03,-1.99875180e-02,
  -4.32676934e-02},
 {-4.82486468e-03,-6.04253449e-03, 2.27656155e+01, 1.43163381e-02,
   1.84517391e-02,-1.92750856e-01, 1.42657198e-02,-3.17101669e-03,
   9.58850048e-03},
 { 5.58650303e+00, 4.46738750e-01, 5.70348120e+00,-8.28241482e-02,
   8.18810705e-03,-2.81635057e-02,-1.35542889e+01,-5.82910776e-02,
   1.25022139e-02},
 {-5.82011342e-02, 1.15050515e-02, 1.67764533e+00, 4.08636808e+00,
   6.50592387e-01, 1.71916807e+00, 4.30286676e-02, 2.22164321e+00,
  -2.85815263e+00},
 { 5.52874207e-02, 2.46377382e-02, 2.57924050e-01, 3.14860630e+00,
  -2.44318414e+00, 2.34159756e+00,-3.40520553e-02, 3.37830114e+00,
   4.72191763e+00},
 { 7.23542795e-02, 1.59895098e+00,-9.57166862e+00, 6.27472922e-02,
  -6.19767942e-02, 1.11121260e-01, 6.97867012e+00, 1.49541557e-01,
   4.35048677e-02},
 {-2.36511683e+00, 2.74801993e+00, 8.90587997e+00,-4.36724015e-02,
   1.16252236e-01,-1.83029413e-01,-3.08083034e+00,-2.35848144e-01,
  -2.11511105e-01},
 {-8.54272664e-01, 5.09288073e+00,-1.73718631e+00, 8.62702131e-02,
  -1.76496506e-02, 2.02108309e-01,-5.08599186e+00, 1.47609636e-01,
   5.48457131e-02},
 { 2.51271073e-02,-3.75947692e-02, 7.01096281e-02,-1.92483437e+00,
  -2.89810747e-01,-1.96500421e+00, 6.09967560e-02, 3.31228733e+00,
  -5.20163290e-02},
 { 5.87895252e-02, 2.36260351e-02, 1.56604695e+00, 1.02104060e-01,
  -1.20435941e+00, 8.12518418e-01, 9.38768834e-02,-1.01855433e+00,
  -5.08336449e+00},
 { 2.84095836e+00, 2.31050992e+00, 3.25971293e+00,-2.63459310e-02,
   7.05917627e-02,-4.34823185e-02,-2.21887732e+00,-6.30249307e-02,
   1.64732486e-02},
 { 3.86095000e-03, 7.64417974e-03,-2.92744465e+01,-3.10516097e-02,
  -5.06457426e-02, 1.18007101e-01,-4.75582108e-02, 5.25666028e-02,
   1.58324726e-02},
 { 1.71251339e-03,-8.48320313e-03, 4.47383404e+00, 1.41562593e+00,
   1.37505496e+00, 9.22152758e-01, 4.96919639e-02,-3.94353724e+00,
   2.70426202e+00},
 { 1.83980250e+00, 1.29484332e+00,-3.44671226e+00, 2.77087539e-02,
  -4.95164655e-02, 4.09601890e-02, 5.75379562e+00, 4.40771990e-02,
   1.79984383e-02},
 {-3.33149219e-03,-1.32656144e-03,-4.35747671e+00, 1.22584188e+00,
  -1.57001305e+00,-1.21714664e+00,-5.22932746e-02, 3.87421036e+00,
   3.08708549e+00},
 { 4.36551962e-03,-4.28065844e-02,-6.56659544e-01, 2.67836452e+00,
   2.71331406e+00,-2.39716697e+00, 4.85115163e-02,-2.88351715e-01,
   2.35762525e+00},
 {-3.64580369e+00, 6.12582397e+00,-2.82751918e-01, 1.36455461e-01,
   2.84589231e-02,-1.71054795e-01,-1.22131014e+00,-9.11181420e-02,
   1.10800266e-01},
 { 1.61232734e+00, 6.71961427e-01,-4.02593279e+00,-7.47198611e-02,
   1.36305150e-02,-2.15430949e-02, 4.13898039e+00, 4.56045233e-02,
  -1.03094261e-02},
 {-1.03542889e-02,-1.35242101e-02,-1.41328871e-01,-1.55534983e+00,
  -3.62002754e+00, 4.48916578e+00, 2.49809586e-03,-3.25018239e+00,
   1.88560337e-02},
 { 1.07448149e+00,-3.19114447e+00,-2.02522612e+00, 5.42686973e-03,
  -1.19575169e-02, 1.49576738e-01, 4.82571459e+00,-3.54671888e-02,
   1.96599737e-02},
 { 3.51889253e+00,-1.02773106e+00,-7.34101677e+00, 1.39614359e-01,
   1.67104447e+00,-2.45657071e-01, 3.78866720e+00, 4.43738371e-01,
   3.00687981e+00},
 { 2.18255934e-03,-4.05123271e-03,-1.26445368e-01,-2.01897955e+00,
  -3.32215238e+00,-1.12066782e+00, 2.10676696e-02, 2.12522316e+00,
  -3.95508818e-02},
 {-2.03817153e+00,-4.25240707e+00,-1.77204716e+00, 6.49916148e-03,
  -7.90056493e-03,-1.12386025e-01, 3.59170294e+00,-9.57241841e-03,
   7.06260465e-03},
 { 7.33873487e-01,-9.66084525e-02, 9.25317287e+00, 1.33276269e-01,
  -3.31513286e-01,-1.56572238e-02,-5.84110498e-01, 2.49416292e-01,
  -2.79234260e-01},
 { 1.57686234e+00,-2.98221171e-01,-3.41635656e+00,-6.56513453e-01,
   2.13890123e+00,-4.49926555e-02, 3.59413862e+00, 2.06196323e-01,
  -2.07002020e+00},
 { 2.57213674e-02, 2.38421950e-02,-2.94685364e+00, 4.21634054e+00,
   2.37210602e-01,-6.69355169e-02,-3.29190008e-02,-6.14601517e+00,
  -1.26052165e+00},
 { 2.99992561e+00, 3.12942433e+00,-3.48665166e+00, 2.97429021e-02,
  -5.69243170e-03, 9.02995467e-02, 1.06768408e+01, 4.52493727e-02,
  -6.89326450e-02},
 { 1.86230183e+00, 3.17383718e+00,-3.68275666e+00,-6.91367604e-04,
   1.47535587e-02, 4.63502249e-04, 1.00442247e+01,-1.13456398e-02,
   3.00562121e-02},
 { 4.98210341e-02,-2.94768531e-03, 1.42116904e-01, 4.09146357e+00,
  -7.58121133e-01,-4.73369546e-02,-1.37632396e-02, 8.86186981e+00,
  -1.20574292e-02},
 { 1.17169753e-01, 2.16436744e-01,-1.20199080e+01,-6.60790130e-02,
  -1.78539194e-02, 4.37378854e-01,-1.39541060e-01,-8.13204050e-02,
   2.20662564e-01}};

const float b1[sz_hid_1] = { -7.0498447 , -6.0778413 , -4.836301  , -1.9823202 , -3.7494504 ,
  -4.215984  , -1.6382432 , -1.8995186 , -5.1031947 ,  1.7296169 ,
  -8.4487    , -5.3573074 ,  1.501763  , -6.529246  , -0.7634729 ,
  -4.750823  , -5.452051  , -5.956195  , -3.8956218 , -7.5124955 ,
  -6.136758  , -3.4848952 , -7.0715322 , -4.596623  , -6.792942  ,
  -9.337893  , -6.029568  , -3.3518853 , -6.3424363 , -3.589593  ,
  -2.4545748 , -8.3909855 ,-11.219726  , -7.7082977 , -7.815355  ,
  -1.7468747 , -7.239508  ,  0.43970707, -6.7463136 , -5.195217  ,
  -9.385819  , -5.5139084 , -3.3976605 , -7.259561  , -3.949602  ,
  -2.2127287 , -7.0232387 , -0.96633834, -3.573581  , -2.1911087 ,
  -4.1691136 , -5.4026556 , -5.7509327 , -6.761426  , -4.308292  ,
  -3.2066257 , -3.8080375 , -7.0425673 , -3.725606  , -2.4865978 ,
  -3.8262103 , -5.005303  , -7.6140566 , -1.1829793 , -1.5739603 ,
  -2.8396554 , -3.994425  , -4.284927  , -4.6137114 , -5.085664  ,
  -3.5405347 , -4.1821527 , -6.377074  ,  0.8985715 , -3.074599  ,
  -0.92237145, -5.6449018 , -1.4225361 , -2.9191737 , -2.9534125 ,
  -2.6607566 , -1.8501142 , -5.8331532 , -6.2663093 , -3.3067386 ,
  -6.541339  , -7.7045965 , -4.7522078 , -3.2453163 , -3.8782082 ,
  -0.12998669, -3.768307  , -7.9057536 , -4.4900575 , -3.4499075 ,
  -3.6803346 , -1.6129245 ,  0.32828867, -0.833724  , -0.02660497,
  -5.485444  , -3.7757027 , -4.040082  , -6.551969  , -5.0700493 ,
  -4.269911  , -1.4162737 , -4.2492948 ,  0.1510243 ,  0.02640731,
  -2.2000093 , -2.7173386 , -2.04031   , -3.661287  , -6.063957  ,
  -0.13746475, -4.865492  , -2.967444  , -9.937847  , -1.7920105 ,
  -3.8073936 , -2.6933622 , -7.102973  , -4.462861  , -8.684481  ,
  -7.796429  , -4.721521  , -0.9181775 };

const float w2[sz_hid_2][sz_hid_1] = {{-2.81941742e-02,-5.35209322e+00, 4.68902104e-02,-8.78240317e-02,
   1.96073496e+00,-2.03583110e-03, 7.75981843e-02,-1.18411481e-02,
  -1.30476505e-01,-8.26675817e-02, 3.36998969e-01, 1.11677516e+00,
   1.44273961e+00, 1.13095391e+00, 2.00325787e-01, 2.26122117e+00,
   1.18578076e-02,-1.81509995e+00, 4.84366494e-04, 1.01710267e-01,
  -1.78042144e-01,-4.20162603e-02,-4.68663073e+00, 3.12018484e-01,
  -1.38536599e-02, 8.49459171e-01, 2.94027060e-01,-1.56877888e-03,
  -9.20910463e-02,-1.79458931e-01,-4.19312380e-02, 1.92532146e+00,
   4.02674556e-01, 3.97516072e-01,-7.32378542e-01,-1.69711169e-02,
   8.28271031e-01,-1.01042278e-01, 2.72624404e-03,-7.28305101e-01,
  -3.94996069e-02,-5.43016911e+00,-5.71334809e-02,-7.81126171e-02,
   2.92830378e-01, 3.49166840e-01,-7.21222684e-02,-8.09835613e-01,
  -5.43504115e-03, 3.29253785e-02, 1.35774493e-01, 1.12168223e-01,
  -8.09739530e-01, 7.24753365e-02,-5.12267090e-02, 5.76023161e-02,
  -1.03382252e-01, 7.21438122e+00, 1.33583695e-02, 2.52388668e+00,
  -3.90553810e-02, 1.96981466e+00, 5.79207718e-01,-2.58794457e-01,
  -5.50380535e-02,-2.64262378e-01,-3.99585515e-02, 6.83460161e-02,
  -1.79552268e-02,-5.75051904e-01,-8.47060621e-01,-3.08328956e-01,
  -4.60395738e-02, 1.22505054e-02, 2.20530653e+00,-3.89657263e-03,
   1.37079537e-01, 1.63096581e-02,-1.61407399e+00, 5.10809839e-01,
   6.73162704e-03, 8.13576132e-02,-5.22748241e-03, 3.30045708e-02,
  -9.24487054e-01, 5.34824096e-02,-2.04424813e-01, 1.72119677e-01,
  -1.67417371e+00, 7.19660744e-02, 6.87973559e-01, 2.91298300e-01,
  -7.20814419e+00,-4.31218481e+00,-9.13468823e-02, 4.92009334e-02,
  -4.37560305e-02,-1.44696856e+00, 8.93544257e-02, 1.62869915e-01,
  -1.62943348e-01,-7.55787969e-01, 9.80605483e-02, 3.95827927e-02,
   1.86777085e-01,-4.30670008e-02, 6.17080975e+00,-2.49153562e-02,
  -2.24279929e-02,-7.09300861e-02,-1.56507254e-01, 2.93027051e-02,
  -4.62036461e-01, 6.04977906e-01, 2.80774608e-02, 1.38496375e-02,
   6.31891489e-01, 1.48024298e-02,-6.70796633e-01,-1.98038012e-01,
  -5.94667606e-02, 5.01720235e-03, 1.31965327e+00,-2.18592167e+00,
  -3.30766320e-01, 9.60755274e-02,-7.99989879e-01, 6.49598420e-01},
 { 9.19505298e-01, 2.09988904e+00,-2.70525157e-01,-2.20993567e+00,
  -1.54190290e+00,-4.99175835e+00,-9.94945645e-01,-1.07965696e+00,
   1.42979932e+00,-2.34514689e+00,-4.94939327e+00,-5.65929794e+00,
  -1.21919587e-01,-1.15125835e+00, 4.38705873e+00,-9.62750375e-01,
  -4.31070626e-01,-2.42356825e+00, 5.88949084e-01,-6.13828516e+00,
   1.44550550e+00, 3.58906060e-01,-3.70224214e+00,-1.35641605e-01,
  -9.88169372e-01,-2.71404910e+00, 6.96103239e+00, 1.47573364e+00,
  -5.44979620e+00,-3.28328228e+00, 1.42146552e+00,-5.90987968e+00,
  -2.43738937e+00, 3.53456688e+00, 3.69934171e-01, 2.30350450e-01,
  -6.00478411e+00, 1.74026281e-01, 1.42219985e+00, 3.46369863e-01,
   2.39572773e+01,-1.76845759e-01,-3.84775734e+00,-1.30343068e+00,
  -3.51864600e+00,-2.51819313e-01,-2.36764622e+01, 1.18011153e+00,
   2.93114114e+00, 7.87382245e-01,-4.05731058e+00, 2.26040649e+00,
   4.38492656e-01,-3.26355338e-01, 2.78658748e-01, 2.58093977e+00,
  -3.58479857e+00, 1.52440262e+00,-4.15366143e-01,-4.62628789e-02,
   3.91869235e+00, 3.67235214e-01, 4.51617897e-01,-3.50439072e+00,
  -1.98275113e+00,-1.16769326e+00, 3.23005080e-01, 1.44784760e+00,
   4.29465532e-01,-3.83342028e+00,-1.12820961e-01, 1.49985838e+00,
  -7.50560093e+00,-2.95522869e-01, 7.09384859e-01, 1.16934121e+00,
   2.84963638e-01, 4.81830180e-01, 1.54245973e+00, 2.12585068e+00,
  -1.04379463e+00, 7.19131410e-01,-3.96689487e+00,-1.28893173e+00,
  -2.64842892e+00, 1.05338299e+00, 6.12933040e-01, 2.65738726e+00,
   3.53677821e+00, 2.63467431e+00, 2.06040454e+00,-3.30025077e+00,
   4.59111309e+00,-4.03379393e+00,-6.58221662e-01,-7.18886435e-01,
   4.02644724e-01, 1.84541121e-01, 3.18364322e-01, 2.79493237e+00,
  -9.04711112e-02,-2.02373338e+00, 2.69854403e+00, 1.16283393e+00,
  -1.09921491e+00, 6.30411506e-01, 3.47368431e+00, 6.20943427e-01,
  -2.25988209e-01, 1.10725677e+00, 2.99670219e-01, 5.20300961e+00,
  -1.23416579e+00,-1.46703374e+00, 1.19960934e-01, 2.13057470e+00,
  -3.92083824e-01,-1.76501799e+00,-4.08312738e-01,-5.80963433e-01,
  -3.83952522e+00, 2.37172380e-01,-1.19245090e+01,-9.08678114e-01,
  -6.98360622e-01, 2.91620791e-01, 3.55717587e+00,-1.65821314e+00},
 {-7.74027929e-02,-4.12606373e-02,-1.60116870e-02,-4.93223369e-02,
   4.99870740e-02,-1.50810331e-01,-1.09243346e-02,-1.60034653e-02,
  -7.66402557e-02,-1.23689556e-02,-5.77130988e-02,-9.24206153e-02,
  -1.39100939e-01,-3.79109941e-02,-9.09246504e-02,-5.24645264e-04,
   4.23262268e-02, 1.55045036e-02,-4.64729965e-02,-3.85168754e-02,
  -5.66421300e-02,-1.12799540e-01,-3.85953672e-02,-1.32435516e-01,
   2.50216341e-03,-2.49837916e-02,-1.01504378e-01,-1.26269385e-01,
   7.11976411e-03,-1.10429049e-01,-1.11811705e-01,-8.42851624e-02,
  -7.61773884e-02,-2.47671939e-02,-1.61529034e-01,-8.61454085e-02,
   6.79841638e-02,-6.48925006e-02,-1.49451075e-02,-8.62079933e-02,
  -3.54707800e-02,-1.31750464e-01,-7.00716674e-02, 2.92865913e-02,
  -4.98191826e-02,-4.77021374e-02,-1.11722142e-01,-4.74791275e-03,
  -8.51503946e-03,-9.70734134e-02,-1.06486052e-01, 3.24504887e-04,
   6.56195625e-04,-3.55972648e-02,-3.95459756e-02,-3.01846545e-02,
  -4.34745587e-02,-1.21334605e-02, 1.62284039e-02,-4.52039726e-02,
  -7.47471526e-02,-4.74756956e-02,-2.37545837e-02,-8.25183187e-03,
  -6.42715096e-02,-2.08128672e-02, 3.66836414e-02,-2.09924821e-02,
  -6.30419552e-02,-5.34218624e-02,-3.41338255e-02,-6.77697584e-02,
  -9.07953456e-02,-3.71534266e-02,-6.04003808e-03,-3.51452939e-02,
  -1.21823385e-01,-8.67052525e-02,-2.32271887e-02,-3.76134440e-02,
   8.55200179e-03,-4.70247902e-02,-1.34356067e-01,-6.40133619e-02,
  -1.06621310e-01,-1.13924928e-01,-1.00273229e-01, 2.50660926e-02,
  -1.04416413e-02, 4.06972226e-03,-8.77263397e-03,-2.20684167e-02,
   4.42407019e-02, 2.68683285e-02,-5.97690530e-02,-5.38904592e-02,
  -1.55761875e-02,-9.28454027e-02,-1.40007928e-01,-1.07669957e-01,
   1.15918936e-02, 2.70871017e-02, 2.14514788e-02,-2.25686990e-02,
   5.34580648e-02,-1.37506276e-01,-1.27730086e-01,-7.71745443e-02,
   2.95939688e-02,-6.08448014e-02,-1.15331270e-01,-1.88547857e-02,
  -6.47879466e-02,-6.64518625e-02,-1.53973494e-02,-7.61943981e-02,
  -1.19879507e-01,-9.65467468e-02,-3.40661802e-03, 1.07011003e-02,
  -4.03684974e-02,-1.86601635e-02, 3.86129096e-02,-4.05405760e-02,
  -1.04547188e-01,-1.20388828e-01,-8.40789732e-03,-8.74322490e-04},
 { 6.51933372e-01,-7.19184542e+00,-1.37665510e+00, 4.84835815e+00,
  -1.39587355e+00,-6.06474066e+00, 5.32309151e+00, 9.68390107e-01,
  -2.64173603e+00, 2.53851223e+00,-6.54705572e+00,-7.74482489e+00,
   4.62517217e-02, 4.50744915e+00, 5.83303356e+00, 1.75091624e+00,
   1.80589604e+00, 4.50798130e+00,-2.46819210e+00, 4.92247915e+00,
   1.40629187e-01, 5.57909250e-01,-1.01214468e+00,-2.91984081e+00,
  -3.69804382e-01,-2.98924446e+00, 5.57207060e+00, 3.14981961e+00,
  -2.74912596e-01, 2.35747051e+00,-4.76894915e-01, 4.09364492e-01,
  -2.49220681e+00, 1.11060047e+01,-1.05396233e+01,-1.25932932e-01,
   4.39803839e+00,-8.12741995e-01,-2.80344415e+00,-3.30239916e+00,
  -1.15839803e+00, 3.60655999e+00,-6.93073034e-01,-3.86833000e+00,
  -3.61930871e+00, 3.30198026e+00, 9.03035343e-01,-2.08395553e+00,
  -7.57972538e-01,-2.67529941e+00, 2.20221567e+00,-3.85516024e+00,
   1.76882195e+00, 6.59457207e-01, 1.30581462e+00,-2.95135283e+00,
   5.91047812e+00, 1.19087563e+01, 2.20528269e+00, 9.20472920e-01,
  -8.72963369e-01, 2.39138079e+00, 1.05523453e+01, 7.69741774e-01,
  -3.40111709e+00, 1.21018445e+00, 8.67863774e-01,-4.90969330e-01,
  -2.34481716e+00,-3.99591208e+00,-2.97958374e+00, 5.78926468e+00,
  -3.16221976e+00,-1.75684297e+00,-2.23503423e+00, 7.68365443e-01,
  -1.84920585e+00,-1.40065646e+00, 2.00964093e+00, 5.57436883e-01,
   5.09592175e-01, 1.23338565e-01, 4.55924749e+00,-2.80363798e-01,
  -4.02178860e+00, 4.29900455e+00, 4.89615488e+00,-2.90016747e+00,
   2.13511443e+00,-7.59843922e+00,-1.28205385e+01,-3.73480797e+00,
   6.18075430e-01,-1.44167066e+00,-2.30529881e+00,-5.48856258e-01,
  -6.54559469e+00, 1.91874182e+00,-7.05966353e-01,-4.33785379e-01,
   3.93494630e+00,-5.69271708e+00,-8.25917435e+00,-4.10976298e-02,
  -1.04148030e+00,-1.77357209e+00,-6.58838892e+00,-4.98831421e-01,
   1.12412786e+00, 2.30085492e-01, 5.77290475e-01,-1.96252286e+00,
  -2.88766742e+00, 1.43929696e+00,-1.08559334e+00,-4.76381731e+00,
   1.76406458e-01, 4.16269016e+00, 1.87992847e+00, 1.63840687e+00,
   3.51463675e+00, 8.32713425e-01, 2.43152928e+00, 1.38279009e+00,
   4.69299126e+00,-3.19142294e+00, 6.87865019e-01, 2.35872793e+00},
 {-1.83515525e+00,-2.95592809e+00,-3.96269178e+00, 1.20623684e+00,
   2.20446062e+00, 2.06266239e-01,-1.73916137e+00, 1.54447985e+00,
  -1.09969831e+00, 1.79520154e+00,-4.20364237e+00, 6.50334167e+00,
  -2.76340604e-01,-9.87566662e+00, 2.11814260e+00, 5.07497740e+00,
   1.89173985e+00, 5.94165659e+00, 4.57566470e-01,-3.66968799e+00,
   2.60970521e+00, 1.30821455e+00, 4.74454784e+00,-1.50748897e+00,
   7.25228935e-02,-6.93760395e+00,-2.79192895e-01, 1.25368309e+00,
  -1.82825804e+00,-1.37189019e+00,-2.01562583e-01, 1.84558928e+00,
  -1.25959826e+00,-4.81245708e+00,-8.55474854e+00,-3.57838362e-01,
   1.60549307e+00, 2.52663445e+00, 1.58182299e+00,-1.47391450e+00,
   1.68413639e+00,-2.96207285e+00, 2.05233717e+00,-1.13025999e+01,
  -6.10585833e+00,-3.72945762e+00, 1.55277097e+00, 4.14813906e-01,
  -1.13784528e+00,-9.19406831e-01,-7.38396120e+00,-4.06590283e-01,
  -8.51437226e-02,-3.79348993e+00, 1.08463752e+00,-1.44963336e+00,
   1.24880219e+00, 2.93456020e+01, 3.32268167e+00,-2.98596096e+00,
  -4.86658096e+00,-2.21610856e+00,-3.60821247e+00, 1.74911767e-02,
  -9.65432644e-01, 4.47968394e-01, 8.27540040e-01,-2.48096466e-01,
  -1.34833813e+00,-1.26889956e+00, 2.66650701e+00, 3.32015920e+00,
  -3.66971254e+00,-3.55620772e-01,-1.50864375e+00, 1.20390022e+00,
  -3.54612041e+00,-1.42552257e+00, 1.06849408e+00, 1.50215971e+00,
  -4.05823857e-01, 7.38229454e-01, 5.17958069e+00,-1.53350627e+00,
  -3.72766662e+00,-2.97899991e-01, 4.16331625e+00,-2.67014904e+01,
  -9.00891113e+00,-3.03717899e+00,-3.54171276e+00, 1.07808340e+00,
   9.62600136e+00,-2.80187154e+00, 7.82079935e-01,-6.96107149e-01,
   3.84640551e+00, 2.09594536e+00, 1.57926846e+00,-1.20508420e+00,
   4.65548754e+00,-2.98161554e+00,-9.55827177e-01,-3.04682583e-01,
  -1.87526107e-01,-6.52475357e-01,-3.21676159e+00,-1.38263687e-01,
   1.10135067e+00, 1.08159840e+00, 2.50334525e-03,-1.26473141e+00,
   8.21876884e-01,-1.01226620e-01, 1.62384510e-01,-5.32645464e-01,
  -1.18945308e-01, 1.83895624e+00,-7.66227484e-01,-1.61434007e+00,
   1.84604645e+00,-8.14062297e-01,-2.28181314e+00, 2.08617902e+00,
   4.52840900e+00,-2.53137040e+00, 1.82282448e+00,-2.97378135e+00},
 {-1.20646601e+01, 2.88543010e+00, 1.39131823e+01,-1.21069422e+01,
  -8.50470364e-02,-3.61214191e-01,-1.43975818e+00,-1.73689771e+00,
   2.01140594e+00,-5.48773706e-01, 1.95778108e+00,-8.79603100e+00,
   2.12196693e-01,-1.55016422e+01,-6.37103891e+00, 3.90070200e+00,
   7.48457015e-01,-1.82658780e+00, 2.98233390e-01, 3.11672032e-01,
  -1.51830330e-01,-1.16845322e+00, 1.65313244e+01, 4.01985550e+00,
  -6.78508639e-01, 3.83396649e+00,-5.30561388e-01,-6.28692436e+00,
   2.41602325e+00, 5.17490530e+00, 5.41655064e-01,-5.03102660e-01,
   8.46196890e-01, 4.48964596e+00,-2.28792515e+01,-2.00981930e-01,
   2.62679458e+00,-1.83108091e+00,-6.82398272e+00, 5.16533995e+00,
  -6.45327473e+00,-9.91377449e+00, 2.80431771e+00, 9.89107800e+00,
   2.37782884e+00,-5.96192598e+00,-4.71024781e-01, 2.73654914e+00,
   5.57187617e-01, 2.71476537e-01,-1.19097137e+01, 1.43484516e+01,
   2.88420558e+00,-3.18466640e+00,-7.69754887e-01, 1.12440503e+00,
   1.16560973e-01, 5.48670340e+00,-1.33577776e+00, 3.24016482e-01,
   3.02516985e+00, 2.68050194e+00,-1.41199656e+01,-1.22057283e+00,
   4.35823262e-01, 2.21087246e+01, 6.16199195e-01, 1.21644057e-01,
   7.15461969e-01,-1.89922485e+01, 5.46548510e+00,-7.08358669e+00,
   8.67793751e+00, 7.79181480e-01,-1.32790017e+00,-1.08027600e-01,
   3.01648545e+00, 1.30490124e+00, 1.75194189e-01, 7.80451596e-01,
   6.33169711e-01, 3.66725254e+00,-3.98094153e+00, 9.83618349e-02,
  -2.56242895e+00, 2.03988090e-01,-3.17933178e+00,-9.77955914e+00,
  -1.67820251e+00, 8.01598072e-01,-4.51094532e+00, 2.27259591e-01,
  -2.00107880e+01,-5.88368368e+00,-2.60284162e+00, 2.87560558e+00,
  -1.54309998e+01,-5.61071253e+00,-2.54462504e+00, 1.44460511e+00,
  -3.82924366e+00,-1.74299204e+00, 7.16980517e-01, 3.69945079e-01,
   3.18038344e-01, 7.27674961e-01, 6.55795908e+00, 7.39431143e+00,
  -4.96695340e-01,-1.20027840e+00, 3.45825046e-01, 3.06952540e-02,
  -1.81067562e+00, 2.47812644e-01, 1.07974492e-01, 3.41591462e-02,
   4.32825136e+00,-1.20342076e+00, 1.44755721e+00,-5.67380810e+00,
  -1.19787216e+00,-1.08525741e+00, 1.95724607e-01, 2.31624961e+00,
  -4.52975464e+00, 2.33668256e+00, 5.63982964e+00,-1.22566330e+00},
 { 5.92334223e+00, 2.32797787e-01,-5.90385246e+00, 1.90115690e+00,
   1.78220332e-01, 4.56896353e+00, 3.56988192e+00, 1.45270562e+00,
  -8.65255594e-01,-7.62190700e-01,-1.64768839e+00, 7.21192646e+00,
  -1.17799091e+00, 2.48447180e+00, 9.50373268e+00,-1.39958239e+00,
  -1.63467407e+00, 2.59925938e+00,-9.18173218e+00, 4.22904825e+00,
  -1.02012902e-01, 3.35538425e-02, 6.45510006e+00,-2.07307816e+00,
  -5.67245364e-01,-2.21042490e+00, 7.87970877e+00,-2.03602505e+00,
  -7.10250235e+00,-5.20101261e+00,-1.98871815e+00,-1.24043217e+01,
  -4.52542639e+00, 1.22851539e+00, 3.43273973e+00,-7.63795316e-01,
   1.02886734e+01,-1.34512389e+00,-2.30374503e+00, 1.88675895e-01,
   2.54512095e+00,-8.21146131e-01, 1.47965300e+00,-1.13013580e-01,
   1.51762843e-01, 4.83358622e-01,-7.93300271e-01, 2.88421822e+00,
   2.76528835e-01,-1.03476465e+00,-7.82120562e+00, 2.72796661e-01,
  -3.88111067e+00,-2.43321323e+00, 9.81933594e-01,-4.82567501e+00,
  -8.05625379e-01, 7.02446032e+00, 1.03372204e+00,-2.84376669e+00,
   3.95201802e-01, 1.99819997e-01, 9.96255398e+00, 2.82180786e-01,
  -7.95168686e+00, 4.19865942e+00,-9.40179154e-02,-9.77193713e-02,
  -5.77537239e-01,-5.22912645e+00,-1.05739002e+01, 2.62074018e+00,
  -8.73775423e-01,-2.42960835e+00,-4.09286410e-01, 6.11877330e-02,
  -9.57171917e-01,-1.13620317e+00,-5.67196846e+00, 2.06648684e+00,
  -3.97737950e-01, 1.51522601e+00, 2.80932570e+00,-1.45811689e+00,
  -2.04530787e+00,-7.77875233e+00, 3.95761824e+00, 4.85947990e+00,
   2.52547479e+00, 3.31598330e+00,-1.06067801e+01,-2.42751265e+00,
  -5.37585592e+00,-6.14157867e+00,-1.40834451e+00, 1.17293661e-02,
  -1.59327543e+00, 1.43597209e+00, 1.17279911e+00, 5.08477986e-01,
   1.78507698e+00,-5.22678971e-01,-1.88103580e+00,-9.48456168e-01,
   8.73126626e-01,-7.21530855e-01,-5.14427662e+00, 7.71064579e-01,
  -7.43521810e-01,-6.17569149e-01,-2.60913420e+00,-1.04415202e+00,
  -1.33119512e+00,-1.30877054e+00,-9.18332815e-01,-1.38269413e+00,
  -1.17925143e+00, 1.88308322e+00,-3.97818351e+00, 1.03822517e+00,
   1.61455408e-01, 2.31620986e-02,-1.14882779e+00,-2.67145896e+00,
   5.60518837e+00,-2.63696885e+00,-4.82373595e-01, 4.17919159e-02},
 {-2.97170192e-01,-2.32640505e+00, 3.20790195e+00,-1.27017871e-01,
   7.62961209e-01,-4.73909289e-01,-1.32609975e+00, 1.04359365e+00,
  -1.79084551e+00,-3.96688437e+00, 1.57391965e+00,-1.17736542e+00,
   1.97519451e-01, 8.89844239e-01,-1.94349125e-01,-5.77486992e-01,
   7.72104979e+00, 2.37512445e+00, 8.39259052e+00,-5.64343274e-01,
  -3.64537735e+01, 2.49365830e+00, 3.06929886e-01,-5.35875416e+00,
  -6.46467447e+00,-8.17853451e-01, 6.62047482e+00,-1.98815906e+00,
   6.45201969e+00,-2.87068427e-01,-5.03443670e+00, 5.76956415e+00,
  -5.91130733e+00,-1.63712096e+00,-4.50362504e-01, 1.20583653e+00,
   3.54302287e+00, 1.13853431e+00, 1.47972155e+00, 8.28978598e-01,
   3.30825782e+00, 1.09098113e+00,-3.42146587e+00, 4.66552854e-01,
   1.33965600e+00,-3.21325898e-01, 2.51895142e+00, 2.02758622e+00,
   3.14120722e+00, 1.43573868e+00,-2.48652315e+00,-2.14873962e-02,
  -1.82941508e+00,-5.87734747e+00, 3.34404171e-01,-8.65444279e+00,
   3.65182549e-01, 1.85270119e+00,-1.07625473e+00,-2.15749836e+00,
   4.25925446e+00, 9.45695281e-01, 7.89178085e+00,-2.12776518e+00,
  -1.83444059e+00, 2.46268582e+00,-3.00710106e+00,-3.18734264e+00,
  -5.99861526e+00, 4.67710972e-01, 4.43350506e+00, 6.39005363e-01,
   5.54250813e+00,-1.29204054e+01,-1.44951448e-01,-8.95000920e-02,
  -3.14820409e+00,-3.12666035e+00,-3.55527580e-01, 3.30773902e+00,
   4.59756184e+00, 1.83698118e+00, 1.10151463e+01,-2.50509679e-01,
   7.25405961e-02,-5.82432091e-01, 1.43237436e+00, 2.16312075e+00,
   2.30565622e-01, 2.65822029e+00, 4.96105701e-01,-9.54395473e-01,
  -4.21266645e-01, 9.45275664e-01,-5.00314832e-01,-2.86514735e+00,
  -2.43729544e+00, 9.75187182e-01, 4.53288823e-01, 3.05681705e+00,
   4.71542931e+00, 1.03715934e-01, 1.00610399e+00,-1.27690411e+01,
  -1.32197447e+01,-3.56104463e-01,-2.74610257e+00, 5.47099543e+00,
  -4.33224827e-01, 1.25765038e+00,-1.98018444e+00,-3.12483859e+00,
  -3.76866007e+00,-2.30218053e+00, 7.50369847e-01,-1.62382221e+01,
  -7.36943066e-01, 5.66996384e+00, 3.73473430e+00,-1.00270581e+00,
   8.32160568e+00, 4.80822206e-01, 2.43705368e+00,-1.00688028e+00,
  -4.00991648e-01,-1.83948822e+01,-4.35725242e-01, 5.15710592e-01},
 {-8.21977329e+00,-9.74053323e-01,-1.71750021e+00, 2.19247675e+00,
  -1.39726833e-01,-2.01841869e+01, 6.13120651e+00, 1.56768727e+00,
   1.77151835e+00, 7.10721672e-01,-7.40575647e+00,-6.36616850e+00,
   4.35856253e-01, 8.35248590e-01, 5.06713343e+00, 7.58968294e-01,
   1.39364719e+00, 2.38181472e+00,-7.30879354e+00,-9.82414627e+00,
  -2.06114650e+00, 3.67928505e-01,-5.35875320e+00,-9.38076437e-01,
   2.09981902e-03, 3.03301358e+00, 4.47966814e+00,-7.80106583e+01,
  -9.28042793e+00,-5.92904985e-01,-5.46851903e-02, 2.32743692e+00,
  -2.38473940e+00,-2.87986779e+00, 8.72445881e-01, 4.13768482e+00,
   3.29065681e+00, 1.18489182e+00,-8.23074722e+00,-5.64936340e-01,
  -8.92616510e-01, 2.10931242e-01,-3.35774064e+00, 3.04729033e+00,
  -2.62272406e+00,-1.78190434e+00, 1.32208133e+00,-1.23103881e+00,
  -1.09315360e+00,-1.18620086e+00,-9.63249326e-01,-9.61683846e+00,
  -6.89878091e-02, 1.28469934e+01, 1.08294272e+00,-1.26009774e+00,
   4.55090094e+00, 9.03936291e+00, 2.26396537e+00, 1.96354401e+00,
  -7.89603829e-01,-2.43673658e+00,-1.19807186e+01,-7.59446323e-02,
   7.15632915e+00, 2.44666886e+00, 5.63899847e-03,-2.06177339e-01,
  -2.63609290e+00,-7.79614878e+00,-2.67810893e+00, 1.16639578e+00,
  -3.45266366e+00,-3.21291161e+00,-1.47886121e+00, 1.49301720e+00,
  -1.99930894e+00,-1.72279274e+00,-1.96717668e+00,-1.37582302e+00,
   7.61691391e-01, 4.48968410e-01, 5.02756882e+00,-9.54031467e-01,
  -7.09275961e+00,-1.50073802e+00, 7.06831694e+00,-2.27804518e+00,
  -1.42568445e+00,-4.01224566e+00, 1.95262945e+00,-4.08837914e-01,
   1.28266916e+01,-4.70752430e+00, 2.38206938e-01, 7.98024416e-01,
  -2.80501676e+00,-1.40250146e-01, 6.38258696e-01,-1.16056055e-02,
   3.43262935e+00,-7.28518009e-01,-3.18792820e+00,-4.56307888e-01,
   1.53773695e-01,-8.55758488e-02, 4.14114046e+00,-1.03641856e+00,
   5.02710164e-01, 6.40547752e-01, 1.77351743e-01,-9.59838569e-01,
   7.70536900e-01,-6.69824362e+00,-1.85286212e+00,-2.34030104e+00,
  -3.60559106e-01, 3.23148561e+00, 6.33379757e-01, 1.16232228e+00,
   1.66785717e+00, 6.64750338e-01,-1.52959502e+00,-7.26247787e-01,
   5.19197989e+00,-3.27408051e+00, 1.40389979e-01, 4.40825105e-01},
 {-1.85514736e+01,-4.10953903e+00,-1.38028250e+01, 3.62477207e+00,
  -6.91724777e-01,-3.74541330e+00,-3.22424698e+00,-1.29395604e+00,
  -8.35738659e-01,-7.09330273e+00,-8.91993165e-01,-2.45986342e+00,
  -3.19571555e-01,-4.83304262e+00, 4.64112520e+00,-2.29982042e+00,
   1.58775404e-01, 2.37702847e+00,-3.47013378e+00, 2.65342534e-01,
  -3.03334653e-01,-1.50187874e+00, 5.70741987e+00, 7.95431042e+00,
   1.16319023e-01, 3.04949808e+00,-3.11086521e+01, 4.27476740e+00,
   6.82200611e-01, 1.59191740e+00, 8.68208051e-01,-1.15573967e+00,
   3.44300032e+00, 2.15825462e+00,-4.66531849e+00,-2.87006760e+00,
   1.77603257e+00,-4.29769695e-01,-9.98265648e+00,-8.33543360e-01,
   3.39800239e+00, 3.53197908e+00,-9.48858082e-01, 1.28917456e-01,
   1.50517297e+00, 5.65587854e+00,-4.67175436e+00, 1.22632754e+00,
   1.08313513e+00, 2.21964550e+00,-2.71979008e+01,-4.68328857e+00,
  -7.02408981e+00, 2.70816588e+00, 6.95086598e-01, 2.37927270e+00,
  -4.50530815e+00, 1.46278763e+01, 1.00810599e+00,-4.34069872e+00,
   4.60315371e+00, 2.62209153e+00, 7.04618454e+00, 1.06019247e+00,
  -3.80675364e+00, 2.77755523e+00, 1.44300234e+00,-1.30461948e-02,
   2.07239568e-01,-7.13292599e+00,-5.15978718e+00, 6.38149786e+00,
   7.33390808e+00,-1.98645437e+00,-5.98251820e+00,-1.60531390e+00,
   1.37333667e+00, 9.84037995e-01,-1.90812612e+00,-7.82142448e+00,
  -1.76783597e+00,-2.17404866e+00,-5.75638437e+00, 6.93760097e-01,
  -7.17158890e+00,-1.72031631e+01,-3.26398802e+00, 1.05739088e+01,
  -3.98889470e+00, 4.51092154e-01, 7.87936640e+00,-6.78905845e-01,
   8.30574512e+00,-1.11942863e+01,-8.45003843e-01,-1.00881326e+00,
   1.04156551e+01, 3.13301301e+00, 1.66867971e-01,-2.77796596e-01,
  -4.31854486e+00,-1.39726419e+01, 5.31896591e+00, 9.24157739e-01,
  -4.51453030e-01, 1.65874898e+00, 1.02800906e+00,-2.94364905e+00,
  -1.87890589e+00,-8.95678878e-01, 8.48039925e-01, 8.04112339e+00,
   3.68625617e+00, 1.11484155e-01, 1.78583581e-02, 5.51677084e+00,
   1.46442592e+00,-1.57913923e+00, 2.42408347e+00, 1.10935903e+00,
  -4.68380785e+00,-4.59398508e-01,-2.30457544e+00,-1.22959661e+00,
  -6.47540855e+00, 3.72350931e+00,-2.94081450e+00, 3.25695544e-01},
 { 7.28665888e-01, 4.11057353e-01,-4.80227852e+00, 5.36903000e+00,
   2.09839892e+00, 1.61356008e+00, 1.58815777e+00,-2.92411017e+00,
   2.97373593e-01,-2.09891582e+00, 1.18812122e+01,-1.06403196e+00,
   2.24806890e-01, 1.67963243e+00, 7.43244696e+00, 2.85169196e+00,
  -2.47165948e-01, 5.12739360e-01,-2.76857567e+00, 1.49841461e+01,
  -1.19746335e-01,-2.58132005e+00,-3.66035700e+00, 4.51390743e+00,
  -2.90274668e+00,-1.98337758e+00,-2.32791538e+01,-2.42334223e+00,
  -8.58992279e-01, 7.66719460e-01, 6.76471353e-01,-1.67564564e+01,
  -1.39023895e+01,-1.86181080e+00,-5.71420479e+00, 2.44682014e-01,
  -2.70295405e+00,-2.69219935e-01, 1.01856351e+00, 1.00661469e+00,
   9.15606689e+00,-9.34896290e-01, 4.54406452e+00,-1.30711049e-01,
   1.37380135e+00, 4.52299643e+00,-4.38420248e+00, 2.02103898e-01,
   9.82938230e-01,-1.87042987e+00, 2.27642393e+00, 2.44758964e+00,
   1.55541408e+00,-2.20737195e+00,-2.72374344e+00, 4.68765140e-01,
  -9.82227266e-01,-2.68050551e+00,-1.71928585e+00, 1.29863787e+00,
   5.43953514e+00,-1.73521852e+00, 1.16581488e+00,-5.27489519e+00,
  -4.60728025e+00,-6.77297890e-01,-2.84789824e+00, 8.63942504e-01,
   2.91349798e-01,-6.10537815e+00,-5.92958164e+00,-9.87223387e-01,
   5.99470758e+00,-3.95684881e-04, 1.84734985e-01, 2.75670469e-01,
   1.94554520e+00, 1.37087941e+00,-1.85980690e+00, 6.55996323e-01,
  -6.72051430e-01, 1.42309463e+00,-6.98402762e-01,-3.96964967e-01,
  -5.87668562e+00, 1.79895020e+00,-7.59222984e+00,-2.79692841e+00,
   1.66602886e+00, 2.83992529e+00, 7.15080023e+00, 1.11185873e+00,
   4.71105289e+00,-3.65048194e+00,-3.54748034e+00, 7.66566813e-01,
  -2.58432937e+00, 4.48584020e-01,-5.13352156e-01, 3.89908409e+00,
  -4.11165190e+00,-6.96112990e-01, 2.56953192e+00, 2.52556849e+00,
   3.62792872e-02, 2.88107204e+00, 4.14466333e+00,-4.07072163e+00,
   1.66645303e-01,-1.95977938e+00, 1.16258860e+00, 3.07549214e+00,
  -2.54317069e+00, 1.66333377e+00,-5.78951001e-01, 1.10111535e-01,
   2.39063203e-01, 1.30305493e+00, 2.96964502e+00,-8.51103246e-01,
   1.07951415e+00, 9.94024158e-01,-9.60670376e+00, 9.50571358e-01,
  -1.53060055e+00, 9.11086142e-01, 8.71437788e-01,-1.45112574e-01},
 {-1.93162024e-01, 7.75079823e+00, 6.61747634e-01,-5.49819708e-01,
   9.74260151e-01, 1.62333809e-02,-4.29517508e+00, 5.94709873e-01,
  -3.88722086e+00, 8.15008759e-01,-2.77988642e-01,-9.48961735e-01,
  -7.34463194e-03, 1.22770920e+01,-3.21346879e+00, 3.04919928e-01,
  -2.17137888e-01,-3.85337424e+00, 4.99701560e-01,-2.16108799e+00,
   8.68875444e-01, 6.71767652e-01, 1.18843088e+01,-2.29283071e+00,
  -5.33816099e-01,-2.45448041e+00,-2.09199619e+00,-1.51930958e-01,
   2.40921248e-02, 1.01254501e+01,-2.19035357e-01, 2.81538963e+00,
  -8.62267017e-01, 2.95668292e+00,-8.79946041e+00,-1.07287884e+00,
   1.17042055e+01,-7.10015965e+00, 9.32379603e-01,-1.25168502e+00,
   2.23098016e+00,-9.29553032e+00,-2.91167903e+00,-1.50774777e+00,
  -2.57974386e+00,-1.94450712e+00, 1.05076718e+00, 7.88275898e-01,
  -6.57794237e-01, 1.07095595e-02,-3.11838001e-01, 1.76425016e+00,
   6.64685249e+00, 7.68438756e-01, 8.33695054e-01,-4.02298301e-01,
   7.05456614e-01,-9.98480034e+00, 1.02119482e+00, 3.28687310e+00,
  -2.43235779e+00, 7.81467199e+00,-4.12196112e+00, 5.70505917e-01,
   4.02242327e+00, 1.29887915e+00, 8.80462974e-02, 1.12278260e-01,
  -3.13560009e-01, 2.03330861e-03,-1.60054016e+00,-1.68112826e+00,
  -2.97443485e+00,-2.61573642e-01, 2.70819020e+00, 5.26164293e-01,
  -1.96862292e+00,-7.85327494e-01, 4.88776445e+00, 7.00422049e+00,
  -2.94132471e-01, 5.79423618e+00, 3.05147600e+00,-8.60135496e-01,
  -4.45070457e+00,-5.32859206e-01, 7.64760077e-01,-8.56365681e+00,
   9.66506481e-01,-2.97297478e-01, 7.27024412e+00,-2.66959496e+01,
   1.37554655e+01,-4.80681133e+00,-6.04937649e+00,-1.12830865e+00,
  -2.50131398e-01,-8.59838772e+00,-2.08064079e+00,-5.53663075e-01,
   2.05856299e+00, 6.71256036e-02,-1.95990056e-01,-4.26330894e-01,
  -1.28880724e-01,-1.63510859e-01, 3.95787239e+00,-2.01077199e+00,
   6.09036922e-01, 1.73057377e-01, 1.29534745e+00,-4.95787442e-01,
  -5.70582438e+00,-6.13742208e+00,-6.16873443e-01,-4.97396618e-01,
   1.01379800e+00, 4.12003815e-01,-2.49490213e+00,-7.40396261e-01,
   9.20290053e-01, 4.43363219e-01,-8.26582134e-01, 7.42244899e-01,
   2.05260611e+00,-1.06463206e+00, 1.25615940e+01,-8.23226571e-01},
 {-5.30138779e+00, 3.31556964e+00,-4.54091549e+00, 7.55521250e+00,
   2.51552790e-01,-6.22754451e-03,-1.46132903e-02, 3.49569730e-02,
   4.28591102e-01, 1.72349380e-03,-3.02647501e-01, 5.22665046e-02,
   1.72407639e+00,-3.01901877e-01,-5.45790434e-01, 7.93250725e-02,
  -4.71494436e-01, 3.51096809e-01,-4.52888943e-02,-2.24577827e+01,
   1.99975111e-02, 7.69604184e-03,-2.41991162e-01,-3.25514168e-01,
   9.08661559e-02, 7.35934615e-01, 3.45456749e-02,-8.97155857e+00,
  -1.31790705e+01, 2.44952496e-02, 1.96946692e-02,-1.13652870e-01,
   4.16476488e-01, 1.68528721e-01,-3.41782391e-01, 3.11320603e-01,
   5.17685652e+00, 4.05277789e-01, 6.54463887e-01, 5.54609001e-01,
   1.16875768e+00,-1.25112092e+00,-1.18695222e-01,-7.54265261e+00,
  -5.28045334e-02,-2.74799298e-02,-3.41591507e-01, 5.64676762e-01,
  -1.01627996e-02,-3.65785249e-02, 7.18476772e-02,-1.09870348e+01,
   7.79942796e-02, 5.75001240e-01, 1.21007105e-02,-7.28321174e-05,
   4.35948186e-02,-1.96985435e+01, 1.60946116e-01,-7.61354715e-02,
  -5.38943745e-02, 4.57227170e-01,-4.41835403e-01,-1.18322417e-01,
   2.63417084e-02,-6.52029753e-01,-1.20922141e-01,-6.57605901e-02,
  -3.69939357e-02,-1.55188875e+01, 1.66095663e-02,-3.95759892e+00,
  -1.90085322e-01,-6.82867086e-03, 2.22761780e-01, 1.49502768e-03,
  -1.96759440e-02,-2.09987070e-02, 1.93821356e-01, 9.26163793e-03,
  -7.53670232e-03, 3.25907588e-01, 8.11923891e-02, 3.29489037e-02,
   6.00638211e-01,-3.38282958e-02, 1.71224967e-01, 8.41737241e-02,
   1.93336662e-02, 1.57634635e-02, 6.94748163e-02, 1.36012658e-01,
  -1.80673015e+00, 5.60669638e-02, 5.52376248e-02, 2.41296723e-01,
   4.53919880e-02,-5.09178579e-01,-2.52435660e+00, 5.52435257e-02,
   3.76805216e-02, 3.70370299e-02,-1.56273484e-01, 6.86069531e-03,
  -4.57282849e-02,-4.91491891e-03, 5.60443521e-01,-1.25008985e-01,
   1.41259441e-02, 7.54122797e-04, 1.32175118e-01,-1.10198166e-02,
  -1.48437787e-02,-6.37405217e-02, 4.68151011e-02, 2.61695907e-02,
  -4.06345797e+00, 4.50024866e-02, 2.52117336e-01, 2.51616091e-01,
  -5.18098008e-03, 3.43003236e-02, 1.35300326e+00, 1.68975353e-01,
  -1.91209987e-01,-9.08349454e-03, 1.44117796e+00,-4.63977844e-01},
 { 1.25539720e+00,-5.80408692e-01,-6.52566180e-02, 1.80859834e-01,
  -1.79007566e+00, 4.96980101e-02, 2.32558355e-01, 5.86203861e+00,
   8.12389374e-01, 2.87749314e+00,-1.05315456e+01,-5.04486084e-01,
  -6.84390217e-02,-2.07392827e-01, 5.50839424e-01,-1.34482074e+00,
  -9.26144898e-01,-5.20727277e-01, 4.31127727e-01, 1.97239971e+00,
   1.99485409e+00, 2.45246053e+00, 4.32054609e-01,-3.11578012e+00,
  -4.13927972e-01,-2.22594929e+00, 5.89718521e-01,-1.28172055e-01,
  -8.54515553e+00, 4.47584182e-01,-7.57021725e-01,-7.68956089e+00,
   3.26720953e+00,-1.63751698e+01, 4.24490356e+00, 5.45596302e-01,
   1.42355815e-01, 3.92033070e-01, 1.69257656e-01, 6.71566010e-01,
   9.65267849e+00,-1.13293934e+00,-2.43361622e-01,-2.29599142e+00,
  -9.24082756e+00, 9.39506479e-03,-6.58824968e+00,-3.19908619e+00,
  -1.75189114e+00,-1.59108388e+00,-3.08282346e-01, 8.01957846e-02,
   8.94743800e-01,-5.23485541e-01, 4.19644022e+00,-2.44597030e+00,
   1.30793345e+00, 1.30499864e+00, 1.81854987e+00, 9.82993901e-01,
  -8.57499027e+00,-2.51728632e-02, 1.01082301e+00, 4.02259016e+00,
  -7.05434442e-01,-1.63976216e+00,-1.54186904e+00, 3.55094790e-01,
  -2.29786181e+00,-4.96045560e-01,-1.83522642e-01, 4.89074588e-01,
  -8.39156628e+00,-8.80435944e-01, 4.53267753e-01,-3.24439555e-01,
  -7.21049404e+00,-4.17054510e+00, 2.74978042e-01, 1.08690023e+00,
  -1.02254474e+00, 1.05175173e+00,-4.89264202e+00, 5.10042238e+00,
   5.15410542e-01,-5.54047585e-01, 6.22837257e+00,-1.68216658e+00,
  -1.27750480e+00,-4.48662430e-01, 1.12831318e+00, 1.71159708e+00,
   1.14904213e+00,-3.77783209e-01,-8.78523469e-01, 5.80989420e-01,
  -9.99083370e-02,-4.36832458e-01, 3.70273411e-01,-2.39283752e+00,
   8.84059715e+00,-2.54726559e-01,-1.24254155e+00,-6.76066208e+00,
  -1.05201972e+00, 6.25638664e-02, 2.07755938e-01,-6.26459539e-01,
   3.52578855e+00, 3.17410183e+00, 8.74269068e-01,-1.28127205e+00,
  -1.94479063e-01, 3.67654487e-02,-6.85996294e+00,-2.27570724e+00,
   1.04542904e-01, 7.39211226e+00, 1.34985657e+01,-1.57935113e-01,
   7.33913124e-01,-8.04785967e-01,-1.28262329e+01,-1.23141038e+00,
  -1.15603828e+01,-2.40530944e+00, 2.55413032e+00,-4.67220306e+00},
 {-2.39520502e+00, 3.91902947e+00, 3.61137223e+00,-2.67857623e+00,
   4.37494040e+00,-5.52028942e+00,-1.47565615e+00, 1.63048208e+00,
  -2.20405912e+00, 1.29034591e+00,-6.92410612e+00, 1.07443581e+01,
   3.64915103e-01,-5.54541349e-01, 1.01778374e+01,-1.95418358e+00,
  -2.99900055e-01, 1.88112140e-01,-4.70718431e+00,-3.81720591e+00,
  -2.20901802e-01,-2.63334244e-01,-5.86411619e+00,-3.30333376e+00,
   4.20286506e-01,-1.94755478e+01,-6.34129620e+00,-3.17740297e+00,
  -6.45108318e+00,-1.07739794e+00,-8.95438552e-01, 9.16017413e-01,
  -3.06628442e+00,-2.72352772e+01, 1.56189418e+00, 8.68461072e-01,
  -6.46387100e-01, 2.02798247e+00,-4.09731150e+00, 6.26843035e-01,
  -3.86474758e-01,-2.09013844e+00, 3.46560359e+00, 3.44913512e-01,
  -9.42421556e-01, 2.40311408e+00, 3.12496257e+00,-9.10833001e-01,
  -1.78134811e+00,-1.05343215e-01,-2.08123231e+00,-2.58017731e+00,
  -7.70280027e+00, 9.69508529e-01, 4.20280278e-01,-2.96737361e+00,
   5.36882877e+00, 6.09573412e+00, 1.12128723e+00,-8.82828832e-01,
  -9.94108796e-01,-4.72419769e-01,-1.01698375e+00,-1.28371739e+00,
  -1.36381173e+00, 5.06337976e+00,-9.00022760e-02,-3.40592228e-02,
  -2.05111909e+00,-7.34519053e+00,-1.68226185e+01, 5.88985252e+00,
  -5.95266819e+00,-3.37089229e+00, 1.19625711e+00,-3.65562029e-02,
  -1.36034417e+00,-1.48862219e+00, 1.36944878e+00, 4.98101205e-01,
   1.43393266e+00, 1.37042427e+00, 4.44263649e+00, 3.29092354e-01,
  -4.59658480e+00,-1.07695379e+01, 6.45307255e+00, 3.14702725e+00,
  -1.53642864e+01, 2.12530375e+00,-7.06628919e-01, 3.79385948e+00,
   4.74942255e+00,-2.28427723e-03,-4.70330906e+00, 4.31023550e+00,
   5.08463383e+00,-1.31799006e+00,-7.52974987e-01, 6.79845929e-01,
   3.00960946e+00,-4.94343185e+00,-1.62464714e+00,-9.96282935e-01,
   3.65284473e-01,-3.75100166e-01,-8.08841991e+00,-6.34168053e+00,
   8.98814738e-01, 1.03041664e-01, 1.22325218e+00,-1.61797357e+00,
   6.26391459e+00, 2.53291798e+00,-1.76547670e+00,-3.57373309e+00,
  -7.14127207e+00, 3.24943757e+00, 3.68936241e-01, 1.45729446e+00,
   1.45377803e+00,-4.57496047e-01, 3.24371982e+00,-1.72992408e+00,
   5.66167974e+00,-3.39391899e+00, 4.79740477e+00, 5.61982654e-02},
 { 1.24889779e+00,-2.82270169e+00, 2.39670610e+00,-2.86709976e+00,
  -1.81080014e-01,-1.35899961e+00, 3.95336533e+00,-4.19040084e-01,
  -6.95029974e-01,-1.59860544e+01, 6.05850697e+00, 1.26126373e+00,
   3.70579839e-01, 1.38314188e+00,-1.03390133e+00,-1.35692334e+00,
   3.03748679e+00, 2.62551117e+00, 2.05459073e-01, 1.53130877e+00,
  -1.55895691e+01, 2.03890848e+00, 3.04175520e+00, 3.63213181e+00,
  -3.61173272e+00,-3.91447806e+00, 7.28715324e+00,-1.52609241e+00,
  -1.65830687e-01,-1.04525971e+00, 4.29888487e-01, 1.53733015e+00,
   1.01343858e+00,-3.69408417e+00,-7.46949971e-01, 1.72269559e+00,
   1.58278155e+00, 8.62161219e-01, 2.13905558e-01,-1.01363611e+00,
   2.92905140e+00, 5.18499315e-01,-2.31507987e-01,-9.78750646e-01,
   1.37027311e+00,-2.80570698e+00,-7.15210152e+00,-4.31458139e+00,
   2.96598816e+00, 4.47816896e+00, 9.31773126e-01,-1.29713500e+00,
  -9.56827700e-01, 4.75440711e-01,-2.30647755e+01, 1.69105208e+00,
   2.01068091e+00, 1.76242077e+00,-3.22014403e+00,-2.03760338e+00,
   6.79977560e+00, 1.40644181e+00, 8.64302158e+00, 1.77654743e+00,
  -1.09656513e+00, 1.45442593e+00,-4.64282513e+00,-2.19985294e+00,
  -4.08754110e+00, 1.97017872e+00, 2.05854106e+00, 1.02119994e+00,
   4.36416960e+00,-1.16879129e+01,-2.68633842e-01,-2.98175597e+00,
   2.80322886e+00,-7.08915293e-01, 1.66465592e+00, 6.20639277e+00,
  -1.42595053e+00, 1.85642123e+00, 3.12145782e+00,-3.30774283e+00,
   7.28603125e-01,-5.88223267e+00, 1.35714099e-01, 7.17329741e-01,
  -1.28005171e+00,-7.93650508e-01,-3.75935411e+00,-9.80312228e-01,
  -6.05800152e-01, 3.22159588e-01,-2.10974026e+00,-1.93422461e+00,
  -1.25476718e+00, 3.60636085e-01, 1.17693603e+00, 1.77532649e+00,
   8.62456024e-01,-9.47101533e-01,-2.42254877e+00,-4.58049583e+00,
  -6.26267862e+00, 5.83501768e+00,-2.37225699e+00, 5.83524132e+00,
  -4.70769358e+00, 2.21965909e+00,-1.13602567e+00, 2.92094445e+00,
   1.52107632e+00,-9.08368409e-01, 4.37176991e+00, 4.86830568e+00,
  -9.15258169e-01, 9.55481434e+00, 5.09526300e+00, 1.69153368e+00,
   3.99002695e+00,-5.95694900e-01,-2.65445995e+00,-8.99183676e-02,
   5.27263832e+00, 5.58917284e-01, 1.29427922e+00,-1.76496077e+00},
 { 1.74446416e+00,-4.93913651e-01, 1.22456709e-02,-3.98736507e-01,
   3.42454195e-01, 3.98801923e-01, 2.67982394e-01,-7.99610019e-01,
  -1.40234426e-01, 2.27165118e-01,-4.57111865e-01,-2.29020283e-01,
   3.19439024e-02, 9.34667140e-03, 1.92611444e+00, 3.86448383e-01,
   8.98622417e+00, 1.49222171e+00, 1.75072849e-01,-1.80053338e-01,
  -1.03855286e+01,-7.37864316e-01,-7.50388920e-01,-4.44035959e+00,
   1.18441257e+01, 1.30315685e+00, 1.04840331e-01, 7.14196861e-02,
  -1.78446400e+00, 1.46960676e-01, 3.63346434e+00, 1.82162457e+01,
  -1.77831497e+01,-3.40540737e-01, 5.21383703e-01, 4.53545064e-01,
  -9.76682782e-01, 5.31085849e-01,-3.89138937e-01, 2.82574445e-01,
  -7.27500057e+00,-1.66188255e-01, 9.27539289e-01, 4.17258114e-01,
  -1.33987226e+01, 1.31531388e-01, 6.18684828e-01,-1.37238216e+00,
  -1.69012272e+00,-1.81942689e+00, 5.25282383e-01,-3.65354389e-01,
   1.60930380e-01,-1.18438816e+00,-2.75244147e-01, 1.14013205e+01,
  -1.07755795e+01, 2.06538272e+00, 5.51945210e-01, 3.26964706e-01,
  -1.30723219e+01, 4.34265696e-02, 2.42989469e+00, 4.14271921e-01,
   3.73703122e-01, 4.59066033e-01, 1.37942767e+00, 1.73848414e+00,
  -5.41898870e+00,-1.00057733e+00,-3.07961434e-01,-3.00626040e-01,
  -6.10961628e+00,-4.30482788e+01, 3.73472452e-01, 1.18031096e+00,
   1.02999187e+00, 2.92028874e-01,-2.05773935e-01, 2.92159524e-02,
   7.62269926e+00,-5.75688370e-02, 2.14173555e+00,-8.91777325e+00,
  -4.44862574e-01,-2.94956386e-01,-7.68131733e+00,-6.51355863e-01,
  -1.49907339e+00,-1.03791201e+00, 1.18263829e+00, 1.21206272e+00,
   1.04310179e+00,-8.79438400e-01,-3.12366821e-02,-1.49400890e-01,
   1.94090560e-01,-1.77523106e-01, 3.30702841e-01, 1.42412651e+00,
  -3.03323817e+00, 4.75404769e-01,-5.83980680e-01, 1.08006966e+00,
   8.60318089e+00, 4.10390902e+00, 7.29855374e-02,-2.05474392e-01,
  -9.84730959e-01, 2.71823436e-01,-1.19405890e+00,-5.78204691e-01,
  -2.24005163e-01, 5.35196304e-01,-1.55315012e-01,-1.46866584e+00,
  -5.37541807e-01, 2.10474515e+00,-1.52341909e+01,-2.91601479e-01,
   1.28438103e+00,-1.70121155e+01, 1.47296028e+01,-2.75637627e-01,
   9.52013779e+00,-3.85220575e+00, 2.98864722e-01,-1.80696273e+00},
 {-8.25232565e-02,-2.87149418e-02,-9.09577087e-02,-6.00563139e-02,
  -1.05477452e-01, 1.74744911e-02,-6.30763918e-02,-9.48975161e-02,
  -7.56741986e-02,-6.96654022e-02,-8.56259093e-02,-3.94545086e-02,
  -4.80714180e-02,-4.86644432e-02,-9.12914574e-02,-2.61798240e-02,
  -5.70542216e-02,-6.96542487e-02,-1.45219518e-02,-6.95048273e-02,
  -4.87151109e-02,-5.91206960e-02, 8.83114804e-03, 3.74345295e-02,
   4.43663122e-03,-5.87248243e-02, 7.41122989e-03,-1.32783413e-01,
   5.48393279e-02,-7.68254623e-02,-8.90035927e-02,-1.43215179e-01,
  -8.47432688e-02, 1.08658466e-02,-5.52411713e-02,-4.78448253e-03,
   2.34178756e-03,-1.91183053e-02,-9.46663842e-02,-1.41968668e-01,
  -7.47525692e-02, 4.37573120e-02,-8.67317989e-02,-6.75712302e-02,
   1.63684716e-04,-2.18904167e-02,-2.42793076e-02,-7.06540421e-02,
  -1.03972487e-01, 2.90697664e-02,-1.08943410e-01, 2.39279643e-02,
   2.07497287e-04,-1.12265348e-04,-1.31504282e-01,-2.31477115e-02,
  -8.27246755e-02,-9.55155417e-02,-4.97850105e-02,-6.73938170e-03,
  -1.28241986e-01,-7.77498707e-02, 7.65541792e-02, 2.07300261e-02,
   4.54972908e-02,-1.48569858e-02,-1.43027380e-01,-6.15284219e-02,
  -9.10854042e-02,-3.70822251e-02,-5.18379584e-02, 1.19144665e-02,
   1.45014899e-04,-1.34426847e-01,-6.39920905e-02,-1.05433114e-01,
  -7.52986968e-02, 2.55906414e-02, 2.12532151e-02,-7.01695755e-02,
  -1.11709408e-01, 1.88057031e-02,-1.24420494e-01,-7.05002993e-02,
  -7.40464106e-02, 6.49468452e-02,-1.01928413e-01,-1.01883903e-01,
  -3.76854427e-02, 3.86552606e-03,-6.57845661e-02, 2.11509597e-02,
  -1.97409699e-05, 2.82136984e-02, 5.47349788e-02,-4.37311456e-03,
  -4.91180792e-02,-1.23817502e-02,-3.93348141e-03,-5.54329827e-02,
   4.27616090e-02,-6.94319755e-02,-1.20559923e-01,-1.42336577e-01,
  -1.22299362e-02,-1.06058009e-01,-6.51525259e-02, 9.40370001e-03,
  -8.49748962e-03, 1.67212114e-02, 2.93318066e-03,-8.00360590e-02,
  -7.45814592e-02,-6.30748644e-02,-4.53339219e-02,-1.05269598e-02,
  -1.00603916e-01, 7.19072446e-02,-9.64215249e-02,-1.43065676e-01,
   7.95412511e-02,-7.63548017e-02, 5.85094057e-02, 6.25278577e-02,
  -8.05616751e-02, 3.99634615e-02,-5.37767299e-02,-6.38575554e-02},
 { 3.73049188e+00,-2.74780655e+01, 4.16502804e-01,-7.32087374e-01,
  -4.32230282e+00,-3.49467993e+00,-1.07239544e+00,-4.10690933e-01,
   2.80274916e+00, 3.83720398e-01, 1.87547910e+00, 4.47303981e-01,
   3.54799807e-01, 4.92286253e+00,-6.78708553e+00, 1.81906715e-01,
   3.04138064e-01, 7.69176865e+00, 9.75208282e-02, 4.07631010e-01,
  -6.22145593e-01,-3.17092538e-01,-1.37256336e+00, 4.57077742e-01,
  -5.67417085e-01,-2.74224043e+00,-3.13016564e-01, 1.76920390e+00,
  -3.01544209e+01, 9.49507177e-01, 8.16468969e-02,-1.38436341e+00,
   1.28263280e-01, 1.93781853e-01,-2.39703178e+00,-3.70239425e+00,
  -1.63054543e+01,-3.64244771e+00,-4.73861307e-01,-1.98237431e+00,
   1.01103282e+00,-1.04102917e+01,-6.83510065e-01, 5.04803896e+00,
   1.14157450e+00, 3.18866938e-01, 5.70214868e-01,-2.43647170e+00,
  -2.50221491e-02, 1.32347241e-01, 3.04111570e-01, 1.34584689e+00,
  -2.61875653e+00,-1.80207217e+00,-2.49877438e-01, 2.79429108e-01,
   1.20725818e-01,-2.86498260e+00,-8.91525626e-01, 9.84578192e-01,
   3.88860345e-01, 3.49628401e+00, 1.37289011e+00,-6.00427352e-02,
   3.97338718e-01, 6.53688788e-01, 2.14439198e-01, 2.31479183e-01,
   4.11581069e-01, 1.19174135e+00,-1.30231202e+00,-1.30217946e+00,
   1.09694946e+00, 5.25790989e-01, 2.03556800e+00,-4.26176079e-02,
   7.84082115e-01, 3.73524427e-01,-1.36393321e+00, 2.18224466e-01,
   5.50387017e-02,-9.02140975e-01,-1.00906432e+00,-4.62629735e-01,
   2.00491452e+00, 1.01826990e+00,-1.88000870e+00,-2.76358724e-01,
  -1.66145062e+00, 2.13277429e-01, 5.30885267e+00,-7.10517454e+00,
  -1.34652624e+01, 6.68431595e-02,-1.22316706e+00,-2.14605872e-02,
   1.46438777e+00, 4.83850181e-01,-2.85979199e+00, 6.57242179e-01,
  -8.15101624e-01,-2.52059746e+00, 6.23439312e-01, 1.14000864e-01,
   4.76305187e-01, 1.32031620e-01, 7.09760487e-01,-2.22824305e-01,
   5.78166544e-02,-4.02933210e-01,-4.98806983e-01,-5.21387219e-01,
   1.99154699e+00,-1.40115404e+00, 2.69571394e-01,-4.76394713e-01,
   1.28872037e+00,-4.89149317e-02, 5.29580265e-02, 1.04509389e+00,
  -4.37173754e-01,-3.96003127e-01,-2.34710026e+00,-3.65685076e-01,
  -2.99611300e-01, 7.16251493e-01,-4.40666914e+00, 2.38274693e+00},
 {-2.48560166e+00, 1.70251548e+00,-5.39783597e-01,-4.36850929e+00,
  -2.48853970e+00,-2.77991819e+00,-8.69212806e-01,-1.54460609e+00,
  -1.45338011e+00,-1.41716456e+00,-2.85677886e+00,-2.88263702e+00,
  -1.34700507e-01,-1.27484238e+00,-6.54816389e-01, 7.95485735e-01,
   8.32479572e+00,-4.08888912e+00,-4.43040788e-01,-7.36192989e+00,
  -1.10553932e+01,-1.97131085e+00, 2.40710497e+00,-5.69313240e+00,
  -1.83339596e+00,-1.67542381e+01, 1.91997898e+00, 9.43542302e-01,
   2.49075127e+00,-2.14553142e+00, 1.26155347e-01,-8.91663647e+00,
  -6.90110493e+00, 2.51229286e-01,-5.49925709e+00, 8.89111012e-02,
   2.61422753e+00,-6.02151871e-01,-2.07189388e+01, 4.85591590e-01,
  -9.33905602e-01, 1.93622094e-02,-5.39277732e-01, 1.03129588e-01,
  -1.42358088e+00,-1.35494363e+00, 3.65249991e+00, 9.32369590e-01,
   8.16807568e-01, 7.26201355e-01,-1.34235418e+00,-6.81241930e-01,
  -5.43701530e-01, 4.16628361e+00,-7.24893093e-01, 3.84999347e+00,
   6.56608534e+00,-8.25646937e-01,-3.31923943e+01, 1.27385509e+00,
  -1.13523836e+01, 4.15605098e-01,-2.01321363e+00,-1.04720964e+01,
  -1.27074063e+00, 1.05127442e+00, 2.37254858e+00, 1.07868826e+00,
   1.86539328e+00, 7.75761664e-01, 3.46678942e-01, 3.66048741e+00,
  -1.59776411e+01,-2.52697492e+00,-8.09089541e-01, 5.11892509e+00,
   2.62137365e+00, 3.32754582e-01,-2.17322856e-01, 1.73510420e+00,
  -5.49565315e+00,-3.49213511e-01,-3.41974378e+00, 9.58266830e+00,
   1.26098228e+00, 1.04749238e+00, 4.97623062e+00, 1.66726267e+00,
   3.09390116e+00, 2.39105606e+00,-1.17072773e+00,-4.52975416e+00,
  -6.89493418e-01,-3.42663616e-01, 3.44894320e-01,-2.94624388e-01,
  -3.79016995e-01, 6.39530718e-01, 2.55006224e-01,-6.04865170e+00,
   1.24487150e+00,-2.11583209e+00, 4.68562555e+00, 5.25830889e+00,
  -1.73794568e+00,-7.17319191e-01,-7.57544160e-01, 6.16021395e-01,
   1.72647882e+00,-2.69383132e-01, 9.86367345e-01, 5.18473387e+00,
  -2.84233153e-01, 3.56741846e-01, 2.34279513e+00,-5.63858151e-01,
   8.19689512e-01,-1.66719401e+00,-1.09631176e+01, 1.09915531e+00,
  -1.28399861e+00,-1.27533255e+01,-1.47482789e+00, 3.59834045e-01,
  -2.79683971e+01, 1.03425312e+01, 5.78466915e-02, 2.06079578e+00},
 {-1.60997939e+00,-4.45891440e-01, 2.12857962e+00, 2.97359824e+00,
  -1.07712734e+00, 5.71846008e-01, 1.68473029e+00, 1.49674371e-01,
  -1.35702682e+00,-1.44088015e-01, 5.76128364e-01,-4.40879077e-01,
   1.74034566e-01, 5.43157387e+00,-8.57869816e+00,-8.05380195e-02,
  -1.59386948e-01, 3.26665831e+00,-2.47916400e-01, 4.44999886e+00,
  -2.05180585e-01,-5.34915999e-02, 3.50826651e-01,-6.24561369e-01,
  -1.86080843e-01, 1.15136039e+00, 1.50994748e-01, 1.85881746e+00,
   4.09126377e+00,-1.36321318e+00,-5.53429872e-02,-1.80203092e+00,
   9.11029130e-02,-6.09758437e-01,-3.73840481e-01,-7.70560932e+00,
  -2.11397696e+00,-9.61504042e-01, 1.74145031e+00,-5.17599297e+00,
   2.42808104e+00, 1.00633240e+01, 6.29413068e-01, 5.70519495e+00,
   4.34192479e-01,-9.62712944e-01,-3.13126236e-01, 1.75420558e+00,
  -4.83595580e-02,-7.72346975e-03, 1.30588472e-01,-7.75098848e+00,
  -6.09120615e-02, 5.26433766e-01,-6.56184480e-02, 9.03659537e-02,
   3.99222635e-02,-4.04081583e+00, 8.98092426e-03,-4.97818410e-01,
   1.48896784e-01, 8.26070595e+00,-4.30792570e+00,-1.41066641e-01,
  -2.84854203e-01, 6.93892300e-01,-1.13770045e-01, 3.80433723e-02,
  -1.44535348e-01, 5.15718997e-01, 1.01173031e+00,-3.08773446e+00,
  -4.02893126e-01,-1.84612185e-01,-1.01826155e+00,-4.27875280e-01,
  -2.54055634e-02,-6.96995705e-02, 2.72104526e+00, 1.11981428e+00,
   5.10685146e-02, 3.21138525e+00,-5.36878733e-03, 2.78592948e-02,
   1.82470298e+00, 2.47425064e-01,-7.83030614e-02, 5.20888805e-01,
   3.19828153e+00, 2.68659890e-01, 1.27731234e-01, 5.60133362e+00,
   7.85125732e+00, 1.91926813e+00,-1.96476650e+00, 6.10919952e-01,
   3.76895332e+00,-5.98941267e-01, 3.64936304e+00, 1.84143439e-01,
  -2.00015321e-01,-8.13268661e+00,-3.57115483e+00,-1.64957181e-01,
   3.24401967e-02, 4.07548659e-02, 7.58994818e-01,-2.00987148e+00,
  -1.17895836e-02,-4.22925614e-02,-2.09470701e+00, 1.81805700e-01,
  -1.18957877e+00,-1.04030095e-01, 4.41465020e-01, 1.16978928e-01,
   2.36150861e+00, 2.33710915e-01,-2.00804085e-01,-7.29344428e-01,
   1.35022074e-01,-2.69813269e-01, 1.24345303e+00, 3.05203408e-01,
   5.59737802e-01,-2.70730168e-01,-8.36423969e+00,-1.13988805e+00},
 {-3.98675561e+00, 3.42706776e+00,-2.41055560e+00,-1.28514652e+01,
   1.84378362e+00,-1.69329500e+00, 2.81456739e-01, 8.05709839e+00,
   4.74482208e-01, 1.36699104e+00,-7.70626068e+00,-2.34737560e-01,
  -1.66582346e-01, 1.25504065e+00, 3.72370577e+00, 2.84199238e+00,
   9.81697845e+00, 9.19142365e-02,-6.13972521e+00, 6.68381739e+00,
   1.15894771e+00,-8.37004036e-02,-6.23023462e+00,-2.86291432e+00,
   1.89512730e+00, 2.53022766e+00, 3.79980969e+00, 1.56554997e+00,
  -6.01142693e+00, 5.60582161e-01,-9.67494845e-01, 1.62064610e+01,
  -3.99755406e+00,-1.50403881e+01,-3.66756415e+00,-9.57122684e-01,
  -3.24686146e+00,-4.01490271e-01, 3.79421806e+00, 2.43770027e+00,
  -6.26618326e-01,-5.87616503e-01, 5.78529358e+00,-4.70034838e+00,
  -2.42784882e+00, 4.17656928e-01, 7.34186888e-01,-2.94046640e+00,
  -9.42822620e-02,-8.37586701e-01, 5.16766691e+00,-2.60442042e+00,
   3.51275063e+00,-4.12741095e-01, 1.74849260e+00,-2.88727212e+00,
   4.26629353e+00,-1.35778366e-02, 3.16443348e+00, 4.92018032e+00,
  -2.86345959e+00,-2.94097376e+00,-4.58396482e+00,-1.59956563e+00,
   8.41755486e+00, 4.73156691e+00,-1.54567063e+00,-1.58476961e+00,
  -4.62582731e+00,-5.60652876e+00,-1.68002605e+01, 9.53580379e-01,
  -4.87658072e+00,-4.81203365e+00,-2.04592991e+00,-1.15893006e+00,
  -2.75490880e+00,-4.76695204e+00,-2.50602555e+00,-6.73402071e+00,
   4.76479739e-01, 8.66024971e-01, 6.91523552e+00,-6.49099290e-01,
  -5.92171526e+00, 1.25685632e+00, 7.95741034e+00,-1.99113452e+00,
   1.00752258e+00, 7.76682571e-02, 4.18275404e+00, 1.20823026e+00,
   2.33845639e+00,-3.65490484e+00,-3.21219116e-01, 2.24707055e+00,
   3.29665208e+00,-9.28345695e-02,-2.76222110e-01,-4.82358277e-01,
   6.25965452e+00,-1.09004319e+00, 9.98097062e-01,-3.76013613e+00,
  -4.47717428e+00, 1.37478769e+00, 1.21915996e+00,-4.57850170e+00,
   1.04868019e+00, 1.95916796e+00,-5.13527012e+00,-5.39504147e+00,
   3.05032325e+00, 8.87518704e-01,-3.16603875e+00,-2.75188518e+00,
  -3.21050227e-01, 5.10730124e+00, 1.74148345e+00,-1.58173084e-01,
   1.21918106e+00,-1.64315379e+00,-5.68773556e+00,-1.28988373e+00,
   8.54538345e+00,-1.92861748e+01, 1.65693510e+00,-3.36971331e+00},
 {-1.22800362e+00,-2.84327030e+00,-6.73722446e-01,-5.71501076e-01,
  -2.03029966e+00,-5.38013726e-02, 1.00893658e-02,-4.06712008e+00,
  -3.15253019e-01,-2.13147807e+00, 8.69680500e+00,-1.58159602e+00,
   1.00365467e-01,-1.06050682e+00, 6.14186585e-01,-6.06269598e-01,
   9.69259501e-01,-1.12878001e+00,-3.81292969e-01,-5.20048571e+00,
   8.08231652e-01,-3.20270252e+00, 5.51555824e+00, 1.16980009e+01,
  -6.58224821e+00,-1.79973526e+01,-3.50465834e-01, 3.08534235e-01,
  -1.30732775e-01,-1.30089879e+00, 1.11356115e+00,-1.28632622e+01,
   1.97576771e+01,-7.77655989e-02,-5.48895836e+00,-2.08289966e-01,
   2.34862232e+00,-2.66737938e-01,-1.55098367e+00,-2.97487527e-01,
   1.62251987e+01, 2.33688772e-01,-1.07290614e-02, 4.80961418e+00,
   4.75958109e+00,-5.48723578e-01,-1.30173569e+01,-4.17827654e+00,
   2.22335005e+00, 2.55006909e-01,-8.55514873e-03, 3.32081050e-01,
  -8.29225898e-01, 1.33834052e+00,-2.77820420e+00, 3.01247263e+00,
  -8.10438991e-01,-5.08316755e-02,-3.59313321e+00,-1.35162786e-01,
   8.39763927e+00, 8.04355204e-01,-2.84897757e+00,-8.67650890e+00,
   5.46437502e-01,-2.38015335e-02, 3.77109170e+00, 1.86503041e+00,
   2.26043916e+00,-1.82734638e-01, 6.06552064e-01,-6.89360976e-01,
   5.26681948e+00, 1.88014650e+00, 8.59570354e-02,-6.37050509e-01,
   8.73759651e+00, 3.36377764e+00,-8.78057629e-02,-6.33526623e-01,
   1.83844149e+00,-3.20393413e-01,-5.55477810e+00, 8.08803320e-01,
  -1.87483907e-01, 2.58442163e-01,-1.04631271e+01, 2.37608194e+00,
   2.35297963e-01, 3.13142031e-01,-1.36358932e-01,-1.54852426e+00,
   1.71918079e-01,-3.02390188e-01, 2.00691032e+00, 4.48566556e-01,
  -9.26658586e-02,-2.87451297e-02, 2.69534588e-01, 4.59186602e+00,
  -1.09683800e+01,-7.80681968e-01, 1.42783427e+00, 1.54799831e+00,
   2.23355031e+00, 2.38286161e+00, 7.61530459e-01,-7.68081024e-02,
  -1.42940378e+00, 3.50559449e+00,-1.53635263e+00, 6.60212338e-01,
   1.86809883e-01,-2.48451054e-01,-1.54169232e-01,-1.38211131e-01,
   1.92945227e-01,-4.94918919e+00, 1.16883936e+01, 5.90838157e-02,
  -3.14035964e+00, 2.04052353e+00,-1.28408682e+00, 1.51812935e+00,
  -1.10165997e+01, 7.31545305e+00, 2.59803355e-01,-6.06146812e+00},
 { 2.35181022e+00, 1.34757340e+00, 2.03301519e-01, 2.52916551e+00,
   1.59145904e+00, 5.79359591e-01, 4.40028369e-01, 3.09825230e+00,
  -1.94446072e-01, 4.55816555e+00,-1.13096266e+01, 2.67618823e+00,
   1.21576332e-01, 1.31244764e-01, 3.06370282e+00, 8.27464402e-01,
  -1.70487082e+00, 1.66318560e+00, 1.31194556e+00, 6.48945141e+00,
   1.16677916e+00,-8.27224627e-02,-7.13739491e+00,-6.83401680e+00,
   6.35600805e-01, 4.98899508e+00,-3.84670353e+00,-1.16446920e-01,
  -2.74056816e+00, 2.73665518e-01,-4.60247308e-01, 4.21319437e+00,
  -5.33043909e+00,-9.97608185e+00, 5.45726776e+00, 4.18249331e-02,
  -1.09984040e+00,-1.16555583e+00, 1.01022506e+00,-2.20803410e-01,
  -1.89934683e+00,-9.88219857e-01, 2.36668468e+00,-5.26785231e+00,
  -1.05675423e+00, 8.69607031e-01, 6.70897961e+00,-1.45025122e+00,
  -1.56181371e+00,-2.75616598e+00, 1.90599060e+00,-3.29687923e-01,
   2.00062037e+00,-8.24372768e+00, 3.57406020e+00,-3.81736660e+00,
   3.52771521e+00, 4.41576624e+00, 2.38033265e-01, 5.32159686e-01,
  -3.87676287e+00,-6.29865229e-01, 5.82836246e+00,-5.39603293e-01,
  -3.67851973e-01, 1.74686468e+00,-1.65070152e+00,-9.61186230e-01,
  -2.35878682e+00,-2.91474867e+00,-1.07459664e+00, 2.30076170e+00,
  -7.78095245e+00,-1.64306068e+00,-8.24238658e-01, 1.23448126e-01,
  -4.04850769e+00,-2.96791482e+00,-1.44808221e+00, 6.66006565e-01,
   1.69248974e+00,-1.89024791e-01, 5.78056812e+00, 7.19382763e-01,
  -1.69067228e+00,-1.17315722e+00, 1.18943233e+01,-3.82451892e+00,
  -1.64053690e+00,-1.30748630e+00, 1.46781075e+00, 3.87030816e+00,
   9.62826312e-01,-9.92651761e-01,-2.38495231e+00,-1.15446067e+00,
   6.02939501e-02, 1.60237694e+00, 3.66941512e-01, 1.66207564e+00,
   4.38046074e+00, 1.52442062e+00,-3.44200373e+00,-4.23569012e+00,
  -1.86914289e+00,-9.12396729e-01,-5.17222524e-01,-1.75974727e+00,
   2.07021689e+00, 9.39861000e-01, 1.52654186e-01,-7.87103128e+00,
  -1.23094785e+00, 1.36426210e+00,-6.83707833e-01,-4.05921412e+00,
  -1.99100345e-01, 4.89535284e+00, 5.88254118e+00, 1.22513153e-01,
   2.19675970e+00, 1.46964967e+00,-5.02552271e+00,-8.25680315e-01,
   1.16470528e+01,-5.87144279e+00, 4.91400331e-01,-1.56194353e+00},
 { 5.41954458e-01,-1.36030149e+00,-1.48250774e-01,-6.38171881e-02,
  -7.66479969e-01,-3.98494974e-02,-9.26578999e-01, 1.44915657e+01,
  -3.46076578e-01,-7.81892395e+00, 3.58040094e+00,-4.17864054e-01,
  -2.27432624e-01,-4.40283835e-01,-6.44308448e-01,-3.01747024e-01,
  -4.43604738e-01, 7.48798996e-02,-2.42171660e-01,-3.70511842e+00,
   1.13441132e-01, 1.01248193e+00,-1.63556919e-01,-1.89575887e+00,
   3.70662540e-01,-6.02232027e+00, 2.09323660e-01, 1.10937648e-01,
  -2.04038143e+00,-4.49092984e-02,-5.63491821e-01, 8.23122120e+00,
   1.86975670e+00,-1.89791846e+00, 1.14306247e+00, 3.14925388e-02,
  -5.18644273e-01, 1.55677378e+00, 3.72623086e-01, 3.38903785e-01,
   1.04864931e+01,-2.86405474e-01,-3.78881209e-02, 9.08138216e-01,
  -5.35564852e+00, 2.89977193e-01,-3.03490329e+00,-1.15402985e+00,
  -1.51918674e+00, 6.09755397e-01, 1.45259380e-01,-2.55504698e-01,
  -9.79443789e-02, 1.03166878e+00,-3.26275482e+01,-1.73242033e+00,
  -3.23393178e+00, 5.94614565e-01, 2.60824537e+00, 6.22160971e-01,
  -1.89007103e+00,-1.80367231e-01,-1.74633265e-01,-2.39752865e+00,
   2.36327276e-01,-2.66843349e-01,-1.92381465e+00,-9.16972160e-01,
  -4.74313211e+00, 3.80013168e-01, 8.66586745e-01, 1.65422291e-01,
  -4.11470890e+00,-1.23195827e+00, 5.15861034e-01,-6.26470685e-01,
  -5.66813993e+00,-5.26132202e+00, 1.07585025e+00,-5.82347393e-01,
  -6.34593821e+00, 1.62836432e-01, 7.85620785e+00,-1.68429565e+01,
   4.08840418e-01, 3.79351825e-02,-9.58760357e+00,-7.35181928e-01,
   2.58771554e-02,-2.26317704e-01,-1.22242022e+00, 7.58451149e-02,
   1.49973091e-02,-1.24435395e-01, 5.35897315e-01, 2.77484000e-01,
  -7.22355023e-02,-6.28846467e-01, 2.29843080e-01, 2.05508494e+00,
   4.46683264e+00,-4.48072791e-01,-5.61324716e-01,-1.00843706e+01,
  -1.80489695e+00, 1.69650042e+00,-8.80233720e-02, 1.64544952e+00,
   6.35202110e-01, 1.43398905e+00, 1.82691097e-01, 5.26631880e+00,
   2.83284336e-01, 1.43943071e-01,-4.86186862e-01, 9.97677231e+00,
   5.95274329e-01, 3.87643695e+00, 6.02279377e+00,-7.16007829e-01,
  -5.84673643e+00, 5.47119915e-01,-4.33826113e+00, 2.83290129e-02,
   1.21922541e+01,-6.70446587e+00, 4.99611616e-01,-1.05061519e+00},
 {-6.95162043e-02,-3.38587713e+00,-3.82054806e-01,-6.22784472e+00,
  -2.94139981e+00,-3.45189476e+00,-8.08285618e+00,-9.70161796e-01,
   3.81930351e+00,-3.89054322e+00, 4.24825668e+00,-1.64761269e+00,
   3.33448470e-01,-8.63249540e-01,-4.59994793e+00,-4.04677343e+00,
   9.48583484e-01, 3.25909185e+00, 3.08346438e+00,-1.11055069e+01,
  -4.75179911e-01,-2.03360513e-01, 2.30729508e+00, 1.94089842e+00,
  -2.00206153e-02,-2.14997315e+00,-1.03820810e+01,-4.32413597e+01,
  -7.38797963e-01,-8.71660054e-01, 1.87959880e-01,-1.53336322e+00,
   2.11755395e+00,-2.05240297e+00,-5.75697470e+00, 4.34969473e+00,
   6.40317822e+00, 4.42331314e+00,-7.15609646e+00,-3.13313389e+00,
   1.07705998e+00,-1.16501689e-01,-2.18684769e+00, 3.26468158e+00,
   1.78746283e+00, 2.04833555e+00,-2.92847013e+00,-2.72682101e-01,
   2.27753520e-01, 1.72879136e+00, 1.59811628e+00,-1.24740047e+01,
  -5.56921542e-01,-5.33568335e+00,-4.42881256e-01, 8.59931588e-01,
  -5.87045431e-01, 1.16759434e+01,-2.16672078e-01,-1.74492824e+00,
   2.12403703e+00,-2.80658197e+00, 5.68169260e+00,-1.04378951e+00,
  -2.84611177e+00, 2.42246962e+00, 4.14220870e-01,-2.28897840e-01,
   6.76446855e-01,-7.81207705e+00, 1.91509330e+00, 3.51838738e-01,
   3.57754493e+00,-8.29424381e-01,-7.14985251e-01,-6.94530785e-01,
   3.99513781e-01, 7.78671205e-01, 1.27079725e+00,-3.29091454e+00,
  -3.26415896e-01,-1.28676981e-01,-2.27431965e+00, 3.11254859e-01,
  -2.76428342e+00,-7.30409145e-01,-4.85525084e+00,-2.75491142e+01,
  -4.79934406e+00, 1.84680486e+00,-1.65608537e+00,-8.26241016e-01,
   4.34076357e+00,-5.13323545e-01, 3.45024514e+00,-1.93215907e+00,
  -1.34566307e+01, 4.13519412e-01, 1.34158826e+00, 1.44278836e+00,
  -2.23893905e+00,-7.43167996e-01, 2.82860208e+00, 3.91424954e-01,
  -4.52740014e-01, 6.75567806e-01,-2.00177312e+00, 1.45538654e+01,
  -9.65363503e-01,-2.03295603e-01, 5.02337790e+00, 4.25238132e+00,
   6.79207444e-01,-2.54121375e+00,-4.24342394e-01, 3.54856443e+00,
  -2.05988258e-01, 1.19609937e-01, 1.33387101e+00, 9.77145553e-01,
  -1.87193394e+00,-1.66486055e-01, 1.53286374e+00,-4.39861178e-01,
  -3.51405931e+00, 2.51210666e+00, 6.65698111e-01, 6.08461678e-01},
 {-1.57403667e-02, 2.06520725e-02,-3.80694084e-02, 6.10660091e-02,
  -1.75494968e-03,-1.15204804e-01,-6.06799163e-02,-2.10592151e-02,
  -9.90108997e-02,-1.28584430e-01, 4.96463403e-02,-1.12246219e-02,
   1.12586990e-02,-3.46619859e-02,-2.61740573e-02,-1.13073867e-02,
   1.32764280e-02,-4.80784662e-02,-3.12068556e-02, 5.77537983e-04,
  -1.18877344e-01, 4.22547646e-02,-1.55947991e-02,-1.52916536e-02,
   8.30972865e-02,-1.51416473e-02,-9.27836001e-02,-1.34381428e-01,
   8.63770780e-04, 5.03981151e-02,-3.69239226e-02,-3.18574160e-02,
   1.47017082e-02,-3.64948511e-02, 4.63433415e-02,-1.10031836e-01,
  -3.10024396e-02,-5.09717204e-02,-8.83770660e-02,-1.23460531e-01,
   3.28487866e-02, 2.72809863e-02,-4.88883816e-02,-1.02081504e-02,
  -8.30566734e-02,-1.80806935e-01,-6.71281293e-02,-1.63239062e-01,
  -1.41681343e-01,-6.72010928e-02,-7.88929611e-02,-1.79986935e-02,
  -9.83687192e-02, 3.12537551e-02,-1.56761840e-01,-1.17030151e-01,
  -7.54461065e-02, 2.10381020e-02,-5.71939396e-03,-6.94671571e-02,
  -9.99827520e-04,-1.11769378e-01,-3.38304192e-02,-7.44927973e-02,
  -6.52184105e-03,-1.47066772e-01,-1.04362719e-01,-3.06122620e-02,
  -1.14832176e-02,-9.85003356e-03,-3.82120647e-02,-5.81798479e-02,
  -3.86110730e-02,-1.27060562e-01,-7.98950270e-02,-8.50838944e-02,
  -1.63236916e-01,-1.11513242e-01,-6.70405254e-02,-3.98164131e-02,
  -8.85106921e-02,-5.62841147e-02,-1.09953053e-01,-2.89247688e-02,
  -6.47685155e-02, 1.53928166e-02,-7.17992932e-02,-1.37044534e-01,
  -1.05224408e-01,-1.64767995e-01,-3.09988614e-02,-3.56341526e-02,
   2.23982241e-02,-1.06131554e-01, 9.88041908e-02,-3.27008851e-02,
  -1.01297081e-01, 1.77992228e-02,-4.74047475e-02,-1.13917202e-01,
  -7.20027611e-02,-2.80283447e-02,-1.69350445e-01,-4.93764319e-02,
   1.32860318e-02,-8.42471570e-02,-9.62307006e-02,-5.66334985e-02,
  -8.07824880e-02, 2.01376043e-02,-1.32894918e-01,-7.47270212e-02,
  -2.12231185e-02,-7.76835829e-02,-4.74060141e-02,-1.71786040e-01,
   1.89548486e-03,-1.72504429e-02,-5.65918870e-02,-1.10921271e-01,
  -2.73462720e-02,-9.34957433e-03,-8.15145299e-02,-2.29017027e-02,
  -1.21409900e-01,-2.37273529e-01,-4.69806530e-02, 1.62653737e-02},
 {-1.25820494e+00,-1.93971503e+00, 2.63418138e-01,-2.65425992e+00,
  -3.20210600e+00,-9.29784536e-01,-4.22999501e-01,-4.94417572e+00,
  -4.20352072e-01,-4.97608709e+00, 1.27536192e+01,-1.56926358e+00,
   9.97779220e-02,-1.62453592e+00, 2.54607230e-01,-1.94160032e+00,
  -1.05919635e+00, 2.80773354e+00,-1.95767492e-01,-1.05945330e+01,
   3.73996198e-01,-3.02621865e+00, 5.68170023e+00, 9.51902676e+00,
  -2.59028435e+00,-3.28312416e+01, 2.81819010e+00, 9.48023915e-01,
   3.63664222e+00,-1.61292481e+00, 1.82963908e+00, 8.67888069e+00,
  -1.10784979e+01, 3.30064225e+00,-6.78427887e+00,-1.03595114e+00,
  -2.73758483e+00,-4.13832255e-02,-3.12350702e+00,-3.16679567e-01,
  -2.81593418e+00, 4.72008198e-01,-6.25153005e-01, 4.62556458e+00,
   5.61171055e+00,-3.24984217e+00,-4.94632072e+01,-1.30375242e+00,
   1.74535692e+00, 1.11623669e+00,-1.81168532e+00,-2.45892859e+00,
  -1.21270514e+00, 2.36053824e+00,-5.70950687e-01, 2.74498844e+00,
  -2.63928819e+00,-8.00166488e-01, 2.55804867e-01, 1.18775797e+00,
   8.58108044e+00, 1.56919050e+00,-1.49716735e+00,-3.05092216e-01,
   1.16920841e+00, 9.36491549e-01, 2.80635357e+00, 6.89500034e-01,
  -3.04083586e-01, 1.24202096e+00, 2.00428653e+00, 5.53805649e-01,
   1.43409376e+01, 9.46128070e-01,-3.05273920e-01, 2.72872376e+00,
   7.29081297e+00, 2.93384695e+00, 1.09511614e+00,-1.81785142e+00,
  -1.31714952e+00, 5.88861406e-01,-1.19264355e+01, 2.56379277e-01,
  -1.19595818e-01,-1.28874636e+00,-1.16237144e+01, 2.56653428e+00,
   2.09465361e+00, 8.87777686e-01,-1.70316577e+00,-2.86623478e+00,
  -9.86508667e-01, 1.33274627e+00, 8.34318459e-01, 3.69119346e-01,
   4.77363229e-01,-9.03738514e-02, 8.07132870e-02,-4.60606158e-01,
  -9.11386585e+00,-2.17447400e+00, 1.65574336e+00, 8.19596231e-01,
   1.09664667e+00, 2.10243270e-01, 4.33245033e-01,-1.60115749e-01,
  -1.25778437e+00, 3.08568418e-01,-2.32861376e+00, 5.40675879e+00,
   1.78567517e+00,-1.44656444e+00,-1.11864936e+00, 2.61834002e+00,
   3.96057159e-01,-1.87644100e+00,-5.43475342e+00, 6.83958888e-01,
  -4.65598917e+00,-1.10006166e+00, 1.28763056e+01, 1.42292678e+00,
  -1.42136431e+01, 7.86259079e+00, 8.82584035e-01,-1.84378362e+00},
 {-1.03916206e+01,-6.68341589e+00, 3.47653389e+00, 6.49080426e-02,
   7.15838552e-01,-1.39920080e+00, 3.23107749e-01, 1.02974761e+00,
   2.38533998e+00, 9.93163824e-01,-1.09968233e+00, 1.41868792e+01,
  -1.70374751e-01,-2.47951603e+00, 6.15553761e+00, 1.50309267e+01,
   1.50209594e+00,-4.36625977e+01,-7.80341923e-01, 3.38266635e+00,
   8.76882970e-01, 6.24945879e-01,-1.62081413e+01,-9.67009723e-01,
   6.22174777e-02, 1.34783726e+01,-2.08476429e+01,-6.29094315e+01,
  -5.44925213e+00, 2.42034361e-01,-2.70673603e-01, 1.63173008e+00,
  -5.64122107e-03, 1.21206474e+01, 1.74486904e+01,-1.31573170e-01,
   2.11500239e+00,-2.03377080e+00,-8.31868172e+00, 5.82326603e+00,
   1.57465148e+00,-1.10079126e+01,-1.26545162e+01, 8.73527813e+00,
  -2.53778791e+00,-4.35588568e-01, 3.37896109e-01, 1.61602533e+00,
  -9.36453462e-01,-4.15171981e-02,-4.31139183e+00,-3.59562531e+01,
   5.73358357e-01,-1.35520763e+01, 6.56066418e-01,-5.10997117e-01,
   5.20063519e-01, 1.63103333e+01,-6.20141208e-01, 1.06206238e+00,
  -2.05037427e+00, 3.30917144e+00,-8.58895016e+00, 6.38519108e-01,
   5.13346624e+00, 2.10938072e+01, 3.25686127e-01,-8.57611001e-02,
  -4.54584330e-01,-3.25231438e+01,-4.44011331e-01,-1.23545828e+01,
  -2.94207788e+00,-3.16241272e-02,-2.01834545e-01, 7.67259225e-02,
  -1.93334877e+00,-8.27065229e-01, 8.05296376e-02,-2.14174747e+00,
  -1.68493763e-01, 4.14285707e+00, 2.50030255e+00, 3.78994793e-01,
  -3.09136927e-01, 4.80556399e-01, 1.45229363e+00, 1.31328356e+00,
  -1.65378964e+00,-5.15668344e+00, 1.82164276e+00,-2.45978427e+00,
  -1.03136314e+02,-9.01088333e+00, 3.11661482e-01, 3.70872587e-01,
  -1.18886329e-01,-6.13612652e+00,-1.83806288e+00,-7.73644149e-01,
   2.17700076e+00, 7.57216692e-01,-6.55203998e-01,-3.14606607e-01,
  -3.00906122e-01,-3.10323626e-01, 1.96103418e+00,-2.17226297e-01,
   7.47378886e-01, 4.96490687e-01, 3.44360638e+00,-8.96751761e-01,
  -1.25621200e+00,-4.89988852e+00, 1.64404526e-01,-3.84167701e-01,
  -1.09974957e+00, 1.27839339e+00, 1.91873050e+00,-9.02060223e+00,
   1.06034744e+00, 7.90708721e-01,-1.13131475e+01,-1.29410639e-01,
   3.89231539e+00,-8.92804205e-01,-5.13660955e+00,-3.07247066e+00},
 { 7.49605179e-01, 1.75206912e+00, 4.84778911e-01, 2.41890132e-01,
  -2.49513149e-01, 1.58377156e-01,-5.08808345e-03, 2.76269746e+00,
   2.21059099e-01, 1.90426719e+00,-1.78853285e+00, 8.80482197e-01,
  -4.73922826e-02, 1.84116006e-01,-3.37516606e-01,-2.48492602e-02,
   2.37513638e+00,-8.12259968e-05, 1.35433391e-01, 2.61307216e+00,
  -2.07709506e-01, 2.43214703e+00,-3.04786706e+00,-8.72461414e+00,
   6.44921732e+00,-9.13192332e-01, 1.76642641e-01,-1.29329458e-01,
  -1.18210830e-01, 5.43295205e-01,-9.13476765e-01,-7.04192352e+00,
  -1.10434771e+01, 9.11139250e-02, 4.38491344e+00, 1.46216050e-01,
   3.26024365e+00,-1.06308475e-01, 5.94481170e-01, 3.80542397e-01,
   1.67839680e+01,-3.13934505e-01,-2.20717847e-01,-2.39058399e+00,
  -4.18775463e+00, 2.86286235e-01, 1.33692398e+01, 2.80248857e+00,
  -1.76277399e+00,-1.83373541e-01,-1.63294226e-01,-1.52694717e-01,
   4.04070467e-01,-8.19904268e-01, 1.99636555e+00,-2.09508991e+00,
   6.87936425e-01, 4.58904862e-01, 8.46328735e+00, 3.85850787e-01,
  -6.03287029e+00,-2.67604496e-02, 1.02457678e+00,-1.06919460e+01,
  -3.46730202e-01,-2.59272277e-01, 7.47243166e-02,-8.65726650e-01,
  -1.85762405e+00, 6.77754804e-02,-2.82469183e-01, 2.75807649e-01,
  -5.97001028e+00,-1.13599420e+00, 3.25754285e-02, 5.27928829e-01,
  -6.25985384e+00,-2.34426618e+00, 1.55392170e-01, 3.89565885e-01,
  -1.12054563e+00, 3.77732307e-01, 2.14297962e+00,-1.11117828e+00,
   3.73409122e-01,-2.55942464e-01, 6.53044081e+00,-1.69202673e+00,
  -4.69273299e-01,-1.75151885e-01,-2.07027182e-01, 8.40658367e-01,
  -1.93091184e-01, 1.99298859e-01,-9.43782508e-01,-2.25667387e-01,
   1.36751473e-01,-3.78859006e-02,-1.35683408e-02, 6.37937117e+00,
   7.77097082e+00, 3.92359018e-01,-8.69132161e-01,-9.50768411e-01,
  -8.75747919e-01,-1.35137343e+00,-8.62289444e-02,-1.51640534e-01,
   1.08114862e+00,-3.46174073e+00, 9.74522114e-01,-5.76998770e-01,
  -1.60259813e-01, 4.49756300e-03, 4.67286080e-01,-2.20522046e-01,
   1.14398934e-02, 3.45326114e+00,-2.11748743e+00, 3.05916127e-02,
   2.36271524e+00, 5.65983677e+00, 2.47321486e+00,-6.31405830e-01,
   7.90585995e-01,-6.04462147e+00, 9.63440716e-01, 4.89781570e+00},
 {-1.80067980e+00, 2.97045064e+00, 1.94570804e+00, 4.06206083e+00,
  -5.15902698e-01,-3.08987308e+00, 3.65766501e+00,-2.34844899e+00,
  -2.76659131e-01,-5.64110374e+00, 6.47574139e+00,-2.70887032e+01,
   5.56314409e-01,-4.40456104e+00, 1.04928446e+01,-2.64554477e+00,
   5.99123597e-01, 3.45311570e+00, 1.49855518e+00,-9.68581867e+00,
  -1.49240896e-01,-1.24993598e+00, 5.65358782e+00, 5.59359646e+00,
   2.81519294e-01, 9.91202235e-01,-4.44689178e+00, 6.18281007e-01,
  -2.32016063e+00,-4.80860949e+00, 4.02765810e-01,-2.19465971e+00,
   2.89890766e+00,-4.95939875e+00,-6.02301180e-01, 1.90158665e+00,
   9.99095857e-01, 5.11773348e+00, 3.40859503e-01, 9.18481052e-01,
   2.90100980e+00,-5.02631998e+00,-3.47491336e+00, 4.90222263e+00,
   2.45412827e+00, 1.82888961e+00,-5.01296568e+00, 4.18188959e-01,
   1.02953076e+00, 2.03533936e+00,-1.78440166e+00,-3.86404657e+00,
   7.18653202e-01, 1.96077275e+00, 9.97564122e-02, 2.12376904e+00,
  -3.18272305e+00, 1.38700027e+01,-2.47896925e-01, 1.62044847e+00,
   4.87235308e+00, 1.76543319e+00, 3.88561964e+00,-9.57694411e-01,
   1.54716551e+00, 2.60339236e+00, 5.32952428e-01,-2.51032114e-01,
   1.32130325e+00,-3.66250658e+00,-2.42853880e-01,-2.57094646e+00,
   3.92191792e+00,-2.77278781e-01, 4.37513304e+00,-6.09543204e-01,
   2.15837383e+00, 1.52661824e+00,-4.82823730e-01, 4.85993910e+00,
  -3.21778804e-01, 2.36412093e-01,-5.94916821e+00, 9.38157797e-01,
  -6.89858675e+00, 2.97365642e+00,-5.17361546e+00, 5.31674004e+00,
   3.11232591e+00, 3.43699396e-01, 4.60281992e+00,-1.02472477e+01,
   3.65261984e+00, 1.45815325e+00, 4.79622507e+00,-3.68180799e+00,
  -9.86508942e+00,-2.25116205e+00,-5.17151952e-01, 1.07030892e+00,
  -4.77586699e+00,-1.57036054e+00,-7.42458010e+00, 5.41149735e-01,
  -4.80891913e-01, 1.23462760e+00,-1.77625775e+00,-7.91248739e-01,
  -1.37745035e+00,-7.39092886e-01, 7.63763011e-01, 5.48014450e+00,
   8.15674782e-01,-1.36261320e+01,-1.17340159e+00, 5.65427732e+00,
  -4.01722145e+00,-1.43637824e+00, 3.88993287e+00,-6.15934253e-01,
  -3.49507999e+00,-9.67505634e-01, 1.51909685e+00, 1.41143775e+00,
  -7.33585882e+00, 3.59992337e+00, 1.07864742e+01, 1.64071465e+00},
 {-3.39373708e+00,-3.35866499e+00,-1.58745039e+00, 1.39528167e+00,
  -2.47520566e+00, 8.14765155e-01,-3.26983303e-01,-3.32051277e-01,
  -3.26887774e+00,-2.55573213e-01, 4.91350055e-01,-3.49900889e+00,
  -1.38752088e-01,-1.41854134e+01, 4.83266354e+00,-1.22367468e+01,
  -1.33335739e-01, 1.23024666e+00,-1.69891074e-01, 2.25031376e+00,
  -4.78602052e-01,-1.02826968e-01,-3.25139552e-01,-3.37047279e-01,
   1.10181250e-01,-1.67270660e+01,-5.72339892e-01, 1.47333121e+00,
   2.85580397e+00,-2.16697305e-01, 1.96033288e-02, 2.45321560e+00,
   2.50094712e-01,-1.38102379e+01,-6.16912079e+00,-2.10038519e+00,
   3.45051718e+00, 3.71294260e+00,-1.31029797e+00,-4.59641743e+00,
   1.20855846e-01, 8.38055897e+00,-5.67896903e-01, 2.97227859e+00,
   8.69921803e-01, 1.21994710e+00,-1.07032463e-01,-1.56194806e+00,
   3.49885672e-01, 2.06970662e-01, 1.21945548e+00,-1.37473726e+00,
   2.60631025e-01,-1.48013115e+00,-1.50066689e-01, 2.30323091e-01,
  -1.56126350e-01, 1.06280880e+01, 1.89884782e-01,-2.67391658e+00,
   7.86100864e-01,-3.95510674e+00,-2.24289846e+00, 3.82783234e-01,
  -1.04181695e+00, 3.77353764e+00,-1.46723716e-02, 8.66139606e-02,
  -1.99682973e-02,-1.25503317e-01,-7.59342372e-01, 4.95573378e+00,
   1.34551156e+00,-8.98115411e-02,-8.85231781e+00, 3.62571210e-01,
   5.25533617e-01, 1.83637053e-01, 1.04420078e+00,-1.06137633e+00,
   4.40883748e-02,-2.24307194e-01,-9.37713325e-01,-1.62962362e-01,
  -2.82087779e+00,-1.67845398e-01,-7.26178467e-01,-4.95284939e+00,
   1.86290371e+00,-2.49360585e+00,-2.33523870e+00,-2.87507504e-01,
  -7.98465490e+00,-5.27075815e+00,-1.12717807e+00,-2.18699321e-01,
   3.98004383e-01, 5.75404167e+00, 3.31843758e+00,-2.47797251e-01,
  -5.66487253e-01, 6.68929994e-01,-7.75698066e-01, 2.75251925e-01,
   2.22602874e-01,-3.71791199e-02,-5.68036232e+01,-5.05854487e-01,
  -1.37871012e-01, 7.24362629e-03,-4.71052200e-01, 4.85468805e-01,
   1.35595548e+00, 3.92580271e-01,-2.66828060e-01,-2.30533525e-01,
   9.68845427e-01,-4.79533970e-01,-3.72178465e-01, 6.05392313e+00,
  -2.17273355e-01, 1.18245423e-01, 1.36851513e+00,-5.44895589e-01,
  -4.82139021e-01, 3.23470414e-01,-6.67992020e+00, 2.04637218e+00}};

const float b2[sz_hid_2] = {-9.70083654e-01,-5.77322674e+00,-1.34064600e-01,-1.97012806e+01,
 -6.38721800e+00, 4.64860983e-02,-8.00496864e+00, 4.90964699e+00,
 -8.27078056e+00,-6.36869097e+00,-1.32658768e+01,-4.91773319e+00,
 -5.85357189e-01,-4.14114618e+00,-7.37655401e+00, 1.13480244e+01,
  6.27504826e+00,-9.71796289e-02,-1.45190299e+00,-1.61261368e+01,
 -1.36446495e+01,-7.38154554e+00,-1.56826210e+00,-6.09910440e+00,
  1.00613174e+01,-5.98114491e+00,-1.25005916e-01, 3.47423881e-01,
  1.00804675e+00, 9.07674991e-03,-1.04998579e+01,-5.14967060e+00};

const float w3[sz_act][sz_hid_2] = {{-8.1855357e-03, 8.1359908e-02, 7.0031606e-02, 1.0569827e-02,
  -4.3380284e-03,-1.0607829e-02, 1.0010867e-01,-1.2229041e+00,
   1.6084956e-02,-3.1090911e-02,-1.6495869e-01, 5.0659883e-03,
  -3.0637281e-03,-8.7049037e-02, 4.7607191e-02, 1.2041014e+00,
  -1.4055359e-01,-5.9291448e-02, 1.4331417e-04, 1.5063557e-01,
  -1.2471703e-03, 1.9705471e-01, 6.6764250e-02,-1.1728706e-01,
   9.7763158e-02, 1.1819503e-02, 9.7567558e-02, 2.9165018e-01,
   9.9612856e-03,-6.0710296e-02,-1.0519481e-02,-1.1262749e-03},
 {-1.2050891e-01,-9.4019761e-03, 1.1392152e-01,-3.2931080e-01,
   8.6214282e-02,-8.5917525e-02, 2.2156709e-01,-1.3753860e-02,
  -2.0088911e-01,-2.3470640e-01,-5.0830329e-04,-6.2442429e-02,
  -1.1555490e-01, 1.4218406e-03, 1.6527031e-01, 2.4955089e-03,
  -2.2526509e-03,-1.3697864e-01,-6.7834921e-02, 2.5909925e-03,
   1.1220060e-01,-1.5835043e-02, 3.7992198e-03,-7.9891190e-04,
  -8.9470972e-04,-1.5230678e-01,-2.2525674e-02,-5.9617176e-03,
  -9.3750849e-02,-1.1532335e-03, 1.3908221e-01, 1.3014497e-01}};

const float b3[sz_act] = {0.015295  ,0.24705265};

