const float w1[sz_hid_1][sz_obs] = {{ 3.90291429e+00, 7.70726323e-01,-1.84031498e+00,-1.71702895e-02,
   1.46187872e-01, 1.75519153e-01, 9.45226192e+00,-1.48252636e-01,
   1.11842297e-01},
 {-3.60265762e-01, 1.92322576e+00, 2.50055939e-01,-2.26632301e-02,
   4.39679921e-02, 3.06870751e-02,-5.24124670e+00,-3.89566049e-02,
   1.35414815e-02},
 { 4.07514023e-03,-4.32353057e-02,-2.71055889e+00, 3.11097264e+00,
  -1.16349769e+00, 1.44879961e+00, 1.62299678e-01, 1.97227275e+00,
  -2.89227152e+00},
 { 4.35319710e+00,-1.96623850e+00, 2.90836620e+00,-2.45637037e-02,
   1.78857967e-02, 8.27710610e-03,-1.15260143e+01, 3.38336080e-02,
  -7.60605466e-03},
 { 2.58706784e+00, 1.84769917e+00,-4.41740179e+00,-1.91437546e-03,
  -1.00709639e-01,-7.56745115e-02, 8.10252571e+00, 2.51003981e-01,
   3.08101084e-02},
 {-1.39422849e-01,-4.69391327e-03, 2.14943552e+00,-1.22617817e+00,
  -5.20495796e+00,-1.90736103e+00, 1.49456680e-01, 3.17958546e+00,
  -2.15923214e+00},
 {-1.47565901e-01, 2.84524495e-03, 6.69821873e-02, 1.68133390e+00,
  -1.95689952e+00, 3.15830874e+00,-1.57025561e-01, 7.03955114e-01,
  -2.73823166e+00},
 { 2.29761153e-02, 1.82706658e-02,-6.78963661e-02, 2.80103159e+00,
   4.09404373e+00,-2.43309402e+00,-1.86930839e-02,-4.71825451e-01,
  -1.74419090e-01},
 { 6.78504677e-03, 4.56735976e-02,-1.99527884e+00,-2.36260080e+00,
   1.69043648e+00, 9.35134172e-01,-5.38463071e-02, 1.74994445e+00,
   2.14551330e+00},
 { 2.41146326e+00,-2.21542096e+00, 2.23744512e+00,-4.88404296e-02,
  -4.57609445e-03, 4.79112044e-02,-9.33263874e+00,-9.12722722e-02,
   1.67260870e-01},
 { 1.51025709e-02, 2.20048614e-03, 1.78396121e-01, 5.44643927e+00,
  -2.40019321e+00,-1.83501267e+00, 1.37857022e-02, 1.35506544e+01,
   1.30013062e-03},
 { 2.49985147e+00, 1.53877616e+00,-4.90009636e-01, 3.68002152e+00,
   1.91762760e-01,-5.15440013e-03,-3.98761749e+00, 1.24834454e+00,
  -2.81776500e+00},
 {-1.33120781e-02, 8.41363240e-03,-3.29974532e-01, 2.74072218e+00,
   2.51464915e+00, 7.39766264e+00, 3.70690669e-03,-7.41484213e+00,
   1.55064072e-02},
 {-2.56206012e+00,-7.39742100e-01,-1.67139816e+00,-1.90507434e-02,
   5.20348782e-03,-6.32256363e-03, 2.51820159e+00,-7.06340969e-02,
   3.66994850e-02},
 {-1.17576942e-02,-2.84429155e-02, 1.58830985e-01, 1.06350541e+00,
  -2.01793647e+00, 4.86506748e+00,-6.65799528e-03,-7.99976015e+00,
  -2.66284887e-02},
 { 1.65121245e+00, 3.63682127e+00, 5.01657772e+00,-1.43026203e-01,
   7.72554874e-02,-8.27478096e-02,-7.28743553e+00,-6.55916110e-02,
  -2.35329106e-01},
 { 2.56709099e-01, 6.90695122e-02,-1.74157098e-01,-1.68656576e+00,
  -2.61633682e+00,-3.30738711e+00,-2.01376081e-01, 2.02521729e+00,
   4.04284763e+00},
 { 7.94567823e-01, 2.77435493e+00, 3.85194278e+00,-6.96600415e-03,
  -4.03199308e-02, 3.40577923e-02, 9.73037815e+00, 3.62354517e-02,
  -4.63730544e-02},
 {-3.55863795e-02,-7.77999125e-03,-3.39981198e-01, 4.33305788e+00,
  -2.29812169e+00, 1.63231671e+00, 1.50257293e-02,-1.09678850e+01,
  -4.48468067e-02},
 {-8.37497320e-03,-6.66420022e-03,-1.43551463e-02,-1.20733738e-01,
  -6.85242489e-02, 4.56261492e+00,-1.20307282e-02, 1.52502701e-01,
   6.55187368e-02},
 {-1.34504843e+00, 3.81864381e+00, 5.09439421e+00, 1.09707281e-01,
   7.10173994e-02,-5.66192791e-02,-6.95247364e+00,-3.12602930e-02,
   2.70874295e-02},
 { 5.76129913e+00, 1.97525173e-01, 2.81284785e+00,-1.63668096e-02,
   2.97981910e-02,-1.62561629e-02,-1.13575840e+01,-3.04992553e-02,
  -5.73977269e-02},
 {-6.78637670e-03,-3.25242965e-03, 4.78964001e-02,-7.96501458e-01,
  -2.17567468e+00, 1.04094811e-01, 1.34227667e-02, 5.85723305e+00,
  -3.60879744e-03},
 { 6.18567690e-02,-5.12886010e-02, 2.92647648e+00,-5.36092162e-01,
   9.04950202e-01,-7.28016198e-01, 4.95813824e-02,-3.33252907e+00,
   3.72022057e+00},
 { 1.84274151e-03, 2.58538481e-02, 5.11423969e+00, 3.08885908e+00,
   4.21214879e-01, 1.56823909e+00,-3.57908942e-02,-1.35846543e+00,
   2.66189051e+00},
 { 2.62620950e+00, 2.89174223e+00,-1.29916775e+00, 3.28047387e-02,
  -1.77067402e-03,-9.12268683e-02,-4.19930077e+00,-1.75163411e-02,
  -6.78129718e-02},
 { 2.72807814e-02, 4.40393016e-02,-1.14158642e+00, 2.24739099e+00,
   3.88451099e+00,-2.93063998e+00,-1.70891341e-02, 1.00511141e+01,
  -1.62927538e-01},
 { 3.02189253e-02, 2.23311502e-02,-5.11233234e+00,-2.58655143e+00,
   1.52397823e+00,-8.25958610e-01,-4.72804578e-03, 2.57142043e+00,
  -4.06883335e+00},
 { 7.85986781e-02,-3.01271547e-02,-2.08579993e+00, 7.87154794e-01,
   1.48752236e+00, 6.92852661e-02, 4.07758653e-02,-2.74112868e+00,
  -2.86377478e+00},
 {-9.89977777e-01,-3.76676202e+00,-8.94800842e-01, 3.73366922e-02,
   1.67282112e-02, 1.49209782e-01, 5.17150164e+00,-2.26447284e-02,
   2.76383688e-03},
 {-1.57413399e+00, 5.51035404e-01,-2.51883578e+00,-6.61297608e-03,
  -7.29416385e-02,-1.52364090e-01, 3.57689524e+00, 1.67151652e-02,
  -1.80400256e-02},
 {-1.34396506e-02, 1.32748783e-02, 5.49173295e-01,-1.90636683e+00,
   5.38613701e+00, 3.03105688e+00, 9.23946034e-03,-1.01433671e+00,
  -3.60861540e-01},
 { 1.68817677e-02,-6.24933979e-03, 4.36996317e+00, 1.67132747e+00,
   2.20898676e+00,-7.12248504e-01,-6.22963533e-02,-4.76347542e+00,
   3.95397544e+00},
 { 8.35947990e-02, 1.77813228e-03, 1.49742365e-01, 2.70174503e+00,
   3.66376662e+00,-1.43244278e+00,-1.85730919e-01,-3.95250726e+00,
  -4.07350206e+00},
 { 6.40114844e-01,-1.00644493e+00, 1.56917679e+00,-1.35331893e+00,
   4.30184513e-01, 2.02490306e+00,-3.90632319e+00,-2.71593511e-01,
   2.07018828e+00},
 { 4.95410990e-04, 1.84590220e-02, 1.42582953e-01, 1.92905271e+00,
  -3.02440619e+00, 8.46730411e-01, 5.30428812e-03,-1.07363081e+01,
   5.10447426e-03},
 { 2.37437993e-01,-8.60971585e-02, 8.59201717e+00,-2.08459711e+00,
  -4.37269844e-02,-7.45496511e-01, 1.59428746e-01,-1.52343798e+00,
   3.42052984e+00},
 { 1.47539824e-01, 8.28733072e-02, 1.04721677e+00,-2.49437928e+00,
  -2.20671844e+00,-3.48355025e-01,-1.80406570e-01,-5.29122734e+00,
   2.84334111e+00},
 {-1.72265489e-02,-2.46105734e-02, 1.07361384e-01,-1.65151536e-01,
  -3.55211683e-02,-5.72789764e+00, 1.06744813e-02,-2.38823220e-01,
  -2.80253012e-02},
 { 1.84244830e-02,-3.43561172e-02,-6.37718320e-01, 5.06646514e-01,
   1.79579580e+00,-2.13750079e-01, 7.83278197e-02, 8.74885845e+00,
  -2.69271898e+00},
 {-1.02590904e-01,-5.43076545e-02, 1.04955697e+00, 5.16285706e+00,
   2.39711761e+00,-5.07410705e-01, 7.77526340e-03,-1.05100698e+01,
   1.11153401e-01},
 { 2.90685566e-04,-4.87685390e-02, 2.57065713e-01,-9.70464587e-01,
  -2.17998073e-01,-1.27926862e+00, 4.78119962e-02, 2.85467625e+00,
  -7.09879920e-02},
 { 1.36137292e-01, 1.88000835e-02, 5.03948741e-02,-5.22706211e-01,
   6.43187642e-01, 4.27343875e-01,-1.55650944e-01,-2.52174044e+00,
   3.51576495e+00},
 { 7.26113245e-02,-1.09516894e-02, 3.76169980e-01,-7.39836693e-01,
   1.40433097e+00, 2.77864248e-01, 5.87401986e-02,-2.91237146e-01,
  -2.95493555e+00},
 { 7.89936818e-03, 3.95509508e-03, 1.54463053e-02, 7.10613847e-01,
   1.08361173e+00,-5.17161787e-01,-5.16673271e-03, 1.37406266e+00,
  -1.17681831e-01},
 { 3.47992396e+00, 4.04276431e-01, 1.80492878e+00,-2.25819990e-01,
   9.03967857e-01, 4.30696696e-01,-5.47691441e+00, 1.46380514e-01,
   9.96422827e-01},
 { 3.20741720e-02,-2.08305512e-02, 6.21182144e-01, 3.77038240e+00,
   7.23120272e-01, 3.87396276e-01, 4.73311730e-02,-1.18992138e+01,
   4.78888256e-03},
 { 3.01600266e+00,-3.52258384e-01, 3.18919492e+00,-5.03574014e-02,
  -1.13731883e-01,-7.48833194e-02, 1.52245474e+00, 1.11929238e-01,
   4.97396700e-02},
 {-4.52638790e-02, 5.82092591e-02,-5.12843466e+00,-1.70534730e-01,
   4.40235710e+00,-2.16754988e-01,-6.96584284e-02, 3.50235134e-01,
  -1.91790056e+00},
 { 1.78653803e-02, 3.19978371e-02, 2.20565772e+00, 1.54402602e+00,
  -3.64993781e-01, 1.14911556e-01, 2.17903908e-02,-8.29055023e+00,
  -2.63177180e+00},
 {-1.72572315e-01, 4.30365279e-02,-3.78031945e+00,-2.62507319e+00,
   1.19096565e+00,-1.26278758e+00,-1.36598736e-01, 1.20282662e+00,
  -6.13028336e+00},
 { 1.03221573e-01,-4.16027457e-02, 1.94822991e+00, 4.87068027e-01,
  -6.04620457e-01, 7.89516121e-02, 3.69877294e-02, 3.58976316e+00,
  -5.26962519e+00},
 { 3.90505604e-02, 5.85321710e-02,-1.30044203e+01, 8.66745487e-02,
   5.70923015e-02, 9.52346399e-02, 1.15189977e-01,-8.24276134e-02,
  -6.43602759e-02},
 { 5.16624975e+00,-6.09420836e-01,-3.82568169e+00, 1.70315932e-02,
  -4.39224690e-02,-2.35353946e-03, 1.29904804e+01,-1.18070561e-03,
   2.68222615e-02},
 { 5.70464581e-02, 4.09727171e-02,-2.49588037e+00, 2.65139294e+00,
   5.33387482e-01,-1.85884154e+00,-9.34967995e-02,-3.43490458e+00,
   2.49790263e+00},
 { 3.48106599e+00, 2.33627725e+00,-2.40903449e+00,-4.08309661e-02,
  -3.63668241e-02, 3.24548222e-02, 1.13935804e+01,-7.75497640e-03,
   9.43685882e-03},
 { 3.41072607e+00,-2.09597015e+00, 1.83994889e+00,-2.97805667e-03,
   1.11601148e-02, 1.45065365e-02,-1.11142874e+01, 1.43413767e-02,
  -1.14564151e-02},
 { 7.34612569e-02, 8.96096006e-02, 2.27738810e+00,-9.29352716e-02,
   1.63359916e+00, 4.56481159e-01, 1.39680989e-02, 7.66816235e+00,
   1.99428844e+00},
 { 4.83658835e-02, 2.35355855e-03, 1.13639557e+00, 1.56651747e+00,
   2.35177064e+00, 2.11158201e-01,-7.95641169e-02, 8.42893347e-02,
  -2.87484169e+00},
 {-5.76167293e-02,-4.38569067e-03, 4.51957174e-02,-2.59057784e+00,
   1.29628062e+00, 1.44464779e+00,-5.92819508e-03,-3.96618433e-02,
   3.22473347e-01},
 { 2.20730138e+00,-2.78128982e+00, 2.09836912e+00, 1.99336223e-02,
   3.19600925e-02,-9.22319945e-03,-1.01989632e+01, 2.57934667e-02,
  -2.97688879e-02},
 { 3.29615958e-02,-2.52995137e-02, 2.85973573e+00,-2.48071933e+00,
   5.48563957e-01,-1.01719534e+00, 7.06656426e-02, 2.36503458e+00,
  -4.13507891e+00},
 { 1.49921160e-02, 7.86665175e-03, 1.90579891e+00, 5.72968066e-01,
  -8.38060677e-01,-8.02439302e-02,-2.76086316e-03, 3.63154483e+00,
  -2.39129472e+00},
 { 2.38128352e+00, 2.87857747e+00,-4.49203587e+00, 1.78629588e-02,
   4.55949530e-02, 7.96331540e-02, 8.58760834e+00,-1.53551921e-02,
   1.42798144e-02},
 {-1.67635310e+00, 1.98059773e+00, 3.94945192e+00, 7.38087762e-03,
  -3.61331701e-02, 9.67182368e-02,-4.89167881e+00,-3.00686434e-02,
  -3.97826657e-02},
 { 1.26248986e-01,-1.16628349e-01, 7.20346808e-01, 4.16065454e+00,
   9.89569962e-01,-3.75149608e-01, 1.02286935e-01,-3.50640011e+00,
  -3.64275718e+00},
 {-2.42503285e-02, 4.02127318e-02, 5.16024083e-02, 2.77906632e+00,
  -3.07514954e+00, 2.57446975e-01, 1.38512636e-02,-1.07914515e+01,
   1.67164784e-02},
 { 7.65583441e-02,-5.59697673e-02,-2.52970982e+00,-3.59693313e+00,
  -4.59945053e-01, 1.99572861e+00, 1.02266572e-01,-2.10080457e+00,
   6.16734838e+00},
 { 2.14120984e+00,-2.09772110e+00, 2.12933517e+00, 2.72855349e-02,
  -3.21491882e-02, 1.12401128e-01,-9.14068699e+00, 1.11109339e-01,
  -2.20963553e-01},
 { 2.87056160e+00, 2.44838285e+00,-2.35586309e+00, 2.55189091e-02,
  -1.29319159e-02, 3.57400365e-02, 1.14633856e+01, 4.69373446e-03,
  -1.07473060e-02},
 {-2.99010682e-03,-1.11988001e-02,-1.46383047e+00, 1.99556315e+00,
   7.03568840e+00, 4.28991461e+00, 1.01554347e-02,-6.82859707e+00,
  -1.22927517e-01},
 { 5.07572269e+00,-2.25001717e+00,-2.86652827e+00, 4.90199067e-02,
   3.96369547e-02,-5.84698208e-02, 9.92097759e+00, 7.86776934e-03,
  -1.53731527e-02},
 { 1.38139613e-02, 6.54565468e-02,-8.66713971e-02,-2.64890265e+00,
  -9.34563041e-01,-3.54058218e+00, 5.63021339e-02, 3.19681853e-01,
  -2.65772009e+00},
 { 3.65794253e+00,-1.07479751e+00, 6.20277071e+00,-1.54651487e-02,
  -6.98902681e-02,-4.46426719e-02,-1.10169020e+01, 1.85578130e-02,
  -1.38832415e-02},
 { 1.66174173e-01, 5.73962815e-02,-8.72538280e+00, 1.22237062e+00,
   2.71068901e-01,-5.67035019e-01, 2.52782796e-02, 1.73786831e+00,
   3.13640833e+00},
 { 5.32815931e-03,-6.11923751e-04,-7.08383322e-01, 7.57724881e-01,
   8.93722475e-01,-2.97247767e-01, 6.19607046e-03,-1.39490073e-03,
  -2.42516232e+00},
 { 3.19900736e-02, 7.50143779e-03, 3.72205949e+00,-2.51661628e-01,
   3.40947413e+00,-4.25258487e-01, 7.79400766e-03,-1.69350922e-01,
   4.47944498e+00},
 { 9.90921482e-02,-3.62747288e+00,-2.55672097e+00, 2.22384762e-02,
  -8.69357213e-03,-1.54153883e-01, 5.34608126e+00, 1.53688481e-02,
   1.51313678e-03},
 { 9.01323438e-01,-3.09405780e+00, 1.52369852e+01, 4.40331269e-03,
   2.92299734e-03,-1.19996674e-01,-8.38010216e+00, 2.12303214e-02,
   7.81685393e-03},
 { 5.73999956e-02, 1.41107282e-02,-3.85600567e+00, 3.18747067e+00,
  -1.96404028e+00, 1.37174726e+00,-7.57733211e-02, 3.86903858e+00,
   2.05347157e+00},
 { 4.24014235e+00,-1.43917346e+00,-2.76282334e+00,-2.09577177e-02,
  -2.93641561e-03,-3.41613009e-03, 9.13077450e+00,-5.39763458e-02,
  -2.27599107e-02},
 {-1.93311167e+00,-2.71429920e+00,-4.38111544e+00,-4.74447459e-02,
   1.00740120e-02,-1.07351802e-02, 7.20518875e+00, 1.53661042e-01,
   6.09810650e-02},
 { 4.33596563e+00,-1.95546269e+00,-7.26234055e+00, 1.06644668e-02,
   7.73767605e-02,-6.79310411e-02, 1.07499323e+01,-1.26442406e-02,
   2.05904897e-02},
 { 4.42829430e-02, 8.58881511e-03, 4.26013851e+00,-2.24290419e+00,
   1.52118766e+00,-7.50052929e-01,-1.41568527e-01, 2.22977972e+00,
   3.99630904e+00},
 { 4.33226414e-02,-1.16098262e-02,-2.65798360e-01, 3.50137353e+00,
  -2.88779926e+00,-7.27335155e-01, 3.39286886e-02, 9.51845837e+00,
   1.22393794e-01},
 {-1.64543629e+00,-6.32406533e-01, 1.15961075e+00, 1.79695152e-02,
   2.59040203e-02, 3.40317637e-02,-2.95912647e+00, 5.08323312e-02,
  -4.34128754e-02},
 {-2.98731637e+00, 4.50043857e-01, 4.37391138e+00, 2.76198573e-02,
  -4.43162099e-02, 1.11579850e-01,-6.37546587e+00,-1.59733742e-02,
  -2.41876226e-02},
 {-8.68227333e-03,-1.06712587e-01,-5.74364901e+00,-1.21528518e+00,
  -1.74991655e+00,-1.05362236e-01,-6.00947402e-02,-6.01821947e+00,
   3.54501152e+00},
 {-2.06135456e-02, 2.80536544e-02, 3.57511014e-01, 2.41729450e+00,
  -3.64283085e+00,-2.28889513e+00, 3.08107939e-02, 1.70752004e-01,
   9.52576473e-02},
 { 2.74171471e-05, 3.15468758e-02, 1.45987451e-01, 5.64695740e+00,
   2.07451081e+00, 1.84208357e+00,-2.58381926e-02,-1.33228636e+01,
   3.61953750e-02},
 { 9.43804979e-02,-1.02444803e-02, 3.40812731e+00, 3.75119853e+00,
  -2.12506461e+00,-5.62162958e-02, 3.20887044e-02, 6.51609325e+00,
  -3.96111441e+00},
 { 2.87170783e-02, 9.63560119e-02, 4.18194294e+00, 1.65249050e+00,
   4.78662014e-01, 2.29458237e+00,-1.39048681e-01, 2.79409862e+00,
  -4.46440011e-01},
 {-1.32148676e-02, 8.59255902e-03, 3.83119392e+01,-9.54162888e-03,
   1.26376683e-02,-3.45281184e-01, 9.82821919e-03,-3.31770442e-02,
   2.91679874e-02},
 { 5.04878759e+00, 2.46492910e+00,-1.24839950e+00, 2.34114118e-02,
   1.42249484e-02,-1.10849608e-02, 8.76674747e+00, 1.93954408e-02,
  -2.62079528e-03},
 { 1.07609019e-01, 3.56136858e-02, 2.84938359e+00, 2.74306846e+00,
  -4.02190399e+00,-7.28730738e-01,-1.13977538e-02, 5.89140654e+00,
  -2.37356472e+00},
 {-5.27095273e-02,-2.01975219e-02,-1.30176640e+00,-1.26166224e-01,
  -3.04436111e+00, 7.69931793e-01, 8.03964864e-03,-1.24616456e+00,
   1.13137889e+00},
 {-5.14908743e+00,-2.42630410e+00, 1.53180687e-02, 1.48396334e-02,
   1.50625529e-02, 1.01339124e-01, 1.05814660e+00,-2.35313084e-02,
  -4.41412665e-02},
 {-5.90953417e-03,-2.88890172e-02, 3.22414488e-01, 1.05279565e+00,
   2.98740101e+00,-8.87238598e+00, 2.91763470e-02, 7.72289896e+00,
  -9.69559699e-02},
 { 1.78771317e-01,-1.19959891e-01, 3.19650960e+00, 7.61455059e-01,
  -2.44881749e+00, 7.66303837e-01, 1.32721737e-02, 1.67284334e+00,
   4.24594355e+00},
 { 2.29615998e-03,-5.89412712e-02,-9.49480906e-02,-2.56659627e+00,
   8.21367145e-01,-1.62489936e-01, 4.42629792e-02, 9.88854122e+00,
  -1.05812095e-01},
 { 6.17226553e+00,-4.92285222e-01, 6.97689009e+00,-3.97260457e-01,
   1.96433887e-01,-5.30227900e-01,-3.87819862e+00,-2.21283391e-01,
  -1.04385749e-01},
 {-1.00505715e-02,-6.25510588e-02,-3.19759274e-04,-1.04016352e+00,
  -3.10569000e+00,-7.44193852e-01, 2.47450243e-03,-4.65181255e+00,
  -6.96694031e-02},
 { 4.11641449e-02,-6.87713698e-02, 2.17117667e-02,-1.14333403e+00,
   2.35793546e-01, 1.51752257e+00, 7.82639980e-02,-2.49203372e+00,
  -1.14501603e-01},
 { 5.71795031e-02, 6.42745523e-03, 6.80039704e-01, 2.55811501e+00,
  -1.54184067e+00, 1.21031332e+00,-3.08812540e-02, 4.32215512e-01,
   2.58219433e+00},
 {-6.63209707e-02,-5.62283508e-02,-2.50556946e+00,-1.38561845e+00,
   4.97207344e-01,-7.48467684e-01, 4.46753874e-02, 1.97957778e+00,
   7.83611894e-01},
 { 5.91816641e-02,-5.82559183e-02,-2.89215064e+00, 2.79172397e+00,
   2.13665938e+00,-2.12840700e+00, 3.83886658e-02, 9.84180793e-02,
   3.05142307e+00},
 { 9.89091694e-02, 4.23389101e+00, 1.38650858e+00,-5.65564213e-03,
   3.19807678e-02,-2.59703062e-02,-8.39305496e+00,-7.55342375e-03,
   3.57485679e-03},
 {-4.08428907e-02,-6.14056922e-02, 1.19862041e+01, 1.58161460e-03,
  -9.84014794e-02, 2.07077011e-01, 4.12246048e-01, 1.00362055e-01,
   7.33067393e-02},
 {-2.51823105e-02,-8.56986940e-02, 2.95215440e+00, 2.15636945e+00,
   9.56012011e-01, 2.89440737e-03, 4.58811484e-02,-1.46033502e+00,
  -2.52498651e+00},
 { 2.99837869e-02,-7.19742551e-02, 1.02352433e-01, 3.68308806e+00,
  -1.86744019e-01,-7.39170015e-01,-2.12013293e-02, 6.04390097e+00,
   2.21233892e+00},
 {-6.74391925e-01,-2.46485066e+00,-4.92603159e+00, 5.07750846e-02,
  -4.20277268e-02,-6.68763593e-02, 8.00545788e+00,-1.99966207e-01,
   1.69047996e-01},
 { 2.56541467e+00,-3.69179821e+00,-4.09670401e+00, 1.95980668e-02,
   4.80092615e-02,-2.56245643e-01, 5.92241001e+00,-2.83171326e-01,
  -5.15177622e-02},
 { 1.73127893e-02, 9.66430083e-03,-2.01033074e-02, 4.73731947e+00,
   5.81990123e-01,-3.30180836e+00, 9.08779388e-04, 1.17289858e+01,
  -1.31000606e-02},
 {-3.23916817e+00,-3.86247659e+00, 3.09317923e+00, 3.64285856e-02,
  -4.43484224e-02, 5.89913391e-02, 1.00994968e+00, 7.47508183e-02,
  -5.73865436e-02},
 { 7.52253970e-03, 1.68058258e-02, 6.18251003e-02, 2.37822294e+00,
   3.25611806e+00,-1.02012348e+00,-3.26417270e-03, 1.16117878e+01,
  -8.28356668e-03},
 { 6.40366077e-02, 2.68105268e-02,-3.78041458e+00, 7.95377314e-01,
  -1.32583582e+00,-1.78775504e-01,-5.62106036e-02, 2.40606308e+00,
   3.86845922e+00},
 { 1.30710110e-01,-1.18602261e-01,-4.62295341e+00, 3.39191705e-01,
  -1.89260674e+00,-3.93909007e-01, 1.78730890e-01,-1.93774715e-01,
   4.25458574e+00},
 { 3.22363114e+00, 1.31114590e+00, 2.74062037e+00, 2.32908651e-02,
  -4.34999466e-02, 7.78105482e-02,-7.99713993e+00, 1.07442774e-01,
  -4.78120185e-02},
 { 2.92103682e-02,-8.68552774e-02, 4.37822437e+00,-7.45720625e-01,
  -9.59804058e-01,-1.22848921e-01, 1.38522491e-01,-1.76813328e+00,
  -3.68338585e+00},
 { 8.61929916e-03, 2.76781470e-02, 2.97064751e-01, 2.07754970e+00,
  -2.54701257e+00, 6.12659574e-01, 4.23678337e-03, 5.41547060e+00,
   3.46533172e-02},
 { 1.54767895e+00,-8.78414035e-01,-5.85511208e+00,-2.73367148e-02,
   4.75521199e-03, 1.55338466e-01,-6.26342440e+00, 5.22065256e-03,
  -6.11260980e-02},
 { 1.41313970e-02,-3.05593591e-02, 2.95785517e-01,-2.06355989e-01,
   2.06896210e+00,-3.21398556e-01, 5.76652102e-02,-3.05199742e+00,
   3.70622682e-03},
 {-4.08394001e-02, 2.56763818e-03,-4.81574488e+00, 1.38836694e+00,
   1.81402266e+00, 3.77221793e-01,-1.16656318e-01,-2.88249063e+00,
  -4.22110701e+00},
 {-1.68447959e+00,-4.33487296e-01,-1.56254601e+00, 7.45097548e-02,
  -3.43323164e-02, 1.22113582e-02, 2.53978395e+00, 4.89472039e-02,
  -3.47937420e-02},
 {-4.63071885e-03, 4.42184508e-02,-1.83014894e+00,-6.79383159e-01,
  -7.16610909e-01,-8.03109467e-01, 6.36524754e-03,-1.37627792e+00,
  -2.56965899e+00},
 { 8.93932730e-02, 1.63758583e-02, 1.08319454e+01,-8.10252652e-02,
  -9.02557280e-03,-1.98012710e-01, 4.32536639e-02, 3.39379441e-03,
   3.44521031e-02},
 { 1.81300795e+00,-4.49907064e+00, 6.63645089e-01, 6.19282306e-04,
  -1.20645808e-02,-1.42180264e-01, 2.79761219e+00, 4.80983034e-03,
   2.31133215e-03},
 { 1.35092456e-02,-5.25872083e-03,-1.30933743e+01,-1.30430469e-02,
   1.87337548e-02, 1.49866626e-01,-2.19020583e-02,-9.57977772e-03,
  -8.11175123e-05}};

const float b1[sz_hid_1] = {-7.5903363 ,-0.02310004,-3.7132556 ,-8.038689  ,-6.592993  ,-6.4659643 ,
 -2.3649554 ,-3.8593502 ,-5.281424  ,-7.192159  ,-4.262009  ,-8.764798  ,
 -0.72881085,-2.5272753 ,-5.2943726 ,-7.627083  ,-5.7566338 ,-7.9659133 ,
 -6.328355  ,-0.50303364,-7.782121  ,-5.7224503 , 0.8722258 ,-3.9936326 ,
 -4.3558617 ,-1.6596107 ,-6.623633  ,-5.535421  ,-0.99204016,-4.158536  ,
 -2.0389607 ,-3.8563082 ,-2.8642414 ,-5.2508554 ,-5.187303  ,-8.68319   ,
 -5.096612  ,-8.879157  ,-0.5168715 ,-8.022572  ,-5.4984603 ,-1.5710177 ,
 -1.718565  ,-0.7709495 , 0.20327114,-6.500898  ,-4.869271  ,-2.1514802 ,
 -5.3460836 ,-6.035874  ,-7.3801384 ,-6.076285  ,-1.01901   ,-5.221388  ,
 -3.465896  ,-8.145214  ,-7.318498  ,-8.905481  ,-3.1236343 ,-1.3101423 ,
 -7.1129327 ,-4.8109655 ,-0.8485529 ,-5.979758  ,-2.6439202 ,-5.0196176 ,
 -8.902957  ,-7.8117466 ,-6.9200726 ,-8.098087  ,-2.7170691 ,-4.679268  ,
 -3.7245743 ,-5.5142317 ,-3.2744162 ,-0.5431706 ,-5.637858  , 0.40205055,
 -7.15716   ,-3.4084282 ,-4.706873  ,-4.9402156 ,-2.9729307 ,-5.1158023 ,
 -3.8351462 ,-0.6724595 ,-5.5488997 ,-8.312367  ,-1.7379708 ,-4.992279  ,
 -4.7747145 ,-1.6329117 , 1.0354067 ,-6.998374  ,-8.632846  ,-2.85063   ,
 -3.9788094 ,-6.2668815 ,-3.996701  ,-7.436062  ,-9.05352   ,-4.8674335 ,
 -1.003601  ,-2.8808947 ,-1.9739798 ,-4.1758547 , 0.8770212 ,-2.289355  ,
 -2.8180382 ,-4.5760794 ,-9.1989975 ,-4.0660005 ,-5.668343  ,-3.3281465 ,
 -9.073592  ,-2.192449  ,-5.3870783 ,-3.7736976 ,-3.5838041 ,-0.6197665 ,
 -5.5836177 ,-0.81729215,-3.9813023 ,-0.62855226,-2.475875  ,-0.6480357 ,
 -3.1983693 ,-0.3110548 };

const float w2[sz_hid_2][sz_hid_1] = {{ 5.57834625e+00, 5.15797663e+00, 6.81153834e-01, 5.40508223e+00,
  -2.73312330e+00, 2.02765489e+00,-3.39220595e+00,-4.20260620e+00,
  -4.35451984e+00, 4.21588039e+00, 1.87512600e+00, 9.04385984e-01,
   1.50402516e-01,-2.54476810e+00, 1.67627856e-02, 2.98222733e+00,
  -9.86095238e+00, 1.38453460e+00,-1.60878432e+00, 1.09866714e+00,
   1.53662169e+00,-1.58477962e+00, 2.71752882e+00,-8.69299114e-01,
   4.09654200e-01, 3.89778793e-01,-3.05874300e+00, 1.97331989e+00,
   6.85401320e-01,-5.64901352e+00, 8.10131931e+00, 2.30126834e+00,
   1.49021518e+00,-1.61955738e+00, 2.18187761e+00, 9.44197273e+00,
  -1.13627851e+00,-1.32636766e+01,-1.33908224e+00,-3.42106795e+00,
   1.67028856e+00,-2.13536978e+00,-6.90136814e+00, 1.11599045e+01,
  -1.27307892e+01,-3.76526088e-01, 4.05754924e-01, 1.24323225e+00,
   1.53997111e+00,-1.54683769e+00,-1.99716449e+00,-2.54920793e+00,
   7.66424477e-01, 4.90511322e+00,-2.53779984e+00,-6.27381992e+00,
  -1.65475261e+00,-5.12919807e+00,-2.12873960e+00,-9.30065215e-01,
  -6.00347424e+00, 7.15843797e-01,-4.18617517e-01, 5.77286243e-01,
   8.70661068e+00,-1.66584194e+00,-1.62388110e+00, 7.44956779e+00,
  -3.16220498e+00, 1.43452585e+00,-4.92500186e-01,-1.70717037e+00,
  -3.04856849e+00,-3.29631162e+00, 7.68691659e-01,-1.04300380e+00,
  -3.91883826e+00, 2.44104147e+00,-3.32312822e-01, 1.21792328e+00,
  -7.75799990e+00,-1.43994915e+00, 2.71904707e+00, 2.37926149e+00,
  -2.34907866e+00, 5.47168589e+00,-8.19765949e+00,-1.27348030e+00,
   2.40712571e+00,-6.98935628e-01, 5.19934714e-01,-2.35871387e+00,
   1.51041985e-01, 1.56052589e-01,-1.58018315e+00, 4.66410351e+00,
   5.18853366e-01, 3.69238168e-01,-1.63412005e-01, 1.28667265e-01,
  -6.74511194e-01,-5.41391659e+00, 1.26452953e-01, 7.99334097e+00,
  -1.15892768e+00, 5.89716291e+00,-4.79385567e+00,-6.60395741e-01,
  -2.47239327e+00,-1.41845718e-01, 9.72376728e+00,-4.53459167e+00,
   1.14234936e+00, 2.97447056e-01, 7.52078247e+00,-8.55704665e-01,
   1.38528436e-01, 1.45579112e+00, 5.69179475e-01, 6.97565913e-01,
   1.67753220e+00,-4.74970490e-01, 1.86867684e-01,-1.17666340e+01,
  -3.34609151e+00,-2.52185196e-01, 2.03244686e+00,-2.05277279e-01},
 { 8.39779973e-01,-6.80030882e-01, 5.06958103e+00,-2.12331176e+00,
   5.59990358e+00, 2.62716746e+00,-1.26636040e+00, 4.37373066e+00,
   3.85633016e+00,-1.56344235e+00,-1.35774422e+00, 6.42686939e+00,
  -1.89219099e-02,-7.97512889e-01,-2.11343026e+00,-3.17449880e+00,
  -1.87213111e+00, 1.35652006e+00,-3.66102982e+00, 1.84817940e-01,
  -9.96297932e+00, 9.76708591e-01, 1.54385781e+00,-2.81859322e+01,
  -2.70443535e+00, 1.76628685e+00,-3.65745664e+00,-1.17035046e+01,
   8.40984440e+00, 5.38802683e-01,-2.50596380e+00,-9.81961191e-01,
  -7.51062632e+00, 5.61646640e-01, 2.14264214e-01,-3.41017437e+00,
   6.58079672e+00,-2.68110776e+00, 1.98879158e+00, 7.23832170e-04,
   1.40599561e+00, 2.40145731e+00,-2.78378487e+00, 4.62678576e+00,
  -1.26016569e+01,-3.01378584e+00,-3.15131927e+00,-2.65448666e+00,
   1.16245878e+00,-5.07847166e+00, 8.10868263e-01,-8.79064941e+00,
  -3.76121593e+00,-1.13987195e+00,-1.74147069e+00, 2.65431094e+00,
   2.83071566e+00,-1.70853748e+01,-6.14668512e+00, 6.27798319e+00,
   1.64312422e+00,-3.33821821e+00,-1.65614872e+01,-5.71286082e-01,
  -5.39160919e+00, 1.80808663e+00, 7.30518532e+00,-1.67919946e+00,
   2.13460660e+00,-1.86677408e+00,-4.82269257e-01, 2.47237134e+00,
   2.46559262e+00, 6.22642040e-01, 2.18056107e+00,-2.83548236e+00,
  -3.46724606e+00,-2.16379479e-01,-4.15885866e-01,-1.54055882e+00,
   6.38197422e-01, 1.20389044e+00,-2.73533201e+00, 4.22974205e+00,
  -8.28209296e-02,-1.50828660e+00, 3.34987330e+00, 4.03865290e+00,
  -4.14685535e+00, 1.07916725e+00,-1.57279694e+00,-1.76852810e+00,
  -5.32126307e-01,-8.89744639e-01,-8.98281693e-01,-9.15915966e+00,
  -8.61037970e-01,-1.36439431e+00,-1.64030576e+00,-1.16091690e+01,
   2.76605964e-01,-2.13444114e+00,-3.74385881e+00, 3.74156237e+00,
   6.71546698e+00, 2.51692724e+00, 9.60716069e-01, 1.08431280e+00,
   1.35786092e+00, 8.27011776e+00,-2.48311472e+00, 2.79997659e+00,
   3.51400113e+00, 2.76849091e-01,-2.28563666e+00, 6.47145176e+00,
  -7.08788252e+00,-2.49111605e+00,-9.39645863e+00, 1.41590989e+00,
  -3.32594657e+00,-3.01085997e+00, 1.52427328e+00, 6.22651243e+00,
   7.32250786e+00,-8.16943169e-01,-2.69518542e+00, 2.06418231e-01},
 { 1.56452429e+00, 1.26758587e+00,-1.28057146e+00, 2.07787490e+00,
  -5.51079631e-01,-2.10382099e+01, 2.63953149e-01, 2.79281259e+00,
  -1.05445690e+01, 5.61704111e+00, 4.12824440e+00, 4.11511213e-02,
  -2.57461429e+00,-6.13393784e-01, 8.83287489e-01, 7.74719477e-01,
   3.52547050e+00, 3.19961309e-02,-4.33275938e+00, 2.46021414e+00,
  -2.97708988e-01,-5.40894985e-01, 1.92847800e+00,-2.50913352e-01,
  -1.12487102e+00,-9.43575203e-02, 8.80735755e-01, 2.24844739e-01,
  -9.79753196e-01,-6.03593647e-01,-4.18532975e-02, 1.16955066e+00,
  -9.77330655e-02,-1.18436448e-01, 2.38118625e+00,-5.27551804e+01,
  -2.34461594e+00,-1.11951828e+00, 1.68561494e+00,-2.02219343e+00,
   5.67126811e-01,-2.51648388e+01,-1.65930018e-01,-9.51426923e-01,
  -2.10809302e+00,-7.57842839e-01,-3.40873861e+00,-8.73624831e-02,
  -2.68995523e-01,-1.82390869e+00,-2.61107178e+01, 9.13765803e-02,
  -1.42092139e-01, 9.46574986e-01, 7.02533349e-02,-2.99975657e+00,
  -1.73781335e+00,-3.84322548e+01, 4.03300762e-01,-1.08021269e+01,
  -7.74235487e-01, 9.69104886e-01, 2.29245377e+00, 3.93249750e-01,
   6.76678717e-01, 3.89591098e-01, 2.95669899e+01, 3.89069736e-01,
  -4.59158278e+00, 1.89992642e+00,-9.60506618e-01, 4.74985033e-01,
   3.32401299e+00,-7.33262181e-01, 1.02674639e+00,-5.42067468e-01,
  -5.01523972e-01, 8.48903596e-01,-4.59100492e-03, 7.38361418e-01,
  -2.81394076e+00,-3.54705781e-01, 5.53857923e-01, 1.08627245e-01,
  -8.33623505e+00, 8.96098077e-01,-7.46555984e-01, 1.66388124e-01,
   4.07169485e+00,-6.12443113e+00, 1.29061893e-01, 2.42134422e-01,
   1.24426097e-01, 2.82604337e-01, 2.42717981e+00,-1.34908333e-01,
  -6.70686662e-01,-3.70847464e-01,-2.34043859e-02,-5.79371490e+01,
   4.88899112e-01, 6.80066586e-01, 3.89587522e+00,-5.04546463e-01,
   2.47053742e+00,-1.01806805e-01,-8.32073390e-01,-8.65926683e-01,
   2.98293293e-01,-1.78766519e-01, 2.47064829e+00,-1.33154261e+00,
   4.23330516e-01,-1.39566883e-01,-1.02255077e+01, 2.74130374e-01,
  -1.10039449e+00, 9.50180054e-01,-1.30715266e-01, 3.02789426e+00,
   4.01330031e-02,-7.56977797e-01, 2.24897429e-01,-7.94444442e-01,
   8.13946247e-01,-3.44354808e-01, 1.55595794e-01, 2.11907923e-01},
 { 2.02108002e+00,-3.62154365e+00,-2.38976455e+00,-5.60862780e+00,
   7.04491901e+00,-2.56289649e+00, 8.44661045e+00,-1.09238739e+01,
   9.07321262e+00,-6.82974958e+00, 7.61676693e+00,-1.24664860e+01,
  -2.95759946e-01, 4.29356956e+00,-1.57172370e+00,-3.07423234e+00,
   9.98322845e-01, 8.10962558e-01,-4.28088808e+00,-6.55459344e-01,
   2.35234633e-01, 1.49763572e+00, 1.28583562e+00,-2.67338967e+00,
  -5.40544605e+00, 1.32680261e+00, 1.40169775e+00,-9.44178581e-01,
  -5.78469113e-02, 4.69068956e+00,-1.76042390e+00, 1.68286037e+00,
  -3.01782161e-01, 5.67424893e-01, 7.94310212e-01, 1.56895123e+01,
  -5.55004597e-01,-4.20257664e+00, 1.53316319e+00, 2.59210324e+00,
   4.14246082e+00,-1.99861193e+00, 6.79126453e+00,-5.48940468e+00,
  -8.71384907e+00, 1.74630448e-01,-4.00275230e+00,-2.39267107e-02,
   4.24134940e-01,-8.89305782e+00, 9.41913509e+00,-4.05384684e+00,
  -2.01358786e-03,-3.32528615e+00,-1.18633437e+00, 3.87798715e+00,
   6.35050535e-02,-4.51462936e+00, 7.56568861e+00, 5.53156090e+00,
   7.43402767e+00,-1.63996005e+00,-2.47239932e-01,-1.54792321e+00,
  -8.42950058e+00,-5.85042238e+00,-2.40013075e+00,-1.09103048e+00,
   1.40078580e+00,-6.92922068e+00, 1.10922384e+00,-3.02058172e+00,
  -9.84610748e+00, 3.62798405e+00,-1.05968982e-01, 4.53419268e-01,
  -5.20235491e+00,-4.04166365e+00, 3.51303667e-01,-1.44302881e+00,
   9.31921101e+00, 2.46193242e+00,-2.74987316e+00,-3.35418844e+00,
  -7.70497990e+00,-4.87981319e+00, 9.62024212e+00, 8.19474757e-01,
  -1.14806700e+00, 2.76474170e-02, 1.44007516e+00,-4.21038246e+00,
   4.09922123e-01,-4.71632063e-01,-2.78560972e+00,-3.73575360e-01,
  -1.21847200e+00, 3.66601467e-01,-6.85317576e-01,-1.20657051e+00,
  -1.90620339e+00, 2.42476631e-02, 1.68629646e+00,-8.89697361e+00,
  -3.29193878e+00, 8.79960835e-01, 2.08323407e+00, 2.35122061e+00,
   7.43530655e+00, 4.03737926e+00,-9.83158970e+00, 7.18783379e+00,
   1.29944071e-01,-2.06293321e+00,-1.72098887e+00, 1.57718492e+00,
   1.16902506e+00,-3.92973876e+00,-1.71464932e+00,-6.83484733e-01,
   8.84290576e-01,-1.60894954e+00,-2.07223248e+00, 4.97802162e+00,
   1.95109868e+00,-1.75214303e+00,-2.95860958e+00,-1.41821448e-02},
 { 9.25459445e-01, 6.42781353e+00,-2.41515613e+00,-6.26962423e+00,
  -2.46232271e+00,-5.46648383e-01,-4.31471258e-01, 4.87309843e-01,
  -2.93274975e+00,-1.01558676e+01, 2.87920594e-01,-3.17415237e+00,
  -1.19656824e-01, 1.96519148e+00, 1.71480775e-01,-7.44965267e+00,
   2.40719843e+00,-1.07056923e-01,-4.92788434e-01, 3.61876994e-01,
   7.88156509e-01, 3.25787872e-01, 6.00541174e-01, 2.43492797e-01,
   2.88426965e-01, 2.31974792e+00,-1.24814250e-01,-9.26398635e-01,
   1.19256675e+00,-1.43844306e+00, 1.66918063e+00, 1.42035514e-01,
  -7.02377319e-01, 4.72878277e-01, 5.00333548e-01, 4.49596047e-02,
   7.87871063e-01, 8.92090857e-01, 1.17787495e-01, 3.61189580e+00,
   3.66495162e-01, 1.53695658e-01,-4.30191219e-01, 1.00547063e+00,
  -8.04674447e-01,-5.31936705e-01, 4.39195782e-01,-3.36021423e+00,
  -6.79635882e-01,-3.52095604e+00,-1.08960068e+00, 1.80283415e+00,
  -3.00374460e+00,-4.72332597e-01,-9.47437525e-01,-1.27286215e+01,
   4.49559021e+00,-4.01412487e+00,-2.03918910e+00,-5.36532223e-01,
   1.39363518e+01,-1.22109950e+00,-1.16159749e+00, 7.61390495e+00,
  -1.83507328e+01, 2.50004363e+00, 6.05538130e-01,-5.10840130e+00,
  -1.04167962e+00, 1.25910797e+01,-1.62636433e-02,-2.01184988e+00,
  -1.68326831e+00,-1.67206609e+00, 2.90718764e-01, 2.90091336e-01,
   8.82392764e-01,-1.40759873e+00,-4.15250111e+00, 1.46126616e+00,
   1.11002147e+00, 1.06857203e-01, 2.41597199e+00,-6.41242027e-01,
  -5.28855801e-01,-8.61207962e+00,-8.44693565e+00, 3.59852767e+00,
  -4.58079278e-02, 1.19291544e-01,-1.50377667e+00, 4.59218144e-01,
   1.64766645e+00,-4.49144840e+00, 2.87830067e+00, 3.49598795e-01,
  -1.28637671e+00, 1.45215109e-01, 1.14444625e+00,-3.18360090e-01,
  -6.75134838e-01,-3.41412365e-01, 4.12814319e-02,-3.73044372e-01,
   8.26937675e-01,-1.50690937e+00,-3.56307435e+00,-4.00795984e+00,
  -4.37236488e-01, 2.70369577e+00, 3.30925560e+00,-1.90569413e+00,
  -8.11020657e-02,-1.18394685e+00,-8.09620917e-01,-8.14528763e-01,
   5.54156244e-01,-3.31124377e+00, 1.98982370e+00,-3.37653935e-01,
  -3.35590571e-01,-8.65466427e-03, 7.00754285e-01, 1.14801216e+00,
  -1.65983653e+00,-2.17569470e+00, 2.76366138e+00, 4.32761431e+00},
 {-5.75936496e-01, 1.08682200e-01,-6.32675505e+00, 7.84013048e-02,
  -5.57761908e-01, 7.91246355e-01, 3.77490193e-01, 6.77181482e+00,
   6.97667003e-01, 4.97670174e+00,-1.71652806e+00,-1.81309795e+01,
  -2.11834884e+00,-4.78973091e-02, 4.61015272e+00, 5.99467576e-01,
   7.33734548e-01,-1.63317218e-01, 3.66903281e+00, 2.05074382e+00,
  -2.48358652e-01,-1.59882173e-01, 6.91583061e+00, 2.35294580e-01,
  -4.67007208e+00,-5.13745621e-02,-6.86073780e+00,-2.85029721e+00,
  -4.47352797e-01,-3.00944299e-01, 1.15633145e-01, 1.68201458e+00,
  -2.24271178e-01,-5.79472208e+00, 1.17691010e-01, 3.74964881e+00,
   2.23005682e-01, 2.27295473e-01, 1.94610655e-01,-1.85429537e+00,
  -4.87290889e-01,-2.31798983e+00, 1.31688165e-02, 5.81366420e-01,
   3.20792413e+00, 1.99355453e-01, 2.80061150e+00,-1.48026392e-01,
  -6.31266683e-02,-3.70161533e-01, 1.11199491e-01, 2.97090739e-01,
  -3.73451471e-01, 2.60267198e-01,-3.66826487e+00,-4.16431874e-01,
   1.97020341e-02,-1.63918948e+00, 1.15818930e+00,-1.43029839e-01,
  -6.80422127e-01, 3.73951769e+00, 1.82259247e-01, 1.16677240e-01,
   4.29128170e-01,-1.64600163e+01,-8.30904007e+00, 8.21861774e-02,
  -4.16064405e+00, 9.88247871e-01, 1.85614377e-01, 2.96665013e-01,
  -1.21434510e-01,-5.46623766e-01, 2.93428874e+00,-2.08278298e-01,
  -5.40608263e+00, 2.01358646e-01,-5.21686077e-02, 1.52172673e+00,
  -2.93475479e-01,-2.53221124e-01, 1.37400329e-01,-1.80439866e+00,
   1.42251492e+00, 2.17978433e-01,-4.87867564e-01,-4.57194477e-01,
   7.84385800e-02,-5.52123010e-01, 8.01751912e-01, 7.39263743e-02,
   1.39764724e-02,-3.07046473e-02, 1.30547094e+00, 4.16506559e-01,
  -3.55584063e-02, 8.74996424e-01,-7.26266444e-01,-2.89140606e+00,
   3.20506901e-01, 1.71825612e+00, 5.13708770e-01,-2.50092816e+00,
   1.44227302e+00,-4.46924067e+00,-2.38100514e-02,-9.50375851e-03,
  -7.51643515e+00, 8.97911549e+00, 3.52170080e-01,-5.79029977e-01,
  -7.93366075e-01, 1.14944026e-01,-3.64182997e+00, 9.27165568e-01,
   1.50202441e+00, 4.04763162e-01,-9.77933779e-02,-5.24728012e+00,
  -1.80610284e-01, 7.99518883e-01,-1.69605061e-01,-3.53328288e-01,
   1.72744736e-01, 1.39649715e-02, 7.55733103e-02, 2.63945460e-01},
 {-1.38869476e+00,-1.57564700e+00, 9.75738645e-01,-1.99758577e+00,
   8.99466813e-01, 3.45557600e-01,-1.15507710e+00,-1.77416885e+00,
   3.80442053e-01,-2.13032317e+00, 2.64620066e+00,-3.81862104e-01,
   1.13819647e+00, 6.42460644e-01,-7.65016937e+00,-1.35989869e+00,
  -5.75022697e-01, 4.83019128e-02, 4.69831154e-02,-1.19125533e+00,
   4.57753658e-01, 6.15167856e-01,-2.32676578e+00, 9.90951732e-02,
  -1.08739471e+00, 2.26275101e-01, 2.05013323e+00, 1.35540116e+00,
  -8.85541141e-01, 7.20192254e-01, 2.34855294e-01, 1.00439740e-02,
  -8.44731390e-01, 1.32274818e+00, 1.93607360e-01,-8.84685421e+00,
   1.07403123e+00, 6.43050194e+00, 2.10463691e+00,-6.88839480e-02,
  -3.23112702e+00,-5.55292070e-01, 5.75711787e-01,-6.08212233e-01,
   1.26656330e+00,-4.36863661e-01, 7.40680265e+00, 1.09433375e-01,
  -6.81258380e-01, 9.36956048e-01, 1.12074681e-01,-3.22940916e-01,
  -1.00247848e+00,-9.29918051e-01, 1.11543107e+00, 2.73828888e+00,
   1.08726585e+00, 1.93141329e+00, 1.01405108e+00, 8.34730029e-01,
   1.37003076e+00,-1.32770395e+00, 5.96999265e-02,-2.51304746e-01,
  -5.51703870e-01,-1.37895942e+00,-1.13820868e+01,-4.62104034e+00,
   1.32609594e+00,-1.53849459e+00,-4.86342490e-01,-3.68614584e-01,
   1.34831384e-01, 8.85111630e-01,-1.06190550e+00, 3.15487266e-01,
   2.21264008e-02,-8.23320448e-01,-5.02975546e-02, 1.30721951e+00,
   2.26334500e+00, 4.40748096e-01,-7.09516585e-01, 5.70357263e-01,
  -2.65803361e+00,-8.11529279e-01, 8.04018676e-01, 3.65205407e+00,
   1.61206627e+00, 1.11432362e+00,-4.31032330e-01,-4.14043278e-01,
  -1.69788212e-01,-2.17587575e-01,-1.63696308e+01,-7.59477258e-01,
   5.53224266e-01, 1.81168997e+00, 5.41479707e-01, 2.20482254e+00,
   2.32937157e-01, 1.73795319e+00,-1.08740387e+01,-4.54418510e-01,
   8.05814862e-02, 9.20332134e-01, 9.02291059e-01, 7.73674190e-01,
  -1.14696145e+00, 6.56446636e-01,-2.50317407e+00, 1.72664273e+00,
   3.53333402e+00, 2.17951655e-01, 7.26437044e+00,-5.17710030e-01,
   9.42877494e-03,-8.92640710e-01, 5.66730574e-02,-4.79739718e-02,
  -2.78294146e-01,-2.71932650e+00,-5.43009460e-01, 7.07288146e-01,
   4.66212243e-01, 2.31645569e-01,-9.96480957e-02, 1.01278114e+00},
 { 3.55891585e+00, 3.95433712e+00, 9.44092572e-01, 6.07264566e+00,
  -8.44674468e-01,-3.31827378e+00, 8.18393290e-01,-5.95576584e-01,
  -6.55076027e-01,-1.83489585e+00,-3.35080624e-01, 2.75282502e+00,
  -7.82047451e-01,-8.09232533e-01, 1.50813866e+00, 2.34253836e+00,
   3.01045686e-01, 5.58045745e-01,-2.35812330e+00,-4.32302654e-01,
  -6.19401693e-01,-1.34057307e+00, 1.99018812e+00, 1.76177526e+00,
   1.86625123e-01,-4.34723139e-01,-1.81891429e+00,-2.02995166e-01,
  -1.09134912e+00,-1.73287678e+00, 3.68389904e-01, 6.62070394e-01,
  -8.90046954e-01, 2.40331769e+00,-3.36610496e-01, 2.15767498e+01,
   4.59718779e-02,-2.69814920e+00, 1.69922125e+00,-4.75221205e+00,
  -1.63803518e-01,-1.21275783e+00, 3.23687196e+00,-3.53173780e+00,
   9.69282866e-01, 1.25509751e+00,-6.80963993e-01, 4.25145566e-01,
   1.63808036e+00,-4.18473864e+00, 5.14209557e+00, 1.27312362e+00,
   1.50703764e+00, 2.98199940e+00, 3.59343553e+00,-7.32857227e+00,
  -4.08666229e+00,-4.11173642e-01, 5.48268414e+00, 2.50781357e-01,
  -3.53735042e+00,-4.40445900e+00,-2.33137631e+00, 4.62579817e-01,
   4.04023409e+00,-2.50230122e+00,-1.25544987e+01,-1.14096045e+00,
   3.11041951e+00, 3.40121722e+00, 3.23642135e-01,-1.03336520e-01,
  -6.72078788e-01,-1.87750924e+00, 1.28804898e+00, 2.75955820e+00,
  -5.41069865e-01, 1.61244357e+00,-2.17620973e-02, 4.94218171e-01,
  -5.91923380e+00,-1.36583149e+00, 1.57288146e+00,-9.38479826e-02,
  -4.17479604e-01, 2.59369946e+00,-3.77869010e+00, 6.89579770e-02,
   8.09552848e-01,-3.72480959e-01, 1.56609869e+00,-2.55201554e+00,
   4.42880303e-01, 4.69244361e-01, 3.00117040e+00, 5.06292135e-02,
  -1.12215507e+00, 2.12972021e+00,-7.79003203e-01, 5.98974109e-01,
   5.40799975e-01,-1.89118958e+00,-3.56451929e-01,-1.17119036e+01,
  -3.72676563e+00,-6.31284475e+00,-2.98932552e+00,-3.35353494e-01,
   3.83649659e+00,-4.58833784e-01, 2.79286325e-01,-2.43173313e+00,
  -1.08613038e+00, 2.51510255e-02, 6.02497292e+00,-2.49098048e-01,
   2.81689334e+00, 1.81887829e+00,-1.37459028e+00, 6.95782602e-01,
   1.38231432e+00, 3.42224807e-01,-5.59684944e+00,-3.07866621e+00,
   2.01214075e+00,-6.80977881e-01, 4.78452861e-01,-2.60968614e+00},
 {-3.70683610e-01, 3.84201479e+00, 1.02706826e+00, 1.14100723e+01,
  -3.86241794e+00,-4.42206621e+00,-2.71565604e+00, 5.82064912e-02,
  -1.05562401e+01, 1.19341650e+01, 1.04832602e+00, 3.03861284e+00,
  -1.35617584e-01,-1.46102309e+00,-7.57912323e-02, 4.09999943e+00,
   3.00939178e+00,-3.40123487e+00,-3.87313157e-01, 6.69648290e-01,
   1.15353358e+00,-3.70629072e+00,-2.96189427e+00,-3.40435600e+00,
  -1.14949000e+00, 3.10640007e-01,-1.84221280e+00,-1.53739834e+00,
  -4.40701056e+00, 2.54043907e-01, 3.20122576e+00, 6.74706578e-01,
   5.95803356e+00, 1.57837105e+00, 1.56935143e+00,-3.87229204e+00,
   4.44156504e+00,-3.39357448e+00, 1.29263377e+00,-2.65395308e+00,
  -1.24387562e+00, 2.35619831e+00, 7.62863016e+00, 2.48348832e+00,
  -7.30589008e+00, 9.92606997e-01,-7.45194554e-01,-1.90377414e+00,
  -2.82655686e-01,-7.12396193e+00,-4.56312656e+00,-3.03594756e+00,
  -7.88444355e-02, 1.86556268e+00,-1.76914954e+00,-1.91332817e+00,
  -1.31862020e+00,-1.25848980e+01, 4.79220003e-01, 3.14765573e+00,
  -2.61879978e+01, 3.75835824e+00, 1.09118729e+01,-7.85978675e-01,
   4.82627773e+00,-1.40426433e+00,-2.72776198e+00,-3.96905756e+00,
   1.31974134e+01, 7.43964958e+00,-8.97167981e-01, 1.86151683e+00,
   5.52562177e-01,-3.85353684e+00,-1.45544567e+01,-1.17673457e+00,
  -1.92473164e+01, 3.09252310e+00,-1.53902733e+00,-1.46234202e+00,
  -5.24432039e+00,-3.55952621e+00, 1.49954855e+00,-1.27360306e+01,
  -3.43616867e+00, 6.53501129e+00,-5.68579578e+00,-6.40337229e+00,
  -3.24548984e+00, 1.02397752e+00, 2.58623409e+00,-2.96164775e+00,
   1.70200455e+00, 8.24727938e-02,-4.65282679e+00,-7.80334425e+00,
   1.19727886e+00,-3.41372848e-01,-9.59809422e-01,-3.28936696e+00,
  -3.97314847e-01,-2.97720909e+00,-5.32056618e+00, 4.86735535e+00,
  -9.64294434e+00, 2.92779469e+00,-3.44108176e+00, 3.08822703e+00,
   2.26264477e+00, 2.18286014e+00, 8.24017906e+00,-3.71791339e+00,
   1.21984398e+00,-2.32896805e+00,-2.56961155e+00,-7.47146130e+00,
  -1.05698957e+01, 3.08259964e+00,-1.74732533e+01, 1.42258003e-01,
  -1.85070348e+00,-6.41238976e+00,-7.25991106e+00,-5.98173428e+00,
  -4.62394381e+00,-9.78698635e+00, 1.89198208e+00,-1.29293406e+00},
 { 6.10978484e-01, 9.73722875e-01, 1.39650051e-02, 1.03131127e+00,
   1.07172765e-01,-5.04739761e-01,-6.00364506e-02, 5.42066097e-01,
   1.32737666e-01, 2.80221581e+00,-2.35999560e+00, 8.15991938e-01,
  -2.00128460e+00,-3.70837867e-01, 2.89133251e-01, 6.52016819e-01,
   1.00600433e+00,-2.19704043e-02, 2.00903440e+00, 2.80191183e+00,
  -3.47449481e-01,-3.23705226e-01, 1.79305053e+00,-2.47941494e+00,
   7.26764798e-01,-8.41499716e-02,-1.82240522e+00,-1.12232351e+00,
   1.68224618e-01,-3.73002052e-01,-1.60193622e-01, 3.44865248e-02,
   4.00733858e-01,-5.18881381e-01,-3.08056474e-01,-2.72386432e-01,
   1.11861181e+00,-4.54363966e+00, 1.28709269e+00, 7.29067564e-01,
  -4.68153667e+00,-8.30854654e-01,-1.35403425e-01, 5.94289958e-01,
  -1.35239497e-01,-3.72688442e-01, 3.54318357e+00,-1.24665447e-01,
   5.82381546e-01,-6.33565724e-01, 8.78463313e-02, 9.52284485e-02,
   4.40929472e-01, 5.55548728e-01,-1.29552162e+00,-1.86902249e+00,
  -8.80573511e-01,-1.97779274e+00,-3.49339336e-01, 1.71505719e-01,
  -7.22601116e-01, 5.96161008e-01, 1.59299836e-01, 2.05719724e-01,
   2.95486957e-01,-4.92170304e-01,-5.25707424e-01,-4.10370636e+00,
  -1.76022351e+00, 8.83920312e-01, 3.19796860e-01, 2.81915039e-01,
  -1.72353536e-01,-4.92078930e-01, 5.92171967e-01,-5.51006138e-01,
   1.40178889e-01, 4.93464112e-01, 5.50835719e-03, 2.60102838e-01,
  -1.63752365e+00,-2.28472620e-01, 4.11835790e-01,-5.82930326e-01,
   2.36185622e+00, 4.37210441e-01,-4.25715566e-01,-1.31284428e+00,
  -4.88849735e+00, 5.02458048e+00, 2.99463302e-01, 4.17323768e-01,
   9.22030061e-02, 1.60247341e-01, 1.48097687e+01, 4.72119063e-01,
  -4.01134431e-01,-2.20508742e+00,-1.01784319e-01,-1.17673683e+00,
  -9.93050411e-02,-3.21598625e+00,-5.30915260e+00, 1.44525573e-01,
  -3.12234350e-02,-7.02248275e-01,-5.62853813e-01,-2.72214979e-01,
  -1.49207225e-03,-2.64626592e-01, 1.60360444e+00,-8.74989450e-01,
  -2.43730354e+00,-1.03421725e-01,-6.55511665e+00, 1.38715193e-01,
   7.92536080e-01, 6.09524786e-01,-7.97062933e-01,-2.88937632e-02,
   6.45127222e-02,-8.01303673e+00, 2.02228175e-03,-4.68499720e-01,
   1.26721597e+00,-4.41936165e-01,-2.62556020e-02,-5.41270256e-01},
 { 3.62081170e+00,-8.70839655e-01, 9.82533619e-02,-5.10992527e+00,
   5.54940796e+00, 1.85405433e-01, 3.69513128e-03, 9.43370536e-02,
   9.06618759e-02, 1.55275512e+00, 2.91749574e-02, 1.86216497e+00,
  -1.50492853e-02, 6.67116523e-01, 1.54257137e-02, 6.53677273e+00,
   6.07128721e-03,-1.28211724e-02, 3.44672869e-03,-2.24914346e-02,
  -9.70215893e+00, 7.30834961e-01,-1.34721640e-02,-2.11299241e-01,
   9.48461071e-02, 1.15212835e-01,-2.08969861e-02, 3.38541359e-01,
  -1.21431440e-01, 6.67288482e-01, 4.20875996e-01, 4.83059976e-03,
   1.97548509e-01,-4.62730899e-02,-1.56893358e-01, 4.19162601e-01,
   9.13113430e-02,-7.67503023e-01, 1.42828569e-01,-9.50271785e-01,
   8.10921639e-02, 1.39943827e-02, 2.20610984e-02,-8.72212872e-02,
   8.75232220e-02, 9.90225911e-01, 6.14572465e-02, 2.58741766e-01,
  -4.72677052e-02, 1.73925713e-01, 1.16629414e-02,-1.23956159e-01,
   2.99685550e+00,-1.01158500e+00,-1.94668341e-02,-3.29903650e+00,
   4.09978437e+00, 3.12301904e-01, 1.72259375e-01,-5.52656390e-02,
   1.02692351e-01, 2.96874404e-01, 6.89963400e-02,-4.36404586e-01,
  -2.15023801e-01,-1.58986911e-01,-1.57928690e-01, 3.58844399e-01,
   8.60593617e-01,-2.21599078e+00,-1.37109784e-02,-1.49833411e-01,
  -7.80769587e-02, 1.11062014e+00, 8.62464458e-02,-3.99850421e-02,
   5.91379870e-03,-1.01229382e+00,-6.31203651e+00,-1.49844408e-01,
   6.36201441e-01, 5.77839255e-01,-9.30356026e-01, 2.54590604e-02,
   7.21679106e-02,-1.37515175e+00,-2.02546158e+01,-3.37573364e-02,
  -2.43125428e-02, 2.46377159e-02, 2.62465328e-01,-1.63736846e-02,
   2.38897324e+00,-3.15521657e-01,-1.40938544e+00, 5.54544665e-02,
   7.40778804e-01, 3.27742882e-02,-1.37835130e-01,-1.33622726e-02,
   1.23286715e+01,-1.23955920e-01,-4.51042205e-02, 1.44393563e-01,
   1.11854058e-02, 3.34158801e-02, 1.18893671e+00,-3.30072784e+00,
  -2.35004500e-01,-3.43914986e-01, 1.79674888e+00,-3.20599174e+00,
  -7.54759088e-02, 8.51592898e-01, 1.89175665e-01,-9.41327363e-02,
  -3.58293988e-02,-4.79378176e+00, 2.86784433e-02, 2.57691350e-02,
  -8.88847411e-01,-2.63419375e-02,-1.67550910e-02, 8.67319703e-01,
   6.21967278e-02,-2.85879564e+00,-6.73027560e-02,-3.34434128e+00},
 { 1.92254579e+00,-5.69497824e+00,-1.46121398e-01,-4.22521400e+00,
  -1.34608734e+00, 2.21709967e+00, 1.08567047e+00, 2.37207723e+00,
   5.05768657e-01,-1.80757850e-01,-1.74928367e-01, 4.26202631e+00,
   2.97006480e-02, 3.38934511e-01,-5.50103128e-01,-5.91698313e+00,
   7.87645280e-02,-1.76186025e+00,-5.36667526e-01, 8.76234710e-01,
   1.31763554e+01, 1.62391686e+00,-2.03436947e+00, 5.10484409e+00,
  -5.77927208e+00, 2.37633400e-02,-2.50047505e-01, 2.80770731e+00,
   3.39293289e+00, 3.37818503e+00,-2.54779482e+00,-1.01246491e-01,
   2.87085921e-01,-4.66961533e-01, 2.66118717e+00,-2.74271393e+00,
  -1.30570393e+01, 1.19387121e+01, 1.19396366e-01, 2.77563524e+00,
  -1.80353558e+00, 5.55470288e-01,-1.37170708e+00,-1.13850403e+00,
   4.17389572e-01,-2.72896218e+00, 1.10677361e-01,-4.26807356e+00,
  -1.76571596e+00, 1.16640377e+00,-3.73376346e+00, 1.06470692e+00,
  -1.76937890e+00,-3.56086659e+00,-6.18364632e-01, 7.05055189e+00,
  -1.40235090e+00,-3.47206259e+00, 7.53946006e-01, 7.87746489e-01,
   6.92307663e+00, 3.05126286e+00, 8.45496237e-01,-9.87292469e-01,
  -1.85151494e+00,-3.69279921e-01, 3.00693417e+00, 6.87812269e-01,
  -1.66341019e+00,-3.27291560e+00,-6.20153368e-01, 3.31451386e-01,
   1.01194072e+00, 4.19513893e+00,-3.29196274e-01,-7.63271034e-01,
  -1.06886268e+00,-2.93608928e+00,-5.90814888e-01,-1.75857529e-01,
   5.38389635e+00, 1.37265098e+00,-2.40323162e+00,-2.44242430e-01,
  -6.24798596e-01,-5.66877317e+00, 3.61230433e-01,-8.63691092e-01,
  -4.95441228e-01, 6.38598442e-01,-2.58818436e+00,-2.66784668e+00,
  -2.15802860e+00,-1.96637213e+00, 5.16260433e+00, 1.05472863e-01,
   2.54805827e+00,-2.01557398e-01, 4.29065973e-02, 4.43988919e-01,
   4.30144548e+00, 1.10720664e-01, 5.44888496e-01, 1.07503325e-01,
   1.55673647e+00,-8.94954920e-01, 4.66805840e+00, 1.62691760e+00,
   3.09445858e+00,-2.75175631e-01,-7.90485048e+00, 7.14253473e+00,
  -1.16611934e+00,-1.79778004e+00,-8.77551176e-03, 6.85625792e+00,
  -1.58684883e+01,-3.87359595e+00,-3.37383699e+00, 1.42453659e+00,
   7.60558188e-01,-1.46618509e+00, 1.70748591e+00, 7.62065458e+00,
   1.01871896e+00,-7.51148510e+00,-2.31001735e+00, 2.50503731e+00},
 {-1.16705239e+00,-9.47283566e-01, 2.93747187e-01,-1.54139054e+00,
   5.26907802e-01,-5.05957556e+00,-5.84675185e-02,-9.14682984e-01,
  -8.94152355e+00,-1.85904157e+00,-3.24708104e+00, 8.01547244e-02,
   3.14971137e+00, 2.92706400e-01,-3.85938048e+00,-7.05981433e-01,
   7.01067209e+00,-8.55443552e-02, 3.08989763e+00,-9.38668370e-01,
   1.22166045e-01, 3.91878188e-01,-5.21123552e+00,-2.37775064e+00,
   6.24806046e-01, 1.32919356e-01,-1.73249130e+01, 2.98347640e+00,
  -2.27710173e-01, 4.19021219e-01,-1.42386645e-01,-1.22461152e+00,
  -1.60754234e-01,-4.17100787e-02,-2.80059481e+00, 1.31044016e+01,
  -3.95279139e-01,-1.69459953e+01, 1.18847167e+00, 1.44617710e+01,
  -2.36952448e+00,-1.39955270e+00, 2.85316586e-01, 5.46405792e-01,
   1.72632480e+00, 4.23699796e-01, 2.67321944e+00,-2.58315541e-02,
   2.05198705e-01,-3.12616646e-01,-4.91166019e+00, 2.42028522e+00,
  -2.59686038e-02,-6.70618832e-01, 7.04239488e-01, 2.31468225e+00,
   1.17726231e+00, 5.31714392e+00, 1.03890769e-01, 3.69727173e+01,
   5.64093232e-01,-7.71896696e+00,-9.86696243e-01,-3.03078175e-01,
  -4.03252810e-01, 2.39239074e-03,-1.82890911e+01,-1.20596895e+01,
   1.33509278e+00,-1.14873505e+00,-2.65327501e+00,-1.71514347e-01,
   1.15175545e+00, 5.18098235e-01,-8.68956149e-01, 9.79178667e-01,
  -4.61297274e-01,-5.30099273e-01,-3.54374782e-03,-2.87157059e-01,
   1.58404243e+00, 3.09850097e-01,-4.29491848e-01,-2.39377975e-01,
  -2.39898610e+00,-5.89325726e-01, 4.33052778e-01, 1.52154100e+00,
  -1.37023067e+00, 1.87781858e+00,-9.45937335e-02,-5.28146625e-01,
  -1.45860597e-01,-2.20777929e-01, 6.95922732e-01, 9.22785550e-02,
   3.83100927e-01,-1.01034653e+00, 5.11413291e-02,-1.29894333e+01,
   1.97267815e-01,-9.05383766e-01,-6.62498703e+01, 7.68023953e-02,
   1.67978421e-01, 9.26423594e-02, 6.26905680e-01, 2.84729898e-01,
  -2.46854275e-01, 2.45910451e-01,-1.79643393e+00, 8.87672722e-01,
  -8.66311169e+00, 1.19023547e-01,-5.91180038e+00,-4.89486724e-01,
   1.09845698e-01,-6.51798666e-01, 5.27597666e-01,-8.81632030e-01,
  -2.01192871e-01, 2.06425858e+00,-1.93388253e-01, 7.39325702e-01,
  -6.48607731e-01, 5.97605526e-01,-9.52570215e-02,-6.40231296e-02},
 { 5.16509676e+00, 1.29716739e-01, 1.55793071e+00,-3.10492649e+01,
  -4.75274611e+00, 7.78998077e-01, 1.97539255e-02,-5.05559266e-01,
   4.90204155e-01,-1.06881781e+01,-1.91722885e-01, 4.46720076e+00,
  -3.04853588e-01, 6.24053717e-01,-1.45699039e-01,-1.00429201e+01,
  -2.22964001e+00, 9.16230774e+00, 9.04237330e-02, 1.85881138e-01,
   1.46570277e+00, 8.97910786e+00,-1.85678571e-01,-2.67282486e+00,
   4.29416180e-01,-1.76678696e+01,-3.09280902e-01, 1.84569597e+00,
  -1.55535638e+00, 1.77056408e+00,-2.92115748e-01,-4.27688628e-01,
   1.76822066e+00,-1.19496906e+00, 6.04304612e-01, 6.91941917e-01,
   3.79464447e-01,-4.92120028e+00,-6.28100187e-02,-7.05286503e+00,
  -4.42414939e-01, 9.33105230e-01, 3.44533563e-01,-1.27608120e+00,
   3.69381189e-01, 2.85742831e+00, 1.71540558e-01,-8.45255470e+00,
  -1.55086339e-01, 2.83134294e+00, 8.52656245e-01,-3.33507633e+00,
  -4.57240534e+00,-3.11135030e+00, 7.83996761e-01, 1.12469311e+01,
   4.69994879e+00, 4.97167492e+00, 2.74025226e+00, 5.19599438e-01,
   9.57307053e+00, 1.85787404e+00, 5.01452923e-01,-6.36408949e+00,
   1.05937265e-01,-3.24702668e+00,-1.71777561e-01, 2.47757745e+00,
  -7.46183038e-01,-2.74786129e+01,-2.26909101e-01,-5.55203295e+00,
   4.82920110e-01, 9.85075665e+00, 1.16885674e+00, 1.26561761e-01,
  -9.43387985e-01,-4.88061762e+00, 2.49735451e+00,-1.39564109e+00,
   7.04458046e+00,-2.94111341e-01,-3.49423265e+00, 1.82093874e-01,
   2.03746080e-01,-2.15747976e+00, 3.56661111e-01,-3.49586868e+00,
  -3.90540838e-01, 1.74364567e-01, 3.24939203e+00, 2.68667430e-01,
  -2.91582584e+00, 1.54130859e+01,-8.08717251e+00,-3.96794081e-01,
   6.29807425e+00,-7.96322599e-02,-3.01599383e+00,-1.22361764e-01,
  -2.59710908e+00,-4.45725739e-01,-1.71440899e-01, 5.14103651e-01,
  -1.56748438e+00, 1.76001120e+00,-1.79789019e+00, 9.61058810e-02,
  -1.85454142e+00,-5.04958630e+00, 4.88389730e+00, 6.76827192e+00,
  -3.95344235e-02,-2.94654632e+00, 2.25338507e+00,-1.05413187e+00,
   5.20598507e+00,-1.91448689e-01,-1.05825627e+00, 7.55064040e-02,
  -1.65541375e+00,-2.75076807e-01,-3.35558444e-01, 9.99805737e+00,
   7.09703505e-01, 1.04885292e+01, 1.74911690e+00, 2.72882342e+00},
 { 1.99407730e-02, 9.91455372e-03,-9.27478373e-02,-6.45654276e-02,
  -1.11179203e-02,-6.17141835e-02,-1.97365303e-02,-8.22218955e-02,
  -1.31747639e-02, 4.78352793e-02,-1.65722854e-02,-1.68790016e-02,
  -6.48781583e-02, 2.03086492e-02,-3.09317727e-02,-3.55339684e-02,
  -7.16984570e-02,-5.44261700e-03,-5.76978512e-02,-3.69323371e-03,
   5.57144061e-02,-5.84955029e-02,-1.04733504e-01,-3.87349948e-02,
  -6.00976385e-02,-3.39629352e-02,-4.27256934e-02, 2.67505646e-02,
  -1.23771772e-01,-4.57021520e-02,-9.39693600e-02,-1.47090172e-02,
   3.85092236e-02,-5.93946353e-02,-1.16018586e-01, 2.17200220e-02,
  -3.75325903e-02, 3.74126211e-02,-1.16709918e-01,-1.02383308e-01,
  -4.92584221e-02,-5.01767360e-02, 9.31854919e-03,-4.42466997e-02,
  -6.75795227e-02,-3.76236103e-02, 2.92039234e-02,-1.11664623e-01,
   3.22417654e-02,-8.18003938e-02,-6.22980185e-02,-7.10386559e-02,
   6.35415390e-02,-1.62294075e-01,-3.65422070e-02,-2.73711067e-02,
   1.05209701e-01,-4.30528633e-03,-1.10037677e-01,-1.03334505e-02,
  -2.99954023e-02,-8.54899362e-02,-7.87145831e-03, 2.59466488e-02,
  -5.91681758e-03,-5.64317554e-02,-3.95664349e-02, 2.34883353e-02,
  -3.60908136e-02, 1.13357054e-02, 4.27121557e-02, 3.65043357e-02,
  -6.46614060e-02,-1.08056113e-01,-6.20775893e-02, 6.84669241e-02,
  -1.30091876e-01,-1.20529003e-01,-3.82319055e-02,-8.43936857e-03,
  -1.12688288e-01,-1.18186608e-01,-6.26301095e-02,-5.35718650e-02,
  -1.16790375e-02,-1.38287516e-02,-1.12651967e-01,-7.96652362e-02,
   6.09129993e-03,-8.71531069e-02,-7.95586705e-02,-3.84661788e-03,
  -7.77568743e-02, 5.57316355e-02, 2.28583235e-02,-4.00694609e-02,
  -5.15207052e-02, 1.19113121e-02,-7.63862282e-02,-5.51413521e-02,
  -3.91901433e-02,-8.09468254e-02, 3.89231294e-02,-1.10512041e-01,
  -3.39632444e-02, 3.54171246e-02,-4.18144055e-02,-1.68183625e-01,
  -1.43117616e-02, 4.89809923e-02,-1.08645491e-01,-3.80249210e-02,
  -1.16147324e-02, 4.35560718e-02,-4.20372859e-02, 3.18834442e-03,
  -7.10658804e-02,-6.17934987e-02,-2.37054285e-02,-1.68205082e-01,
   6.69515729e-02, 3.77307832e-02,-1.34875057e-02,-1.24659128e-02,
  -8.15706551e-02, 1.31169511e-02, 2.17879526e-02,-1.44008592e-01},
 { 2.26164985e+00, 3.94184399e+00,-9.28530037e-01, 1.14987078e+01,
  -4.39392567e+00, 4.37068760e-01,-3.03709626e-01, 1.21393728e+00,
  -2.74777603e+00, 8.34471583e-01, 1.96150556e-01,-3.86305666e+00,
  -1.20539442e-01,-2.64690113e+00,-2.12633923e-01, 4.58383703e+00,
   1.32854533e+00,-1.80207634e+00,-4.20490295e-01, 5.28680682e-01,
   1.72102690e+00,-2.77742052e+00,-8.86869311e-01, 3.38441372e+00,
  -1.50959909e+00,-2.09493780e+00,-1.83943696e-02,-1.34619176e-01,
   2.32180643e+00,-1.00058041e+01, 4.16336012e+00, 4.15749043e-01,
  -4.57341492e-01, 7.41554976e-01,-1.42112613e+00, 1.26376295e+00,
  -2.65125322e+00, 2.09396672e+00, 5.54488599e-01, 4.81969261e+00,
   2.99925327e-01, 9.43026841e-01,-1.50937784e+00, 9.07584071e-01,
   2.34835073e-01,-1.44436622e+00, 8.77911747e-01, 1.33236957e+00,
   1.20612636e-01,-2.22842264e+00,-1.54683638e+00, 1.10115266e+00,
  -4.04226875e+00, 4.39546633e+00,-1.77343357e+00,-1.50705385e+01,
  -5.39621878e+00,-7.32599354e+00,-2.45556998e+00, 1.57819763e-01,
  -8.16361141e+00,-1.90116446e-02,-1.54478192e+00, 4.55554605e-01,
   5.13014030e+00, 2.55427432e+00,-1.08512592e+00,-1.43688071e+00,
  -1.57218528e+00, 1.27839231e+01,-2.26824135e-01,-2.47288998e-02,
  -1.22530663e+00,-3.85457850e+00, 4.99516845e-01,-2.65405625e-01,
   8.91160667e-01, 4.16268253e+00,-4.54487944e+00, 1.17521977e+00,
  -1.09919300e+01,-3.67675972e+01, 3.79901314e+00, 7.30947673e-01,
  -3.57078314e-01, 5.94206238e+00,-4.41558552e+00, 3.13887262e+00,
   4.35615391e-01,-2.34682709e-01,-1.91162217e+00, 1.25208998e+00,
   8.46496165e-01, 2.26540756e+00, 5.23517752e+00,-2.02274714e-02,
  -3.64421415e+00,-1.70674369e-01, 9.61978614e-01, 6.70971870e-01,
  -6.77549696e+00,-1.15285015e+00, 2.01202416e+00, 1.97389793e+00,
   1.77036023e+00,-1.70212257e+00,-3.20521998e+00, 7.99778819e-01,
   5.38795412e-01, 3.44801807e+00,-1.48959863e+00,-6.32851887e+00,
  -3.75563949e-01, 1.77848470e+00,-1.31830096e+00, 3.89496744e-01,
  -1.13013983e+00,-4.22234148e-01, 1.55301070e+00, 5.31681590e-02,
   3.34935737e+00,-2.33677030e+00, 7.59659886e-01,-9.36805534e+00,
  -1.67024851e+00,-7.37819767e+00,-6.00112319e-01, 5.06921482e+00},
 {-7.37454891e-01, 1.37549686e+00, 8.41294155e-02,-8.63129199e-01,
  -8.85203171e+00, 4.62783217e-01, 8.30157939e-03, 1.34113327e-01,
   1.41795337e-01,-2.40109181e+00, 1.99217466e-03, 2.04770732e+00,
  -6.01356197e-03,-1.84060562e+00,-5.68464659e-02, 5.40250921e+00,
  -1.84345186e-01,-6.49039268e+00, 4.43674438e-03,-2.94827446e-02,
   1.72752917e-01,-1.03743875e+00,-6.84056580e-02,-8.30497518e-02,
  -3.47620696e-02,-5.09197617e+00, 3.81226987e-02, 1.87976271e-01,
  -1.94942415e-01, 2.81427550e+00,-1.38793319e-01, 2.46100761e-02,
   2.07411543e-01,-3.36118974e-02,-1.42032310e-01, 4.20999706e-01,
   1.24768227e-01,-8.68935287e-01,-5.39364992e-03,-1.09409392e+00,
  -5.01379333e-02, 1.92555096e-02, 6.48644194e-02,-1.87874094e-01,
   6.28485382e-02,-1.69446659e+00, 5.16428500e-02, 4.85660791e+00,
   1.34705231e-01, 4.33610082e-01, 5.26850745e-02,-2.20510691e-01,
   2.49888730e+00, 4.86281204e+00, 6.18714355e-02,-7.69237232e+00,
   3.49337369e-01, 7.77551353e-01, 2.56528586e-01,-1.08663016e-03,
   1.30185103e+00, 4.87071902e-01, 1.24032527e-01,-4.05646235e-01,
   4.18095142e-01,-2.29432479e-01,-3.94437820e-01, 3.81998956e-01,
   3.82771082e-02, 1.68188934e+01, 3.56880273e-03, 2.05624625e-01,
   2.14133337e-02, 1.66191280e+00, 4.54507060e-02,-3.60545442e-02,
  -1.42288180e-02, 7.00119197e-01, 3.60439253e+00,-2.13201493e-01,
  -9.72293949e+00, 1.78838146e+00,-1.41342425e+00, 1.66352630e-01,
   5.20997159e-02, 1.86771011e+00,-5.08463345e-02,-5.45949787e-02,
  -7.15450570e-03,-4.78616133e-02, 2.24666879e-01,-1.09770671e-01,
   9.27395642e-01, 3.13917065e+00,-6.64984882e-01, 5.71162924e-02,
  -7.51764655e-01, 3.11673395e-02,-1.52168006e-01, 3.84091288e-02,
  -3.28809547e+00,-4.87041734e-02, 5.97233302e-05, 1.47906452e-01,
  -9.88066047e-02, 1.34654075e-01,-1.32864499e+00,-2.29151154e+00,
   1.64931342e-02,-3.60249639e-01, 6.73961937e-01, 5.39077044e+00,
  -1.03274807e-01,-1.61623940e-01, 1.87805042e-01,-1.10442705e-01,
  -1.36260882e-01,-5.16477108e-01,-1.50661722e-01, 4.47314270e-02,
  -5.59108496e+00,-3.26770768e-02,-3.14667970e-02,-4.05583811e+00,
   1.55853003e-01,-2.89504838e+00,-4.96659666e-01,-2.49293518e+00},
 {-3.47525954e+00, 6.39450836e+00, 4.18135548e+00, 4.91989613e+00,
   5.39572573e+00, 1.21575034e+00,-2.96591735e+00, 1.41759408e+00,
  -6.69996166e+00, 1.82297528e+00,-1.88679528e+00, 4.61240149e+00,
   6.02295548e-02, 6.95684338e+00, 6.59879029e-01,-1.33276844e+01,
   4.97747600e-01,-5.27472353e+00,-1.77089822e+00,-1.92761212e-03,
  -1.81360703e+01,-2.19792232e-01, 7.84440100e-01,-2.14234281e+00,
  -7.16743171e-01,-4.03192234e+00,-1.38354719e+00,-1.03863347e+00,
  -3.09705997e+00, 1.32311213e+00,-1.98477707e+01,-2.68631601e+00,
  -1.93725657e+00,-5.79691768e-01, 5.88501096e-01, 1.83404648e+00,
   9.61770341e-02, 2.21276116e+00, 1.54284918e+00,-1.66618025e+00,
   4.17790502e-01,-3.55496502e+00, 9.63658512e-01, 4.20296812e+00,
  -9.25027251e-01,-2.90533280e+00, 1.34385407e+00,-4.55635786e+00,
   3.91021252e+00, 7.34152570e-02, 1.24303234e+00,-1.46446955e+00,
  -1.84387445e+00,-1.08776987e+00, 8.45626444e-02, 4.39310646e+00,
  -2.38704872e+00,-7.45938492e+00, 6.38343716e+00,-7.41812736e-02,
  -6.32616043e+00,-1.63973808e+00,-1.48625112e+00,-4.99890757e+00,
   1.72746217e+00,-3.77474236e+00, 7.29577601e-01,-2.29668856e-01,
   6.67309999e+00, 3.29696989e+00, 2.61930966e+00,-6.12033485e-03,
  -9.01476562e-01,-1.54375017e+00,-3.75809789e+00,-1.24137092e+00,
  -9.45800877e+00,-5.42236507e-01,-4.37706947e-01, 7.07832754e-01,
   3.31867146e+00,-7.59798288e+00,-7.15311885e-01,-1.67313546e-01,
   3.57118654e+00,-1.28052397e+01,-7.64859772e+01,-3.10055566e+00,
  -6.84706748e-01,-2.91317016e-01,-3.77673078e+00,-6.65512383e-01,
   1.23661458e+00,-1.30412281e+00, 4.40127087e+00, 3.76572394e+00,
   1.63479280e+00, 4.23740000e-01, 2.28991437e+00, 3.06079268e-01,
   2.03855252e+00,-1.16805482e+00,-1.85164106e+00,-1.13302755e+00,
   4.75188255e-01,-1.15964174e+00, 1.71595454e+00,-1.37266397e+00,
  -2.06103706e+00, 3.93182826e+00,-5.20039797e+00, 7.65718269e+00,
   5.85801184e-01,-1.46069300e+00, 3.58770657e+00,-4.43341064e+00,
   1.31958904e+01, 2.21649289e+00, 1.84775591e+00, 3.87230515e-01,
  -1.63112104e+00,-4.73429871e+00,-3.09439540e+00, 2.00567093e+01,
  -7.29026413e+00,-8.20106566e-01,-3.24614453e+00, 1.50336075e+00},
 {-1.62093222e+00,-1.72463286e+00, 5.20020902e-01,-2.40382147e+00,
   1.46612322e+00,-6.11497259e+00,-6.83920458e-02,-7.94588387e-01,
   1.21590414e+01,-3.31090069e+00,-2.35492873e+00, 5.81860662e-01,
   1.31212568e+00, 6.55870378e-01,-5.96088529e-01,-3.72123033e-01,
  -2.54993129e+00, 3.59465033e-02,-3.74414396e+00, 1.48375988e+00,
   1.31799713e-01, 5.23393035e-01, 2.48168275e-01,-5.93825769e+00,
   4.22841161e-01, 1.73297420e-01,-9.98698413e-01,-2.17708135e+00,
   1.05023038e+00, 8.89826417e-01, 6.34469867e-01,-1.65310955e+00,
   3.60994190e-01, 3.79830711e-02, 2.67750406e+00,-2.19636173e+01,
  -1.27185047e-01,-9.41530514e+00, 1.13867834e-01,-7.28346482e-02,
   8.49355400e-01, 6.48931980e+00, 4.95735019e-01, 5.98970175e-01,
  -6.47846818e-01,-9.20653462e-01, 5.82498431e-01, 9.30591598e-02,
   1.95611075e-01,-2.36133051e+00, 1.33934641e+00,-9.30454373e-01,
  -1.53446406e-01,-9.94003177e-01, 8.49620581e-01, 3.49136496e+00,
   1.76503301e+00, 2.88007164e+00,-4.82167602e-01,-1.17897825e+01,
   1.22322261e+00, 1.81059253e+00,-1.67146325e+00,-3.37536991e-01,
  -1.23153353e+00,-2.76840866e-01, 1.54014549e+01,-3.93455505e+00,
   1.83058214e+00,-2.34450293e+00, 2.49926519e+00,-5.40921926e-01,
  -3.96817017e+00, 7.04499424e-01,-9.60384429e-01, 3.15396816e-01,
   2.22811446e-01,-1.00628662e+00,-2.14310065e-02, 5.76534569e-01,
   2.84717417e+00, 6.70870185e-01,-7.38334656e-01,-2.28592902e-01,
   2.38351703e+00,-8.53860080e-01, 1.61231232e+00,-6.22724199e+00,
  -2.05511260e+00,-2.64446449e+00, 3.43335308e-02, 3.20846476e-02,
  -1.34795606e-01,-3.81126553e-01,-2.12989120e+01,-3.10285740e+01,
   4.45510685e-01,-7.49439299e-01,-5.38136303e-01,-1.43782973e+00,
   1.17908575e-01,-3.18442173e+01,-1.62776012e+01,-1.36207807e+00,
  -3.23326588e+00, 3.91552038e-02, 9.82379675e-01, 1.13280618e+00,
  -2.35294074e-01,-4.00764853e-01,-1.85775161e+00, 1.10586560e+00,
  -2.99591684e+00, 1.35882735e-01, 2.00175610e+01,-1.32930949e-01,
  -1.34302301e+01,-8.12876761e-01,-1.17068672e+00,-1.38502395e+00,
  -1.18174672e-01,-1.21299541e+00,-5.80466315e-02, 4.37971085e-01,
  -4.30182762e+01, 1.88548923e-01, 5.66005073e-02,-6.64504915e-02},
 {-6.40277565e-01, 2.85836130e-01,-1.25109029e+00, 8.78813028e-01,
   1.83822945e-01, 3.42051387e+00,-1.38557509e-01, 6.26866388e+00,
   9.36320877e+00,-1.70735133e+00,-1.24110222e+00,-1.52398980e+00,
   1.15986019e-01,-1.23482510e-01,-1.21289837e+00, 7.59322882e-01,
   4.54944879e-01,-4.70104516e-02,-3.46565604e+00, 6.50711656e-01,
   1.11139141e-01,-1.69878289e-01, 8.24993134e+00, 1.98002249e-01,
  -2.00744190e+01,-7.84129500e-02,-2.45674610e+00,-8.94978714e+00,
   2.68071592e-01,-4.13984358e-02, 3.77011895e-01, 6.21643639e+00,
   5.14052548e-02, 4.42177534e+00, 3.06638181e-01,-9.33757114e+00,
   3.68480861e-01,-1.04278214e-01, 2.79499316e+00,-1.85580597e+01,
  -8.57364357e-01,-4.03451881e+01, 3.73328803e-03,-7.28028715e-02,
  -4.20370102e+01, 6.73343122e-01,-3.22704601e+00,-5.95430918e-02,
  -5.14414072e+00,-2.32343897e-01, 5.07117653e+00, 1.40185630e+00,
   1.56124339e-01, 1.19780101e-01, 5.39339483e-01, 4.19509143e-01,
   2.07015127e-01,-1.17415309e+00,-6.54370975e+00,-1.10108817e+00,
  -3.06027770e-01, 3.69383454e-01, 1.20860875e-01, 2.35868916e-02,
   3.75562668e-01,-1.49433875e+00, 2.65070319e+00,-2.91031778e-01,
   1.65367877e+00,-3.31737429e-01, 3.78372967e-01,-5.37959039e-02,
   2.12227002e-01,-3.27419937e-01,-7.95546651e-01,-6.04083166e-02,
  -5.34153938e+00, 1.11900434e-01, 3.62588204e-02,-5.30141640e+00,
  -1.66816130e-01,-6.33339509e-02, 1.63167298e-01,-1.71195259e+01,
   4.01397085e+00, 1.88087851e-01,-3.81274164e-01,-7.73319229e-02,
   2.69111663e-01, 1.85847640e+00, 2.05150986e+00,-8.05003071e+00,
   8.60089064e-02,-2.95178941e-03, 8.65863609e+00,-1.30029052e-01,
  -4.68447544e-02,-2.62329370e-01,-1.60912007e-01,-2.46540394e+01,
  -2.73934603e-01, 1.52548063e+00,-5.21120667e-01,-1.76496431e-01,
   9.63527298e+00, 4.97663784e+00,-1.70542419e-01,-3.97134691e-01,
   1.24020112e+00, 5.74285460e+00, 2.94418875e-02,-5.52214384e-01,
  -2.25554962e+01, 3.20344372e-03, 4.43794632e+00, 3.24927300e-01,
  -5.63808858e-01, 1.72143411e-02, 7.49943629e-02,-1.02510061e+01,
  -2.62041897e-01, 1.75902534e+00, 1.13106988e-01,-4.74926621e-01,
  -1.01356320e-01, 2.99673285e-02, 2.91230738e-01,-1.20067924e-01},
 { 5.36202526e+00, 5.93955517e+00,-2.13126063e+00, 4.77052832e+00,
  -2.69027948e+00, 1.55098820e+00,-3.11612070e-01, 1.18229784e-01,
  -2.48748708e+00, 2.07501471e-01,-1.54481423e+00,-3.58790588e+00,
   1.84892520e-01,-4.07252216e+00, 2.40701362e-01, 3.46503544e+00,
   4.39243078e+00, 2.32551742e+00, 1.36359560e+00,-4.11514425e+00,
   1.18586697e-01,-1.41968513e+00,-2.02897608e-01, 2.84905529e+00,
  -4.89231443e+00, 1.32653713e+00,-5.03401852e+00,-2.62447739e+00,
   2.76052308e+00,-6.57806778e+00, 7.65397596e+00,-2.98947501e+00,
  -1.72734165e+00, 1.06029820e+00,-3.29416656e+00, 5.81856847e-01,
   1.54156613e+00,-7.84103298e+00, 1.85949409e+00,-1.50638247e+00,
  -2.56291747e+00, 4.55667067e+00, 5.93549252e+00,-5.10782051e+00,
  -6.10920668e+00, 3.79516172e+00, 1.80042624e+00, 1.73781133e+00,
   2.33718991e+00, 6.44113123e-01, 5.71878529e+00,-2.33752270e+01,
   1.98288357e+00, 4.56324053e+00,-2.28732133e+00,-6.07172108e+00,
  -1.21343410e+00,-4.82353306e+00,-1.24901009e+00, 1.19396305e+01,
  -4.49017668e+00,-3.90716696e+00,-2.69315267e+00, 3.06745338e+00,
   8.13467693e+00,-7.82728016e-01,-5.21381330e+00,-4.16165733e+00,
  -4.66592741e+00,-1.61332977e+00,-1.91143334e-01,-1.38066375e+00,
  -3.70715785e+00,-2.33495378e+00,-9.98534620e-01, 1.31455679e+01,
  -2.47384524e+00, 2.90309787e+00,-3.24604400e-02,-1.85794914e+00,
  -7.61928177e+00, 9.15048361e-01, 2.49006319e+00,-1.15763927e+00,
   6.17573881e+00, 5.43390131e+00,-6.71278572e+00,-1.05722437e+01,
  -2.36843872e+00, 1.08093822e+00,-1.85174096e+00, 3.58137894e+00,
  -1.88653618e-01, 1.12113327e-01, 9.42950249e+00,-8.16624737e+00,
   5.14778316e-01,-4.71429110e-01,-2.94940233e+00,-5.51964235e+00,
  -1.73041105e-01,-8.69024563e+00,-1.40672245e+01,-7.27945566e+00,
  -1.99804641e-02,-5.77924728e+00,-5.49546289e+00, 5.13756752e-01,
   1.36987507e+00, 4.25054121e+00, 1.07455311e+01,-4.53170872e+00,
  -1.77916777e+00,-7.82427967e-01, 2.00605989e+00, 7.47801542e+00,
   3.21997213e+00, 4.57151115e-01, 1.72409862e-01,-3.47253609e+00,
   2.84173965e+00, 7.44939029e-01, 5.17503977e-01,-1.19466085e+01,
  -5.57485294e+00,-7.96151087e-02, 1.59886348e+00,-2.10295153e+00},
 {-3.19701290e+00,-2.23618674e+00, 3.86564684e+00, 4.32109404e+00,
   5.03103209e+00, 3.19585156e+00, 1.25270844e+00, 6.58869743e-01,
   5.26826048e+00, 2.00496268e+00,-1.26733005e+00, 1.47545075e+00,
  -7.31442630e-01,-2.30231342e+01, 2.98077196e-01,-1.03387582e+00,
  -4.38450336e+00,-4.45345461e-01, 6.98043525e-01, 7.44509935e-01,
  -1.39878693e+01,-1.70279548e-01,-1.19921196e+00, 2.96203196e-01,
  -2.93827474e-01,-3.75370121e+00,-2.91596770e-01, 2.52227831e+00,
  -2.13101816e+00, 5.80078506e+00,-5.07210236e+01, 4.01185542e-01,
  -1.71851385e+00,-5.59199333e-01,-1.07007809e-01, 1.01973489e-01,
  -2.36614347e+00,-1.07135582e+01, 2.32731506e-01,-5.17183661e-01,
   1.01226635e-01,-2.48987532e+00,-1.25859058e+00,-4.12854242e+00,
  -5.52648343e-02,-2.22776985e+00, 9.39070463e-01, 5.61240077e-01,
  -2.47562456e+00, 6.47577122e-02, 4.33456659e+00,-2.95677471e+00,
  -2.49880862e+00,-1.62183285e+00, 4.94774401e-01, 1.04950464e+00,
  -3.59387159e+00,-1.20630383e+00,-7.55546272e-01,-1.52421939e+00,
  -5.87831163e+00,-2.86758447e+00, 5.71444869e-01,-4.14480305e+00,
   1.19875088e+01,-1.22004855e+00, 1.69860160e+00, 2.65637851e+00,
   3.81640434e+00, 2.61643004e+00, 1.26427841e+00,-3.12685394e+00,
   2.64431864e-01,-8.29413652e-01,-5.98843873e-01,-5.45395660e+00,
   4.32270670e+00, 2.40841389e+00,-3.69835544e+00, 1.22741930e-01,
   3.87132525e+00,-2.17801971e+01, 1.28724337e+00,-6.12823546e-01,
   2.48541760e+00, 6.62700891e+00,-2.81970615e+01, 7.93999732e-01,
  -1.97474688e-01,-5.91999292e-01,-6.39968693e-01,-1.21023989e+00,
  -2.69108415e-01,-2.54361439e+00, 1.63010788e+00,-2.52789998e+00,
   8.77325439e+00,-3.15177143e-01,-4.05712128e+00, 1.45918667e+00,
   6.90677261e+00,-2.84582019e+00,-7.85316586e-01,-2.94574189e+00,
   1.88712907e+00, 2.11403823e+00, 3.39022684e+00, 9.55185294e-01,
  -9.46395993e-01,-4.83285934e-01,-1.21609669e+01, 4.03982019e+00,
   6.41392589e-01,-6.32789433e-01, 2.40675116e+00,-2.55890942e+00,
   3.71653771e+00, 4.19334269e+00,-1.28458667e+00,-8.68296146e-01,
  -1.53419876e+00,-3.01309377e-02, 4.48989153e+00, 1.72184181e+01,
   6.09770298e+00, 3.21799636e+00, 3.48895133e-01, 2.92362332e+00},
 {-6.51559383e-02,-2.62635648e-01, 1.53208748e-01,-1.62516132e-01,
   3.47098202e-01, 1.06357050e+00, 5.60903363e-02, 1.71755743e+00,
   4.99525928e+00,-5.38475633e-01,-1.04295158e+00, 3.81755918e-01,
   1.37747037e+00, 8.71758014e-02, 2.63746667e+00,-2.56682873e-01,
  -2.36483783e-01, 2.33268160e-02, 7.70643890e-01, 1.08431792e+00,
  -2.43230034e-02, 9.26320329e-02,-1.50064850e+00,-1.85342237e-01,
   1.43423581e+00,-4.20365902e-03, 1.62916496e-01, 7.61236772e-02,
   1.21201634e-01, 1.41065896e-01,-3.57519202e-02, 2.25559878e+00,
   1.84216946e-01,-2.11129129e-01,-4.19011675e-02, 9.80391026e+00,
  -7.45689124e-02, 7.57066533e-03, 5.66937685e-01,-7.44960368e-01,
  -1.13065100e+00,-9.35295677e+00, 3.67704518e-02,-2.48390898e-01,
   1.60621941e+00,-2.35958681e-01,-2.39486051e+00, 1.03122540e-01,
   2.46401370e-01, 1.90211445e-01, 8.92515182e-01,-2.07314038e+00,
   1.21727830e-03,-1.39055714e-01, 1.17032990e-01, 2.29234993e-01,
  -1.03887491e-01,-8.26719379e+00, 2.73111105e-01, 2.45652482e-01,
   4.00607705e-01,-2.88389832e-01,-2.71497041e-01,-1.13802448e-01,
  -1.75325215e-01, 1.34458750e-01,-7.33319569e+00, 3.58381532e-02,
   1.40514150e-01,-2.99985379e-01,-2.62868125e-03,-1.44655913e-01,
  -2.83713397e-02, 1.93551302e-01,-6.69011176e-01, 5.87857068e-02,
   9.49985832e-02,-1.75547197e-01, 3.33095714e-02,-1.26209366e+00,
   2.00693697e-01, 1.30080059e-01,-7.76583701e-02,-4.30674016e-01,
  -7.70806837e+00,-2.17612863e-01, 2.47525454e-01,-1.59470402e-02,
   5.41535020e-01, 1.27801538e-01,-2.23281518e-01,-6.67001903e-01,
  -1.58583578e-02,-3.90303098e-02, 1.29262257e+01,-3.27987373e-02,
   4.88005066e-03, 1.99055433e-01,-1.42148640e-02, 1.36195147e+00,
  -1.75918072e-01,-1.16078866e+00, 2.83727348e-02,-5.36077842e-03,
   1.05992365e+00, 1.11704078e-02, 1.10150084e-01, 3.33774649e-02,
  -1.29970640e-01, 8.06805417e-02,-2.02214345e-01, 3.34615260e-01,
  -2.56757236e+00,-3.56835872e-02,-4.92952204e+00,-4.89164423e-03,
  -2.85873920e-01,-7.98192769e-02, 5.51809147e-02,-1.65807045e+00,
  -2.68091518e-03,-6.41754344e-02, 1.23460270e-01, 1.72752842e-01,
  -2.10178927e-01, 1.42515451e-01,-3.43721025e-02,-6.75218105e-02},
 { 4.73537350e+00, 3.58402729e+00, 5.73005152e+00, 7.54596424e+00,
  -5.20804548e+00, 3.04690170e+00, 3.80236268e+00, 3.09714055e+00,
   4.89422750e+00,-6.49051714e+00,-8.48172724e-01,-1.94073570e+00,
  -1.78608799e+00, 2.67467380e+00,-8.16977322e-01, 5.37212610e+00,
  -4.14447975e+00, 2.09473178e-01,-2.11549497e+00, 2.33606672e+00,
   1.71795857e+00,-3.66970211e-01,-1.19697236e-01,-3.52044773e+00,
   5.81452787e-01, 1.87362444e+00, 3.68239582e-01, 9.10887909e+00,
   2.32682610e+00,-1.89594626e+00, 6.12915233e-02, 1.14510345e+00,
   2.23203301e+00,-5.81134677e-01,-3.54614347e-01, 2.39521074e+00,
   9.22635853e-01, 3.44355679e+00,-5.79039991e-01,-1.88543186e+01,
   5.46718061e-01,-2.93739587e-01,-1.27620772e-01,-6.37134457e+00,
  -1.00676274e+00, 2.06592035e+00, 1.53681481e+00, 8.71121466e-01,
  -1.20673552e+01, 1.77922621e-02, 3.40392137e+00,-1.86196327e+01,
  -6.83647394e+00, 4.18021822e+00,-1.60596929e-02,-5.94005394e+00,
  -3.66273427e+00, 5.88647223e+00, 6.36806250e+00, 1.92170119e+00,
  -1.04311101e-01, 1.32056344e+00, 6.85347676e-01, 7.57452324e-02,
  -4.63736534e+00,-1.55222905e+00, 7.64851630e-01, 3.40214348e+00,
  -9.05469322e+00, 2.33994079e+00, 3.09478492e-01,-3.00091147e+00,
   6.87286437e-01,-3.42500663e+00,-7.26722288e+00,-1.03933125e+01,
  -8.63304317e-01, 9.97086167e-01, 1.18684804e+00,-5.91307163e+00,
  -5.77150536e+00,-1.15455735e+00, 2.06443262e+00, 2.25747839e-01,
  -1.65159774e+00, 4.11285830e+00, 5.99601364e+00,-6.73022175e+00,
   3.28114420e-01,-2.22556263e-01, 3.07057023e+00, 2.67982315e-02,
   2.04401898e+00,-1.19610167e+00, 8.40010071e+00, 6.06018007e-01,
  -3.71762967e+00, 4.72411990e-01, 6.76608682e-02,-9.93597031e-01,
   4.62526655e+00,-3.15925503e+00, 3.36505866e+00,-3.79695034e+00,
   2.85153598e-01,-1.59692192e+00,-5.52738237e+00, 1.25593439e-01,
   1.67936817e-01,-8.95402968e-01, 5.35937977e+00,-1.63812459e-01,
   2.83402026e-01,-4.08500099e+00, 4.85003766e-05,-1.74435306e+00,
  -9.73826504e+00, 2.50001907e+00, 1.75864494e+00, 1.15821993e+00,
  -5.04155207e+00,-1.16426039e+00,-1.17945135e-01,-3.98682404e+00,
   4.19728374e+00,-5.97165489e+00,-3.65283275e+00,-1.38902302e+01},
 { 5.91496754e+00, 5.98375702e+00,-1.45458260e+01, 1.19022408e+01,
  -3.08512449e+00,-2.30662441e+00,-3.39188004e+00, 1.91531503e+00,
   2.51096535e+00, 3.23724294e+00, 7.52253234e-01,-8.47105980e-01,
   1.68275103e-01,-2.15003276e+00,-2.18491769e+00, 2.49096870e+00,
   1.46969199e+00,-2.37225190e-01,-5.56292951e-01, 2.06326842e+00,
  -1.16829944e+00,-2.55468726e+00, 1.02943754e+00,-5.87419176e+00,
  -4.72801596e-01,-9.47996140e-01, 3.12572986e-01,-3.50017500e+00,
   2.12163377e+00,-2.67768502e+00,-1.18471408e+00,-6.68501282e+00,
   4.02844131e-01,-5.29818118e-01,-7.16330826e-01,-1.80406284e+01,
  -2.39945388e+00,-1.53863993e+01,-3.06633804e-02,-2.31273289e+01,
   7.11261320e+00, 4.93187428e+00,-6.98003650e-01, 1.58170784e+00,
  -5.28126359e-01,-1.90758336e+00,-4.35331535e+00,-2.67966092e-01,
   3.32651973e+00,-4.86806214e-01, 6.26786423e+00,-1.33986902e+00,
   6.87930882e-02, 3.55849671e+00,-1.42235899e+00,-1.08404903e+01,
  -8.90859699e+00,-1.51116347e+00,-3.11175137e+01,-1.57688737e+00,
  -2.99226832e+00, 6.66474056e+00,-9.24028873e+00, 7.21569002e-01,
   3.51253223e+00, 1.52204275e+00,-6.90576458e+00,-1.98397026e+01,
  -1.66195655e+00, 7.16142464e+00,-1.96008533e-01, 1.08065760e+00,
  -4.18766308e+00,-2.83660293e+00, 1.61556351e+00,-1.87859845e+00,
  -1.12005246e+00, 3.03004527e+00, 1.13345489e-01,-1.32264030e+00,
  -1.05686216e+01,-1.79709160e+00, 2.54706264e+00,-3.95674753e+00,
   2.83620405e+00, 2.90423560e+00,-4.09626627e+00,-5.19270372e+00,
  -1.19233131e-02,-1.08067536e+00, 2.28399977e-01, 1.77586710e+00,
   8.34352911e-01, 1.27894461e+00,-5.35120904e-01, 7.49730885e-01,
  -2.21705508e+00, 2.14276537e-01,-1.10423945e-01,-7.77101088e+00,
   7.03286290e-01,-8.11643302e-01, 1.53082252e+00, 2.14536929e+00,
  -5.33952665e+00, 9.62836206e-01,-3.73143649e+00,-1.13683832e+00,
  -1.08214951e+00,-1.90915525e+00, 4.88830376e+00,-4.01782131e+00,
  -1.45169032e+00,-9.38886166e-01, 1.24241257e+00, 1.70416281e-01,
  -5.63988149e-01, 3.77279639e+00,-1.80103254e+00, 8.29212725e-01,
   7.63648301e-02, 4.31601906e+00,-7.68482506e-01,-2.51058292e+00,
   5.06002283e+00,-1.76529324e+00, 9.96025745e-03,-2.01237559e+00},
 { 9.72984409e+00, 5.41182423e+00,-2.34693095e-01, 7.02151537e+00,
   8.05141354e+00, 2.30361849e-01, 2.34446943e-01,-2.29155168e-01,
  -1.33656299e+00, 2.72898316e+00, 1.71340466e-01,-2.55211773e+01,
   6.02124482e-02, 2.17277348e-01, 7.62847289e-02, 8.78726196e+00,
  -8.56310010e-01,-4.04653645e+00, 4.47099544e-02,-8.04817006e-02,
  -3.24023170e+01,-1.54067068e+01,-8.05965140e-02,-1.65412736e+00,
   1.09554315e+00,-4.10513306e+00,-1.49660036e-01, 5.22100925e-01,
  -1.10319710e+00, 1.45836747e+00, 8.74890015e-02,-7.76124448e-02,
   6.36389434e-01,-2.11474225e-01,-6.27038896e-01,-3.69033962e-01,
   2.70262957e+00,-9.03180885e+00, 1.87646091e-01,-2.69016957e+00,
   1.33384004e-01, 1.01825573e-01, 3.59704614e-01,-7.84337282e-01,
   5.49449474e-02,-1.04256189e+00,-2.38719895e-01,-1.87338371e+01,
   1.26883015e-01, 1.21467471e+00, 3.09820622e-01,-2.43323398e+00,
  -1.84697819e+00,-4.60294676e+00, 3.91881227e-01, 1.93074932e+01,
   6.37613893e-01, 2.23822284e+00, 1.60857129e+00, 2.45339274e-01,
   3.30267608e-01, 8.74286652e-01, 5.71823001e-01,-2.73300576e+00,
   9.73877311e-01,-8.71084690e-01,-2.14078836e-02, 4.48157609e-01,
   8.79504442e-01,-2.09070816e+01, 1.12905174e-01, 1.52444637e+00,
  -4.29555446e-01,-2.29175496e+00, 1.84912309e-01,-4.08639684e-02,
   2.26619810e-01,-9.25671577e-01,-1.07099152e+01,-8.17422986e-01,
   6.50392485e+00, 1.30558264e+00,-1.90708852e+00, 7.64570385e-02,
   1.68238699e-01,-1.69136276e+01,-2.52321529e+01,-1.34251940e+00,
  -8.44001174e-02, 2.47157767e-01, 1.75439978e+00,-1.05949074e-01,
  -1.05619335e+00,-1.21129274e+01,-9.42185462e-01,-1.43697038e-01,
   2.88537407e+00,-5.57450950e-02,-9.95418489e-01,-9.17159319e-02,
   7.38929272e+00,-4.08523858e-01,-2.42285833e-01, 2.28137508e-01,
  -1.13823044e+00, 5.86865433e-02,-8.57451618e-01,-5.08661366e+00,
  -8.40521693e-01,-1.85066652e+00,-2.74301052e+00, 2.29510808e+00,
  -3.18346828e-01,-2.35545921e+00, 1.35586512e+00,-7.72414327e-01,
   2.11569381e+00, 4.90764618e+00, 2.90480033e-02,-7.37118274e-02,
  -3.44579864e+00,-1.24928333e-01,-1.25164056e+00, 2.08143473e+00,
   5.35587072e-01, 8.67724228e+00,-4.27676535e+00, 8.71251285e-01},
 {-6.11491394e+00, 1.11094095e-01,-2.34587145e+00, 7.34305191e+00,
   2.73074222e+00,-9.15530443e-01,-1.54012650e-01,-1.38929963e-01,
  -1.36869049e+00, 8.73535061e+00, 2.94087112e-01, 1.29474545e+00,
   1.12977348e-01, 8.57283497e+00, 2.81068832e-01, 9.18214512e+00,
   1.65175474e+00,-1.65869503e+01,-1.58568606e-01, 2.89004534e-01,
  -1.31323946e+00,-3.82629061e+00, 4.25872356e-01, 6.18138254e-01,
   8.45044136e-01, 1.74921703e+00,-3.07180345e-01,-1.25193787e+00,
   5.50282419e-01,-5.97637415e+00, 3.15831757e+00, 7.40677714e-02,
  -5.62111437e-01, 1.38780701e+00,-1.52102017e+00, 8.19620341e-02,
  -4.82357368e-02, 2.18671203e+00, 2.75402665e-01, 3.08178306e+00,
  -6.77898228e-02, 5.41818321e-01,-1.18088208e-01, 7.23620713e-01,
   4.78753477e-01, 3.73777270e+00,-7.83418715e-02,-5.88393021e+00,
   1.35792270e-01,-1.86284375e+00,-1.95168519e+00, 2.53223443e+00,
  -6.85801220e+00,-2.44754061e-01,-1.84495270e-01, 8.46933460e+00,
  -8.57623672e+00,-2.63160396e+00,-1.46927392e+00,-4.61867511e-01,
  -8.06640530e+00,-6.65733695e-01,-7.69363046e-01,-1.49633093e+01,
   6.39786720e+00, 1.68334723e+00, 1.01787202e-01,-1.69920266e+00,
   1.06585824e+00,-2.15505009e+01,-1.80339124e-02, 2.31798291e+00,
  -1.45891273e+00,-3.73859668e+00, 4.54377174e-01, 3.46619397e-01,
   1.26215434e+00, 3.81342912e+00,-1.25484407e+00, 9.80402589e-01,
   4.72607613e+00,-1.82327771e+00,-3.10453916e+00,-5.59979141e-01,
  -2.54847497e-01, 6.29631615e+00,-4.45025015e+00,-6.69297040e-01,
   4.36367691e-01, 3.24809253e-01,-7.16599107e-01, 2.97599673e-01,
   1.53393364e+00,-2.76256428e+01, 3.85460186e+00, 3.95759009e-02,
  -5.09361458e+00, 7.49072582e-02, 9.37139153e-01,-3.34135771e-01,
   6.20457554e+00, 3.23371530e-01, 8.26150700e-02,-2.45653972e-01,
   8.83443713e-01,-1.29294312e+00,-1.96691489e+00,-2.78513885e+00,
  -6.72045112e-01, 1.50114632e+00, 1.99752212e+00,-2.08555293e+00,
  -9.09975544e-02, 1.78976250e+00,-1.11520100e+00,-9.04344320e-01,
   2.65144289e-01, 1.78232872e+00, 1.77528524e+00,-5.81664205e-01,
   7.75327921e+00, 8.13172236e-02,-2.13923764e+00,-1.32037716e+01,
  -1.88810289e+00,-4.20174694e+00,-3.41833878e+00, 5.13583136e+00},
 { 4.87000656e+00, 9.86850262e+00,-1.90417337e+00, 5.28073978e+00,
  -2.11751199e+00,-7.48903930e-01,-4.67737257e-01,-2.05447361e-01,
  -4.51200438e+00,-1.45400965e+00, 1.97192490e-01,-1.82619944e-01,
  -5.85372560e-03,-5.93526268e+01, 2.73429692e-01, 1.16464984e+00,
   2.02156472e+00,-4.45230579e+00, 6.54703826e-02, 2.87835270e-01,
   5.99853277e+00,-2.28526282e+00, 3.83743972e-01, 6.10146940e-01,
   1.00719750e+00,-1.40600657e+00,-2.34432086e-01,-8.64422441e-01,
   6.71751142e-01, 3.02052903e+00,-1.97593832e+00,-8.03400949e-02,
  -9.07173514e-01, 8.22830796e-01,-2.79987574e-01,-3.33244890e-01,
   4.22858307e-03, 1.98958528e+00, 1.78081810e-01, 1.82814407e+00,
   2.73907185e-01, 7.26872161e-02,-1.07672267e-01, 7.18413353e-01,
  -1.18234277e-01,-8.60155010e+00,-9.75742489e-02,-2.11623073e-01,
  -1.70820788e-01,-1.99455225e+00,-3.65915823e+00, 3.06260395e+00,
   1.04363739e-01, 4.08963728e+00,-1.19760406e+00,-1.06742058e+01,
  -3.42517161e+00,-5.03548717e+00,-9.11730826e-01,-3.79292518e-01,
  -9.87332165e-01,-2.71302134e-01,-7.11328030e-01, 8.60263884e-01,
   4.24625540e+00, 9.02675152e-01, 8.58558536e-01,-3.23730350e+00,
  -1.39477396e+00, 9.41079140e+00, 1.41361542e-02, 6.78862810e-01,
  -1.23224449e+00,-4.75940132e+00,-1.73158035e-01, 1.72937855e-01,
   8.11803520e-01, 2.12240124e+00,-2.46181464e+00, 8.61870408e-01,
  -1.13002033e+01,-6.71543884e+01, 3.96165729e+00,-5.95004082e-01,
  -1.51183367e-01,-7.83106148e-01,-4.03896952e+00, 2.55094737e-01,
   3.45881134e-02, 2.98244625e-01,-6.27266586e-01, 1.64707571e-01,
   1.11439061e+00, 2.98239326e+00, 2.25763392e+00,-1.35546103e-01,
   5.73436928e+00,-5.27742244e-02, 9.24142182e-01,-1.44574791e-01,
   5.30371237e+00, 9.15506780e-02,-1.15706488e-01,-2.93643713e-01,
   5.04413903e-01,-4.83074218e-01,-6.17073822e+00,-3.76089191e+00,
  -1.92979723e-01, 1.33789682e+00,-1.94125557e+00,-1.43943143e+00,
   1.40173733e-03, 1.23128021e+00,-2.68632412e-01,-5.09659410e-01,
   9.47183371e-01, 4.82719243e-01, 1.40918481e+00,-2.97102481e-01,
   1.09116375e+00, 1.99636370e-01,-1.94419777e+00,-4.80713177e+00,
  -1.35988486e+00,-6.69649541e-01, 2.35859680e+00, 1.22508764e+00},
 {-3.92968774e+00,-4.99195528e+00, 5.19473934e+00,-7.75306511e+00,
   3.45385313e+00, 3.07365870e+00, 2.13480139e+00, 9.73055542e-01,
  -8.13771427e-01,-4.85889256e-01, 1.69185415e-01, 1.63400412e+00,
  -1.27398419e+00, 1.32213187e+00,-5.13038456e-01,-3.55937791e+00,
  -1.50468016e+00,-8.57296064e-02,-3.86029315e+00, 2.72101712e+00,
   1.08862627e+00, 2.00663495e+00, 1.59462118e+00,-1.21989660e+01,
   5.71224499e+00, 3.55817825e-01,-5.01373768e-01,-3.15256906e+00,
   8.05132389e+00, 2.18880033e+00, 3.98281455e-01,-2.81694770e-01,
  -2.03544140e+00,-1.34895253e+00, 3.94480705e-01,-1.04772806e+01,
  -9.29505646e-01,-1.69019642e+01, 2.82868052e+00,-1.26459522e+01,
   2.32491589e+00, 3.01724404e-01,-1.15781292e-01,-1.14264500e+00,
   2.46243730e-01,-1.25324357e+00,-4.29318547e-01, 1.75358415e-01,
  -2.95515800e+00, 1.04482689e+01, 2.57995129e-01,-1.31197920e+01,
  -2.17899370e+00,-2.86709666e+00,-2.96022463e+00, 9.26850700e+00,
   4.98584938e+00, 2.03573537e+00, 4.78998804e+00, 7.12185740e-01,
   3.12921619e+00, 3.28165436e+00,-8.95119905e-01,-9.03425694e-01,
  -1.71578383e+00,-2.69820023e+00,-5.20826721e+00, 3.41423082e+00,
  -1.47530770e+00,-5.79091024e+00,-2.53832793e+00,-8.96088421e-01,
  -4.90804243e+00, 2.62662053e+00, 9.71779972e-03,-4.24363136e+00,
   1.74292803e-01,-2.42310619e+00, 1.90919340e-01,-5.49769878e+00,
   6.31174231e+00, 1.26149499e+00,-1.76745725e+00, 2.63370216e-01,
  -5.31493962e-01,-2.36282277e+00, 2.25463438e+00,-7.68467951e+00,
  -3.07954144e+00, 4.74620771e+00,-4.75148678e+00,-4.96470064e-01,
  -8.49631608e-01,-1.05369234e+00, 3.02123022e+00,-1.95557284e+00,
   1.80477166e+00,-5.60118139e-01, 1.55667877e+00,-1.90781558e+00,
   9.28234637e-01,-1.19087868e+01,-3.82089882e+01, 8.83920074e-01,
   1.34371281e+00,-3.35299873e+00, 2.97135949e+00, 3.30395460e+00,
  -3.14555550e+00,-1.19078279e+00,-6.86357260e+00, 4.91338110e+00,
   6.56222284e-01, 5.14845490e-01, 2.47274709e+00,-2.67817229e-01,
  -1.19856930e+01,-3.08593750e+00,-2.01313066e+00,-2.85839885e-01,
  -6.87185407e-01,-2.26970267e+00, 1.79977536e+00, 2.74104047e+00,
  -9.34832287e+00,-1.68120950e-01,-2.59955525e-01, 3.42564082e+00},
 { 3.89467669e+00,-1.04466543e+01, 1.15782499e+00,-7.64977217e+00,
   2.15573692e+00,-5.24036407e-01, 1.29651755e-01,-4.07144278e-01,
  -9.11175549e-01,-2.35780358e+00,-1.83510575e-02, 3.79619598e+00,
  -1.18773721e-01, 3.33639812e+00,-6.57877773e-02,-1.44200211e+01,
  -1.13999033e+00, 4.32471561e+00,-2.24002481e-01, 2.21328855e-01,
  -2.88009224e+01, 3.43505716e+00,-2.97078490e-01,-2.91536498e+00,
  -7.76626647e-01, 1.40611136e+00,-2.15305611e-02, 1.15046895e+00,
  -1.48241365e+00, 8.83117390e+00,-8.77162993e-01,-1.04161657e-01,
   1.47746265e+00,-9.67379928e-01, 2.44300079e+00, 7.79844761e-01,
   4.62925911e-01,-4.64287519e+00, 1.65216580e-01,-4.24721384e+00,
  -1.90216191e-02,-1.63690656e-01, 3.99994940e-01,-1.07191956e+00,
  -2.27049515e-01,-4.80278540e+00, 4.04151738e-01, 6.48365200e-01,
   2.32095420e-02, 2.23981571e+00, 1.26931667e-01,-2.85091400e+00,
  -2.64294887e+00,-5.37048626e+00, 3.60949367e-01, 1.40700173e+00,
   1.69238913e+00, 5.43994617e+00, 1.85358644e+00, 5.14388442e-01,
   7.49953604e+00, 1.03983414e+00, 7.30828464e-01,-1.22424614e+00,
  -1.10894642e+01,-2.99642181e+00,-5.74186087e-01, 2.68062472e+00,
  -6.69963539e-01,-1.42020826e+01, 5.14585115e-02,-1.87486541e+00,
   6.23680592e-01, 4.82103777e+00, 6.61266208e-01, 2.75586218e-01,
  -5.91557622e-02,-4.71974468e+00, 6.22138679e-01,-1.28393519e+00,
   9.28641987e+00, 4.93769407e+00,-4.20691061e+00, 1.88205928e-01,
   1.69583157e-01,-3.42440701e+00, 1.17930965e+01,-4.30906677e+00,
  -3.45288992e-01,-4.45167124e-02, 2.37480283e+00,-3.28646511e-01,
  -1.29090858e+00,-2.25180149e+00,-2.99327469e+00,-4.20325637e-01,
  -1.71417499e+00,-1.09133050e-01,-2.36669993e+00, 2.35792756e-01,
  -9.08229733e+00,-7.52394140e-01,-3.74877453e-01, 7.97745049e-01,
  -1.45552254e+00, 2.10764810e-01, 5.95336533e+00, 2.18258762e+00,
  -7.24009216e-01,-2.99286604e+00,-1.16141281e+01, 8.28560829e+00,
  -1.59181654e-02,-1.89532816e+00, 1.41518092e+00,-1.15378845e+00,
   2.78223157e+00,-4.77031136e+00,-9.58423138e-01,-2.38415465e-01,
   3.97132456e-01,-6.29659832e-01,-5.66916585e-01, 4.24187899e+00,
   6.91894829e-01, 4.78247023e+00,-2.44872403e+00, 1.09914017e+00},
 {-3.98824787e+00,-2.73400116e+00,-2.95884752e+00,-3.83013034e+00,
  -4.15260434e-01, 9.96953487e+00,-1.07404795e-02,-1.50437927e+00,
  -5.31141233e+00,-3.17021042e-01, 1.31429601e+00,-1.03426874e+00,
  -9.47543085e-01, 3.06297004e-01,-1.45236385e+00,-1.28885674e+00,
  -6.95656013e+00,-4.51585829e-01,-2.46039939e+00, 1.77027166e+00,
   9.21614826e-01, 9.28483844e-01, 2.12416518e-02, 2.74244928e+00,
  -1.48923922e+00,-3.01862180e-01, 2.23700523e+00,-1.01089506e+01,
  -2.01288152e+00, 3.62114072e-01,-8.60219181e-01,-1.89841545e+00,
  -1.90769088e+00,-5.48954582e+00,-9.20007169e-01, 9.93380010e-01,
   2.10391259e+00, 2.21209049e+00, 1.82846904e+00, 1.16553652e+00,
   2.45504951e+00,-6.49502258e+01,-1.71925807e+00, 1.99788105e+00,
  -5.57164192e+00,-1.23588014e+00,-1.56542695e+00,-1.92815259e-01,
   1.24040194e-01,-1.18800271e+00, 2.87082958e+00,-6.95104504e+00,
  -2.28949881e+00,-1.25735343e+00, 1.82156777e+00, 7.74516392e+00,
   4.27013016e+00,-1.06292057e+00, 2.04895926e+00, 5.01097965e+00,
  -6.73952252e-02, 2.37092376e+00, 1.50118530e+00,-7.37500429e-01,
  -4.99505281e-01, 2.77629566e+00, 7.68134737e+00,-8.79491270e-01,
   2.73748785e-01,-3.44204307e+00, 1.40874243e+00,-1.40337184e-01,
  -7.06922233e-01,-1.69924095e-01,-3.73743534e-01,-3.68843627e+00,
  -4.31604815e+00,-5.44837356e-01,-3.08131158e-01,-7.67223164e-02,
   3.10450363e+00,-3.10235232e-01,-3.10695022e-01,-1.43921537e+01,
   4.42858696e-01,-5.50941348e-01, 9.42993611e-02,-2.87282562e+00,
  -2.67536569e+00,-2.11858082e+00,-1.47242367e+00,-1.96285534e+00,
   1.98764443e-01,-7.49972939e-01,-5.97193909e+00,-1.64939672e-01,
   8.20644498e-01,-4.35274154e-01, 3.92153233e-01,-1.67148423e+00,
   9.86975491e-01,-3.55353403e+00, 2.80209994e+00, 6.10819936e-01,
  -5.23720551e+00, 2.75824594e+00, 1.96657431e+00,-1.66820443e+00,
   9.05409241e+00,-1.22458434e+00,-1.78199601e+00, 8.39044690e-01,
   5.38111627e-01, 6.04111373e-01,-2.86876965e+00, 1.14962506e+00,
  -5.23421812e+00,-7.56445289e-01,-2.07209015e+00, 1.98050046e+00,
  -8.39265525e-01, 7.28786707e-01, 2.02535486e+00, 2.59498000e+00,
   6.35350847e+00, 8.60184491e-01, 5.01685552e-02, 2.46226883e+00},
 { 6.21843004e+00,-4.80116653e+00,-2.97443604e+00,-7.13401556e+00,
   7.55569363e+00, 2.80549240e+00,-5.81780863e+00, 4.25304127e+00,
  -3.91259270e+01,-4.34690380e+00,-4.04587793e+00, 1.03101454e+01,
   5.55985391e-01, 4.00206709e+00,-4.14858997e-01,-1.37589023e-01,
  -1.30654454e+00, 2.53646493e+00, 3.82082820e+00,-4.58681631e+00,
   5.18301055e-02, 2.30348992e+00, 1.84445426e-01,-7.43777323e+00,
   9.75087166e-01, 5.04020572e-01,-2.98820972e+00, 1.07826471e+00,
  -1.49858547e-02, 4.26678181e+00,-7.11604059e-01,-5.33501577e+00,
   8.38024712e+00,-1.54765434e+01, 1.39244235e+00, 9.58472347e+00,
   1.42314601e+00,-2.23907299e+01, 1.30161500e+00,-1.52092919e-01,
  -1.36321580e+00,-1.06457746e+00,-7.64063406e+00,-2.35290766e+00,
  -4.03550655e-01, 4.40348577e+00,-1.86766946e+00, 3.36682379e-01,
  -4.52380133e+00, 2.00191665e+00,-1.92678201e+00,-4.01202965e+00,
   1.64408755e+00,-2.67712688e+00, 1.44879222e+00, 2.34186292e+00,
   1.67023465e-02,-6.79888248e+00,-1.50570383e+01,-1.22214079e+00,
   8.11548233e+00, 5.69332600e+00, 9.79076576e+00,-1.00407481e+00,
  -7.85011435e+00,-1.61903515e+01,-9.33613682e+00,-1.96834469e+01,
  -9.60249543e-01,-9.94266033e+00, 2.50807643e-01,-2.24053144e+00,
   1.71676791e+00, 3.78576183e+00, 1.06757152e+00,-4.58203697e+00,
  -6.18832231e-01,-4.02001238e+00, 1.73996150e-01,-2.65972185e+00,
   6.60921860e+00, 2.54240894e+00,-1.82061493e+00,-5.60803711e-01,
   4.21826696e+00,-3.65449667e+00, 1.02355547e+01,-1.72991192e+00,
  -3.17634726e+00, 8.35542202e-01,-4.83822316e-01,-1.87900221e+00,
  -7.90601134e-01,-1.39679849e+00, 1.61163597e+01,-7.82131672e+00,
  -1.24642420e+00,-7.79183626e-01,-3.33185744e+00,-3.65578103e+00,
  -8.78485024e-01, 2.08763242e-01, 5.94190896e-01, 4.96231699e+00,
   3.98585367e+00,-3.37250519e+00, 2.03860664e+00, 2.49396157e+00,
  -9.75757217e+00,-6.21998906e-01,-4.28645277e+00, 4.07273960e+00,
  -3.29080844e+00,-5.24531662e-01,-7.17875099e+00, 1.13053434e-01,
   5.01759958e+00,-3.80688906e+00, 6.64025545e-01,-3.00728154e+00,
   1.61615586e+00, 8.65711510e-01, 9.29844797e-01, 2.54368067e+00,
   2.18889213e+00,-7.67500699e-02,-1.10508156e+00,-6.44198239e-01}};

const float b2[sz_hid_2] = {-23.170593  ,-12.685932  , -3.2422285 ,-12.140672  ,-16.974447  ,
 -12.6345005 , -8.372236  , -7.6656523 ,-11.438112  ,  6.1999955 ,
   0.9283518 ,-14.231289  , -1.2185411 , -5.0722814 , -0.13846315,
  -8.985958  , -6.9249725 ,-12.636347  ,  4.1591244 ,  4.1366963 ,
 -16.566162  ,-26.859098  , -1.3201804 , -9.209967  , -2.5187156 ,
  10.003903  , -2.2691627 , -0.8545008 , -2.7254608 ,  3.539152  ,
   0.2050359 , -5.205934  };

const float w3[sz_act][sz_hid_2] = {{ 0.03313825, 0.23378502, 0.00458627,-0.04452416, 0.12916677,-0.00616146,
   0.00352751, 0.01960011,-0.35940108,-0.0012543 ,-0.10588304, 0.1710049 ,
  -0.00259428,-0.08306088,-0.01623537, 0.23143096,-0.10192102,-0.21111974,
  -0.00175071,-0.00127576, 0.07516774, 0.79223126,-0.00110054,-0.08582701,
   0.001415  ,-0.08244385, 0.12195845, 0.17041789, 0.00536553,-0.15099308,
   0.00917932,-0.04133192},
 {-0.19462867,-0.02929196, 0.10214597,-0.17529301,-0.00409559,-0.09313223,
   0.09886008, 0.11848138, 0.00589611,-0.08349964, 0.00123234, 0.00804275,
  -0.11416306, 0.00441133, 0.09544317,-0.00211177, 0.00193234,-0.00707987,
  -0.10057075, 0.13887604, 0.22650088, 0.0045259 ,-0.11082911,-0.0013141 ,
  -0.0477014 , 0.00706087,-0.0054016 ,-0.00261958,-0.05934328, 0.00758718,
   0.11722398, 0.12909628}};

const float b3[sz_act] = {0.32939494,0.15032034};

