const float w1[sz_hid_1][sz_obs] = {{ 6.59952164e-02,-2.32234262e-02,-5.50101101e-01,-2.38619399e+00,
  -1.77961004e+00,-5.58586001e-01,-2.80435942e-02, 1.22244155e+00,
   4.15172428e-02},
 { 2.02331655e-02,-6.71682367e-03, 1.81999981e-01, 9.06754792e-01,
  -4.85511780e+00,-8.41678202e-01, 1.33929239e-03, 6.69610357e+00,
  -1.63782034e-02},
 {-4.77425486e-01, 3.15133238e+00, 4.28473651e-01, 1.67019510e+00,
   4.27437842e-01,-5.42761385e-01,-2.91986680e+00,-2.22841516e-01,
   1.75873411e+00},
 { 1.95121709e-02,-4.52271290e-03,-1.07031591e-01, 3.81042123e+00,
   2.98102069e+00, 7.04635382e-01,-1.38700735e-02,-7.50782728e+00,
  -6.79660961e-02},
 { 2.38635447e-02,-4.68472764e-02, 1.95270884e+00,-4.33757782e-01,
   1.22743177e+00, 7.14420557e-01,-7.08439425e-02, 3.95531750e+00,
  -2.06951284e+00},
 { 1.03066660e-01,-1.67237058e-01, 1.13089428e+01, 1.05139032e-01,
  -1.65622756e-02,-5.17516583e-02, 9.72268105e-01, 6.73958138e-02,
  -5.09606600e-02},
 { 3.06984559e-02,-2.50429707e-03,-2.72120655e-01, 1.05944991e+00,
   2.16989446e+00,-5.28974652e-01,-1.16361724e-02, 6.55601168e+00,
   1.75320115e-02},
 { 2.09302530e-02,-6.47622049e-02, 2.95801067e+00,-3.38261914e+00,
  -2.17002368e+00,-9.13487971e-01,-1.27774611e-01,-4.95312561e-05,
  -2.22019005e+00},
 { 2.17247196e-02, 9.32784379e-02, 1.14622056e+00, 3.00638461e+00,
   3.24185967e+00,-2.46482277e+00,-9.86274108e-02,-2.76805806e+00,
   1.33798254e+00},
 { 2.20601034e+00, 6.77465796e-01, 6.23702908e+00, 4.71001305e-02,
  -1.38948699e-02,-1.21697113e-01,-2.51230335e+00, 5.31997271e-02,
  -3.05564282e-03},
 { 2.92723775e+00, 1.41406286e+00,-7.11956382e-01, 1.91561296e-03,
  -4.49417764e-03,-1.59595571e-02, 7.43617821e+00, 2.07905583e-02,
  -1.35541568e-02},
 {-1.75853427e-02, 6.27578124e-02,-1.54240358e+00,-1.67377830e+00,
  -3.02823901e+00,-2.86391258e+00, 5.46557456e-02, 2.43584681e+00,
   3.18708253e+00},
 {-3.42836529e-02, 6.22414192e-03, 4.70057249e+00,-2.22296929e+00,
  -5.48625588e-01,-1.49437070e+00,-1.34946741e-02,-6.84627771e-01,
  -2.51962662e+00},
 {-9.65023562e-02,-4.68390323e-02, 4.41435039e-01, 1.52616155e+00,
   2.52861524e+00,-9.06892538e-01,-1.22508243e-01,-3.45478868e+00,
  -3.78780937e+00},
 {-1.69662046e+00, 3.09545493e+00, 3.33196115e+00,-5.20587265e-01,
   8.96973610e-01, 6.28015757e-01,-2.55579925e+00, 5.85617758e-02,
  -1.70358253e+00},
 { 1.27863598e+00, 4.15455014e-01,-6.27295613e-01,-6.03714287e-01,
   1.77876979e-01, 6.16199374e-02, 3.69587970e+00, 1.38851094e+00,
  -5.41656911e-01},
 {-1.75365597e-01,-1.23069191e+00,-8.11057270e-01, 3.28538963e-03,
  -2.41292324e-02, 6.07665218e-02,-4.48083830e+00,-5.65667339e-02,
   3.40479873e-02},
 {-1.80275925e-02,-9.95002463e-02,-8.63688812e-02, 2.02664351e+00,
   1.09808278e+00,-3.06554389e+00, 2.19077319e-01,-3.16720545e-01,
  -2.22322035e+00},
 { 4.13154587e-02,-5.47630750e-02,-5.66826153e+00,-1.11891754e-01,
   2.76166129e+00,-1.94846153e-01, 3.32293287e-02, 3.25599462e-02,
  -2.89746356e+00},
 {-2.23378092e-02,-4.43764264e-03, 1.09221697e+01, 8.75783735e-04,
  -3.85178588e-02,-6.45063771e-03,-2.10906845e-02, 2.08648648e-02,
  -1.94399320e-02},
 {-6.81448588e-03, 8.82588793e-03, 1.48012862e-01, 2.02960134e+00,
  -1.36348569e+00, 5.13679385e-01,-2.91436501e-02,-7.28810406e+00,
   1.63080951e-03},
 { 3.44831586e+00, 1.07422197e+00,-1.67960179e+00,-3.50655825e-03,
  -3.17272805e-02,-5.19311391e-02, 7.91865110e+00, 5.72046228e-02,
  -2.62204912e-02},
 {-4.65738475e-02, 2.57634735e+00, 2.22461510e+00, 1.02533086e-03,
  -1.05141513e-02,-1.21631017e-02,-1.98873436e+00,-2.91507877e-03,
   1.12711461e-02},
 { 3.00339669e-01, 1.36048004e-01,-2.52722054e+01,-3.19177657e-03,
  -2.82766623e-03,-3.61868329e-02, 9.03065860e-01, 1.25744240e-02,
   6.50898367e-03},
 {-1.67493749e+00,-4.78193164e-01,-2.50182891e+00,-4.07538004e-03,
   5.55567676e-03,-1.81272700e-02, 3.53619409e+00,-7.32426113e-03,
  -3.09706554e-02},
 {-9.49622095e-02, 8.43296796e-02,-4.90708399e+00,-1.12141645e+00,
  -1.86951852e+00,-1.33161202e-01,-1.17083549e-01, 6.42098784e-01,
   3.75085688e+00},
 {-1.42984045e+00,-4.23117495e+00,-9.62852955e-01, 3.34644616e-02,
  -3.89458239e-02, 1.26647070e-01, 2.52827168e+00, 5.30521199e-02,
   2.29842104e-02},
 { 2.81171441e+00,-1.22711372e+00, 1.12277424e+00,-1.67916231e-02,
   3.51468176e-02, 2.03318596e-02,-7.53725815e+00,-3.64459935e-04,
   8.20811763e-02},
 { 2.01809146e-02, 1.12348869e-02,-1.11878884e+00, 5.79470634e-01,
  -1.29371095e+00, 2.65749241e-03,-2.39361040e-02, 1.60416126e+00,
   2.87851453e+00},
 { 4.17244108e-03,-1.06535368e-02,-6.93401992e-01, 2.59586906e+00,
  -3.11321306e+00,-7.85308421e-01,-4.75082459e-04, 3.97055745e+00,
  -6.01633340e-02},
 {-2.81157042e-03,-6.87605515e-02,-8.69646907e-01,-2.78388953e+00,
   1.18778038e+00, 4.00538564e-01, 2.11482029e-02,-7.98049450e-01,
  -1.98289938e-02},
 { 9.86139119e-01,-1.47538018e+00,-1.48175788e+00,-1.94992516e-02,
   3.34549025e-02,-5.93637638e-02, 3.97749949e+00,-3.64593416e-03,
   1.76132917e-02},
 { 1.56461179e-01, 2.76676975e-02, 4.15599585e+00, 1.99438727e+00,
   1.54016888e+00,-3.62071276e-01,-1.94774240e-01,-2.56893277e+00,
   2.35096335e+00},
 { 5.45425676e-02, 4.82463762e-02,-2.85054159e+00,-5.77525675e-01,
   4.64037985e-01, 1.66954851e+00,-7.44248480e-02, 2.98654652e+00,
   2.48428035e+00},
 { 6.46183081e-03,-2.87349001e-02,-2.89554656e-01,-3.21886718e-01,
  -2.66317725e+00,-4.80535358e-01,-5.89424511e-03,-4.63000679e+00,
  -2.66215075e-02},
 { 4.92458642e-02, 5.95168024e-03,-1.80471313e+00, 2.55802929e-01,
   1.03558803e+00, 3.07899620e-02,-2.23184265e-02,-2.51672649e+00,
  -2.11895251e+00},
 {-1.66191012e-02, 2.49081403e-02,-3.51090384e+00,-2.21965528e+00,
  -1.48140109e+00, 4.03846174e-01, 7.92986974e-02,-2.21361160e+00,
   3.39780784e+00},
 { 8.75879917e-03,-3.91842835e-02, 4.33648300e+00,-1.12523627e+00,
   2.11452198e+00, 8.79079998e-02, 7.93072302e-03,-1.15910673e+00,
   2.11782813e-01},
 {-1.05650179e-01, 7.90898874e-02, 2.52672410e+00,-2.86709523e+00,
  -1.51519060e-01, 5.41154705e-02, 2.46753454e-01,-1.13751717e-01,
   2.92661810e+00},
 { 2.43853927e+00,-1.63985467e+00,-2.08734059e+00, 5.39409369e-03,
  -4.90593724e-03,-7.33822286e-02, 7.79993057e+00,-1.45695754e-03,
  -2.61953305e-02},
 { 1.56121135e-01, 6.59228116e-02,-1.29313970e+00, 2.11244678e+00,
   1.02091372e-01,-1.48472345e+00,-1.67055167e-02,-2.82081306e-01,
   2.51178765e+00},
 { 4.08734940e-02, 3.78653631e-02, 2.51527154e-03, 1.82977784e-02,
   7.15821013e-02,-5.89383411e+00,-1.17015596e-02,-4.85198386e-02,
  -6.48815855e-02},
 { 1.09435797e+00,-2.54974699e+00,-2.77558994e+00,-3.10593727e-03,
  -1.16335303e-02, 3.61528620e-02, 5.56888819e+00, 2.53344830e-02,
   5.21906000e-03},
 { 1.08444221e-01, 6.81854188e-02, 7.48075676e+00,-6.79240450e-02,
  -9.23434615e-01, 3.24468642e-01,-2.45373547e-01, 4.36476201e-01,
   2.72844768e+00},
 { 4.13984001e-01, 5.49679101e-01,-7.15682888e+00, 1.62986144e-02,
  -1.46234721e-01,-8.22439119e-02,-5.89160979e-01, 1.83007970e-01,
  -6.15462661e-03},
 {-5.89966355e-03,-5.74471839e-02, 1.69840321e-01,-6.82228088e-01,
   4.71536696e-01,-6.41555011e-01,-4.70660365e-04, 2.74803352e+00,
   4.78214622e-02},
 {-6.83793575e-02,-9.96961724e-04,-1.08718433e+01, 1.01369806e-02,
  -1.72310360e-02,-8.43534395e-02,-1.01702034e-01, 2.68028490e-02,
   8.48780014e-03},
 { 2.87884188e+00, 2.10171342e+00, 3.88203740e+00,-2.28772801e-03,
  -4.42158468e-02,-2.14652475e-02,-4.22443581e+00, 8.38117972e-02,
  -2.56253686e-02},
 { 2.84000468e+00, 1.19478869e+00,-3.24732327e+00,-1.37960827e-02,
   9.09912959e-03, 1.55359758e-02,-9.95969921e-02, 1.76496096e-02,
  -1.88014715e-03},
 {-3.13309693e+00,-1.75794971e+00,-1.83820319e+00, 6.04923395e-03,
  -6.78212987e-03, 4.16799039e-02, 9.21800554e-01,-6.85687661e-02,
   1.27705894e-02},
 { 3.28292203e+00, 2.04507804e+00, 2.33564901e+00, 6.00164244e-03,
  -9.74432565e-03,-3.24799940e-02,-9.39074516e+00,-7.23751774e-03,
   9.00962669e-03},
 { 5.96096337e-01, 7.65154243e-01,-1.86105812e+00, 2.24095392e+00,
  -3.25947367e-02, 1.25786865e+00, 2.10308695e+00, 3.29055250e-01,
  -1.53568625e+00},
 {-3.38886939e-02,-1.02875471e-01, 2.19784546e+00,-2.00132489e+00,
  -1.72225308e+00,-2.55668855e+00, 1.24319263e-01, 2.13867998e+00,
  -4.71344233e+00},
 {-1.56712718e-02, 8.00547469e-03,-2.43470740e+00, 2.58993673e+00,
   6.92392886e-02, 3.81895393e-01, 7.69461459e-03, 4.81120855e-01,
  -3.58711171e+00},
 { 1.82287879e-02, 2.01473292e-02, 1.25069007e-01,-8.76061380e-01,
   5.46601176e-01, 1.03564930e+00,-5.19085415e-02,-4.36851549e+00,
   9.97083932e-02},
 {-1.29898153e-02, 1.07556041e-02, 2.39313599e-02,-1.40269470e+00,
   2.30917907e+00, 1.92279756e+00,-1.55659035e-01,-2.72951394e-01,
   3.01953363e+00},
 { 2.11771536e+00,-1.75125027e+00, 9.66288209e-01, 1.84686445e-02,
   1.85272340e-02, 1.62753668e-02,-6.52340984e+00,-2.31406596e-02,
   6.10620435e-03},
 { 1.66521800e+00, 2.35203242e+00, 3.27573228e+00,-3.83541882e-02,
   5.73637430e-03, 7.85437152e-02,-5.01363754e+00, 5.42877754e-03,
  -1.00262556e-02},
 {-2.61045694e-02,-5.34516796e-02,-1.19379389e+00,-2.15317398e-01,
  -3.97069067e-01,-2.10179493e-01, 1.90276094e-02, 2.54326487e+00,
   1.32822764e+00},
 { 3.52132297e+00,-2.72634172e+00,-2.71953630e+00, 1.24140158e-02,
  -4.09419974e-03, 1.39019340e-01, 4.35196447e+00, 3.06499121e-03,
  -9.88354068e-03},
 { 1.31876394e-01,-1.02181630e-02, 7.18159854e-01, 1.35303962e+00,
   3.16162872e+00, 1.66138351e+00,-1.08936884e-01, 2.54858017e+00,
  -8.49998891e-01},
 { 9.89343412e-03,-1.58478260e-01, 2.74567127e+00,-2.18220282e+00,
   1.26285684e+00,-5.06195605e-01, 1.14985622e-01, 1.49541092e+00,
   2.92709112e+00},
 { 2.63917074e-02,-2.61509046e-02, 1.81386685e+00,-1.61729062e+00,
  -1.05375850e+00,-2.08161712e+00, 7.36775622e-02,-1.51814890e+00,
   1.66644347e+00},
 {-1.26640689e+00,-2.68355608e+00, 3.41669917e+00, 1.64937116e-02,
   2.74319178e-03, 7.32620582e-02,-3.92954993e+00, 6.75583556e-02,
  -5.62760942e-02},
 {-3.23301964e-02,-2.47709993e-02,-4.27097231e-01,-4.51598316e-01,
  -3.78927231e+00,-2.23925471e+00, 8.48768055e-02, 4.70078802e+00,
  -3.19624953e-02},
 { 1.39598221e-01, 1.62168033e-02, 2.99315500e+00, 1.83420420e+00,
   5.76792620e-02, 5.82707524e-01,-2.04843041e-02,-8.19741562e-03,
   2.18841267e+00},
 { 1.64824948e-02, 1.91247510e-03,-1.63076341e-01, 2.74835896e+00,
  -8.38440776e-01, 5.27062035e+00, 1.92519045e-03,-7.15321255e+00,
   2.67474875e-02},
 { 1.04808390e-01, 1.36806861e-01,-7.14363337e-01,-1.66614103e+00,
  -2.56615424e+00,-2.27028346e+00,-2.19368681e-01,-7.62484193e-01,
  -2.05560946e+00},
 { 4.36723948e-01,-8.02884340e-01, 2.16022110e+01,-5.55727184e-02,
   6.62718143e-04, 1.30964804e-03,-2.25344205e+00,-6.75476342e-02,
  -1.78240295e-02},
 {-8.13752413e-02, 6.63567409e-02, 9.35462676e-03, 5.22876263e+00,
   5.03675938e-01, 7.01254904e-01, 6.71114447e-03,-7.13710499e+00,
   3.10788341e-02},
 { 1.39628994e+00, 1.49155617e+00,-5.48630238e-01,-1.21129312e-01,
  -1.15136905e-02, 1.73186690e-01, 5.71639299e+00, 5.03325425e-02,
   1.22336872e-01},
 {-2.51534451e-02, 7.04385713e-02,-4.37208986e+00, 1.40649176e+00,
   1.74723828e+00, 2.17108414e-01, 6.92979023e-02,-4.09039974e+00,
   2.02698326e+00},
 {-3.04255057e-02,-1.05097093e-01, 3.73586035e+00, 3.07956010e-01,
   2.91520524e+00, 4.09463286e-01, 1.79722399e-01, 2.96945065e-01,
   1.86600840e+00},
 { 6.83893040e-02, 5.00796214e-02, 1.80722642e+00, 5.17959714e-01,
   3.63145992e-02, 2.90835738e-01,-8.08366314e-02,-1.70563865e+00,
   3.39324713e+00},
 { 1.44329488e+00,-5.89159504e-02, 4.20053631e-01, 4.03518111e-01,
   1.14955294e+00,-7.94114470e-01,-2.73720026e+00,-1.07814062e+00,
   2.22886419e+00},
 {-1.69182444e+00, 9.96000051e-01, 2.88774085e+00, 5.31103201e-02,
  -1.61030274e-02,-4.01916169e-02,-4.19656038e+00, 3.16475108e-02,
  -4.62942943e-02},
 {-4.22361074e-03,-1.32908244e-02, 3.15288365e-01, 1.44195282e+00,
   4.17260551e+00, 9.28545833e-01, 8.27850476e-02,-1.04756479e+01,
  -1.47487387e-01},
 { 3.26692034e-03,-2.61221398e-02,-3.91851552e-02,-5.07335551e-02,
  -2.33282391e-02, 3.82826114e+00, 4.26341034e-03, 7.86833989e-04,
   1.46318488e-02},
 {-5.67968726e-01,-4.60639000e-01, 7.07227826e-01,-9.30879824e-03,
   2.10200772e-02,-1.41133098e-02,-2.60937834e+00,-1.14584845e-02,
  -1.74679551e-02},
 {-2.74328012e-02, 1.27279405e-02, 6.86327875e-01, 3.72962832e-01,
  -2.85533142e+00, 9.48544204e-01,-3.08570508e-02,-1.86939180e+00,
  -3.16056944e-02},
 { 8.40681016e-01,-2.79514956e+00,-2.56304264e+00, 2.42276005e-02,
   3.54569964e-02,-3.97615060e-02, 5.36180210e+00, 1.01724945e-01,
  -2.15170190e-01},
 {-9.06115890e-01, 5.50300598e-01, 1.41094899e+00,-4.76727113e-02,
  -1.03482410e-01,-1.50432378e-01, 1.76736701e+00,-5.67570701e-02,
  -7.06400583e-03},
 { 3.20391133e-02, 5.08245379e-02,-1.39661717e+00,-2.03363836e-01,
   7.75917321e-02, 2.94908255e-01,-1.14568867e-01,-2.27024585e-01,
  -3.75676131e+00},
 { 1.54693604e-01,-1.49942711e-01,-1.06336570e+00, 7.09355056e-01,
   2.25442362e+00,-1.37231290e+00,-2.74149865e-01,-3.83829141e+00,
   2.96110177e+00},
 { 1.33372813e-01, 1.55509263e-01, 6.03759384e+00,-7.61153340e-01,
  -1.15663517e+00, 6.51746333e-01,-2.59571582e-01, 1.00502801e+00,
  -9.08758044e-02},
 { 3.34506273e+00, 3.15545511e+00, 4.74379778e-01, 2.20719744e-02,
  -2.75287237e-02,-5.38972914e-02,-5.60000229e+00,-4.10006475e-03,
  -2.68828534e-02},
 { 9.68947172e-01,-7.29218185e-01, 1.07594633e+01, 1.43079339e-02,
  -1.80825852e-02, 7.89194182e-02,-3.23166704e+00, 4.10116976e-03,
  -5.04400721e-03},
 {-3.49900424e-01, 1.99716163e+00,-6.79195547e+00, 4.92034703e-02,
  -2.09140833e-02,-8.41104165e-02, 4.28509521e+00, 1.34266652e-02,
  -1.50514836e-03},
 { 4.44457579e+00, 3.98197651e-01,-4.93548489e+00,-1.09306071e-03,
   4.63924259e-02, 6.27842844e-02, 4.17931890e+00,-5.39809167e-02,
  -1.17625529e-02},
 { 8.08528721e-01, 3.41556454e+00, 4.10289943e-01,-1.52702322e-02,
  -3.57739404e-02,-6.72012940e-02,-2.21194887e+00, 6.14016736e-03,
  -8.38848855e-03},
 {-3.52452286e-02, 4.80819168e-03, 1.44972384e-01, 2.95312905e+00,
  -1.63178802e+00,-7.66351283e-01, 1.40986545e-03, 6.89307022e+00,
  -6.29363358e-02},
 { 1.76983718e-02, 4.00647372e-02, 3.44152260e+00, 2.07125998e+00,
   3.65986258e-01, 8.62161890e-02,-2.80452687e-02,-6.75567150e-01,
  -3.02430034e+00},
 { 2.57342911e+00,-1.43744802e+00, 2.84874249e+00,-5.77622466e-03,
   1.83704700e-02,-1.86479166e-02,-7.20114803e+00, 2.45214589e-02,
   2.59916577e-02},
 { 3.02234432e-04,-1.84738543e-02, 2.21073925e-01, 2.68677759e+00,
   8.25571895e-01,-1.05485475e+00,-1.35516664e-02, 7.44382572e+00,
  -2.23052315e-02},
 { 5.18189184e-02,-1.44654671e-02,-8.72033741e-03,-1.05826247e+00,
  -5.76782286e-01, 8.90291095e-01, 2.81419996e-02,-2.54272914e+00,
  -3.73054035e-02},
 {-1.70237851e+00,-2.57251072e+00,-5.44874620e+00, 1.07065506e-01,
   4.92374785e-03,-1.73983887e-01, 3.08692312e+00, 8.25032443e-02,
  -6.54297024e-02},
 {-8.94232243e-02, 7.25460872e-02,-1.78571963e+00, 1.67595458e+00,
  -4.65341711e+00,-1.18068898e+00, 7.72018060e-02, 2.65512347e+00,
   6.32685125e-01},
 { 4.41735685e-01, 4.12711293e-01, 9.03796494e-01, 1.56497025e+00,
  -1.28964707e-01, 2.01016331e+00,-8.56084883e-01, 2.17633057e+00,
  -1.65040219e+00},
 { 4.79334481e-02,-4.64010192e-03,-6.79811537e-01,-2.16039702e-01,
   3.42037225e+00,-1.14186668e+00,-9.03482065e-02, 5.04926443e+00,
   1.75138190e-01},
 { 4.23420183e-02,-2.88744848e-02, 1.02148998e+00,-5.49031436e-01,
   1.86529422e+00, 7.29831994e-01,-2.05044020e-02, 4.49479103e+00,
   1.48956275e+00},
 { 2.71565430e-02,-8.11129715e-03, 1.58515775e+00, 1.01608193e+00,
  -4.29859161e-01, 6.38853371e-01, 3.44350152e-02, 1.38146687e+00,
  -1.10847807e+00},
 { 8.83855484e-03, 6.72751479e-03,-1.38792321e-01, 2.90959144e+00,
   1.66640863e-01, 8.37157667e-01,-3.85562219e-02,-8.64484978e+00,
  -5.28902235e-03},
 { 5.79110943e-02,-1.87196240e-01,-5.72278118e+00,-1.96890092e+00,
   1.08155453e+00, 5.88766411e-02, 6.06978089e-02,-5.28721273e-01,
   7.76974142e-01},
 { 1.72820222e-02,-1.50320530e-02, 2.34299943e-01, 3.27558827e+00,
  -9.62282717e-02, 1.27202046e+00,-1.80819281e-03,-7.42908716e+00,
  -1.10140219e-02},
 { 2.25864444e-02,-4.01148200e-02,-2.01688361e+00,-7.80222178e-01,
   3.70512271e+00, 3.67982686e-01, 6.98626116e-02,-3.85151649e+00,
   2.19174191e-01},
 { 2.02181602e+00, 7.71617472e-01,-1.20651436e+00, 9.99908075e-02,
  -7.43660256e-02, 1.90987438e-01,-5.02935505e+00, 3.29099804e-01,
   4.74064387e-02},
 { 4.20550592e-02, 7.52506405e-02,-1.43416452e+00, 1.81985235e+00,
  -4.86882269e-01, 2.32304549e+00,-9.92473736e-02, 1.63996935e+00,
   3.03820634e+00},
 {-4.32162024e-02, 7.96067491e-02,-5.78644395e-01,-2.09579968e+00,
   7.78551161e-01, 1.80034626e+00,-4.72060870e-03,-2.70030320e-01,
  -2.73744607e+00},
 { 2.95978263e-02,-4.14773747e-02, 2.47421813e+00, 3.85597982e-02,
   3.69621587e+00,-1.53439879e+00, 1.26134381e-01,-2.08343220e+00,
   2.50723243e+00},
 { 3.34069610e+00, 2.92996168e-01, 8.12808990e-01, 1.93540771e-02,
   1.44758567e-01, 4.37411219e-02,-6.15733957e+00,-1.23868041e-01,
   8.18688124e-02},
 { 4.38189283e-02, 2.17839610e-02, 1.70477852e-01, 1.18507099e+00,
   3.27499294e+00, 9.59387243e-01,-3.89936119e-02,-6.32635641e+00,
  -1.49516361e-02},
 { 2.15179294e-01, 6.15935981e-01,-4.78872359e-01, 2.39603090e+00,
   3.99551034e-01,-8.30896974e-01, 1.95628226e+00,-5.67776442e-01,
   1.13412118e+00},
 {-5.69877103e-02, 9.78383943e-02, 3.17276508e-01, 2.57004976e+00,
  -3.57562482e-01,-1.00365362e+01,-8.50827098e-02, 5.69491053e+00,
  -1.24022782e-01},
 { 4.65164855e-02, 1.55222965e-02,-1.63812673e+00, 3.20186472e+00,
  -1.16313004e+00,-7.45221257e-01,-1.04896957e-02, 2.26420164e+00,
  -5.69641776e-02},
 {-1.09951019e+00, 2.94422603e+00, 9.92373049e-01,-6.17808104e-03,
  -7.05040339e-03,-1.15835078e-01,-3.45988631e+00, 1.17522469e-02,
   4.36102459e-03},
 {-1.92255160e-04, 1.32705569e-01,-1.35643654e+01,-1.54698621e-02,
  -1.26145571e-01,-7.88863748e-02,-6.61044344e-02, 1.26790389e-01,
  -4.16361121e-03},
 { 5.56481063e-01, 1.07244694e+00, 5.02618647e+00,-6.43700540e-01,
   3.01478338e+00, 1.46143064e-01,-1.85789227e+00, 2.39342600e-01,
   2.05361271e+00},
 {-1.36087574e-02, 1.61027850e-03,-4.10598040e+00,-2.00757933e+00,
   1.69596803e+00,-6.86759770e-01,-1.01446658e-01, 2.44090438e+00,
  -3.17289042e+00},
 {-1.12201730e-02,-9.79472883e-03, 1.32644340e-01, 3.48428130e+00,
  -1.68287647e+00,-1.23469532e+00, 1.20057637e-04, 9.29247284e+00,
  -1.90534480e-02},
 {-1.49075994e-02, 1.73123425e-03, 2.37449241e+00, 5.17088115e-01,
   3.31118181e-02, 6.00479841e-02, 2.05344353e-02, 1.26575792e+00,
  -4.70013094e+00},
 { 1.60662818e+00,-2.34076142e+00,-3.63473940e+00,-1.45042203e-02,
  -8.61621462e-03,-5.01723140e-02, 3.34828758e+00,-1.89499988e-04,
   6.15953701e-04},
 {-1.96898592e+00,-1.16194975e+00, 5.44170952e+00, 1.98562965e-02,
   2.71086544e-02, 4.83958647e-02,-1.53059852e+00, 1.07832886e-02,
  -4.49573249e-02},
 { 1.80249023e+00, 1.57513833e+00,-1.52766216e+00, 3.18549690e-04,
  -1.93633663e-03, 3.24288732e-04, 7.05029869e+00,-5.15889470e-03,
  -3.90239409e-03},
 {-2.66741896e+00, 2.57325578e+00,-5.73516130e+00, 1.04412429e-01,
   1.39113925e-02, 2.34785110e-01,-3.56526196e-01, 2.83666141e-02,
   6.42353967e-02},
 {-1.80713981e-02,-4.62194197e-02,-4.77339888e+00,-1.36955237e+00,
  -9.61051106e-01,-1.59924769e+00, 8.61930549e-02, 3.03442031e-01,
  -3.47844052e+00},
 { 2.78509402e+00, 1.11759686e+00,-2.12060666e+00,-8.54391605e-03,
   1.06787784e-02, 4.64965729e-03, 7.64028549e+00,-7.51031516e-03,
  -5.00026299e-03},
 { 5.76079972e-02,-1.97848663e-01, 4.78514814e+00, 1.46597445e+00,
  -2.03581572e+00,-1.57576218e-01,-1.15639225e-01, 3.73288035e+00,
  -3.87705588e+00},
 { 2.96299219e+00,-4.11598571e-02,-4.74173069e+00,-3.46719585e-02,
   7.87783638e-02,-1.61673993e-01,-2.83947825e+00,-9.00453627e-02,
   1.63438190e-02}};

const float b1[sz_hid_1] = {-1.2507163 ,-1.9966468 ,-6.2659154 ,-3.565012  ,-4.194609  ,-0.9478139 ,
 -5.497098  ,-5.6583405 ,-3.9895134 ,-1.3436221 ,-5.081764  ,-5.29544   ,
 -3.5374565 ,-4.279786  ,-5.117243  ,-4.304825  ,-3.9524908 ,-2.354895  ,
 -5.679386  ,-0.05900893,-4.960233  ,-5.655961  , 0.9996044 , 0.46284977,
 -1.4503931 ,-5.554776  ,-3.3168223 ,-5.212159  ,-1.0472984 ,-2.2901835 ,
 -1.2465726 ,-1.1237904 ,-3.289262  ,-3.5084736 ,-4.9938045 ,-0.34126756,
 -4.4930687 ,-1.739739  ,-4.1658654 ,-1.970955  ,-2.0022864 ,-0.72873163,
 -2.7295282 ,-4.499862  ,-1.6490384 ,-0.41900548,-0.10275378,-2.3181934 ,
 -2.2437193 ,-2.2030344 ,-2.6002784 ,-4.517403  ,-6.0925455 ,-2.5311396 ,
 -2.4359603 ,-4.48257   ,-4.5399375 ,-2.4314153 ,-0.512675  ,-3.5600042 ,
 -4.279838  ,-4.1537676 ,-3.0523026 ,-4.854267  ,-5.283108  ,-1.5371705 ,
 -3.3267002 ,-3.6654608 ,-1.220265  ,-5.7570124 ,-4.5320587 ,-2.8670714 ,
 -4.6661463 ,-1.2575738 ,-3.817531  ,-2.5373988 ,-0.2845992 ,-0.5191157 ,
 -0.24430302,-1.0784775 ,-5.109746  ,-1.7433087 ,-0.8123732 ,-4.861163  ,
 -1.9035113 ,-3.5739    ,-2.2719295 ,-3.9842958 ,-4.9608836 ,-0.7365259 ,
 -3.1492765 ,-2.0091019 ,-3.8587606 ,-4.110143  ,-0.54214084,-4.7529798 ,
 -4.8171215 ,-2.4669638 ,-5.214061  ,-5.3343234 ,-0.46278468,-3.8312368 ,
 -2.400924  ,-3.948931  ,-2.3815823 ,-4.3156805 ,-2.3968716 ,-2.6561499 ,
 -6.1526384 ,-3.9072318 ,-1.7939407 ,-4.449497  ,-0.8143248 ,-0.7151854 ,
 -1.6737489 ,-0.97952557,-6.0557156 ,-4.622319  ,-2.7556496 ,-1.743869  ,
 -0.48843798,-2.24381   ,-5.0834713 ,-3.71962   ,-5.0075097 ,-4.009981  ,
 -6.5329046 ,-2.2953808 };

const float w2[sz_hid_2][sz_hid_1] = {{-1.31000865e+00,-1.04622936e+00, 4.77197856e-01, 4.16614532e+00,
   8.05350399e+00,-7.75192201e-01,-2.16034174e+00,-3.74222565e+00,
  -4.22512865e+00,-1.80381283e-01, 9.97518823e-02,-1.55952435e+01,
  -4.31162924e-01, 2.23175213e-01, 1.58846881e-02, 2.61703825e+00,
   1.43042594e-01,-2.01916122e+00, 4.79099035e+00, 1.56306827e+00,
   7.50810719e+00,-3.81035471e+00,-1.79044139e+00,-6.64569974e-01,
  -1.76192951e+00,-1.09812818e-01, 6.44662321e-01, 3.04841232e+00,
   4.34809637e+00, 3.34297180e+00,-2.42289633e-01,-1.56232595e+00,
   4.98075187e-01,-5.52558947e+00, 2.85197949e+00, 2.09542012e+00,
  -1.44447520e-01, 2.54841900e+00, 1.22850323e+00, 8.55074286e-01,
   4.60669374e+00,-7.90893197e-01,-1.75206435e+00, 1.69507611e+00,
  -1.92623770e+00,-4.16491222e+00,-1.43854964e+00, 9.33161438e-01,
   5.62095165e-01,-3.80989946e-02,-2.82285881e+00,-6.93366575e+00,
  -1.49731195e+00,-4.13433504e+00, 1.09571040e+00,-1.65389595e+01,
  -2.64867711e+00, 1.71882570e+00, 4.60958481e+00,-1.27525377e+00,
   4.90214062e+00,-2.05239201e+01,-1.83106744e+00,-1.63639784e+00,
   7.28642321e+00,-7.10895717e-01, 1.16216743e+00,-2.86714491e-02,
   1.52072579e-01, 3.50804424e+00,-1.66862845e+00,-1.78819752e+00,
  -9.35785294e+00,-6.68460417e+00,-1.15563679e+00, 1.30038881e+00,
  -7.99037099e-01, 9.43743229e-01, 1.78652763e+00, 1.47859871e+00,
  -8.99083078e-01, 1.60606611e+00,-1.02953279e+00, 2.88577890e+00,
  -2.89578152e+00, 1.74700141e+00, 3.15539449e-01, 1.79756045e+00,
  -8.62183094e-01, 4.85844817e-03,-2.98880410e+00, 7.95963943e-01,
  -2.79349089e+00, 1.23698199e+00, 8.69325101e-01,-1.41410053e+00,
   1.76757932e+00,-3.01319528e+00, 2.76086807e+00,-1.12967081e+01,
  -7.41892242e+00, 5.56451511e+00, 4.42499304e+00,-9.80212307e+00,
  -1.75363922e+00, 2.16664958e+00, 7.95599401e-01,-7.86946528e-03,
   3.20530796e+00, 1.12591112e+00,-1.03994060e+00,-1.78567207e+00,
  -1.33357942e-01,-4.06719558e-02, 1.94732189e+00, 1.15315163e+00,
  -3.99058193e-01, 1.84787321e+00, 4.07018900e+00, 2.67584771e-01,
   1.64076090e+00,-2.30127871e-01, 1.64488542e+00,-1.20326698e+00,
   9.65521634e-01, 3.89532828e+00, 2.78865695e+00,-2.43456513e-01},
 {-1.83592543e-01, 2.15311777e-02,-2.08940840e+00, 4.94600505e-01,
   1.59103125e-01, 1.17976658e-01, 1.23644185e+00,-6.66756105e+00,
  -1.25953406e-01, 7.10489377e-02, 1.76735270e+00, 9.94602442e-02,
  -8.09335113e-01, 4.67877746e-01, 3.50308716e-01, 1.01932597e+00,
   2.60003400e+00,-6.35447726e-02,-6.88969970e-01, 4.25399840e-01,
   9.02912140e-01,-8.46774006e+00,-1.66381395e+00,-1.92528832e+00,
  -3.22740555e+01, 2.10927773e+00, 5.39904070e+00,-4.49392557e+00,
   5.17704368e-01, 5.16737625e-02,-1.23617992e-01,-1.10763168e+01,
  -6.55537426e-01,-2.85396487e-01,-8.30404699e-01,-9.85257328e-02,
   1.91342369e-01, 7.83023387e-02,-1.20173752e-01, 6.88258410e+00,
  -5.43511331e-01, 3.62385690e-01,-6.08262825e+00, 5.75317562e-01,
   6.05665505e-01,-1.57611400e-01, 7.93837023e+00, 1.12341344e-01,
  -1.52842474e+00,-2.55566573e+00,-5.97493601e+00,-2.91643828e-01,
  -6.80283070e-01, 5.27549982e-02, 2.33476013e-01,-2.66363174e-01,
  -8.45211506e+00, 3.49000025e+00, 1.16402879e-01,-2.34154773e+00,
   6.02994978e-01, 4.73540574e-01, 4.19929922e-01,-4.12552595e+00,
  -2.07048488e+00,-1.55671954e-01,-1.75620511e-01,-2.39522964e-01,
  -4.34073031e-01, 5.90482771e-01,-2.17950776e-01,-4.01494913e-02,
  -5.59635282e-01,-5.90406239e-01,-3.54095548e-01, 2.77149409e-01,
   1.66047364e-01, 2.51036257e-01, 2.92555213e+00, 3.24743688e-02,
   6.04257393e+00,-3.95211482e+00, 4.31561917e-01,-5.14614105e-01,
   9.54016000e-02,-6.45050526e+00,-1.41346872e+00,-2.10738564e+00,
   5.26517534e+00,-1.25875914e+00, 2.09605232e-01, 4.88790482e-01,
  -4.06195116e+00,-3.58215421e-02, 1.96080491e-01, 1.07446461e+01,
   2.81216741e+00,-7.02048600e-01, 1.08445846e-01,-2.00038338e+00,
  -7.03258932e-01,-1.32686770e+00, 1.34822071e+00, 1.13924229e+00,
  -4.42584455e-01, 8.04874361e-01, 7.74133801e-01, 7.40251899e-01,
   8.52685094e-01,-8.20754433e+00, 6.55782297e-02, 2.52057344e-01,
  -4.78246100e-02,-8.99604484e-02, 3.56793904e+00,-1.92064774e+00,
  -5.81317806e+00,-1.59771293e-01, 3.27371955e-01,-3.68949354e-01,
   3.00472379e+00, 2.66282892e+00,-2.42756820e+00,-7.43873119e+00,
  -8.18099082e-01, 4.28236341e+00, 1.21122396e+00,-4.15228933e-01},
 {-9.29926857e-02, 1.25459237e-02,-2.40784548e-02,-2.76602618e-02,
   6.64461702e-02,-1.00491673e-01, 2.43990030e-02, 2.76212972e-02,
  -4.38737310e-02,-2.26482772e-03, 1.57537498e-02,-8.84638056e-02,
  -7.50161707e-02, 1.48939351e-02,-9.66263413e-02,-3.71470191e-02,
   7.28083625e-02, 1.07050873e-02,-6.83348998e-02,-2.83446889e-02,
  -9.35663581e-02,-7.14157969e-02,-9.69851986e-02,-1.01535425e-01,
  -3.02965119e-02,-6.48243353e-02,-5.64383194e-02,-1.81040853e-01,
  -1.40571520e-02,-5.71326651e-02,-8.43500867e-02,-7.38521591e-02,
  -9.63455588e-02,-5.71282394e-03,-8.71601924e-02,-7.35467896e-02,
   6.25519305e-02,-7.44111650e-03,-1.02944903e-01,-6.27446324e-02,
  -4.38724943e-02,-6.71978146e-02,-1.51196541e-02, 4.61558700e-02,
  -7.91608170e-02,-3.62171009e-02,-1.20432325e-01, 4.30054293e-04,
   1.41203951e-03,-1.08087339e-01,-5.55195063e-02,-9.51780565e-03,
  -2.87770610e-02,-1.06556304e-02, 1.31005817e-03,-2.38398444e-02,
  -4.55010869e-02,-4.52080853e-02, 5.45134023e-03,-3.54423076e-02,
  -1.19051740e-01,-5.35465442e-02,-5.98169398e-03,-3.43936868e-02,
  -1.05421022e-01, 2.08843984e-02,-2.58324705e-02,-1.14089958e-02,
  -3.94886583e-02,-5.96202537e-02, 2.93191336e-02,-4.50420007e-02,
  -6.26323223e-02,-8.77276715e-03, 1.07415405e-03,-3.13309729e-02,
  -1.03418440e-01,-1.77490246e-02,-1.68797269e-01,-6.68280199e-02,
  -1.51253294e-03,-4.22972441e-02,-1.64331540e-01,-3.85539606e-02,
  -3.21835540e-02,-1.11903302e-01,-5.90694994e-02, 1.58160813e-02,
   5.68170696e-02,-2.15395377e-03, 1.79594904e-02,-8.50473717e-03,
   6.02000356e-02, 1.48157952e-02,-5.90308830e-02,-5.43470792e-02,
   6.99914843e-02,-3.52830440e-02,-1.40440211e-01,-9.99659598e-02,
   1.33315381e-02, 7.31939971e-02, 5.90073317e-02,-8.62892158e-03,
   1.10722473e-02,-8.93166885e-02,-7.58357719e-02,-1.88160002e-01,
   4.60622832e-03,-3.39070000e-02,-8.68171230e-02,-1.49289258e-02,
  -9.01555866e-02,-8.00100267e-02,-2.89564449e-02,-5.63670062e-02,
  -6.83673173e-02,-1.02786653e-01,-3.41619998e-02, 3.62096839e-02,
   7.93101918e-03,-1.44249469e-01,-1.00409314e-02,-2.25194339e-02,
  -1.20773055e-01,-1.07169695e-01,-4.89187017e-02, 4.22274601e-03},
 {-1.30143416e+00, 2.28879571e+00,-8.84278238e-01, 1.44165969e+00,
   3.92388201e+00, 2.45509773e-01, 1.13403978e+01,-4.58961248e+00,
  -3.09705764e-01, 2.19707221e-01,-6.22830570e-01,-3.79970741e+00,
   6.27524912e-01,-1.57403994e+00,-1.32087624e+00,-2.04286933e+00,
  -2.67208248e-01,-2.90323365e-02, 1.36110735e+00,-2.92947382e-01,
   4.76502752e+00, 4.97475576e+00, 1.09111595e+00, 4.98162150e-01,
   7.88604915e-01,-3.66285372e+00, 2.42421478e-01,-4.30360079e+00,
   1.52523026e-01,-1.90614593e+00,-9.11181569e-01, 1.15093827e+00,
   7.84697175e-01, 1.60695970e-01, 1.44221210e+00,-7.84487724e-01,
   3.84895712e-01,-7.60792792e-01,-3.25069934e-01,-1.04745722e+00,
   5.49274325e-01,-6.86874660e-03, 1.08489347e+00,-3.49571705e+00,
  -7.54770398e-01, 9.52181071e-02, 4.04557228e-01,-2.94276536e-01,
  -2.34963819e-01, 4.19168353e-01, 1.87088847e+00,-1.96616495e+00,
  -2.04874344e+01, 7.81100702e+00,-6.38077676e-01,-6.24681616e+00,
   2.00061250e+00,-1.20682573e+00, 2.67856538e-01, 8.76123160e-02,
  -1.08258238e+01,-5.72592258e-01,-8.91590416e-01, 1.61113119e+00,
   4.72388029e+00,-1.00709403e+00, 9.95824873e-01,-2.53465462e+00,
  -2.56989360e-01,-1.26178265e+00,-2.69144386e-01, 6.56920671e-01,
   3.89531469e+00,-1.29397824e-01, 2.51342797e+00,-9.01157677e-01,
   1.06433845e+00, 1.22047734e+00,-1.09869349e+00, 6.71225607e-01,
   1.31252575e+00, 1.83738396e-01,-3.98921132e+00,-4.81652164e+00,
   2.95294046e+00,-1.52414751e+00,-3.97124767e-01,-2.80919820e-01,
   6.01673305e-01, 2.81512886e-01, 7.97261429e+00,-1.89054310e+00,
   2.03679585e+00,-2.55357051e+00,-7.77152658e-01,-1.06228769e+00,
   4.58151484e+00,-1.10410714e+00,-3.23186088e+00, 1.17448292e+01,
  -2.04024768e+00, 7.15464067e+00, 1.19741239e-01,-1.04263649e+01,
  -1.90549433e+00, 1.12330532e+00,-4.82900763e+00, 4.61105919e+00,
  -2.86327809e-01,-8.97601604e-01,-2.03750038e+00, 3.75131035e+00,
  -2.30787769e-02,-3.57434243e-01,-1.01102960e+00,-1.11805499e+00,
   2.66803765e+00,-1.32459545e+00,-4.99377632e+00, 3.95811796e-01,
  -9.29692805e-01,-8.71060938e-02,-3.30359125e+00,-1.28083363e-01,
  -1.02067404e+01,-2.23325133e+00, 1.18861456e+01, 4.23093468e-01},
 { 3.34672540e-01,-1.12627827e-01,-3.51994538e+00, 1.89319730e+00,
  -2.96327138e+00, 2.97522259e+00, 2.04255342e+00, 4.55832571e-01,
  -5.79232872e-01,-9.11215007e-01,-6.03555202e+00,-1.44522107e+00,
  -8.01838934e-01,-2.73434818e-01,-7.85933018e+00, 6.22381985e-01,
   2.06983280e+00,-2.94767693e-02,-2.05213213e+00,-8.55186403e-01,
   5.23709416e-01, 4.85852671e+00, 1.24142694e+00, 1.09799361e+00,
   2.14865279e+00,-4.79520273e+00,-5.95925713e+00,-2.94132662e+00,
   4.82584000e+00,-5.05461156e-01, 3.68147969e+00, 3.19459152e+00,
  -7.99624562e-01,-3.48092461e+00,-3.18324178e-01, 2.24419427e+00,
  -8.69286633e+00,-2.00418544e+00,-1.07844555e+00,-5.14651155e+00,
  -2.59230644e-01, 7.37158716e-01, 6.82991648e+00,-3.26618505e+00,
   5.55982292e-01,-3.34747028e+00,-1.20170283e+00, 2.04246253e-01,
  -2.96547222e+00,-1.48321640e+00, 2.96977377e+00,-3.74682951e+00,
  -1.96960974e+00, 9.10454869e-01,-3.72637963e+00, 3.17619586e+00,
   1.75488484e+00,-1.36284912e-02, 3.11046529e+00,-5.37146854e+00,
  -3.47048378e+00,-1.29879308e+00, 1.18220758e+00, 1.78544629e+00,
  -1.10062897e+00,-2.08431268e+00, 9.01947320e-01, 6.09272182e-01,
  -3.28204364e-01,-5.23938417e-01, 2.08241153e+00,-2.15701723e+00,
  -1.10425997e+00,-3.59195685e+00, 4.64768186e-02, 2.84843731e+00,
  -1.17836110e-01, 6.41016290e-02,-2.82850456e+00,-7.56716788e-01,
   3.19195318e+00, 5.63200998e+00, 5.52399755e-01, 1.80038977e+00,
   6.20308399e-01,-2.06603909e+00, 1.23420250e+00,-5.62399089e-01,
   9.07447338e+00, 1.14224780e+00, 1.18290150e+00,-8.58592033e-01,
   2.56897092e+00,-1.24613345e+00,-7.37871587e-01, 1.72135079e+00,
  -1.41732430e+00, 9.69084620e-01,-4.79130298e-01,-1.04727781e+00,
  -7.49534249e-01,-2.52350044e+00,-3.88899267e-01, 9.34890509e-01,
   2.86332518e-01, 1.77599466e+00, 1.08947694e+00,-2.34653026e-01,
   1.56591070e+00,-3.40810513e+00, 8.23330820e-01,-5.46478462e+00,
   5.38866162e-01,-5.60288429e-02,-2.89518762e+00,-2.63985276e+00,
   8.15257740e+00,-4.57757139e+00,-8.03041041e-01,-4.15567219e-01,
   1.39697981e+00,-5.93719435e+00, 4.15523243e+00, 1.76948905e+00,
   2.88151562e-01,-8.24122524e+00, 3.43638420e+00, 6.46586001e-01},
 {-6.05079010e-02, 1.18324928e-01, 3.76562166e+00, 1.09888029e+00,
   9.65365171e-01, 7.17802286e-01, 2.12935138e+00,-1.31466103e+01,
  -9.90910009e-02,-3.50241160e+00,-3.22964358e+00, 2.07050204e+00,
  -7.42804885e-01, 1.58363640e-01, 4.29031229e+00, 4.49208654e-02,
  -2.68241835e+00, 1.48025498e-01,-8.67935836e-01, 8.99909139e-01,
   1.06576145e+00,-5.49097776e+00,-4.81446832e-01,-2.43511295e+00,
   1.58291137e+00,-9.55106437e-01,-3.34234881e+00,-3.17880011e+00,
   5.29281557e-01, 2.49754176e-01,-3.61678302e-02,-1.07338607e+00,
  -2.77496672e+00,-9.90451157e-01,-1.08165121e+00, 7.43734121e-01,
   1.62889257e-01,-4.74020272e-01,-1.71292996e+00,-1.01880513e-01,
  -4.46096808e-01, 6.56226091e-03,-1.04445899e+00,-5.21287382e-01,
   1.32502699e+00,-4.12632912e-01, 4.75141764e+00, 7.14722455e-01,
   5.49628735e+00,-1.70248878e+00, 2.02176666e+00,-2.82536459e+00,
  -3.17784405e+00,-2.55248267e-02,-4.78875607e-01, 5.64362258e-02,
   8.20615590e-01,-3.59241366e+00,-9.15419832e-02,-2.15332818e+00,
   4.83456105e-01,-1.29634917e-01, 9.32256401e-01, 3.12536597e+00,
  -1.48465061e+00,-3.14291984e-01,-2.37772718e-01,-1.16732490e+00,
  -4.05066580e-01, 5.35150409e-01,-1.64039925e-01, 1.87759489e-01,
  -1.08765543e+00,-6.88955605e-01, 4.71244693e-01, 2.88530064e+00,
  -1.98937394e-03, 6.69313371e-01, 5.33988774e-01,-2.51739085e-01,
  -4.15638596e-01, 6.08791053e-01, 2.39599589e-02, 9.62894499e-01,
  -4.57121491e-01,-2.19445753e+00, 7.32295275e-01, 3.81581187e+00,
  -1.97646737e+00, 5.52295685e-01, 4.75086421e-01, 6.23870604e-02,
   3.53196883e+00,-4.68199819e-01, 5.42513192e-01, 1.53170478e+00,
   1.57543570e-01,-1.32646561e+00, 1.17480442e-01,-2.47714853e+00,
  -1.09044635e+00,-9.98574018e-01, 1.16895676e+00, 8.80340397e-01,
  -5.37522376e-01, 8.35018158e-01, 8.34938645e-01, 2.35293970e-01,
  -4.46230173e+00,-1.47894275e+00,-5.36173508e-02,-2.95789337e+00,
  -3.94194983e-02,-2.03701392e-01,-3.71596694e+00,-5.31039834e-02,
  -5.61372519e+00,-2.71423668e-01, 3.94154973e-02,-3.77995223e-01,
   1.73952746e+00,-5.28367519e+00,-5.28854549e-01, 1.05644934e-01,
  -3.24947685e-01, 1.13781757e+01,-7.66541910e+00,-1.19314027e+00},
 { 6.09369352e-02,-8.02482367e-02,-3.18809581e+00, 1.68647096e-01,
   7.20875382e-01,-4.69440460e+00, 4.10157472e-01,-1.76030278e-01,
  -2.79430240e-01, 2.35305476e+00, 2.80801702e+00, 9.20993369e-03,
  -3.30713034e-01, 1.77606240e-01,-7.21309280e+00,-4.59592164e-01,
   4.76058722e+00,-3.28922570e-02,-8.99748385e-01, 2.07053018e+00,
   4.33584899e-01,-8.75320053e+00,-2.93255162e+00, 2.25403857e+00,
  -8.31954837e-01,-8.67392182e-01,-2.09921026e+00,-7.95955324e+00,
   7.02636540e-02, 3.65834981e-02,-3.59734856e-02,-1.65553629e+00,
  -1.44195020e-01, 2.17947349e-01,-2.01873243e-01, 1.32664606e-01,
   8.05614069e-02,-1.57027721e-01,-9.29587334e-02, 3.50038588e-01,
  -1.02119818e-01, 3.87627542e-01, 3.36356491e-01, 1.23267615e+00,
   3.03957057e+00,-1.77587032e-01, 1.87683427e+00, 7.83091933e-02,
   1.29958224e+00,-2.11135244e+00,-6.65875006e+00,-4.94497299e-01,
  -1.00176089e-01,-5.07479645e-02, 1.98699743e-01,-3.62537336e-03,
   5.27170062e-01,-7.91908169e+00, 1.57749970e-02,-2.14888549e+00,
   2.63113946e-01, 3.57334107e-01, 9.33567435e-02, 3.82969737e-01,
   9.90384340e-01, 1.43361405e-01,-6.10682890e-02,-2.19549779e-02,
   2.58270502e-01, 5.29588878e-01,-1.34776390e+00,-2.13513047e-01,
   6.95025563e-01,-8.77058730e-02, 5.47136545e-01,-6.10982180e+00,
  -4.97595891e-02, 2.74246991e-01, 4.25274998e-01,-4.32740711e-02,
  -1.08295898e+01,-2.42435336e-01,-7.37214237e-02, 2.40480408e-01,
   3.45637858e-01, 7.00449765e-01, 1.27876389e+00,-9.66751799e-02,
  -3.84811372e-01,-7.32065856e-01, 2.64590740e-01, 2.37293229e-01,
  -5.50952613e-01,-1.64705306e-01, 1.67926699e-02,-1.56829762e+00,
   5.01778424e-01,-5.00618890e-02, 8.76681358e-02,-1.17197442e+00,
  -3.53090554e-01,-1.73481792e-01, 5.42121269e-02, 3.45411927e-01,
   6.76247152e-03, 5.35626698e+00, 1.73497256e-02, 2.03728124e-01,
   1.51300895e+00,-4.03426981e+00,-7.97977671e-02,-3.27122808e-01,
  -1.53373620e-02,-9.08186212e-02,-1.16141500e+01,-6.14840078e+00,
  -1.40885181e+01,-3.55415255e-01, 5.82036562e-02,-5.56641184e-02,
   1.40306509e+00,-5.89883626e-01, 2.91614604e+00,-2.49559236e+00,
   1.07501435e+00, 6.06144428e+00,-3.68481922e+00, 1.23283291e+00},
 {-1.03188372e+00,-1.22825646e+00, 1.27742067e-01,-3.77208281e+00,
  -1.98607826e+00, 3.15703541e-01, 7.13380718e+00,-3.64171004e+00,
   5.43429017e-01, 2.28016391e-01, 2.48383522e-01,-8.99768412e-01,
  -2.64369988e+00, 1.41520187e-01, 1.89865425e-01,-5.43236658e-02,
  -8.52450877e-02, 8.64743948e-01, 1.89205420e+00, 2.88724571e-01,
   9.80731869e+00,-1.25019300e+00,-3.44056785e-01,-1.27890438e-01,
   4.83468212e-02,-1.58967113e+00, 4.70195115e-02, 1.55629945e+00,
   3.10240000e-01,-2.77892917e-01,-1.99966908e+00,-3.35330516e-01,
  -1.64770794e+00,-9.91469264e-01, 3.25664115e+00, 3.66018414e-02,
   1.45805633e+00,-1.79905832e+00, 1.04979493e-01,-1.05571769e-01,
   2.55771041e+00, 3.61344886e+00,-2.16101989e-01, 9.24607456e-01,
   3.51406723e-01,-1.45854771e-01,-4.85346466e-01, 2.66255558e-01,
   1.72412157e-01, 6.94323983e-03,-1.02541041e+00, 8.04725662e-02,
  -1.83323428e-01,-2.74350572e+00, 1.04722996e+01, 9.91157144e-02,
  -6.99954391e-01, 3.55132073e-01,-2.69642264e-01,-1.73132166e-01,
  -3.44069183e-01, 5.75530469e-01,-1.35993972e-01,-4.49128658e-01,
   1.78317058e+00,-2.87231064e+00,-9.96351182e-01, 1.44021499e+00,
  -7.51745254e-02, 5.73961735e+00, 1.01543881e-01, 3.73412704e+00,
   3.84547859e-01, 3.03603828e-01, 6.24928594e-01, 4.85432208e-01,
  -4.26192188e+00, 1.18663108e+00, 5.40112257e-01, 2.10880065e+00,
   6.37831688e-01,-1.05805501e-01, 1.47507012e-01,-1.03777850e+00,
  -5.62543154e-01, 7.60690391e-01, 3.48237932e-01, 2.60358423e-01,
  -1.72764525e-01,-3.18949372e-02,-3.59612060e+00, 2.85875297e+00,
  -4.21086550e-01, 4.77613688e+00,-1.01555836e+00,-3.72868657e-01,
  -5.65130138e+00,-3.66931334e-02, 2.12131667e+00, 1.80363864e-01,
   8.73736024e-01,-3.41892314e+00,-9.78226125e-01,-5.55062485e+00,
  -3.24220562e+00,-1.26265967e+00,-1.32267570e+00, 6.54501244e-02,
   2.32022896e-01, 3.17525864e-01, 5.04841137e+00,-1.98779273e+00,
  -3.31160098e-01, 2.66255903e+00, 5.88337719e-01, 1.85226873e-02,
  -5.91012180e-01, 1.40741467e+00, 4.71161556e+00,-3.85996759e-01,
   4.02387410e-01,-1.24774622e-02, 5.98323107e-01, 1.97694749e-02,
   5.84365177e+00, 1.01652324e+00,-5.74826431e+00, 7.99332634e-02},
 { 1.17896903e+00, 1.04905868e+00, 2.54107738e+00, 3.84044552e+00,
   5.63511133e+00,-3.09619665e-01,-8.54289341e+00,-6.53860140e+00,
  -2.17028320e-01, 3.09256781e-02, 1.76508591e-01,-1.59785855e+00,
   1.46613050e+00,-1.87252522e+01,-5.09853512e-02, 1.26625299e+00,
   2.84327060e-01,-2.54053146e-01, 3.26961398e+00, 7.85373807e-01,
  -2.61767626e+00,-2.64377213e+00,-1.62080753e+00,-1.21171579e-01,
  -8.14091980e-01,-2.04459739e+00,-2.02590786e-02, 4.08411407e+00,
  -2.97781825e-01,-9.04569745e-01,-3.73228192e-02,-1.84201968e+00,
   1.09879263e-01,-7.84381688e-01,-2.14407196e+01,-2.11644143e-01,
  -8.04964975e-02,-2.65059257e+00,-3.63744617e+00, 5.43630958e-01,
  -1.66698217e+00,-1.98029661e+00,-1.25155854e+00, 3.44941473e+00,
   2.40037513e+00, 2.28217626e+00,-1.24999022e+00, 5.14005423e-01,
   6.89375341e-01,-2.61748042e-02,-2.73369527e+00, 9.89383340e-01,
   1.14909887e-01, 3.32123065e+00,-4.34228363e+01, 1.37125945e+00,
  -2.43323445e+00, 1.41758931e+00, 1.86388880e-01,-8.35806906e-01,
   3.68410885e-01,-1.82019222e+00,-8.34495354e+00,-2.61331511e+00,
   8.41334820e+00, 2.05027103e+00, 5.41916251e-01,-3.85052109e+00,
   6.82955282e-03,-8.47669029e+00,-2.92963767e+00,-1.85039088e-01,
  -1.28067923e+00, 2.84981132e-01,-4.51827943e-02, 1.16038442e+00,
   4.97446203e+00, 2.39595675e+00, 2.01387739e+00,-2.22557473e+00,
  -9.83814776e-01,-4.47410196e-02,-1.06852233e+00, 5.91290140e+00,
  -1.15300143e+00, 1.83808875e+00, 2.38530099e-01, 6.57066047e-01,
  -1.87830937e+00,-7.83391148e-02, 4.07256365e+00,-4.79282141e+00,
  -2.38564181e+00,-6.73626041e+00,-2.94243765e+00, 1.20182943e+00,
  -8.26253033e+00, 1.35928750e+00,-4.40245771e+00,-1.25766191e+01,
  -1.14489007e+00, 7.04552555e+00,-3.93094599e-01, 1.30048072e+00,
  -1.96781981e+00,-3.73097706e+00,-1.18604161e-01,-4.42622066e-01,
   2.89734674e+00, 3.23091483e+00,-1.71173611e+01,-2.38526165e-01,
   4.73679483e-01,-2.29738760e+00, 1.75984633e+00, 5.09313047e-01,
  -1.23816442e+00,-2.08295083e+00,-6.67924166e+00,-5.73885217e-02,
   1.59035993e+00, 3.80043119e-01, 3.37661147e+00,-5.44773191e-02,
   3.88671565e+00, 3.20268822e+00,-2.05579972e+00,-2.08815977e-01},
 { 2.76868796e+00, 1.51320302e+00, 2.88797069e+00, 3.17378616e+00,
  -1.79678891e-02,-3.20261747e-01,-4.98955107e+00, 7.02884674e+00,
  -1.80235958e+00, 5.28604865e-01,-4.21076393e+00, 1.40328753e+00,
  -4.14890909e+00,-3.83582622e-01,-1.28695473e-01, 1.30218649e+00,
  -8.20691049e-01,-3.55811447e-01, 1.38539672e+00,-1.04530466e+00,
  -2.96107602e+00, 9.59753609e+00, 1.79478991e+00, 3.03515613e-01,
   1.27105153e+00, 8.47169161e-01, 5.45498729e-01,-6.21744823e+00,
  -1.55053079e+00,-2.28873610e+00, 1.55996633e+00, 9.27012026e-01,
  -1.06335354e+00, 3.46202803e+00,-2.47398396e+01, 2.27092171e+00,
  -1.20287266e+01, 2.37429237e+00, 3.04602206e-01,-8.97187650e-01,
  -8.87178802e+00,-2.08285522e+00, 1.58373058e+00, 1.12542331e+00,
   4.07254219e-01, 1.33208573e+00, 3.26945156e-01,-4.36924815e-01,
  -8.63594770e-01, 5.01009464e-01, 2.67331338e+00,-8.48831385e-02,
  -1.13047228e+01, 1.39813590e+00,-2.08470478e+01,-2.31024176e-01,
   2.13631415e+00,-1.60069895e+00, 3.19255948e-01, 6.24131143e-01,
   4.22194242e-01,-1.61705744e+00, 3.99992895e+00, 1.90897214e+00,
   4.60625362e+00,-2.41203856e+00, 1.04474711e+00,-6.18306398e-01,
   1.43132359e-01,-8.43039513e+00,-1.32041013e+00,-6.00831795e+00,
   2.26226091e+00, 1.68632066e+00, 1.47048712e+00,-1.42342401e+00,
   5.01853991e+00, 3.88860035e+00,-1.53166616e+00,-3.45191622e+00,
   8.71836960e-01, 7.86773115e-03,-2.31302634e-01,-2.52821505e-01,
   3.47664118e+00,-2.65384912e+00,-8.35955679e-01,-1.20598280e+00,
   8.73781979e-01, 1.33903652e-01, 3.18662834e+00,-1.68551302e+00,
   2.93039203e+00,-6.44652605e+00,-3.00944233e+00,-7.98834622e-01,
   7.27857065e+00, 1.41042322e-01,-4.38196754e+00,-7.22776055e-01,
  -1.13200963e+00, 6.28897524e+00, 3.25043344e+00, 4.00203085e+00,
  -7.68452072e+00, 3.80853868e+00,-1.62738574e+00,-3.37574172e+00,
  -4.83518934e+00,-1.75613666e+00,-8.15701103e+00, 1.23466456e+00,
   3.39040905e-01,-2.21495128e+00,-1.58972740e+00,-7.47959554e-01,
  -6.10448897e-01,-5.41845989e+00,-8.03950500e+00,-4.64929640e-01,
  -1.40161395e+00,-2.98465369e-03,-9.93816662e+00, 5.60084581e-01,
   2.91927487e-01,-2.84456062e+00, 1.21091728e+01, 5.57161927e-01},
 { 1.35707200e-01, 6.56201914e-02,-2.63462663e-01, 2.05936506e-01,
  -2.94288486e-01,-5.56014633e+00, 1.35993019e-01, 3.56429875e-01,
   8.81435946e-02, 1.07084966e+00, 2.11499706e-01, 2.66049281e-02,
   6.80238241e-03,-1.44512862e-01, 6.07836060e-02,-3.22089314e+00,
   3.75800818e-01, 9.39874444e-03, 3.91969144e-01, 1.17361903e+00,
   3.08331490e-01, 3.47103500e+00,-5.26530743e-01, 2.35657883e+00,
  -1.56436101e-01,-4.29351509e-01,-3.05830598e+00,-3.44036961e+00,
  -5.01551218e-02,-4.87507321e-03, 2.14971229e-02, 2.36203337e+00,
  -3.07633370e-01,-1.25492632e-01,-2.35219285e-01, 3.11942250e-02,
   1.19897477e-01,-3.61457244e-02,-2.38769785e-01,-5.59242904e-01,
   4.24630105e-01,-4.08816300e-02,-1.33130674e+01, 1.42954779e+00,
  -1.13513756e+00,-2.10696429e-01,-2.37704325e+00,-2.04271960e+00,
   5.55741787e-01,-2.14191496e-01, 2.29934835e+00,-1.80839494e-01,
  -4.22177725e-02, 6.00445643e-02, 8.59802216e-02, 2.04806566e-01,
   3.69485521e+00,-2.42894292e+00, 6.91358745e-02,-3.45648360e+00,
   3.64258923e-02,-3.85746330e-01,-3.35617930e-01, 2.24660739e-01,
  -5.97151995e-01,-2.68095195e-01,-1.56408139e-02,-2.65599824e-02,
   2.58150578e+00,-9.47450161e-01,-1.10087740e+00, 4.63747270e-02,
   4.35754091e-01, 3.21160704e-02, 3.32960665e-01, 9.88098308e-02,
  -1.28568470e-01, 6.48403447e-03, 7.95035362e-01,-5.19238859e-02,
   7.71299124e-01,-9.92403221e+00,-3.16290632e-02, 5.15222512e-02,
  -7.77681708e-01,-5.95094144e-01, 2.41908145e+00,-7.15868521e+00,
  -7.67665339e+00, 1.31663525e+00,-3.39720100e-02,-1.76952451e-01,
   1.71451664e+00,-1.56315804e-01, 5.77681102e-02, 8.51575470e+00,
   2.95962620e+00, 1.79833606e-01, 5.82524016e-02, 7.74633348e-01,
   1.80645674e-01,-1.53427556e-01,-2.15376556e-01, 1.36212468e-01,
   1.62919350e-02,-8.46313059e-01,-1.51031241e-01,-1.53646216e-01,
   5.72024822e+00,-2.00849384e-01, 8.96726921e-02,-1.49017191e+00,
   2.07763352e-02,-3.06161512e-02,-1.38100553e+00,-2.90373063e+00,
  -2.59316397e+00, 2.26286620e-01,-5.29008396e-02, 4.03311662e-02,
   1.96609497e-01, 2.20130265e-01, 7.34844446e+00, 2.23078322e+00,
   7.46562243e-01, 6.78734362e-01, 4.50546980e+00, 1.10997796e+00},
 { 6.58845246e-01,-2.28377438e+00, 5.15315294e-01,-6.54029846e-01,
   1.99652779e+00,-4.99966107e-02, 9.03419113e+00,-2.44898424e-01,
  -5.17762089e+00, 6.32533655e-02, 3.62653583e-02, 1.71239388e+00,
   1.50931343e-01,-5.67455217e-02, 7.99167454e-02, 4.35554838e+00,
   2.48495370e-01,-3.90514806e-02, 5.52279806e+00, 2.52298458e-04,
  -7.27067649e-01,-4.72162254e-02,-8.78354302e-04,-1.77704934e-02,
  -5.29391691e-02, 5.65590084e-01,-5.65367900e-02,-5.01946330e-01,
  -4.35745940e-02,-2.29324903e-02,-1.33367449e-01, 1.06727146e-01,
   1.72636300e-01,-5.70912027e+00,-6.68634623e-02, 2.16954425e-02,
   4.49692868e-02,-3.47638309e-01, 1.94408651e-02,-4.23181988e-02,
  -1.86903492e-01,-1.84689426e+00, 3.94417793e-02,-1.07901013e+00,
  -3.40253145e-01,-2.24189806e+00, 1.27421871e-01,-4.25449125e-02,
   1.26254559e-02,-2.46285629e-02, 3.41803953e-02,-1.33835003e-01,
  -1.76541656e-01, 1.24521628e-01,-2.13198110e-01, 5.41852283e+00,
   1.39654577e-01,-2.94806212e-02,-3.83125186e-01,-7.89978281e-02,
   2.35303950e+00,-5.43867350e-01,-5.60522303e-02,-2.62453724e-02,
   5.16258526e+00, 3.79670829e-01, 4.34529591e+00, 4.35198061e-02,
   2.36498434e-02,-3.89671135e+00,-2.90638864e-01, 8.65080655e-02,
   2.91294312e+00,-1.48354415e-02, 2.22700179e-01,-5.65353669e-02,
   8.27930450e-01, 1.66722858e+00,-6.68901727e-02, 6.14521623e-01,
   6.74843118e-02, 1.85928538e-01,-4.92188148e-02,-1.10477440e-01,
  -2.01815754e-01,-3.33682708e-02, 4.12481725e-02,-4.91720289e-02,
   2.00585455e-01,-1.56526826e-02, 8.19198668e-01,-1.18819766e-01,
   8.38386565e-02, 1.74457538e+00,-1.87278658e-01,-4.12577316e-02,
  -1.73258588e-01,-2.21103758e-01,-1.48821278e+01,-1.17225623e+00,
   5.64708784e-02,-8.41355145e-01,-7.28178024e-02,-5.63448429e-01,
  -3.24017018e-01, 8.23565781e-01,-4.08704914e-02,-1.20321184e-01,
   5.36588860e+00, 4.54156101e-02,-3.94884765e-01, 1.89846784e-01,
   1.17063940e-01, 1.13705230e+00,-1.82921533e-02, 5.31738363e-02,
   9.16639328e-01,-2.80811405e+00,-6.42581940e-01, 3.59198302e-02,
  -3.42575870e-02, 1.21309668e-01, 1.68883801e-03, 1.27119839e-01,
  -3.89443231e+00, 1.65520050e-02,-1.70720139e+01,-1.19026713e-02},
 { 3.92191792e+00, 1.30374217e+00,-1.00016201e+00, 1.98473501e+00,
   4.95666265e+00,-1.28664732e+00,-6.67502356e+00, 3.67911577e-01,
   1.40593219e+00,-8.42828333e-01, 4.42669249e+00,-8.82595897e-01,
   1.24317251e-01,-5.94386435e+00, 2.97648668e-01, 2.24752173e-01,
  -6.31114304e-01,-3.51696634e+00,-1.18849385e+00, 2.00071096e+00,
  -4.13792896e+00,-4.66221857e+00,-1.60088110e+00,-1.64486423e-01,
  -1.22620595e+00,-6.09954834e+00, 3.55719566e-01, 6.69995070e+00,
   1.78582942e+00, 1.65571225e+00, 6.67475414e+00, 1.11939192e+00,
   6.69075847e-01, 7.21615314e+00,-8.33906364e+00, 6.18899584e+00,
  -1.94503231e+01, 1.78335738e+00, 2.41840315e+00, 5.44183612e-01,
  -1.88883114e+00, 1.63048732e+00,-2.27232099e+00,-1.15471613e+00,
  -5.69595933e-01,-1.63075078e+00, 2.90439963e+00,-2.29040012e-01,
   8.57690215e-01, 7.27608204e-02,-1.52581716e+00,-2.81576157e+00,
   2.12979034e-01,-5.40325499e+00,-6.82324362e+00,-7.81867325e-01,
   2.02554727e+00, 1.97078228e+00,-4.51026964e+00, 1.02009058e-01,
  -6.22361279e+00,-3.83429909e+00, 3.34243679e+00,-4.71395284e-01,
   7.40748167e-01, 2.81852221e+00, 9.03380096e-01, 1.59953630e+00,
   7.00225234e-02, 3.15879524e-01,-2.57706952e+00,-1.11484158e+00,
  -7.33342266e+00, 1.01054800e+00,-3.71702170e+00,-5.16273201e-01,
   5.89528441e-01,-2.34283701e-01, 4.77897078e-01,-4.59961414e+00,
   7.80141234e-01,-2.81671691e+00,-1.12021184e+00,-1.54339433e+00,
  -2.78927505e-01, 2.85582781e+00,-5.61397851e-01, 2.18131065e-01,
   6.05105050e-02,-8.09781432e-01, 5.91382742e+00,-3.24833870e+00,
  -4.69024897e+00,-5.35006571e+00,-3.65051498e+01, 1.07612319e-01,
   1.31121472e-01,-3.20468092e+00,-4.53874254e+00,-3.90386730e-01,
  -8.49740267e-01,-8.34219575e-01, 1.28722453e+00, 3.75536323e+00,
  -2.17653036e+00,-5.96169472e+00,-1.22785938e+00, 4.47746897e+00,
  -1.19458032e+00, 1.56708980e+00,-1.46587598e+00,-3.54403853e-01,
  -1.22349906e+00,-1.87208390e+00, 2.90111709e+00,-1.86779213e+00,
  -8.29390109e-01,-5.31644297e+00,-3.55947161e+00, 1.62594706e-01,
  -1.79109722e-01, 3.33757073e-01, 2.99351597e+00,-9.67404187e-01,
   1.58940232e+00,-2.50343889e-01, 2.11233687e+00,-1.01963806e+00},
 { 3.70244694e+00,-6.61578238e-01,-1.10084331e+00, 1.13795745e+00,
  -3.39284629e-01,-9.26067173e-01,-1.56953692e+00,-5.57996213e-01,
   1.06758010e+00,-1.09140110e+00,-9.73266602e-01, 1.06847906e+00,
  -1.65087986e+00,-2.72640347e+00,-1.04585493e+00, 2.72180533e+00,
  -1.08568430e+00, 1.79951274e+00, 6.99382019e+00, 3.28924239e-01,
  -1.98790205e+00,-2.29155040e+00,-2.61941004e+00,-1.46757185e+00,
  -2.55723953e+00, 6.52317643e-01, 4.69299018e-01, 8.70252800e+00,
  -3.18859386e+00, 9.41540480e-01, 6.99282694e+00, 9.62123275e-01,
   3.02286386e+00,-6.89676857e+00, 1.70909226e+00,-5.62103701e+00,
  -4.68083763e+00, 1.31156218e+00, 3.15480280e+00, 1.68520784e+00,
  -1.16011894e+00, 9.85540729e-03,-4.86125278e+00,-8.08295548e-01,
  -4.95087624e-01,-3.36529493e+00, 3.47274208e+00,-5.16056903e-02,
  -2.98023552e-01,-7.25696683e-01,-3.63403797e+00,-6.44198000e-01,
  -2.26562333e+00,-2.06117719e-01,-2.76901746e+00, 4.55709457e+00,
  -3.97588825e+00, 3.26302218e+00,-4.48035431e+00, 1.48504063e-01,
  -1.40895247e+00,-1.10504732e+01, 3.49505520e+00,-6.35224390e+00,
  -9.54863644e+00,-7.84886241e-01, 1.00611866e+00,-1.55949764e+01,
   4.44743127e-01, 9.83169317e-01,-2.02225089e+00,-9.10103083e-01,
  -1.69136543e+01, 4.97224760e+00,-3.03455949e+00, 5.17861903e-01,
  -1.07216561e+00, 2.72629887e-01, 1.84065568e+00,-7.16641545e-01,
  -5.08787036e-01,-1.60467398e+00,-2.94322944e+00,-1.40016770e+00,
   1.02762091e+00, 4.00700521e+00,-8.31812859e-01, 2.15949845e+00,
  -3.80904704e-01, 1.52478456e-01,-2.54798055e+00,-4.22912806e-01,
  -5.31430101e+00, 5.58350086e-01,-1.08921266e+00, 2.71364403e+00,
   5.25633526e+00,-2.35447213e-01,-8.81078243e+00,-5.76083088e+00,
   8.92082274e-01,-4.10860872e+00, 2.15382886e+00, 3.03343296e+00,
   5.72560310e-01,-3.34102798e+00, 1.52321041e+00, 1.19362450e+00,
   1.97271574e+00, 4.14300537e+00, 1.07443368e+00,-6.19191706e-01,
  -1.47180974e-01, 1.09557962e+00, 2.86381340e+00, 8.11695993e-01,
   7.91766286e-01,-3.54619718e+00, 1.68663010e-01, 7.26708221e+00,
  -3.94602180e-01, 5.69843352e-01, 3.27400327e+00,-2.41135359e+00,
  -1.46485424e+00, 1.96731997e+00, 8.77974406e-02,-2.43144703e+00},
 { 3.41634043e-02,-1.31010171e-02,-6.86409250e-02,-6.25983700e-02,
   3.53461467e-02,-6.17788211e-02, 5.32839680e-03,-7.88734630e-02,
   7.97600672e-03,-7.52615416e-03, 1.25626335e-02, 1.53434072e-02,
  -7.80755430e-02, 3.94115895e-02,-3.56272273e-02,-2.22071838e-02,
  -9.95971262e-02, 2.99615096e-02,-1.82170346e-02, 4.90980968e-02,
   5.15290797e-02,-5.33303134e-02,-1.15239233e-01,-2.96994653e-02,
  -5.12365885e-02,-3.93823981e-02,-4.75222915e-02, 6.17846521e-03,
  -1.37310728e-01,-6.40154034e-02,-4.25133780e-02,-7.10423244e-03,
   4.94154319e-02,-7.40671977e-02,-1.05858535e-01, 2.48434371e-03,
  -1.46858171e-02, 5.82252070e-02,-6.85380250e-02,-7.53720924e-02,
  -6.72387183e-02,-2.53517982e-02, 3.35383900e-02,-8.62270221e-02,
  -1.37154739e-02,-2.26671640e-02, 4.52301539e-02,-8.82748812e-02,
   3.51572596e-02,-1.01930246e-01,-7.72325993e-02,-8.80368948e-02,
   5.61180003e-02,-7.09621459e-02,-1.78878084e-02,-4.54050116e-02,
   6.64676577e-02,-9.20120534e-03,-1.08010001e-01,-3.34850103e-02,
  -3.09129544e-02,-1.01937763e-01,-1.32369921e-02, 1.84712633e-02,
  -1.33362813e-02,-3.61111164e-02,-7.20983297e-02, 1.01260850e-02,
  -7.67390355e-02, 3.84769775e-02, 2.96703894e-02, 4.30011982e-03,
  -4.21738029e-02,-1.06746949e-01,-5.88352755e-02, 5.28478362e-02,
  -1.27059281e-01,-9.68513936e-02,-7.61925429e-02, 4.78806160e-03,
  -7.91935176e-02,-9.34724435e-02,-6.05211779e-02,-2.66220216e-02,
   2.41354816e-02,-6.16342807e-03,-1.13695577e-01,-1.05152234e-01,
   5.79899643e-03,-5.60897402e-02,-6.13354184e-02,-2.46196799e-02,
  -8.49290192e-02, 4.22715023e-02,-4.10004407e-02,-4.65462431e-02,
  -8.64176229e-02, 3.95632833e-02,-6.99938908e-02,-2.70617064e-02,
  -1.54289324e-02,-5.14390916e-02, 5.92843117e-03,-8.11257735e-02,
  -1.01514840e-02,-1.21690659e-02,-1.91611629e-02,-1.19987957e-01,
   1.04082106e-02,-1.61503758e-02,-9.84488204e-02,-4.38530296e-02,
  -6.65815221e-03, 2.80546509e-02,-6.36831000e-02,-4.74439003e-02,
  -7.42104650e-02,-2.15849988e-02,-5.30363768e-02,-1.07275732e-01,
   6.70520589e-02, 2.55851317e-02, 1.44374957e-02,-1.24729564e-02,
  -7.90454671e-02,-2.95039825e-02,-7.19671417e-03,-1.01952612e-01},
 {-4.65852953e-02,-8.46351981e-02,-6.24702796e-02,-9.93346348e-02,
  -9.15337279e-02,-1.96006969e-02,-2.43603289e-02,-1.23166293e-01,
   8.44229385e-03, 1.56248352e-02, 6.29198626e-02, 2.00355463e-02,
  -1.04419909e-01,-5.85282631e-02,-1.21760473e-01,-8.37840233e-03,
  -5.12982300e-03,-4.00949977e-02, 3.23519297e-02,-2.28435360e-02,
  -9.99916419e-02, 2.04903223e-02,-3.99980582e-02,-2.05946919e-02,
  -8.61738771e-02,-6.35037646e-02,-1.90451778e-02, 1.57508045e-03,
   9.89204645e-03,-1.56459827e-02, 5.52879320e-03,-3.01466137e-03,
   6.28101826e-03,-8.71531144e-02, 2.19195057e-02,-9.18917507e-02,
  -5.66909611e-02, 2.74534095e-02,-1.42454216e-03,-5.84366657e-02,
  -1.22599695e-02,-9.36178863e-02,-2.93983631e-02, 1.79612674e-02,
  -5.81053225e-03,-1.22144453e-01,-1.03207834e-01,-3.19601339e-03,
  -6.71722665e-02, 3.93309677e-03, 2.50154417e-02,-3.78335565e-02,
  -6.08139820e-02,-9.67260674e-02, 2.94965599e-03, 2.35901065e-02,
  -5.41568436e-02,-1.16766520e-01,-1.20418817e-01,-1.54110556e-02,
  -4.20377031e-02,-6.73034340e-02,-9.75452885e-02,-6.99511170e-02,
   7.89205078e-03, 2.69736769e-03,-9.39196274e-02,-9.60957780e-02,
  -1.44216523e-01, 3.19403480e-03,-4.43834588e-02,-4.16723639e-02,
  -3.84874828e-02,-1.41509786e-01,-1.07280873e-01,-1.20109797e-01,
  -8.12704265e-02, 1.22507103e-03,-1.31883487e-01,-3.91510390e-02,
  -5.23362681e-02, 7.09684566e-02,-7.24957138e-02, 5.16588576e-02,
  -1.35108739e-01,-1.13527752e-01,-1.67687726e-03,-6.16656244e-02,
  -1.08691084e-03,-1.14360355e-01, 2.93152705e-02, 3.14253643e-02,
  -3.10707968e-02,-4.98202741e-02, 5.09163328e-02, 4.01557051e-02,
  -1.49624482e-01,-2.96241120e-02,-9.67408568e-02, 9.55077354e-03,
  -5.07334769e-02,-2.72689816e-02,-6.94286600e-02,-6.94935098e-02,
  -3.84690426e-02, 4.38030474e-02,-5.89978620e-02,-3.50428633e-02,
   4.90814112e-02, 2.15111244e-02,-4.05936167e-02, 1.94052607e-02,
  -1.28884306e-02, 2.66263355e-02,-2.19200160e-02,-1.02662601e-01,
  -9.66209397e-02,-1.09608797e-02,-2.08078069e-03,-1.41845971e-01,
   4.34037820e-02,-1.04146861e-01, 2.66511068e-02, 5.45700304e-02,
  -7.09206390e-04,-3.90493348e-02,-7.73413479e-03,-6.74023852e-02},
 {-5.88673428e-02,-6.46444550e-03,-1.50236177e+01,-6.20637834e-02,
  -1.00576438e-01, 1.55318081e+00,-2.56309777e-01, 1.30614787e-01,
   5.34551106e-02,-3.71484101e-01,-2.82429409e+00, 1.13683373e-01,
   1.36117548e-01,-8.97685140e-02, 1.25754967e+01, 9.44191813e-02,
  -1.63213909e+00, 3.47769004e-04, 1.19999564e+00, 2.82215023e+00,
   3.72448206e-01, 5.85964203e+00, 1.52083659e+00,-3.14188004e+00,
   1.05769384e+00, 1.27263939e+00, 6.57490492e-01,-1.42228234e+00,
  -2.47584693e-02, 4.15830836e-02, 7.40475431e-02, 7.22708762e-01,
  -6.07228577e-02,-2.78889909e-02, 2.40086243e-01,-3.55377421e-02,
   8.18488747e-03,-1.60798848e-01,-5.64916879e-02,-1.06312203e+00,
   3.77147973e-01, 8.05784985e-02, 1.39752007e+00,-8.21775571e-02,
  -2.41749263e+00,-1.17445827e-01, 5.58822680e+00, 4.05038655e-01,
  -7.94021606e-01, 9.93939757e-01, 3.02872849e+00, 1.98811650e-01,
   1.52726946e-02, 1.38791576e-01, 1.91580430e-02, 6.67462051e-02,
  -1.97998691e+00,-3.13848233e+00, 3.30353342e-02,-2.62883216e-01,
   8.56089368e-02,-3.25829089e-01,-1.59541920e-01,-2.79247832e+00,
   1.61845714e-01,-3.77857715e-01, 7.51956850e-02, 2.32824292e-02,
  -1.75403967e-01, 8.15409958e-01, 1.68894961e-01, 7.55570233e-02,
   6.53261602e-01, 2.96861865e-02, 5.82022518e-02,-4.32895393e+01,
   1.13011803e-02, 5.14249742e-01,-1.34912217e+00,-7.69126788e-02,
   3.90823746e+00, 4.12415946e-03, 2.28151940e-02, 7.50284418e-02,
  -4.20181245e-01, 5.94143867e-01,-1.75195575e+00, 6.16477914e-02,
   6.33186388e+00, 5.71548522e-01,-9.89303365e-02,-2.37443939e-01,
   1.96360081e-01, 6.82579651e-02,-5.82476743e-02, 7.98422992e-01,
   2.13782334e+00,-1.16517106e-02, 5.34698665e-02, 5.24585783e-01,
   1.60042763e-01,-5.06108329e-02, 1.90992981e-01, 1.64670516e-02,
   6.54623732e-02, 1.53155088e+00,-7.27088377e-02,-1.22204557e-01,
   1.16504025e+00, 1.77045441e+00,-6.61426187e-02, 1.28293067e-01,
  -1.52829448e-02,-4.74575013e-02, 5.20226622e+00, 1.54046309e+00,
  -6.24318743e+00, 7.50762224e-02, 5.41822277e-02, 5.56638949e-02,
  -1.06347406e+00,-3.38849401e+00,-6.90531349e+00, 3.40443635e+00,
   1.75095546e+00,-2.68604469e+00,-2.26885271e+00,-6.35828197e-01},
 {-7.65791237e-02,-1.13966770e-01,-4.25596461e-02,-3.70933861e-02,
  -7.44471475e-02,-7.30332499e-03,-6.65459558e-02,-1.44387826e-01,
  -3.03185992e-02,-6.66185766e-02,-6.43889010e-02,-5.46155274e-02,
  -1.15634866e-01,-3.11835557e-02,-1.27478123e-01,-4.13543433e-02,
  -8.99309963e-02,-1.16144039e-01,-8.06326121e-02,-6.28584996e-02,
   6.64080307e-02,-1.31313458e-01,-4.03182432e-02,-2.55314391e-02,
   1.16067827e-02,-8.77092928e-02,-8.43615979e-02,-8.63403305e-02,
  -4.25285660e-02,-1.72749326e-01,-1.50192231e-01,-5.06887324e-02,
  -1.13434047e-01,-4.48424816e-02,-4.83205281e-02, 1.99950114e-03,
  -4.69610514e-03,-1.55430092e-02,-8.50117591e-04,-1.08530685e-01,
  -1.39931262e-01, 1.92043297e-02,-7.63225183e-02,-5.86279444e-02,
  -2.16465201e-02,-7.83098768e-03,-2.82236394e-02,-9.05549452e-02,
  -7.56251216e-02,-9.49157923e-02,-4.07065861e-02,-2.44392548e-03,
   3.46450768e-02,-3.48765738e-02,-4.26057950e-02,-1.30099813e-02,
  -4.57028300e-02,-8.21380466e-02,-9.52065215e-02,-2.16323286e-02,
  -8.75478387e-02,-1.09084425e-02,-2.39982884e-02,-1.39160408e-02,
   6.83349231e-03,-4.29906212e-02,-9.52170044e-02,-1.94327384e-02,
  -4.20852602e-02, 5.73912114e-02,-2.52097100e-03, 4.08101417e-02,
   8.85601807e-03,-9.26882476e-02,-5.75902238e-02,-7.71179497e-02,
  -3.55616920e-02, 2.98844613e-02,-1.01624355e-01,-1.20495267e-01,
  -1.24450527e-01,-1.50546385e-02,-5.25627621e-02,-1.04441181e-01,
  -7.42100477e-02, 8.73593688e-02,-1.13203125e-02,-7.14936778e-02,
  -2.65761446e-02, 5.65426573e-02,-9.65947956e-02,-9.38861631e-03,
  -5.34574687e-02,-2.22470146e-02, 8.78200494e-03,-3.41859385e-02,
  -5.48396520e-02,-1.04834549e-02,-1.28865734e-01,-7.68029466e-02,
   5.04957652e-03,-8.91286656e-02,-4.98782322e-02,-1.32518634e-01,
  -5.18369861e-02,-7.78452531e-02,-7.00042844e-02, 6.45864829e-02,
   6.82045370e-02,-1.10517135e-02,-6.49053156e-02,-1.30399048e-01,
  -9.49978754e-02,-1.41826361e-01,-5.46557158e-02,-3.07096317e-02,
  -5.78858145e-02, 1.16929278e-01,-1.43042818e-01,-7.21593052e-02,
   1.16203623e-02,-1.01611726e-01,-7.05617107e-03,-4.65405956e-02,
  -7.41456300e-02,-1.50571289e-02,-2.40632147e-02,-3.17117572e-02},
 { 2.19404966e-01, 3.04703534e-01, 4.40633506e-01, 9.78338957e-01,
   4.68681194e-02,-4.13433409e+00, 1.05402100e+00,-1.13069906e+01,
  -8.30524385e-01,-2.80067515e+00, 4.54467684e-01, 1.27411854e+00,
  -1.19903791e+00,-1.67597905e-01, 2.39392780e-02,-9.54700708e-01,
  -7.38469458e+00, 8.24252963e-01,-2.39566159e+00,-6.74578473e-02,
  -3.97544168e-02, 1.34205329e+00,-2.09670639e+00,-9.80176866e-01,
  -1.05442963e+01,-5.15760708e+00,-1.48997176e+00, 5.92482519e+00,
   4.78023231e-01, 4.16010469e-01, 3.66665125e-01,-2.66434491e-01,
  -1.84017873e+00,-1.82697082e+00,-9.23066378e-01, 2.64958203e-01,
  -4.49939638e-01,-9.81393550e-03,-1.32555628e+00, 2.78208232e+00,
  -1.26826155e+00, 2.78642088e-01,-3.84759641e+00, 3.38783488e-02,
  -1.05871797e+00,-8.93307805e-01, 5.37497759e+00,-2.37976646e+00,
  -2.07958674e+00, 2.70373559e+00,-4.82395798e-01, 4.31020886e-01,
  -2.23300028e+00,-5.07138744e-02,-1.26957703e+00, 1.09641886e+00,
  -6.17485142e+00, 1.37817752e+00, 4.90225345e-01,-2.80319905e+00,
   9.15533960e-01, 8.68223369e-01, 8.57956827e-01,-3.46421409e+00,
  -1.19147384e+00,-2.48434484e-01,-3.02500706e-02,-4.78000969e-01,
   2.33960938e+00, 5.24830878e-01,-1.90526044e+00, 2.40517884e-01,
  -9.71685946e-01,-4.84833181e-01, 7.68506050e-01, 4.64951545e-02,
   1.75016925e-01, 3.61502826e-01, 3.08297920e+00,-4.17749047e-01,
  -7.94088221e+00,-3.16377258e+00,-2.26948366e-01,-2.43471789e+00,
  -8.19661140e-01, 2.61026692e+00, 2.40459871e+00,-4.97921288e-01,
  -9.16544247e+00, 1.36038944e-01,-1.90116167e-01,-8.00092518e-02,
  -8.07586288e+00, 1.93116844e-01, 2.21156821e-01,-2.08240867e-01,
   1.91785216e-01,-1.28009522e+00, 4.54223752e-01,-3.37854767e+00,
  -6.56066895e-01,-3.45160127e-01, 1.38231194e+00, 1.07352614e-01,
  -4.55837250e-01, 6.30815804e-01, 1.28506470e+00, 1.36013734e+00,
  -1.13941169e+00, 4.35632753e+00,-1.13290539e-02, 4.79063839e-01,
  -1.51422501e-01,-3.00429374e-01, 1.70729709e+00,-2.36910844e+00,
  -8.66530478e-01,-3.38432282e-01,-4.72381338e-02,-1.97058767e-01,
   3.10602903e+00,-1.99434006e+00, 3.99519181e+00, 4.82574612e-01,
   1.96842170e+00, 8.77688825e-01, 2.55826664e+00,-4.79879189e+00},
 { 1.72543490e+00, 2.56935549e+00,-5.62158966e+00, 3.62640238e+00,
   7.42931318e+00, 5.25113881e-01, 8.07270527e+00, 8.54564786e-01,
   2.79373527e+00, 3.36069614e-01,-3.58073497e+00,-1.02466431e+01,
  -1.59272528e+00, 2.10563660e-01,-3.92391264e-01,-1.80527687e+00,
  -1.38722968e+00,-1.47689066e+01,-2.35685539e+00,-6.70104861e-01,
  -3.57965112e+00, 8.26351166e+00, 2.19290185e+00, 3.69960129e-01,
   1.72074866e+00,-5.13545227e+00,-3.59935984e-02,-6.29983711e+00,
   3.09220386e+00, 3.40979218e+00, 2.31954789e+00, 1.24246335e+00,
  -5.52488029e-01,-3.51046920e+00,-1.06092584e+00, 1.58098447e+00,
  -5.76619196e+00, 8.96449029e-01,-4.09917068e+00,-1.40665424e+00,
   1.55748153e+00, 2.65773487e+00, 1.95785618e+00, 6.46332562e-01,
  -1.43875360e-01,-1.29218969e+01,-5.11948884e-01,-1.91564411e-01,
  -7.67333210e-01, 9.18015182e-01, 2.84063101e+00, 6.90141821e+00,
   8.75071144e+00,-6.12545776e+00,-8.46366405e-01,-1.28893948e+01,
   1.93390715e+00,-1.35024714e+00,-1.08235300e-01, 1.17195201e+00,
  -2.33125134e+01,-6.12025547e+00,-8.31773281e-02, 1.87650681e+00,
  -2.13585162e+00, 1.06698668e+00,-8.22326183e-01, 7.07379654e-02,
   7.80149922e-02, 1.03137026e+01, 9.16332722e+00,-9.77734625e-01,
   1.89551878e+00,-2.67279673e+00,-1.35838985e+00,-1.57747328e+00,
  -9.43328440e-01, 2.05454111e+00,-1.94797790e+00,-3.02405858e+00,
   1.49998593e+00, 4.29093778e-01, 4.70583588e-01,-3.01699281e+00,
   1.00854242e+00,-3.35267019e+00,-6.63469970e-01,-2.33102608e+00,
   1.86601353e+00,-1.11533418e-01, 3.06602025e+00,-1.33756304e+00,
   3.61772990e+00, 1.86330843e+00, 1.45911813e+00,-6.04780793e-01,
  -1.98225915e+00,-2.41364741e+00,-9.13125420e+00,-9.75482464e+00,
  -5.34219885e+00,-5.54637527e+00, 2.62000704e+00,-1.00980437e+00,
   7.81324685e-01, 3.25972509e+00,-1.47474802e+00,-3.78797770e-01,
   5.83120394e+00,-1.71786153e+00, 4.14398223e-01, 1.06409836e+00,
  -8.43254447e-01,-3.19177008e+00,-1.73506474e+00,-2.26405501e-01,
   2.70389962e+00,-1.57288961e+01,-2.69143033e+00,-3.78900096e-02,
  -1.91817808e+00, 2.84809113e-01,-1.05116987e+01, 1.26913500e+00,
   3.59086037e+00,-3.05744839e+00, 7.12076783e-01, 6.93272948e-01},
 {-2.70844364e+00,-6.08837426e-01,-1.65815234e+00,-1.34724772e+00,
   2.79356265e+00,-8.98506120e-03,-4.56704378e+00, 1.39571238e+00,
   1.32002890e+00, 1.47908062e-01,-1.97847116e+00,-4.19635487e+00,
   5.80474675e-01, 1.50003405e+01, 4.66550529e-01,-2.55046517e-01,
  -2.27153257e-01, 3.00274372e-01,-1.10860281e+01,-1.14998066e+00,
   1.03978574e+00, 6.54323483e+00, 1.54197168e+00, 4.39634770e-01,
   9.59194183e-01,-5.37329149e+00, 6.83069527e-01,-5.39034605e+00,
   5.42402923e-01, 1.10778439e+00,-3.18447423e+00, 1.90706480e+00,
  -8.08447301e-01,-6.04150832e-01,-7.17481899e+00,-1.08584909e+01,
  -5.47084749e-01, 2.84644890e+00, 4.40871763e+00,-1.16635203e+00,
  -3.92095178e-01, 1.90203333e+00, 1.30652070e+00,-3.93728685e+00,
  -7.28024542e-01,-2.48448706e+00, 8.78493607e-01,-8.36874843e-02,
  -6.11705899e-01, 2.71336138e-01, 2.23393011e+00, 3.51915270e-01,
  -2.12976888e-01,-1.85352838e+00,-2.43751221e+01,-5.50479591e-01,
   1.90272415e+00,-1.05180073e+00,-1.71965152e-01, 8.78133237e-01,
  -8.64830685e+00,-2.29997993e-01, 1.37358057e+00, 2.45358753e+00,
  -2.72013149e+01,-4.18461412e-02,-5.47998190e-01, 9.16311359e+00,
   3.33663337e-02, 1.04705048e+01, 5.74260664e+00, 1.82973325e-01,
   1.28387403e+00,-2.68531203e-01, 2.86391258e-01,-1.22165036e+00,
  -5.16174173e+00, 9.17897582e-01,-1.79238999e+00, 1.56446981e+00,
   2.09658548e-01, 2.44570702e-01,-7.07565212e+00, 3.97734404e+00,
   1.34715044e+00,-2.51166916e+00,-6.97779238e-01,-8.55077446e-01,
   6.69718266e-01, 1.18258186e-02,-3.82570148e+00, 2.34916139e+00,
   2.51878905e+00, 2.93464875e+00, 1.68926132e+00,-1.01205504e+00,
   7.25255823e+00,-6.01654351e-01, 1.24861288e+00,-8.49777508e+00,
   2.16925412e-01,-4.75758410e+00,-3.13177896e+00,-3.20086169e+00,
   7.87398863e+00, 3.71509719e+00,-1.17604643e-01, 1.51795477e-01,
   2.93972111e+00,-1.31756282e+00, 3.53774977e+00,-5.52076772e-02,
  -1.25898197e-01, 1.49713802e+00,-1.32865119e+00,-1.61549702e-01,
   2.66472507e+00, 6.06111288e+00, 5.03705883e+00, 3.99006397e-01,
  -1.38881004e+00,-4.41628605e-01,-7.17536497e+00,-2.07764208e-01,
  -1.15625298e+00,-2.61728644e+00,-1.41232958e+01, 3.58586490e-01},
 { 2.02182245e+00,-7.76971042e-01,-9.09675312e+00,-6.65684193e-02,
   4.62909508e+00,-1.11160564e+00,-3.30322194e+00,-3.97774601e+00,
   4.06994849e-01,-2.94914436e+00,-2.26854950e-01,-2.26652384e+00,
  -1.93083704e+00, 1.32562196e+00,-2.17386246e+00,-7.67612875e-01,
   7.88172579e+00,-5.89022398e-01,-2.26821918e+01,-2.71556020e+00,
  -5.17070055e+00, 2.55453801e+00,-7.59387195e-01, 4.51994091e-01,
  -1.05595565e+00,-1.52025700e+01,-3.70905846e-01, 5.62555170e+00,
   8.96769822e-01, 1.38355279e+00, 2.26516795e+00,-3.72356474e-01,
  -1.11491668e+00, 7.94714034e-01, 3.25275588e+00,-3.64603877e+00,
   6.72669888e+00,-6.49513102e+00,-2.85890055e+00,-4.07137811e-01,
   5.99528980e+00,-2.06503496e-01,-3.04569542e-01,-2.35775719e+01,
  -6.48962796e-01,-1.90858650e+00, 1.01655173e+00,-8.73920345e+00,
  -2.14592075e+00, 6.90212905e-01,-1.17965088e+01, 1.49338460e+00,
  -7.74163678e-02, 2.43935013e+00, 1.43054390e+00, 1.16213739e+00,
  -4.36649895e+00,-9.90000129e-01, 3.07002354e+00, 4.51653928e-01,
  -1.16274452e+00,-1.18736696e+00, 7.57263124e-01,-7.42386293e+00,
   4.36088324e+00,-1.70413768e+00, 9.31339025e-01,-4.77918196e+00,
  -3.76214314e+00,-6.41095221e-01, 1.63467669e+00, 8.04859221e-01,
   5.91463423e+00,-4.10794115e+00,-1.34013720e+01, 2.50524211e+00,
   1.85258195e-01,-2.85168648e-01, 2.43989396e+00, 6.59117043e-01,
   1.31062973e+00, 8.22480917e-01, 5.80237150e+00,-8.25833529e-02,
  -4.11679745e+00,-5.00099325e+00, 6.30527794e-01,-3.10510325e+00,
   2.00273275e+00,-1.46442986e+00,-1.44170082e+00,-3.09147686e-01,
  -9.35527039e+00, 2.58488202e+00,-3.46841002e+00, 6.36672974e-01,
  -3.45752406e+00, 1.12474322e+00, 1.29044175e+00, 3.15714747e-01,
  -3.27358335e-01, 8.12315941e-01, 1.48097783e-01,-2.29243875e+00,
   4.91619669e-03, 9.23391953e-02,-1.43206763e+00,-2.29911900e+00,
  -5.76205540e+00,-6.04969549e+00, 1.24824786e+00,-4.23836851e+00,
  -5.90905607e-01, 1.64783549e+00, 3.89818120e+00,-2.12363315e+00,
   6.59640074e+00, 3.33455515e+00,-7.54504800e-01,-5.68645811e+00,
   9.70938981e-01,-9.89045620e+00,-7.30471194e-01,-2.15948850e-01,
   3.06571937e+00,-4.59943056e+00,-5.40199709e+00, 1.51005208e+00},
 { 1.04828513e+00,-1.47002816e+00,-1.88909936e+00, 8.37777317e-01,
   5.93379736e+00, 1.94755363e+00,-2.22431159e+00,-1.90858543e+00,
   1.24324000e+00,-3.42788935e+00, 1.37384301e-02, 7.69533962e-03,
  -1.18499352e-02,-9.91089940e-01, 4.87985563e+00, 1.40135241e+00,
  -2.81652361e-01,-1.50664479e-01,-7.93230915e+00,-3.52691340e+00,
  -2.56949496e+00, 6.04755211e+00, 5.33799767e-01, 1.27227688e+00,
  -1.27659306e-01,-1.64392638e+00, 1.46817672e+00,-9.90685105e-01,
   4.81483078e+00,-8.53942394e-01, 6.95274115e+00, 8.99942517e-01,
  -2.41238642e+00,-1.49344754e+00, 8.46255541e-01, 2.26559520e+00,
  -6.62046099e+00,-6.46959960e-01, 2.11606193e+00,-1.86531055e+00,
   7.31464684e-01, 4.38635111e-01, 1.16626871e+00, 1.64455044e+00,
  -9.96168375e-01,-2.23856568e+00, 1.05071318e+00, 3.64070868e+00,
  -1.12331414e+00, 1.12648726e+00, 1.73147678e+00,-5.19558609e-01,
   7.49594569e-02, 2.63588075e-02,-1.84034526e+00, 1.49737704e+00,
   9.94407535e-01,-1.49456143e+00, 3.44011116e+00, 2.45452523e+00,
  -7.74920893e+00,-2.70067215e+00,-4.08764410e+00, 1.94998598e+00,
   2.91135049e+00, 1.52037990e+00,-5.24988957e-02, 3.97212058e-01,
   6.91089272e-01,-1.89117014e-01,-1.03768086e+00,-2.32058167e+00,
  -9.74820328e+00,-3.07377434e+00, 4.64490443e-01,-1.77506053e+00,
  -2.61484444e-01, 4.65045482e-01,-2.50219321e+00,-7.55466998e-01,
   9.42168236e-01, 1.30722153e+00, 3.51204562e+00, 1.31999755e+00,
  -1.03272843e+00,-9.89931762e-01,-2.58028483e+00,-1.26574561e-01,
   1.23464680e+00,-2.91110903e-01, 2.43567109e-01, 8.35010767e-01,
   1.45740771e+00,-4.53571200e-01,-2.35752416e+00, 2.74556607e-01,
  -5.71781111e+00,-1.36566305e+00,-2.21334171e+00,-8.74041200e-01,
   1.75606996e-01,-3.43707371e+00, 1.17061949e+00, 4.68909931e+00,
  -6.21300936e-01, 2.76667595e+00, 6.45624399e-01,-1.86723375e+00,
   2.33771250e-01,-1.53005707e+00, 1.22214401e+00, 5.80094218e-01,
   3.33862156e-02, 1.63998580e+00, 8.60160768e-01,-2.67791891e+00,
   4.41848612e+00,-4.19791746e+00,-2.07982454e-02,-1.47353506e+00,
  -1.60355902e+00, 9.72169459e-01,-1.56027842e+00,-2.92869568e-01,
   1.54033911e+00,-4.11382532e+00,-1.08708677e+01,-2.68556327e-01},
 { 3.74150217e-01,-1.68786086e-02,-9.13388550e-01, 6.70944452e-01,
  -1.08511433e-01,-5.78504276e+00,-8.00616741e-02,-5.60311973e-01,
   9.89240184e-02,-8.04943740e-01,-3.91663814e+00,-1.66875553e+00,
   4.29683447e-01,-4.80658817e+00,-2.29459095e+00,-7.68463835e-02,
  -1.37078190e+00,-6.50106966e-02,-3.57960796e+00, 4.96954346e+00,
   3.63799483e-02,-4.69585896e+00, 1.02546430e+00, 2.65941262e+00,
   3.34446025e+00,-2.37892056e+00,-3.94123816e+00,-4.58602190e+00,
  -1.46798655e-01,-1.19940870e-01,-2.98046600e-02,-3.36635739e-01,
  -4.94187623e-01, 2.07764253e-01,-9.74963456e-02,-1.48162857e-01,
  -8.79856870e-02,-1.79355651e-01,-6.55077994e-01,-5.41762733e+00,
   3.48035306e-01, 2.95959443e-01, 8.86873245e+00, 4.24972486e+00,
  -1.59933735e-02,-1.71716526e-01,-1.63709438e+00, 9.67406094e-01,
  -1.08364761e-01,-2.55106837e-01, 6.54861164e+00,-3.23688298e-01,
   2.26960089e-02, 3.04090511e-02,-1.40071735e-01, 2.29212036e-03,
   4.69982386e+00,-2.50071716e+00, 8.96144584e-02,-3.73847151e+00,
   6.30493909e-02,-4.17514414e-01,-1.15359463e-01, 2.70133853e+00,
   1.49456072e+00,-1.64051771e-01, 5.89580685e-02, 1.75893500e-01,
  -6.61979437e-01,-6.10976338e-01,-2.08336544e+00,-4.20765251e-01,
   7.82366574e-01, 6.12541847e-02, 1.50781333e-01,-7.87753630e+00,
   9.25834700e-02, 2.90035963e-01, 1.04258984e-01,-1.09659374e-01,
   5.83992243e+00,-1.67490188e-02,-6.10429496e-02, 1.31797686e-01,
   1.19708931e+00,-5.58536720e+00,-1.45434007e-01, 9.56074819e-02,
   1.16780710e+01, 1.78585613e+00, 1.91813126e-01,-2.37319872e-01,
  -3.21945906e-01,-2.80053288e-01,-3.19427490e-01,-4.75347757e-01,
  -1.48436308e+00, 5.75404644e-01, 3.37051973e-02, 2.59284347e-01,
   2.34394372e-01, 2.27836922e-01, 1.50951184e-02,-6.16558790e-02,
  -1.14742946e-03,-1.82548630e+00,-1.55337304e-01,-4.57344741e-01,
  -6.37420273e+00,-8.38961792e+00,-1.11049116e-02,-2.79280484e-01,
   7.24743232e-02,-1.64525166e-01,-2.81095099e+00,-4.93106127e+00,
  -3.25998068e+00, 9.42404047e-02,-4.18955684e-01, 1.26801804e-01,
  -1.62296414e+00,-2.99187636e+00,-2.11091042e+01,-8.43797505e-01,
   1.03600168e+00,-4.64060068e+00,-4.59032297e+00,-1.60327005e+00},
 {-1.58010137e+00, 6.51686430e-01,-2.44275951e+00, 2.79853612e-01,
  -1.38734162e+00, 9.53812480e-01, 4.55898821e-01,-2.32569718e+00,
  -2.78442502e-01,-5.78408384e+00,-4.04464674e+00,-1.81412458e+00,
   1.51672971e+00,-1.07925677e+00,-1.49297333e+00, 4.35292125e-01,
  -3.76847506e-01,-1.79513729e+00,-4.35258579e+00, 1.02260566e+00,
   4.07161140e+00, 5.19653320e+00, 2.06798458e+00, 3.23891222e-01,
  -2.08803902e+01, 2.41986895e+00, 4.19115496e+00, 8.05768108e+00,
  -4.58370590e+00, 1.13179803e+00,-1.57091045e+00, 1.22190678e+00,
   1.34482229e+00,-3.03490907e-01,-2.92287946e+00,-3.26886702e+00,
   8.11751842e-01, 1.84335101e+00, 1.52981818e-01,-8.54855180e-01,
   3.59163940e-01, 1.07493293e+00, 1.68444276e+00,-2.52707267e+00,
  -6.57226038e+00,-2.55401015e+00, 2.09245610e+00, 3.03512430e+00,
  -1.87702858e+00, 1.31803713e+01,-3.41161346e+00, 1.07492185e+00,
   8.47871184e-01,-1.12363017e+00,-1.05776942e+00, 5.00313222e-01,
   2.37033701e+00, 6.34961939e+00, 1.74334586e+00, 2.38341165e+00,
  -5.06087124e-01,-8.22926164e-01,-2.25402617e+00,-1.21244564e+01,
  -1.43196905e+00,-8.66235554e-01,-4.51970309e-01,-6.95255935e-01,
   1.95330400e-02,-1.00462437e+00, 1.27524531e+00,-4.06271338e-01,
   2.92023516e+00,-4.85980988e-01,-3.19600987e+00,-3.34567499e+00,
  -5.88653922e-01, 1.19609785e+00,-2.54534721e+00,-6.96723282e-01,
  -7.19818354e+00,-9.69638538e+00, 2.84983253e+00, 1.31602490e+00,
   3.46260786e+00, 3.14456677e+00,-1.65159488e+00, 9.27766132e+00,
   2.54459429e+00,-4.93347740e+00, 1.83767712e+00, 4.12488550e-01,
  -6.00034571e+00, 2.01211691e+00, 6.90004766e-01,-2.30396724e+00,
   2.09947318e-01, 1.63833880e+00, 1.48365214e-01, 1.18021035e+00,
  -1.74214864e+00,-7.45492399e-01, 2.57237387e+00, 1.44805026e+00,
   5.29850781e-01,-5.23302495e-01,-1.81520987e+00,-2.14427304e+00,
   1.64284623e+00, 3.58279610e+00, 6.31417394e-01,-8.39590490e-01,
   1.28033068e-02,-1.39673364e+00, 5.74777174e+00,-3.34391475e+00,
  -1.31673932e+00,-6.33690894e-01,-2.50548601e-01,-1.68936384e+00,
   1.25052011e+00,-2.63372278e+00,-1.36795807e+00,-3.95604873e+00,
   2.82542062e+00,-3.50339627e+00,-1.94166481e+00,-4.30981255e+00},
 {-3.01482034e+00, 1.43918502e+00, 1.20731628e+00, 5.24309683e+00,
  -1.65740645e+00,-1.76513597e-01, 7.66215944e+00, 2.67100930e+00,
  -3.23891425e+00, 4.18392032e-01,-3.42064047e+00,-3.90071797e+00,
  -1.47650456e+00,-9.38184142e-01, 8.40389952e-02, 2.99095368e+00,
  -7.86484718e-01,-4.91658306e+00, 6.00331843e-01, 1.61935270e-01,
  -1.22851534e+01, 2.86742806e+00, 6.10338509e-01,-1.80305094e-02,
   1.01734400e+00, 3.73402715e+00, 3.45803350e-01,-8.75658870e-01,
   5.43474913e-01, 3.00961852e+00, 1.73858333e+00,-1.09910214e+00,
  -3.36048388e+00, 5.24955511e-01,-1.15924330e+01,-2.11538267e+00,
   2.33025283e-01, 7.30988264e-01, 4.92490625e+00,-2.04827577e-01,
  -2.18205452e+00,-3.75408983e+00, 2.65964538e-01, 1.03634723e-01,
   6.59968197e-01,-2.73116565e+00,-1.59579122e+00, 4.55781311e-01,
  -3.91465006e-03,-4.37046111e-01, 8.73540282e-01,-1.03423834e+00,
  -1.38254315e-01, 5.26141524e-01,-7.38056839e-01,-1.30826950e+00,
  -3.20689178e+00,-1.80897593e+00, 5.74552894e-01,-8.53803813e-01,
  -3.39747024e+00,-5.54111481e-01,-2.13059735e+00,-3.50984842e-01,
   3.64094162e+00,-9.98981953e-01,-2.25425744e+00,-4.26973534e+00,
   5.71208298e-01, 9.68371201e+00,-4.46180248e+00,-5.13908029e-01,
   3.75248313e+00,-2.08547339e-02, 1.12412179e+00,-5.53124428e-01,
  -1.25603354e+00,-4.91503239e-01, 1.38555694e+00,-6.58350646e-01,
  -9.34383631e-01, 1.17110729e+00, 3.84866261e+00,-1.59344029e+00,
  -3.80778790e-01,-1.12928069e+00,-6.09188795e-01,-3.86169672e-01,
  -1.17323589e+00, 5.11121154e-01,-6.09357262e+00, 1.52508008e+00,
   2.19215393e+00, 3.90878010e+00, 2.17545938e+00,-3.22228611e-01,
  -2.76212883e+00,-6.77892923e-01,-7.27607548e-01,-2.01443267e+00,
   1.36318123e+00,-8.13243771e+00, 8.22301388e-01,-1.49473405e+00,
   3.98281574e-01, 3.70658350e+00, 2.93058705e+00, 2.63800979e+00,
   1.83961356e+00,-1.37516654e+00, 4.40988111e+00, 4.17256689e+00,
  -9.05280173e-01,-7.62131631e-01,-1.50045037e+00, 1.27375269e+00,
   1.71237755e+00,-2.31648111e+00, 2.82925677e+00,-1.27238882e+00,
   8.51303220e-01,-5.72245896e-01, 1.60566473e+00, 3.36578220e-01,
   1.30790961e+00, 1.44688702e+00,-4.60004282e+00,-2.31301263e-01},
 { 5.18863089e-02,-2.80214055e-03,-5.15132472e-02, 6.59531504e-02,
   4.70797643e-02,-1.06617734e-01,-1.12133674e-01,-8.75691250e-02,
  -7.74323195e-02,-1.12940148e-01, 7.46060535e-02,-2.86204778e-02,
   6.75810501e-03,-6.40678331e-02,-1.27930209e-01, 2.66643818e-02,
  -1.41060827e-02,-5.45254014e-02,-6.84455261e-02,-3.51820067e-02,
  -2.07776800e-01, 5.03553264e-02,-1.83817018e-02,-2.96491478e-02,
  -5.03557688e-03, 3.15594710e-02,-1.29996836e-01,-1.38246179e-01,
  -4.63082232e-02,-1.40366452e-02,-3.10647972e-02,-2.69109942e-03,
  -9.28229839e-03,-2.60463059e-02, 4.07825075e-02,-5.89946397e-02,
  -3.60571854e-02,-1.13326721e-01,-8.88477340e-02,-1.22166127e-01,
  -3.89048993e-03, 2.05600634e-02, 2.15869974e-02,-7.09366724e-02,
  -5.71531951e-02,-7.87119418e-02,-4.67849933e-02,-1.18682869e-01,
  -1.71039581e-01,-5.04080579e-02,-6.25061095e-02,-3.05420849e-02,
  -6.12200610e-02, 7.18932552e-03,-1.08772397e-01,-7.74402767e-02,
  -1.22201547e-01,-1.05902523e-01,-1.59256551e-02,-4.47247028e-02,
  -5.51395155e-02,-7.28375241e-02,-1.22879736e-01,-9.70962569e-02,
   7.46569410e-03,-1.38961077e-01,-9.13428888e-02, 1.16799260e-03,
  -6.89454423e-03,-8.89924541e-02,-2.27846410e-02,-3.02228145e-02,
  -5.77722564e-02,-1.41453311e-01,-6.98541403e-02,-1.31637141e-01,
  -1.13131784e-01,-7.83250257e-02,-5.80182225e-02, 4.26030438e-03,
  -4.46544997e-02,-4.59200628e-02,-5.37221581e-02, 1.02247801e-02,
  -7.85624981e-02,-8.14773440e-02,-8.43108073e-02,-1.42702371e-01,
   6.16131071e-03,-1.84148088e-01,-9.60491598e-02,-7.37144500e-02,
   3.34087946e-02,-1.00276195e-01, 1.36403702e-02, 1.61089581e-02,
  -1.65710345e-01, 1.76464245e-02,-6.08998537e-02,-1.10212207e-01,
  -1.02338776e-01, 1.06180180e-02,-1.02895893e-01,-5.92023395e-02,
  -1.28398284e-01,-1.16269067e-01,-1.30341174e-02,-7.91177228e-02,
  -8.26109946e-02,-9.55991389e-04,-1.09070085e-01,-5.93590923e-02,
  -2.33875886e-02,-1.29471540e-01,-2.79836114e-02,-1.40866280e-01,
   7.27799430e-04,-2.31196824e-02,-4.56574187e-03,-1.13086067e-01,
  -7.74431452e-02,-2.63369326e-02,-1.54842157e-02,-5.73421270e-02,
  -1.48855925e-01,-9.82111841e-02,-9.72939655e-02, 2.51242444e-02},
 { 4.54422772e-01,-4.10115182e-01, 5.41290712e+00, 6.29728436e-01,
   2.43781996e+00,-5.72367668e-01,-3.64441127e-02,-6.81921601e-01,
  -1.78513438e-01, 2.20822501e+00,-1.53389053e+01,-2.23219186e-01,
   1.31136343e-01, 5.70158839e-01,-7.10539770e+00,-1.92099905e+00,
  -1.37248087e+00, 1.35135663e+00, 8.77517462e-01,-9.88995266e+00,
  -9.77423191e-01,-3.21859360e+00,-6.84049368e-01, 7.82490313e-01,
  -3.16862941e-01,-1.98769286e-01,-3.01678395e+00, 7.06740558e-01,
   1.24787545e+00, 4.19615172e-02, 1.98801130e-01,-1.73641825e+00,
  -4.38602537e-01,-8.71835947e-01, 7.90851533e-01,-3.47893685e-01,
   3.10298622e-01,-3.84333134e+00,-1.49027228e+00,-1.55298221e+00,
  -1.02727711e+00, 2.47854903e-01, 3.60255313e+00,-4.71711922e+00,
  -7.10030675e-01,-3.01155627e-01, 5.41057169e-01,-1.15245104e-01,
  -1.16718245e+00, 2.94063956e-01,-2.83396626e+00,-1.23578870e+00,
  -1.39626741e+00,-1.82400290e-02,-8.14383179e-02,-1.43893623e+00,
   3.43002707e-01, 2.84017777e+00, 1.51082826e+00,-3.11141825e+00,
   4.41042446e-02, 1.26938927e+00, 2.76867700e+00, 7.58252025e-01,
   2.45144415e+00, 3.94609839e-01,-7.79693499e-02,-8.00550878e-01,
  -4.22471313e+01,-2.81975895e-01,-4.19615221e+00, 9.74690974e-01,
   6.65388918e+00,-9.19557393e-01,-6.14334881e-01, 1.21094108e+00,
   6.57749549e-02, 3.33223999e-01, 4.32239676e+00, 1.19062774e-01,
   1.72969389e+00,-1.70147896e+00, 1.50609171e+00,-1.31194186e+00,
   7.08542728e+00, 1.75104666e+00,-2.52753043e+00, 3.90447855e+00,
   2.26668000e+00, 2.60831982e-01,-8.97421718e-01, 1.05504990e+00,
  -2.32412434e+00,-3.26227158e-01,-5.56061454e-02, 4.58111495e-01,
   8.17939997e-01, 5.48575878e-01,-1.42159238e-01,-1.24084568e+00,
  -1.66853890e-01, 9.03927207e-01, 9.82991233e-02,-1.10572016e+00,
  -1.54259913e-02,-3.10808349e+00, 1.10273051e+00, 1.06759679e+00,
   4.11105824e+00, 1.34355509e+00,-6.35727704e-01,-6.85657859e-01,
  -4.83233519e-02, 4.23032850e-01, 2.45134878e+00,-1.09672987e+00,
  -8.84775448e+00, 3.60145211e-01,-1.23754181e-01,-1.82994926e+00,
   6.58459365e-01,-4.07312012e+00, 1.16613693e+01, 5.77372491e-01,
   4.22559202e-01, 3.55835176e+00, 5.73221684e+00, 3.68025398e+00},
 { 1.85303986e-01, 2.50655174e-01,-1.24188840e+00, 5.78342378e-01,
   1.57895550e-01,-2.48842351e-02,-3.32088172e-01,-7.71316814e+00,
   4.07646149e-02,-4.65100557e-02, 2.20587090e-01,-3.11760083e-02,
  -1.10906754e-02,-4.00607064e-02,-8.02923590e-02, 1.74668971e-02,
  -1.24894515e-01, 4.46966803e-03,-6.17949247e-01, 5.84308691e-02,
   3.79779720e+00,-6.86781481e-02, 7.15269670e-02, 2.49027237e-02,
  -5.46436310e-02, 1.92338884e+00,-1.85656007e-02, 6.71991706e-02,
   2.75566857e-02,-1.03654742e+00, 4.06396687e-02, 9.91011783e-02,
   5.11776209e-02, 3.91616039e-02,-3.83603954e+00, 1.20892622e-01,
  -6.31620789e+00, 7.59274811e-02, 3.14868875e-02,-6.67663366e-02,
  -8.20902884e-02, 2.19977260e+00, 6.91550672e-02,-5.43674827e-01,
  -4.84986603e-01,-1.83176041e-01, 1.80481389e-01,-3.74475382e-02,
  -5.64348996e-02, 3.19519117e-02, 9.43036899e-02,-6.66694939e-02,
   6.13849983e-02, 1.53245538e-01, 7.01645195e-01,-6.61581755e-03,
  -3.57447304e-02, 2.65544653e-02,-1.32111207e-01,-1.12071633e-01,
  -8.87305941e-03,-4.06290628e-02, 2.24891639e+00, 1.88519940e-01,
   2.23718762e+00, 1.59893595e-02,-4.17484760e+00,-9.99853516e+00,
   3.16715129e-02, 8.45593452e+00,-5.07892966e-01,-1.21797062e-01,
  -3.58615071e-02, 2.25387793e-02, 1.81300342e-02, 1.35118989e-02,
   1.19243681e+00, 4.94179296e+00,-5.55844493e-02,-1.52873850e+00,
   1.39466107e-01, 5.40022030e-02, 1.27285838e-01,-4.44394875e+00,
  -7.94648603e-02, 1.89144537e-01, 3.48922461e-02, 7.57402554e-03,
   9.56798568e-02,-5.80141842e-02, 5.59730470e-01,-1.83306143e-01,
  -4.06847410e-02,-5.72349966e-01,-5.26387711e+01,-1.93483576e-01,
  -1.46176219e+00, 7.88074955e-02,-6.91298068e-01, 3.77610850e-05,
   3.07554863e-02,-9.81403065e+00,-9.70883146e-02, 9.42341164e-02,
   2.30946732e+00,-1.14752963e-01,-2.16451194e-02, 3.14656012e-02,
   1.23928952e+00,-9.81077254e-02, 4.80383843e-01,-1.44418264e-02,
  -2.11745739e+00,-9.14481044e-01,-1.80366300e-02, 6.03395961e-02,
   9.61949378e-02,-1.41665474e-01,-2.40934342e-02,-1.25832051e-01,
  -1.11041315e-01,-1.05342418e-01, 1.77652717e-01,-1.37491390e-01,
  -6.19074881e-01,-1.56880200e-01, 6.96329176e-01,-5.88219576e-02},
 { 8.50880861e-01, 3.78253311e-01, 1.19494188e+00, 5.29878676e-01,
  -3.59935284e+00,-2.15863848e+00, 2.42079186e+00, 2.69838858e+00,
   1.10038376e+00, 2.06440043e+00, 1.99853528e+00,-1.35885823e+00,
  -2.46168047e-01,-1.72038877e+00,-4.16724592e-01,-6.90179586e-01,
  -4.09208268e-01,-1.42325735e+00, 4.77043819e+00, 1.65073454e+00,
  -7.68602133e-01,-5.81456900e+00,-7.21532226e-01,-5.95582128e-01,
   3.75091076e+00, 6.01751029e-01, 2.37885669e-01,-9.54383564e+00,
   3.85830671e-01, 1.00655770e+00, 2.57206750e+00,-3.44414139e+00,
   2.31108403e+00,-1.06658888e+00, 2.94929624e-01,-2.63806748e+00,
  -8.18228304e-01, 5.59398413e-01, 6.57489121e-01,-8.24312419e-02,
   9.77726638e-01, 7.62961030e-01,-6.76824570e-01,-3.41725886e-01,
  -8.50768030e-01, 6.42646968e-01, 2.50937510e+00, 2.25744557e+00,
   2.05081850e-01,-5.85047722e-01, 4.05398226e+00,-2.16597843e+00,
   1.88135922e+00, 1.03072703e-01,-1.67048371e+00, 1.23528814e+00,
   4.97950602e+00,-6.15726900e+00,-4.17969370e+00, 1.67206025e+00,
  -1.28594518e+00,-4.06014711e-01,-1.43463600e+00, 2.99850821e+00,
  -1.76834178e+00,-1.46233296e+00,-1.65148035e-01, 1.43172419e+00,
  -2.21126899e-01, 7.94240177e-01, 1.03791547e+00,-1.58546376e+00,
   1.13565075e+00, 6.33229673e-01, 1.71809876e+00,-2.50046551e-02,
   2.01298758e-01, 1.29651201e+00, 5.46016917e-02,-6.53012335e-01,
   1.19433289e+01,-2.04841900e+00, 1.26694754e-01,-2.36669946e+00,
   1.47490716e+00,-4.25639963e+00, 1.01888347e+00, 5.41873693e-01,
   1.96642220e+00, 2.11882710e+00,-5.73081195e-01, 8.40724185e-02,
   2.53935862e+00,-1.53112799e-01, 4.67249930e-01,-1.16241770e+01,
   2.27463770e+00, 1.70861065e+00,-8.18407476e-01, 4.88532972e+00,
  -8.53929222e-02,-5.85240722e-01,-8.75662506e-01, 1.96912289e+00,
   1.29287541e+00, 5.57750285e-01,-1.36165738e+00,-3.13118005e+00,
  -1.42113554e+00,-7.66692209e+00,-5.45995355e-01,-1.66413292e-01,
  -2.95193195e-01,-2.13545701e-03,-2.03831339e+00,-2.41279769e+00,
  -1.21762514e+00, 7.69877285e-02, 3.63881886e-01, 9.44425464e-01,
  -1.05640113e+00,-5.07516623e-01, 1.96204937e+00,-6.40575790e+00,
  -2.83727741e+00, 2.58123922e+00,-4.60791141e-01, 2.92366624e+00},
 { 1.37717164e+00, 4.50412750e+00, 1.68698037e+00, 6.69440603e+00,
   4.68364954e+00,-4.42180634e-01, 5.24649811e+00, 4.78298330e+00,
  -7.36946106e+00,-1.66228056e-01, 5.33007979e-01, 7.60191631e+00,
  -2.06885171e+00, 2.11785960e+00, 4.95261401e-01, 2.09857702e+00,
   5.25669456e-01, 1.85058162e-01, 9.36554813e+00, 3.17574471e-01,
  -7.11124325e+00,-3.12956619e+00,-1.43449843e+00,-4.10681933e-01,
  -1.29248631e+00, 4.62636280e+00,-4.49075326e-02, 3.21749830e+00,
  -1.43124655e-01, 5.60234547e-01, 8.37072611e-01,-7.77760386e-01,
  -2.44574547e+00, 4.60704041e+00,-6.31140471e-01, 5.24870694e-01,
  -8.48593056e-01, 2.08709121e+00, 4.54639457e-02, 3.62160593e-01,
  -5.02455902e+00, 3.31402636e+00,-9.13230896e-01, 2.71796823e+00,
  -1.80194342e+00,-1.06116571e+01,-5.68056285e-01, 9.09969687e-01,
   6.02683306e-01,-4.85617250e-01,-2.55323148e+00,-3.32475930e-01,
  -3.17707419e+00,-2.96482327e-03, 1.74365234e+00,-1.89841163e+00,
  -1.94116080e+00, 1.54715192e+00, 8.35260630e-01,-1.84551477e+00,
  -1.72698629e+00,-6.21446657e+00, 2.40652823e+00,-2.34787583e+00,
  -1.45526142e+01,-6.55165291e+00,-4.80789036e-01, 3.41167092e-01,
   3.37132096e-01, 9.36604595e+00, 6.88359618e-01,-1.54016697e+00,
   1.21159589e+00,-2.95793265e-01,-3.55768427e-02, 1.11615038e+00,
  -1.76420009e+00, 5.64176798e-01, 1.92414808e+00,-4.35696959e-01,
  -1.99041045e+00, 1.32575035e+00,-4.89911765e-01, 4.34199065e-01,
  -2.75740743e+00, 1.53484321e+00, 2.70531654e-01, 1.34439147e+00,
  -5.74716210e-01, 1.11101992e-01, 3.83976269e+00,-4.39170927e-01,
  -2.71345139e+00, 2.31002307e+00, 1.34353805e+00,-5.22238791e-01,
   3.75217128e+00,-3.52655959e+00,-1.24224854e+00,-9.60077095e+00,
   1.54160810e+00,-7.12605953e+00, 2.02884674e+00,-2.85124779e+00,
   8.33217502e-01,-1.49970818e-02,-1.02591162e+01,-8.30024433e+00,
   5.64023876e+00, 9.75168288e-01, 3.22672081e+00,-6.03574324e+00,
  -2.81750321e-01,-1.18027210e+00, 1.42863822e+00, 7.93211043e-01,
  -6.73849285e-01,-2.89618182e+00,-3.42305446e+00,-5.54196090e-02,
   1.65328991e+00, 3.04562747e-01,-4.80046004e-01,-4.53777462e-01,
   8.13587427e-01, 3.26747632e+00, 1.18848610e+00,-1.16945386e-01},
 { 5.19218802e-01,-2.61449218e-01,-7.73349762e+00,-1.55239344e-01,
  -1.91452432e+00,-8.99756789e-01, 1.40618122e+00, 2.55263478e-01,
   1.79238245e-01,-2.64100051e+00,-7.21012497e+00,-1.70032692e+00,
   2.46665859e+00, 9.44756091e-01, 4.74344349e+00, 1.80168748e+00,
  -2.97863156e-01,-1.95460391e+00, 2.47484684e+00, 4.38766289e+00,
   2.34424424e+00, 8.79839802e+00, 3.77012634e+00, 2.03312755e+00,
   1.97538781e+00, 3.79771519e+00, 1.66913903e+00,-2.13204050e+00,
  -1.47284520e+00, 9.59747672e-01, 5.30664146e-01, 2.32902813e+00,
   3.42603743e-01,-2.04799443e-01,-7.83607244e-01,-1.02795792e+00,
  -4.66981679e-01, 9.18681920e-01,-7.94402242e-01,-5.71211243e+00,
  -6.89753056e-01, 1.40752602e+00, 6.25535107e+00, 2.99659228e+00,
   1.79054332e+00, 1.70199156e-01,-1.55422962e+00, 1.46648204e+00,
  -3.19514513e+00, 3.39139843e+00, 4.80822802e+00, 5.32580805e+00,
  -5.60958028e-01,-1.30273199e+00, 3.81484568e-01,-8.01089406e-01,
   4.59985065e+00,-4.06005001e+00,-2.62930346e+00, 4.55996227e+00,
  -2.72814542e-01, 6.34333789e-01,-2.94479108e+00, 8.16350460e+00,
  -1.77103603e+00, 3.92083913e-01,-6.07735097e-01,-1.85188234e+00,
  -7.91256189e-01, 1.77947506e-01, 1.34277992e+01,-9.71987396e-02,
  -3.58588696e+00, 1.50660205e+00,-6.19067430e-01,-1.78673286e+01,
   1.84454754e-01, 1.45595884e+00,-6.79685020e+00,-4.28405367e-02,
   2.63390094e-01, 5.06333494e+00,-2.26307893e+00,-1.05450213e+00,
   2.81450748e+00,-2.19185424e+00,-4.37012720e+00,-5.92247629e+00,
   3.10479712e+00,-7.40176141e-01, 2.05592489e+00, 1.46835819e-01,
   1.90324232e-01, 8.34617853e-01,-4.70968843e-01,-3.52915168e+00,
   9.75113571e-01,-2.24176496e-01,-8.99724483e-01, 2.46858072e+00,
  -2.06698322e+00,-1.50474942e+00,-1.71983659e-01, 1.77039182e+00,
   1.06455851e+00, 6.44718826e-01,-2.29096699e+00,-1.15057898e+00,
  -1.92446783e-01, 6.51968896e-01,-3.01675916e-01, 4.51544666e+00,
  -2.52263725e-01,-1.10039711e-01,-1.10272002e+00,-3.28207850e+00,
   1.43609107e+00, 7.42527127e-01,-9.20343846e-02, 2.44625998e+00,
  -1.35442388e+00,-6.06198692e+00,-3.56441345e+01, 2.45946050e+00,
  -1.18570864e+00,-8.31663799e+00,-2.25742340e+00,-2.50135040e+00}};

const float b2[sz_hid_2] = { -9.515142  ,  1.095892  , -0.09730431, -7.57321   ,-11.085035  ,
  -9.940892  , -0.2528032 , -4.623567  ,  3.7223136 ,  2.4403162 ,
  -5.283756  , -3.7046802 ,  2.2059596 , -4.589196  , -0.12083561,
  -0.1391562 ,  3.0956311 , -0.19939627,  3.6976438 ,  2.9344504 ,
  -2.840446  , -6.562819  ,-13.515243  , -1.8972824 , -0.5488696 ,
  -8.187566  , -0.12889045,-10.419372  ,  7.648021  , -7.877366  ,
   4.3236127 , -1.2614417 };

const float w3[sz_act][sz_hid_2] = {{ 0.01015224, 0.13663188, 0.06792714, 0.02663626, 0.17685069, 0.20239335,
   0.12358002,-0.00307295,-0.00611269, 0.01368943,-0.11129028,-0.00107183,
  -0.03292879,-0.2308221 ,-0.02787297,-0.0184703 ,-0.10681632, 0.11049001,
   0.20549275, 0.01368802, 0.01674381, 0.31428936, 0.2284244 ,-0.08852747,
   0.2508777 , 0.00570661, 0.04232942, 0.19998632, 0.00353917,-0.20777221,
  -0.0202469 ,-0.22901626},
 {-0.15462509,-0.00097453, 0.10947878,-0.14517696,-0.00209972, 0.00266145,
   0.00245139, 0.14234523,-0.10195192,-0.10318327,-0.00057713,-0.12487479,
  -0.2631804 , 0.08896849, 0.14654778, 0.00368104, 0.00144718,-0.06506845,
   0.009628  , 0.20352499, 0.13797075,-0.0226801 ,-0.00958687, 0.00615094,
   0.00361554,-0.19940762,-0.05213569, 0.00399347,-0.1194891 , 0.00444739,
   0.14500022, 0.00377665}};

const float b3[sz_act] = {0.16973273,0.34467757};

