const float w1[sz_hid_1][sz_obs] = {{ 3.99059963e+00, 7.50106275e-01,-1.82319736e+00,-1.19485497e-01,
   1.17285572e-01, 9.18257087e-02, 9.44878483e+00,-1.44981220e-01,
   1.07852399e-01},
 {-3.71362001e-01, 1.94549239e+00, 2.47891173e-01,-6.63291709e-03,
   1.33534223e-02, 6.75245598e-02,-5.24973774e+00,-2.23471094e-02,
   2.25567259e-02},
 { 5.47933877e-02,-5.77850081e-02,-2.77204657e+00, 3.09441733e+00,
  -1.18042946e+00, 1.34725785e+00, 1.52030513e-01, 1.99815023e+00,
  -2.92275500e+00},
 { 4.40806532e+00,-1.96767128e+00, 2.88237453e+00, 4.45187576e-02,
  -1.62891801e-02,-1.03449430e-02,-1.15058050e+01, 3.65035683e-02,
   1.51050417e-02},
 { 2.56317258e+00, 1.82935154e+00,-4.36283398e+00,-6.92143943e-03,
  -7.00111911e-02,-1.30634278e-01, 8.11759567e+00, 1.06356181e-01,
   1.43189028e-01},
 {-8.65669399e-02, 2.54308730e-02, 2.05382156e+00,-1.27428508e+00,
  -5.19146109e+00,-1.91212761e+00, 1.11898221e-01, 3.27178621e+00,
  -2.10625291e+00},
 {-5.25255948e-02, 1.57758147e-02, 6.57786876e-02, 1.69378686e+00,
  -1.95749724e+00, 3.17642593e+00,-1.10502943e-01, 6.95982218e-01,
  -2.73736835e+00},
 { 2.19808519e-03, 1.00900810e-02,-6.61029518e-02, 2.79171133e+00,
   4.06446695e+00,-2.37176275e+00,-2.24292278e-02,-4.38798845e-01,
  -1.94729701e-01},
 { 6.12662807e-02, 2.72870790e-02,-1.93004847e+00,-2.36657023e+00,
   1.67830837e+00, 9.52782333e-01, 6.08181432e-02, 1.77651751e+00,
   2.16108465e+00},
 { 2.42648864e+00,-2.26032686e+00, 2.15275049e+00, 2.91082934e-02,
  -3.27379033e-02, 4.66351733e-02,-9.31036377e+00,-1.42747283e-01,
   9.96552259e-02},
 { 3.59718613e-02, 1.87790245e-02, 1.52274966e-01, 5.43741131e+00,
  -2.40523148e+00,-1.82404971e+00, 1.17377155e-02, 1.35548124e+01,
   5.47094643e-03},
 { 2.48069286e+00, 1.52715182e+00,-4.27241355e-01, 3.65637493e+00,
   2.42453694e-01, 2.12469529e-02,-4.10145044e+00, 1.33694637e+00,
  -2.79896355e+00},
 {-5.40034473e-03, 1.47576295e-02,-3.33485693e-01, 2.74249983e+00,
   2.52803349e+00, 7.43606377e+00,-2.61661932e-02,-7.41704845e+00,
   4.12622914e-02},
 {-2.60896015e+00,-7.12362289e-01,-1.74509621e+00, 1.04100332e-02,
  -2.79541705e-02, 1.18423223e-01, 2.51177454e+00,-3.70485731e-03,
   2.38726083e-02},
 {-1.19336359e-02,-3.59091163e-02, 1.22285813e-01, 1.04297543e+00,
  -2.01903653e+00, 4.85771465e+00, 4.61268425e-03,-8.00628662e+00,
  -1.65079851e-02},
 { 1.61147869e+00, 3.65642095e+00, 5.10393238e+00,-2.77865957e-02,
   9.67589617e-02,-8.12437013e-02,-7.25561476e+00, 1.75536834e-02,
  -2.33881205e-01},
 { 2.06197247e-01, 7.97653422e-02,-1.22604989e-01,-1.80814683e+00,
  -2.58887839e+00,-3.31999493e+00,-1.12107262e-01, 2.00513148e+00,
   4.00894880e+00},
 { 8.08557510e-01, 2.77588773e+00, 3.86165285e+00, 1.44652498e-03,
  -6.52594958e-03,-1.62614826e-02, 9.71214962e+00, 5.14975796e-03,
  -5.01961028e-03},
 {-3.28535736e-02, 8.95457063e-03,-3.29704583e-01, 4.31674480e+00,
  -2.28807783e+00, 1.63405931e+00,-1.11977095e-02,-1.09793320e+01,
  -5.22492640e-02},
 {-1.90609340e-02, 7.47164525e-03,-1.04181208e-02,-1.40914664e-01,
  -7.75113329e-02, 4.61547041e+00, 1.05493376e-02, 1.28684446e-01,
   4.39753905e-02},
 {-1.28554809e+00, 3.74275899e+00, 4.97003889e+00, 1.48865283e-01,
  -8.48386213e-02,-9.10777301e-02,-7.00528860e+00, 7.78564960e-02,
   5.61608262e-02},
 { 5.75812960e+00, 1.74106792e-01, 2.80853081e+00,-2.70281788e-02,
   2.60039549e-02,-4.28682528e-02,-1.13818197e+01,-5.39451931e-03,
  -5.17108776e-02},
 {-9.26453271e-04, 4.69563209e-04,-7.41076237e-03,-7.82503486e-01,
  -2.17778397e+00, 8.03104863e-02,-7.13708764e-03, 5.85284090e+00,
   2.03020289e-03},
 { 8.20441246e-02,-1.00385696e-01, 2.94111609e+00,-5.45587778e-01,
   8.51347089e-01,-7.52521217e-01, 6.09553829e-02,-3.36262584e+00,
   3.74501896e+00},
 { 4.33567949e-02, 2.20771004e-02, 5.10243320e+00, 3.12292814e+00,
   3.49108219e-01, 1.69271779e+00, 3.28639559e-02,-1.23674798e+00,
   2.64621854e+00},
 { 2.61672783e+00, 2.85179973e+00,-1.34927654e+00, 5.33324964e-02,
  -3.26841436e-02,-7.83359110e-02,-4.21646976e+00,-2.29419693e-02,
  -4.52034064e-02},
 { 5.12835756e-03, 4.10563350e-02,-1.07823086e+00, 2.24936271e+00,
   3.90283990e+00,-2.93763971e+00,-4.45459643e-03, 1.00418148e+01,
  -1.31230012e-01},
 { 7.93374330e-02, 6.17176741e-02,-4.99431086e+00,-2.59843588e+00,
   1.49869096e+00,-9.17862892e-01,-3.93560119e-02, 2.58638215e+00,
  -4.07742167e+00},
 { 6.96707889e-02,-3.32456664e-03,-2.05833483e+00, 7.60450542e-01,
   1.48909247e+00, 9.77006033e-02, 2.05645803e-02,-2.71764493e+00,
  -2.89197516e+00},
 {-9.83302474e-01,-3.80212331e+00,-8.64385068e-01, 8.30471069e-02,
  -2.21497659e-03, 3.39641720e-02, 5.21396446e+00, 3.92977893e-03,
  -2.65492126e-04},
 {-1.54916918e+00, 5.30557632e-01,-2.53940916e+00,-2.49479041e-02,
  -6.88859448e-02,-8.90728086e-02, 3.58333635e+00, 4.30831239e-02,
  -4.85593304e-02},
 {-3.34485471e-02,-3.22785624e-03, 4.56022710e-01,-1.81853652e+00,
   5.37810230e+00, 2.95059896e+00, 3.11308112e-02,-9.80636954e-01,
  -3.41572464e-01},
 { 2.72005592e-02,-3.64555679e-02, 4.29381466e+00, 1.65632451e+00,
   2.26233840e+00,-8.03505659e-01, 1.61456149e-02,-4.78942728e+00,
   3.97733188e+00},
 { 1.26923099e-01, 9.56862327e-03, 2.05830023e-01, 2.62427926e+00,
   3.64384031e+00,-1.43478000e+00,-1.68074444e-01,-3.94256926e+00,
  -4.09931850e+00},
 { 6.91103101e-01,-1.01374972e+00, 1.57016778e+00,-1.35152984e+00,
   4.96655524e-01, 2.05814743e+00,-3.88086343e+00,-2.64736563e-01,
   2.03419566e+00},
 {-1.80866139e-03,-4.92679654e-04, 1.76260665e-01, 1.93439424e+00,
  -3.01336932e+00, 8.20077658e-01, 2.68456503e-03,-1.07398224e+01,
   6.12448342e-03},
 { 1.79793119e-01,-6.61221892e-02, 8.52044106e+00,-2.13536906e+00,
  -6.63428456e-02,-7.53524184e-01, 5.14322594e-02,-1.56976545e+00,
   3.48883247e+00},
 { 1.00907609e-01, 3.35952304e-02, 1.02187347e+00,-2.51381922e+00,
  -2.20738506e+00,-3.74534041e-01,-8.92055705e-02,-5.31621170e+00,
   2.80680490e+00},
 {-1.45890545e-02,-1.03460867e-02, 8.58041793e-02,-1.64872974e-01,
  -6.19242713e-02,-5.70623350e+00,-7.42440950e-03,-2.10815012e-01,
  -1.71008818e-02},
 { 9.88583732e-03,-1.91436112e-02,-6.02505505e-01, 5.38238645e-01,
   1.82539260e+00,-1.44993678e-01, 5.91927655e-02, 8.74659443e+00,
  -2.68309951e+00},
 {-1.11612722e-01,-4.31869365e-02, 1.01293802e+00, 5.16722107e+00,
   2.31193638e+00,-5.60942411e-01, 5.30380011e-02,-1.05019951e+01,
  -6.10643113e-03},
 { 1.21718934e-02,-3.65531892e-02, 3.32581103e-01,-1.03754997e+00,
  -2.06677526e-01,-1.28301740e+00, 3.23975831e-02, 2.81155491e+00,
  -7.26074874e-02},
 { 1.40211642e-01, 6.67479075e-03, 6.01402894e-02,-5.13558924e-01,
   6.68841124e-01, 4.09826189e-01,-1.27971545e-01,-2.58440423e+00,
   3.52056360e+00},
 { 1.60862654e-02, 4.11471650e-02, 3.51475745e-01,-7.54630566e-01,
   1.43263948e+00, 3.38584453e-01, 2.55701765e-02,-2.80110002e-01,
  -2.95950842e+00},
 {-1.87941436e-02, 3.36178131e-02, 4.32480033e-03, 6.88477516e-01,
   1.08386385e+00,-5.75588226e-01,-2.10746061e-02, 1.38915312e+00,
  -8.29342306e-02},
 { 3.43408442e+00, 4.16881353e-01, 1.85441756e+00,-2.59610891e-01,
   9.25184727e-01, 4.01621342e-01,-5.44020891e+00,-6.59237802e-02,
   9.31351125e-01},
 { 1.33488476e-02, 1.04273192e-03, 6.58268094e-01, 3.78139186e+00,
   7.19219029e-01, 4.03976500e-01, 3.47872972e-02,-1.18962126e+01,
  -3.88390012e-03},
 { 3.01742458e+00,-3.32240641e-01, 3.17421174e+00,-8.61907005e-02,
  -1.08927406e-01,-9.76305008e-02, 1.55056262e+00, 1.83349594e-01,
   4.46755402e-02},
 {-7.18639493e-02, 8.48339349e-02,-5.17763996e+00,-1.85329422e-01,
   4.44058657e+00,-3.15932900e-01,-8.89387354e-02, 3.16923857e-01,
  -1.89636636e+00},
 { 1.09493330e-01, 3.83075848e-02, 2.25056028e+00, 1.57122254e+00,
  -3.29267144e-01, 6.76776618e-02, 6.08650222e-03,-8.29157257e+00,
  -2.59606314e+00},
 {-1.49994031e-01, 3.08891516e-02,-3.83081961e+00,-2.71655822e+00,
   1.18544710e+00,-1.26473105e+00,-8.08551982e-02, 1.18705547e+00,
  -6.09024191e+00},
 { 1.29665628e-01,-2.80659320e-03, 1.95505357e+00, 4.42529619e-01,
  -5.59620619e-01, 1.75819516e-01, 1.72631349e-02, 3.63253713e+00,
  -5.28261471e+00},
 { 8.69973823e-02, 2.69231619e-04,-1.30796261e+01, 3.62353548e-02,
   1.19231358e-01, 2.20079049e-01, 6.90303668e-02,-7.08911940e-02,
  -5.70502952e-02},
 { 5.15518665e+00,-6.20223165e-01,-3.82302737e+00, 1.99907329e-02,
  -3.40027623e-02,-3.43877673e-02, 1.30063791e+01,-5.97943645e-03,
   8.57336633e-03},
 { 4.08740491e-02,-2.18241103e-03,-2.47464204e+00, 2.63821840e+00,
   4.87523913e-01,-1.89457893e+00,-6.17511459e-02,-3.42901850e+00,
   2.50222158e+00},
 { 3.45195532e+00, 2.33913851e+00,-2.37002182e+00,-1.95050891e-02,
  -7.44065363e-03, 1.32722914e-01, 1.14096994e+01,-1.00026950e-02,
   4.44492660e-02},
 { 3.40597558e+00,-2.09996581e+00, 1.87105966e+00,-2.21042801e-03,
   1.07738012e-02,-3.75051387e-02,-1.11222525e+01, 7.56687345e-03,
  -8.39209743e-03},
 { 8.02246481e-02, 8.79088193e-02, 2.28241515e+00,-1.23742558e-01,
   1.61345720e+00, 4.96878594e-01, 3.24790888e-02, 7.69297028e+00,
   2.01025391e+00},
 { 6.68836236e-02,-9.93632060e-03, 1.10255253e+00, 1.50756276e+00,
   2.31198382e+00, 2.07570523e-01,-8.07377100e-02, 6.50686175e-02,
  -2.87467217e+00},
 {-4.16244492e-02,-3.65770087e-02, 1.40648916e-01,-2.58662248e+00,
   1.30573332e+00, 1.40387893e+00, 4.27232217e-03,-5.54188117e-02,
   3.14915240e-01},
 { 2.20752811e+00,-2.77347946e+00, 2.06561255e+00, 5.96386706e-03,
   3.59537117e-02, 7.33823236e-03,-1.02004786e+01,-1.00385379e-02,
  -3.73210572e-02},
 { 4.83590588e-02,-2.64482033e-02, 2.84615040e+00,-2.48264813e+00,
   4.74586993e-01,-1.01818228e+00, 3.54153924e-02, 2.35386920e+00,
  -4.16152716e+00},
 { 6.12085219e-03, 2.15677898e-02, 1.94439125e+00, 5.27676940e-01,
  -8.69390905e-01, 8.26821756e-03,-2.34207623e-02, 3.65382767e+00,
  -2.40843844e+00},
 { 2.36576533e+00, 2.86757469e+00,-4.49537706e+00, 3.07489894e-02,
   2.31883042e-02, 1.07735738e-01, 8.58218384e+00,-2.59640533e-02,
   6.42443821e-03},
 {-1.66560531e+00, 2.00110030e+00, 3.93781018e+00, 3.08157341e-03,
  -1.44384345e-02, 7.21431002e-02,-4.92646551e+00,-8.41737073e-03,
  -4.58434522e-02},
 { 7.10966960e-02,-1.05920605e-01, 8.02490175e-01, 4.21573591e+00,
   1.02758992e+00,-3.91516566e-01, 5.91791794e-02,-3.57462502e+00,
  -3.59768653e+00},
 {-1.83591507e-02, 4.99364361e-02, 1.37772992e-01, 2.81525683e+00,
  -3.02417493e+00, 2.29966328e-01,-1.24459167e-03,-1.07673931e+01,
  -1.47058722e-03},
 { 1.64792344e-01,-5.10711446e-02,-2.48077655e+00,-3.59886122e+00,
  -3.79602790e-01, 2.04095268e+00, 6.28397539e-02,-2.12857819e+00,
   6.16439867e+00},
 { 2.13290882e+00,-2.12365127e+00, 2.09936523e+00, 2.28283852e-02,
  -2.03500465e-02, 1.36305824e-01,-9.11002254e+00, 8.13025534e-02,
  -2.30572358e-01},
 { 2.86750102e+00, 2.44555950e+00,-2.33162761e+00, 4.33461182e-03,
  -9.79977008e-03, 1.11993894e-01, 1.14556952e+01, 2.51572970e-02,
  -1.53890043e-03},
 { 2.17271829e-03, 1.03369157e-03,-1.43486571e+00, 1.97306120e+00,
   7.06834221e+00, 4.35788012e+00, 1.28039774e-02,-6.76908922e+00,
  -1.05065383e-01},
 { 5.06977034e+00,-2.17972875e+00,-2.95029545e+00, 2.59753573e-03,
   1.83184743e-02,-3.77421677e-02, 9.96893024e+00,-3.11112180e-02,
  -9.43272840e-03},
 { 2.88199019e-02, 7.48631060e-02,-8.77527893e-02,-2.65527964e+00,
  -8.88527036e-01,-3.45258307e+00, 7.00208843e-02, 3.33676994e-01,
  -2.70418024e+00},
 { 3.65179849e+00,-1.08086324e+00, 6.14604282e+00, 1.67978201e-02,
  -7.62373060e-02,-4.55525480e-02,-1.10157356e+01, 1.90864019e-02,
  -4.39317338e-02},
 { 1.64782465e-01, 3.87858339e-02,-8.68711948e+00, 1.18441725e+00,
   2.29813263e-01,-5.38551688e-01, 4.16613184e-02, 1.77465856e+00,
   3.13549232e+00},
 { 1.70848891e-02,-3.29679274e-03,-6.67190790e-01, 7.42924154e-01,
   8.82854819e-01,-3.35890830e-01, 1.75034371e-03,-2.45632278e-03,
  -2.44962263e+00},
 { 9.97907147e-02, 1.47573268e-02, 3.81080580e+00,-1.12105511e-01,
   3.32911229e+00,-4.15274888e-01, 9.64890420e-02,-7.51499385e-02,
   4.46578312e+00},
 { 1.26780510e-01,-3.65412474e+00,-2.62714338e+00,-1.16975780e-03,
   1.26798330e-02,-1.37063965e-01, 5.31253004e+00,-1.92472339e-03,
  -2.14947183e-02},
 { 8.81012022e-01,-3.09264874e+00, 1.52285967e+01,-7.79252732e-03,
   5.91746590e-04,-1.04741462e-01,-8.38276005e+00, 1.18059935e-02,
   1.79272257e-02},
 { 4.11773250e-02,-6.15604920e-03,-3.95886087e+00, 3.17615151e+00,
  -1.94573665e+00, 1.36068499e+00,-1.36937927e-02, 3.87756920e+00,
   2.07505369e+00},
 { 4.23796701e+00,-1.41198039e+00,-2.75150585e+00,-9.74826422e-03,
  -4.85724956e-02, 5.14356941e-02, 9.14104176e+00,-5.92925623e-02,
  -2.10311003e-02},
 {-1.96786606e+00,-2.64645505e+00,-4.33143282e+00,-1.60631854e-02,
  -4.83163372e-02, 2.13506073e-02, 7.12721777e+00, 9.77625102e-02,
  -3.07368673e-02},
 { 4.34427214e+00,-1.98116028e+00,-7.19792604e+00, 1.88168623e-02,
   8.13409463e-02,-1.17391229e-01, 1.07613926e+01,-2.13850476e-02,
   1.61862727e-02},
 { 1.35574207e-01,-5.84465824e-02, 4.35070705e+00,-2.22375321e+00,
   1.44021142e+00,-8.32430542e-01,-2.06492580e-02, 2.28553128e+00,
   3.98070073e+00},
 {-4.41403966e-03,-1.84350051e-02,-1.99063659e-01, 3.49592996e+00,
  -2.88737297e+00,-7.49493182e-01,-1.42366411e-02, 9.51734829e+00,
   1.69068187e-01},
 {-1.59825003e+00,-6.36535287e-01, 1.16068792e+00, 6.17638463e-03,
   3.33594754e-02,-2.76968032e-02,-2.96534681e+00, 3.97476405e-02,
  -1.33882836e-02},
 {-2.98404527e+00, 4.52233434e-01, 4.31379128e+00,-3.74062639e-03,
  -4.29962091e-02, 1.32297665e-01,-6.37672138e+00, 1.21896574e-02,
  -6.15890883e-02},
 { 2.71836519e-02,-1.95028111e-02,-5.73907948e+00,-1.23125350e+00,
  -1.77881014e+00,-8.78689066e-02,-1.26711771e-01,-6.05129290e+00,
   3.58128428e+00},
 {-1.23078357e-02, 2.11558621e-02, 3.35789800e-01, 2.42226887e+00,
  -3.63386464e+00,-2.33973932e+00, 1.27884597e-02, 1.63225234e-01,
   8.94598216e-02},
 {-1.65572092e-02, 2.11751573e-02, 1.81285858e-01, 5.64258671e+00,
   2.09846878e+00, 1.89119756e+00,-1.13396486e-02,-1.33324156e+01,
   3.55975367e-02},
 { 1.22889422e-01,-2.66277529e-02, 3.41145730e+00, 3.77897620e+00,
  -2.12042069e+00,-1.96495466e-02,-4.00445657e-03, 6.52342558e+00,
  -3.98999882e+00},
 {-6.09998533e-04, 6.28306940e-02, 4.21756268e+00, 1.64698696e+00,
   5.38424134e-01, 2.28422356e+00,-1.06718287e-01, 2.81564689e+00,
  -4.34436679e-01},
 {-1.90070663e-02, 4.23607358e-04, 3.83113441e+01,-2.54806150e-02,
   1.43680228e-02,-4.68908668e-01, 1.45398621e-02,-3.75999361e-02,
  -2.36352975e-03},
 { 5.03126049e+00, 2.49115467e+00,-1.21276546e+00,-7.42099888e-04,
   2.17034165e-02, 3.07276249e-02, 8.82744408e+00, 6.13375707e-03,
   1.11922929e-02},
 { 1.27616763e-01, 6.48353621e-02, 2.81414700e+00, 2.69513345e+00,
  -4.00705719e+00,-7.95479774e-01,-8.80817547e-02, 5.85692310e+00,
  -2.34598875e+00},
 {-1.89711843e-02,-2.67318487e-02,-1.25647080e+00,-9.56545770e-02,
  -3.01925540e+00, 8.07190359e-01, 1.57796089e-02,-1.31492960e+00,
   1.07310367e+00},
 {-5.11214590e+00,-2.39649677e+00,-8.41619223e-02,-4.69107851e-02,
   2.74762157e-02,-3.54479416e-03, 1.05891192e+00, 1.66674368e-02,
  -5.22105303e-03},
 { 6.20402396e-03,-4.57012616e-02, 2.33809337e-01, 1.02953398e+00,
   2.98593736e+00,-8.87286568e+00, 1.77514404e-02, 7.72541046e+00,
  -1.29849017e-01},
 { 1.58696592e-01,-1.50096074e-01, 3.19878244e+00, 8.83603454e-01,
  -2.47892523e+00, 7.32697070e-01, 4.26314697e-02, 1.59101403e+00,
   4.20534134e+00},
 { 2.72737853e-02,-7.29371160e-02,-7.14361444e-02,-2.58266807e+00,
   8.14288318e-01,-1.62096143e-01, 1.92031916e-02, 9.89735794e+00,
  -1.10494941e-01},
 { 6.22221518e+00,-5.81405759e-01, 7.07415962e+00,-3.17793906e-01,
   2.89421767e-01,-4.60203499e-01,-3.77200150e+00,-7.70443603e-02,
  -2.72161335e-01},
 {-1.21310800e-02,-5.91705665e-02,-2.32005976e-02,-1.06045461e+00,
  -3.12197447e+00,-8.78850520e-01, 5.54673700e-03,-4.66621447e+00,
  -5.57905138e-02},
 { 9.32172500e-03,-3.82907912e-02, 4.55006165e-03,-1.15378606e+00,
   2.70011246e-01, 1.43339097e+00, 5.26269823e-02,-2.53414202e+00,
  -7.82039240e-02},
 { 5.44965155e-02,-2.69324947e-02, 6.39311314e-01, 2.60325527e+00,
  -1.56964886e+00, 1.20048749e+00,-4.23778445e-02, 4.38394487e-01,
   2.56107926e+00},
 {-2.24559102e-02,-6.00151010e-02,-2.40441418e+00,-1.38371861e+00,
   4.74509507e-01,-8.49219501e-01,-4.34888862e-02, 1.99197865e+00,
   7.58450508e-01},
 { 3.76606211e-02, 2.48632971e-02,-2.87400556e+00, 2.80774522e+00,
   2.14783788e+00,-2.10936570e+00, 7.77145848e-02, 3.89356129e-02,
   3.06028175e+00},
 { 1.07197464e-01, 4.23268461e+00, 1.37980962e+00,-2.15714774e-03,
   1.21333450e-02, 2.64529884e-02,-8.39181328e+00,-3.95411579e-03,
   2.89196707e-03},
 {-5.09395972e-02,-7.55092055e-02, 1.20309029e+01, 3.56983282e-02,
  -9.76581350e-02, 1.97825044e-01, 3.50030988e-01, 1.32506296e-01,
   1.29003406e-01},
 {-5.96556999e-03,-8.59988630e-02, 3.02658129e+00, 2.12902880e+00,
   9.60565984e-01, 3.95157710e-02, 4.03334163e-02,-1.45089650e+00,
  -2.50078583e+00},
 { 4.01723981e-02,-8.90328921e-03, 7.78998956e-02, 3.68567443e+00,
  -1.59150004e-01,-8.21361303e-01,-5.82440160e-02, 6.02833700e+00,
   2.17892456e+00},
 {-6.31138206e-01,-2.44778538e+00,-4.95094204e+00, 6.01031864e-03,
   4.47938032e-02,-1.06517754e-01, 7.98200464e+00,-1.31857395e-01,
   8.42020735e-02},
 { 2.53029871e+00,-3.70186663e+00,-4.09347343e+00,-2.02799030e-02,
   4.77809981e-02,-2.19244927e-01, 5.90946674e+00,-3.29903007e-01,
  -2.59499624e-02},
 {-1.05992407e-02, 1.51696466e-02,-5.40909078e-03, 4.74216843e+00,
   5.76805353e-01,-3.34885168e+00, 2.18594484e-02, 1.17323656e+01,
   1.01137338e-02},
 {-3.27038074e+00,-3.80075455e+00, 3.08560276e+00,-2.08776211e-03,
  -3.60023901e-02, 8.37575942e-02, 1.01248229e+00, 4.93322536e-02,
  -3.25457864e-02},
 {-1.19765811e-02, 4.88207536e-03, 3.55281755e-02, 2.37579012e+00,
   3.27557087e+00,-1.00586689e+00,-6.04503229e-03, 1.16144171e+01,
  -2.75110472e-02},
 { 1.00827210e-01,-6.53027892e-05,-3.80765891e+00, 8.43737483e-01,
  -1.36340988e+00,-1.11106075e-01,-8.21667314e-02, 2.40550900e+00,
   3.85505509e+00},
 { 5.39354384e-02,-1.23006411e-01,-4.63306141e+00, 3.19719851e-01,
  -1.91148567e+00,-3.91067326e-01, 1.19479798e-01,-1.10564396e-01,
   4.25082922e+00},
 { 3.23405027e+00, 1.37660611e+00, 2.78928590e+00, 5.19437678e-02,
  -5.68698496e-02,-1.30257765e-02,-8.03430557e+00, 4.49370816e-02,
  -5.34471981e-02},
 { 7.43543357e-02,-1.07372820e-01, 4.30700922e+00,-7.04768479e-01,
  -9.65956986e-01,-6.49146363e-02, 2.01751038e-01,-1.84753633e+00,
  -3.67137814e+00},
 {-8.18907935e-03, 4.23108190e-02, 2.74428993e-01, 2.07117438e+00,
  -2.54517150e+00, 6.32878780e-01, 2.30891574e-02, 5.42862558e+00,
   4.04585972e-02},
 { 1.57383299e+00,-9.04693365e-01,-5.83892059e+00, 2.18259450e-02,
   2.78114695e-02, 2.09275767e-01,-6.31651449e+00, 1.80576313e-02,
   1.89656541e-02},
 { 1.05084879e-02,-1.03815750e-03, 3.57186109e-01,-2.51134157e-01,
   2.03286219e+00,-3.27134460e-01, 4.35563624e-02,-3.00964880e+00,
  -3.61936539e-02},
 {-5.69139719e-02,-4.48556058e-02,-4.78826618e+00, 1.41271615e+00,
   1.77690566e+00, 3.23687345e-01,-9.64531675e-02,-2.90610266e+00,
  -4.25704670e+00},
 {-1.65224576e+00,-4.24178153e-01,-1.53844571e+00, 5.07736132e-02,
  -9.20765568e-03,-1.07668526e-01, 2.54830956e+00, 4.46939953e-02,
  -3.71802785e-02},
 { 2.62958389e-02,-1.67218465e-02,-1.82605040e+00,-6.22901022e-01,
  -7.50934899e-01,-7.92779982e-01,-3.60544957e-02,-1.39066553e+00,
  -2.58516645e+00},
 { 1.56494826e-01, 4.19389317e-03, 1.08601084e+01,-5.64573556e-02,
  -3.41309831e-02,-1.89667016e-01, 4.21509519e-02,-3.17510441e-02,
   7.45508447e-02},
 { 1.83059514e+00,-4.50832415e+00, 6.66042864e-01, 1.78686343e-02,
  -1.65191442e-02,-1.24336988e-01, 2.76993966e+00, 1.60684455e-02,
   5.86925745e-02},
 {-1.86772738e-02, 2.34414097e-02,-1.30439835e+01, 2.01148503e-02,
  -1.37371561e-02, 8.71465281e-02,-2.10685413e-02,-3.03767081e-02,
   8.57200101e-03}};

const float b1[sz_hid_1] = {-7.5586333 ,-0.02276072,-3.684538  ,-8.049502  ,-6.5780277 ,-6.471407  ,
 -2.3495655 ,-3.8927686 ,-5.2751412 ,-7.194496  ,-4.267576  ,-8.759078  ,
 -0.7186326 ,-2.4787984 ,-5.2972813 ,-7.636714  ,-5.7735305 ,-7.9748707 ,
 -6.333082  ,-0.51689017,-7.7958045 ,-5.703316  , 0.863101  ,-3.9782076 ,
 -4.358551  ,-1.684974  ,-6.6283083 ,-5.544051  ,-1.0454073 ,-4.105582  ,
 -2.0397356 ,-3.8891726 ,-2.849884  ,-5.271202  ,-5.197187  ,-8.682667  ,
 -5.061752  ,-8.866328  ,-0.5097254 ,-8.022401  ,-5.4860744 ,-1.5871122 ,
 -1.7025884 ,-0.7959003 , 0.21657714,-6.5347733 ,-4.8774295 ,-2.142015  ,
 -5.29163   ,-6.049781  ,-7.3642707 ,-6.0500956 ,-0.98084575,-5.2129073 ,
 -3.4627013 ,-8.141749  ,-7.3135877 ,-8.882866  ,-3.140024  ,-1.3018639 ,
 -7.1230674 ,-4.826923  ,-0.82142675,-5.9953346 ,-2.6501224 ,-4.9890733 ,
 -8.954568  ,-7.812772  ,-6.9561596 ,-8.111715  ,-2.702996  ,-4.6575656 ,
 -3.7339494 ,-5.524822  ,-3.3029912 ,-0.5095447 ,-5.6588736 , 0.39964494,
 -7.155571  ,-3.3924441 ,-4.6894164 ,-5.05509   ,-2.9639592 ,-5.089816  ,
 -3.8396046 ,-0.69830406,-5.564538  ,-8.29443   ,-1.7313325 ,-4.9958673 ,
 -4.758869  ,-1.5975132 , 1.0267798 ,-6.972611  ,-8.668525  ,-2.8733    ,
 -4.005039  ,-6.276747  ,-4.022305  ,-7.4302554 ,-9.013433  ,-4.8477473 ,
 -1.0177511 ,-2.8662398 ,-1.9546906 ,-4.1660504 , 0.87779266,-2.2570224 ,
 -2.815295  ,-4.5726733 ,-9.206904  ,-4.0525913 ,-5.6613784 ,-3.3554935 ,
 -9.071636  ,-2.185486  ,-5.3643603 ,-3.7340934 ,-3.5915103 ,-0.6202486 ,
 -5.538398  ,-0.83032733,-3.976618  ,-0.65874726,-2.4837437 ,-0.6037482 ,
 -3.213334  ,-0.31943294};

const float w2[sz_hid_2][sz_hid_1] = {{ 5.59598255e+00, 5.18765879e+00, 7.03939259e-01, 5.44888544e+00,
  -2.69740582e+00, 1.95503271e+00,-3.33254385e+00,-4.39673805e+00,
  -4.41706848e+00, 4.23588657e+00, 1.83002174e+00, 8.23685050e-01,
   2.05732062e-01,-2.54728270e+00, 5.84295811e-03, 2.96672750e+00,
  -9.76092529e+00, 1.30352008e+00,-1.60931289e+00, 1.15070605e+00,
   1.54334140e+00,-1.64996147e+00, 2.68980217e+00,-8.42727482e-01,
   4.33660299e-01, 3.67702365e-01,-3.05447149e+00, 1.97642863e+00,
   7.56232738e-01,-5.76995564e+00, 8.03928185e+00, 2.32693481e+00,
   1.44783306e+00,-1.60612786e+00, 2.32664204e+00, 9.46412945e+00,
  -1.19778442e+00,-1.33570080e+01,-1.42237639e+00,-3.38260174e+00,
   1.65718710e+00,-2.14783931e+00,-6.84304762e+00, 1.11924543e+01,
  -1.27342710e+01,-4.21001852e-01, 3.62533838e-01, 1.29789937e+00,
   1.56838524e+00,-1.65939319e+00,-1.93062389e+00,-2.57600498e+00,
   7.59231389e-01, 4.93493462e+00,-2.53290677e+00,-6.28660822e+00,
  -1.64434648e+00,-5.16373062e+00,-2.10931993e+00,-8.80030811e-01,
  -6.00882053e+00, 6.38807654e-01,-4.50965881e-01, 5.65991879e-01,
   8.71940136e+00,-1.70868790e+00,-1.59775186e+00, 7.51735353e+00,
  -3.09735203e+00, 1.40931988e+00,-4.96341676e-01,-1.67251360e+00,
  -3.10636973e+00,-3.31114602e+00, 6.70403659e-01,-9.56112266e-01,
  -3.92523193e+00, 2.48991156e+00,-3.55032325e-01, 1.17756867e+00,
  -7.73974562e+00,-1.46494281e+00, 2.74910665e+00, 2.47031069e+00,
  -2.38250089e+00, 5.46646881e+00,-8.17941952e+00,-1.33007228e+00,
   2.35710287e+00,-7.30753660e-01, 5.40788412e-01,-2.34093571e+00,
   1.33322626e-01, 2.04726532e-01,-1.54192698e+00, 4.77964306e+00,
   5.49971223e-01, 3.66436452e-01,-1.49982855e-01, 1.04710482e-01,
  -7.05538630e-01,-5.43171263e+00, 1.51659384e-01, 8.00697231e+00,
  -1.22341168e+00, 5.76316214e+00,-4.75970888e+00,-6.94543064e-01,
  -2.53963804e+00,-1.93445116e-01, 9.56929016e+00,-4.53844357e+00,
   1.10829675e+00, 2.56606370e-01, 7.51114988e+00,-8.49034667e-01,
   6.22827001e-02, 1.42118704e+00, 4.39384043e-01, 6.65161192e-01,
   1.69219863e+00,-4.26641136e-01, 2.54931748e-01,-1.18224468e+01,
  -3.23461938e+00,-2.65007436e-01, 2.13797903e+00,-1.99805334e-01},
 { 7.57395864e-01,-6.55648112e-01, 5.11183500e+00,-2.17035031e+00,
   5.50583506e+00, 2.61403608e+00,-1.25770116e+00, 4.27351570e+00,
   3.75641561e+00,-1.59211457e+00,-1.35209787e+00, 6.36728334e+00,
  -7.16003915e-03,-8.50614607e-01,-2.09398651e+00,-3.17883658e+00,
  -1.85729146e+00, 1.29284525e+00,-3.83531857e+00, 1.50311381e-01,
  -9.92410469e+00, 9.23562586e-01, 1.52395725e+00,-2.81767235e+01,
  -2.66597390e+00, 1.78010559e+00,-3.58890986e+00,-1.16472607e+01,
   8.42071915e+00, 5.89988589e-01,-2.58470821e+00,-9.92283404e-01,
  -7.52690983e+00, 5.22089481e-01, 2.62292564e-01,-3.53003049e+00,
   6.62835217e+00,-2.68110776e+00, 1.93962502e+00,-3.49101648e-02,
   1.31045794e+00, 2.42640901e+00,-2.78780317e+00, 4.68559170e+00,
  -1.26041765e+01,-2.91469550e+00,-3.24463987e+00,-2.61513281e+00,
   1.14237821e+00,-5.14182186e+00, 9.04388070e-01,-8.79064941e+00,
  -3.81010056e+00,-1.09869921e+00,-1.84200430e+00, 2.60005283e+00,
   2.79010415e+00,-1.71616344e+01,-6.11350441e+00, 6.19165564e+00,
   1.61075008e+00,-3.22397423e+00,-1.65906620e+01,-6.02979422e-01,
  -5.19927931e+00, 1.75234234e+00, 7.21755457e+00,-1.68435395e+00,
   2.11331606e+00,-1.91294634e+00,-5.04200518e-01, 2.49379969e+00,
   2.43845987e+00, 6.01642549e-01, 2.15769362e+00,-2.85410237e+00,
  -3.45323229e+00,-1.94012016e-01,-3.28833967e-01,-1.47516286e+00,
   6.49514318e-01, 1.21825111e+00,-2.70413995e+00, 4.27899075e+00,
  -8.14388916e-02,-1.48771465e+00, 3.55278087e+00, 3.93631291e+00,
  -4.18239307e+00, 9.74088788e-01,-1.54004335e+00,-1.76321614e+00,
  -4.80217636e-01,-9.28325534e-01,-8.96546066e-01,-9.10521221e+00,
  -9.28761721e-01,-1.29267669e+00,-1.66528261e+00,-1.16530361e+01,
   3.39146793e-01,-2.14633846e+00,-3.75228477e+00, 3.81820893e+00,
   6.73152399e+00, 2.52222586e+00, 9.91047263e-01, 1.09168744e+00,
   1.31087470e+00, 8.28524876e+00,-2.54610944e+00, 2.81956387e+00,
   3.55218196e+00, 2.65712619e-01,-2.24551988e+00, 6.46825409e+00,
  -7.03833008e+00,-2.53558636e+00,-9.40410423e+00, 1.43139970e+00,
  -3.35052943e+00,-3.02960873e+00, 1.52228034e+00, 6.17722654e+00,
   7.34234619e+00,-7.71678209e-01,-2.58423090e+00, 1.49592385e-01},
 { 1.59243989e+00, 1.26519704e+00,-1.30590284e+00, 2.02763271e+00,
  -5.02842426e-01,-2.10478191e+01, 2.22814098e-01, 2.81479168e+00,
  -1.05734444e+01, 5.51655960e+00, 4.11297846e+00, 3.00368592e-02,
  -2.59486818e+00,-6.40949190e-01, 8.41764569e-01, 7.42077827e-01,
   3.59357810e+00,-3.54794934e-02,-4.39516211e+00, 2.39382124e+00,
  -3.22117388e-01,-5.34764349e-01, 1.91207516e+00,-2.08366647e-01,
  -1.13530850e+00,-1.23283707e-01, 8.59497726e-01, 3.37998062e-01,
  -9.88415301e-01,-6.40471697e-01,-5.47889248e-02, 1.22880185e+00,
  -1.23124205e-01,-1.40541539e-01, 2.11902046e+00,-5.28741302e+01,
  -2.26735926e+00,-1.02577794e+00, 1.71065271e+00,-2.02638841e+00,
   6.39504910e-01,-2.52435589e+01,-1.85770869e-01,-9.53397214e-01,
  -2.11689806e+00,-8.35191429e-01,-3.45596623e+00,-9.90915820e-02,
  -2.49045759e-01,-1.76851201e+00,-2.59968548e+01, 1.17861234e-01,
  -1.66309223e-01, 9.06419873e-01, 4.41880040e-02,-2.99201989e+00,
  -1.76236439e+00,-3.84324341e+01, 3.72191727e-01,-1.08829994e+01,
  -8.16078961e-01, 1.12430167e+00, 2.27572966e+00, 4.18856621e-01,
   6.76706553e-01, 4.37191308e-01, 2.95201607e+01, 3.68239045e-01,
  -4.70866632e+00, 1.86136389e+00,-9.95141864e-01, 5.10609865e-01,
   3.29609108e+00,-7.68598557e-01, 1.07001972e+00,-5.22793114e-01,
  -4.39316362e-01, 8.50973964e-01,-2.50580143e-02, 7.85108209e-01,
  -2.76563287e+00,-3.89134139e-01, 5.37943661e-01, 1.33857042e-01,
  -8.32427597e+00, 9.03772771e-01,-7.61761129e-01, 1.84261143e-01,
   4.05769300e+00,-6.12811184e+00, 1.02197498e-01, 2.13583827e-01,
   1.25955179e-01, 3.15623134e-01, 2.42947650e+00,-2.97414958e-01,
  -6.87642157e-01,-3.93159837e-01,-5.30998856e-02,-5.78717346e+01,
   4.29140031e-01, 7.98857868e-01, 3.92275548e+00,-5.26056111e-01,
   2.44190335e+00,-7.14348629e-02,-8.30998302e-01,-8.63275826e-01,
   3.35434467e-01,-1.63914144e-01, 2.51827645e+00,-1.30608869e+00,
   4.25743848e-01,-8.97974074e-02,-1.02984343e+01, 2.83178657e-01,
  -1.06518781e+00, 9.47174072e-01,-4.02871594e-02, 3.04259109e+00,
   6.93359524e-02,-7.04900682e-01, 2.08640635e-01,-8.05350780e-01,
   8.11832607e-01,-3.41464400e-01, 7.04936385e-02, 1.73911795e-01},
 { 1.98169863e+00,-3.62966275e+00,-2.35499215e+00,-5.55917978e+00,
   7.03142262e+00,-2.53222728e+00, 8.48086452e+00,-1.09675131e+01,
   9.11740589e+00,-6.74855661e+00, 7.61119890e+00,-1.26259289e+01,
  -2.60276109e-01, 4.32715082e+00,-1.57390213e+00,-3.10246634e+00,
   9.24080729e-01, 8.07550073e-01,-4.31829834e+00,-5.90994060e-01,
   2.22243354e-01, 1.48379266e+00, 1.28059638e+00,-2.69341063e+00,
  -5.29281092e+00, 1.27564073e+00, 1.43884349e+00,-9.36343968e-01,
  -1.41788898e-02, 4.67033339e+00,-1.71291482e+00, 1.66629410e+00,
  -3.22628438e-01, 4.36498404e-01, 8.34220529e-01, 1.56338472e+01,
  -5.95258057e-01,-4.16177130e+00, 1.53249836e+00, 2.62233710e+00,
   4.12960052e+00,-2.00031781e+00, 6.77772951e+00,-5.49652815e+00,
  -8.69791317e+00, 1.89139217e-01,-4.05241776e+00,-6.40478684e-03,
   4.55232948e-01,-8.86705685e+00, 9.47948742e+00,-4.01983261e+00,
  -1.66024771e-02,-3.34692311e+00,-1.13650262e+00, 3.84926295e+00,
   1.31468236e-01,-4.41247749e+00, 7.56459999e+00, 5.53790712e+00,
   7.51632357e+00,-1.50901687e+00,-2.37404644e-01,-1.51511037e+00,
  -8.44530869e+00,-5.85530186e+00,-2.44938159e+00,-1.07767880e+00,
   1.50880527e+00,-6.97537899e+00, 1.10193169e+00,-3.02719879e+00,
  -9.77720547e+00, 3.65382648e+00,-1.67684406e-01, 5.18714309e-01,
  -5.15758181e+00,-4.01553202e+00, 3.67062449e-01,-1.47442162e+00,
   9.29364777e+00, 2.45733356e+00,-2.75244522e+00,-3.33092666e+00,
  -7.74182177e+00,-4.91666794e+00, 9.60706234e+00, 8.12491715e-01,
  -1.06954670e+00, 5.78460516e-03, 1.45333111e+00,-4.22411537e+00,
   4.07724619e-01,-4.59699333e-01,-2.81128120e+00,-3.27303499e-01,
  -1.24652314e+00, 4.63732183e-01,-7.11038888e-01,-1.20793831e+00,
  -1.99875689e+00,-1.44031933e-02, 1.67855096e+00,-8.83744049e+00,
  -3.32265592e+00, 9.75887537e-01, 2.08634162e+00, 2.35194945e+00,
   7.47482204e+00, 4.03142023e+00,-9.78901482e+00, 7.19686794e+00,
   1.08420357e-01,-2.10489893e+00,-1.69843090e+00, 1.57877827e+00,
   1.19484651e+00,-3.97366190e+00,-1.73596084e+00,-6.57501400e-01,
   8.34028602e-01,-1.67321050e+00,-1.97524047e+00, 5.00365353e+00,
   1.93272638e+00,-1.73035610e+00,-2.97305846e+00, 2.99992203e-03},
 { 9.65849280e-01, 6.41296005e+00,-2.39330959e+00,-6.31415606e+00,
  -2.41575646e+00,-4.00789678e-01,-4.91822451e-01, 4.10539329e-01,
  -3.02856612e+00,-1.01531754e+01, 3.12214464e-01,-3.13724756e+00,
  -1.26835912e-01, 1.97765028e+00, 1.35542512e-01,-7.45004225e+00,
   2.41908789e+00,-1.08715929e-01,-4.42053944e-01, 4.25115943e-01,
   7.88156509e-01, 3.44469845e-01, 5.82648456e-01, 2.62616903e-01,
   3.47253233e-01, 2.40109968e+00,-1.81031734e-01,-1.06835783e+00,
   1.19098628e+00,-1.43605971e+00, 1.67188287e+00, 1.38730049e-01,
  -6.73938751e-01, 5.09129524e-01, 5.10333717e-01, 1.04947984e-01,
   8.16582561e-01, 9.48401690e-01, 1.96952924e-01, 3.51780558e+00,
   3.87051582e-01, 9.86176953e-02,-3.69068861e-01, 1.00713909e+00,
  -8.59045386e-01,-5.58025897e-01, 4.86598730e-01,-3.38444281e+00,
  -7.71727026e-01,-3.43109512e+00,-1.08626425e+00, 1.87222660e+00,
  -3.01757407e+00,-4.60121721e-01,-9.61646914e-01,-1.27387362e+01,
   4.45187950e+00,-4.01798773e+00,-2.01255894e+00,-5.92657149e-01,
   1.38975077e+01,-1.25302315e+00,-1.15414095e+00, 7.57008314e+00,
  -1.85071144e+01, 2.55147600e+00, 6.67093635e-01,-5.08416700e+00,
  -1.05781043e+00, 1.25667801e+01,-4.18758579e-03,-2.01945138e+00,
  -1.60776877e+00,-1.70270133e+00, 2.16524079e-01, 2.63391674e-01,
   8.90052915e-01,-1.39925814e+00,-4.18412542e+00, 1.50986636e+00,
   1.09258831e+00, 1.24287620e-01, 2.42694759e+00,-7.58470476e-01,
  -4.34687495e-01,-8.62470150e+00,-8.56163883e+00, 3.71527863e+00,
   2.08176915e-02, 1.36904702e-01,-1.45444345e+00, 5.35105288e-01,
   1.67679906e+00,-4.51726198e+00, 2.93809795e+00, 4.44854796e-01,
  -1.25902498e+00, 1.06742613e-01, 1.15138233e+00,-3.48004550e-01,
  -6.75134838e-01,-2.09559157e-01, 3.48989740e-02,-3.90959829e-01,
   7.75539815e-01,-1.58465517e+00,-3.54895043e+00,-4.03794289e+00,
  -4.16765630e-01, 2.77931690e+00, 3.29037166e+00,-1.90025151e+00,
  -9.29462984e-02,-1.25375652e+00,-9.20764804e-01,-7.56373107e-01,
   6.07839763e-01,-3.26248765e+00, 2.05983901e+00,-2.54725665e-01,
  -3.59142214e-01,-1.61931920e-03, 7.41692543e-01, 1.15524614e+00,
  -1.52725899e+00,-2.15322471e+00, 2.76789522e+00, 4.32683134e+00},
 {-5.92769086e-01, 1.05763093e-01,-6.39766884e+00, 1.06008559e-01,
  -5.81383646e-01, 8.58330667e-01, 3.35880756e-01, 6.71687269e+00,
   7.43734658e-01, 5.03775740e+00,-1.69304967e+00,-1.81191273e+01,
  -2.11292791e+00,-5.97405210e-02, 4.62386942e+00, 6.07165933e-01,
   8.38854373e-01,-2.27919370e-01, 3.66481519e+00, 2.06989670e+00,
  -1.91252634e-01,-1.55913800e-01, 6.92671108e+00, 2.24770620e-01,
  -4.90918112e+00,-8.54138881e-02,-6.82414675e+00,-2.84771729e+00,
  -4.37932670e-01,-3.63707155e-01, 1.19216159e-01, 1.67590308e+00,
  -2.39864260e-01,-5.84808493e+00, 1.20422386e-01, 3.71814489e+00,
   2.19546705e-01, 2.36168712e-01, 2.98627704e-01,-1.84182620e+00,
  -5.83344996e-01,-2.28292656e+00, 7.74184847e-03, 5.83870530e-01,
   3.20943880e+00, 1.97771505e-01, 2.81649184e+00,-1.83873549e-01,
  -4.08139192e-02,-3.42294484e-01, 8.05666298e-02, 3.33445609e-01,
  -3.91088635e-01, 2.66543478e-01,-3.77683711e+00,-4.50730562e-01,
   7.07857162e-02,-1.63951540e+00, 1.14495349e+00,-1.23924233e-01,
  -6.86141849e-01, 3.73646927e+00, 1.87757492e-01, 1.27222523e-01,
   4.62592870e-01,-1.64613209e+01,-8.40610027e+00, 8.67790133e-02,
  -4.08500910e+00, 9.47202384e-01, 1.60925165e-01, 2.85601377e-01,
  -9.11847502e-02,-5.38479686e-01, 2.93884563e+00,-2.03339174e-01,
  -5.58351612e+00, 2.07215279e-01,-3.05608604e-02, 1.42754924e+00,
  -2.97979265e-01,-2.42944404e-01, 1.39573172e-01,-1.75347984e+00,
   1.40980470e+00, 1.98526010e-01,-4.96063977e-01,-4.59099293e-01,
   3.75585221e-02,-5.28431714e-01, 7.70796001e-01,-4.83067855e-02,
  -2.36163475e-03,-3.81503031e-02, 1.28538072e+00, 4.53031451e-01,
  -6.85517341e-02, 9.32372034e-01,-7.74837613e-01,-2.87919569e+00,
   3.43885571e-01, 1.73090816e+00, 5.30693889e-01,-2.51278234e+00,
   1.45998597e+00,-4.61596823e+00,-2.28541214e-02,-5.75619601e-02,
  -7.60584164e+00, 8.90365505e+00, 2.36296579e-01,-5.91743588e-01,
  -7.42079020e-01, 6.93694800e-02,-3.59579372e+00, 9.15672481e-01,
   1.36831188e+00, 3.91990304e-01,-8.55610073e-02,-5.24805307e+00,
  -2.02105209e-01, 7.93241739e-01,-1.95509255e-01,-3.54839414e-01,
   1.87757492e-01, 7.88945891e-03, 4.35606577e-02, 2.37009168e-01},
 {-1.35311615e+00,-1.56799316e+00, 9.95979667e-01,-2.05117249e+00,
   9.46821094e-01, 2.11408362e-01,-1.04227197e+00,-1.74269187e+00,
   3.89981896e-01,-2.14858246e+00, 2.62075400e+00,-3.04284006e-01,
   1.15831494e+00, 6.36282384e-01,-7.55711603e+00,-1.39018786e+00,
  -6.48172438e-01, 5.78653440e-02, 3.95485722e-02,-1.22833729e+00,
   4.37791497e-01, 5.64706326e-01,-2.33051825e+00, 1.03601269e-01,
  -1.08648443e+00, 2.34979108e-01, 2.05722737e+00, 1.38320637e+00,
  -8.67942095e-01, 7.32010186e-01, 2.30437845e-01, 5.85564598e-02,
  -8.49034607e-01, 1.31615543e+00, 1.49215013e-01,-8.91057968e+00,
   1.00867510e+00, 6.27438068e+00, 2.06210804e+00,-6.82517365e-02,
  -3.20002532e+00,-5.47581851e-01, 5.41712999e-01,-5.84489107e-01,
   1.25116718e+00,-4.50275928e-01, 7.43623686e+00, 1.44529626e-01,
  -6.13909662e-01, 8.77002716e-01, 1.24153137e-01,-2.53603399e-01,
  -1.00030637e+00,-9.14050519e-01, 1.06340384e+00, 2.78715682e+00,
   1.05315530e+00, 1.98254550e+00, 9.99053895e-01, 8.46679449e-01,
   1.36453843e+00,-1.32923400e+00, 3.93991098e-02,-3.07397723e-01,
  -5.62450886e-01,-1.40301859e+00,-1.14624567e+01,-4.59250975e+00,
   1.32433486e+00,-1.49720490e+00,-4.75967199e-01,-3.39683115e-01,
   1.05122678e-01, 8.73251975e-01,-1.10798419e+00, 3.48262608e-01,
   5.21208439e-03,-8.12196910e-01,-6.51761889e-02, 1.36163354e+00,
   2.28762674e+00, 4.42912847e-01,-6.93420827e-01, 5.58053255e-01,
  -2.66407037e+00,-7.91918099e-01, 7.96584785e-01, 3.66188860e+00,
   1.62556481e+00, 1.14877391e+00,-4.46171671e-01,-4.23833221e-01,
  -1.87042564e-01,-2.29265869e-01,-1.64055691e+01,-7.56399930e-01,
   5.15188754e-01, 1.82399213e+00, 5.30965447e-01, 2.21102810e+00,
   1.92250222e-01, 1.80636489e+00,-1.07833548e+01,-4.88631517e-01,
   8.85209143e-02, 8.78680050e-01, 9.09066200e-01, 7.61481643e-01,
  -1.15192592e+00, 5.77191353e-01,-2.47934151e+00, 1.72934294e+00,
   3.49248242e+00, 2.51904428e-01, 7.30812120e+00,-5.30069113e-01,
   1.69681348e-02,-8.91639173e-01, 5.45876138e-02,-6.92862794e-02,
  -3.03075075e-01,-2.57295942e+00,-5.51542699e-01, 6.98635161e-01,
   4.97951984e-01, 2.40927309e-01,-7.80694634e-02, 1.02914560e+00},
 { 3.58412790e+00, 3.94077325e+00, 1.00005829e+00, 6.08214760e+00,
  -8.05778444e-01,-3.31808519e+00, 8.62115622e-01,-5.68966448e-01,
  -6.88319087e-01,-1.83387923e+00,-3.41877818e-01, 2.83238626e+00,
  -7.22231507e-01,-8.21115434e-01, 1.51761961e+00, 2.33532858e+00,
   1.97445557e-01, 5.46364307e-01,-2.30218053e+00,-3.87252063e-01,
  -5.56323171e-01,-1.32611370e+00, 1.99416316e+00, 1.78538334e+00,
   1.77119374e-01,-4.16686356e-01,-1.82865858e+00,-1.67356297e-01,
  -1.03463602e+00,-1.72152483e+00, 3.90300900e-01, 6.07318878e-01,
  -8.62623453e-01, 2.44849777e+00,-3.40669036e-01, 2.15848541e+01,
   8.91501233e-02,-2.73967147e+00, 1.66997981e+00,-4.70604944e+00,
  -1.49141699e-01,-1.19658446e+00, 3.24979448e+00,-3.49512792e+00,
   9.25134480e-01, 1.18761265e+00,-6.59338653e-01, 3.78992945e-01,
   1.69384933e+00,-4.24401855e+00, 5.21730423e+00, 1.33736765e+00,
   1.50914156e+00, 2.97152758e+00, 3.59207273e+00,-7.33553648e+00,
  -4.12485456e+00,-4.12525862e-01, 5.49758959e+00, 3.18363518e-01,
  -3.56217074e+00,-4.37578726e+00,-2.27668095e+00, 4.43118930e-01,
   4.06682777e+00,-2.49606013e+00,-1.24618959e+01,-1.13241148e+00,
   3.11261153e+00, 3.39845228e+00, 4.05983388e-01,-1.02503948e-01,
  -6.23406947e-01,-1.86564147e+00, 1.22907686e+00, 2.81355834e+00,
  -6.73536360e-01, 1.58859968e+00,-4.19242540e-03, 4.40836102e-01,
  -5.90694046e+00,-1.35770500e+00, 1.59173000e+00,-1.43261448e-01,
  -4.53072220e-01, 2.61839485e+00,-3.72771788e+00, 5.33967800e-02,
   8.46417606e-01,-3.52872372e-01, 1.61102319e+00,-2.59189796e+00,
   4.19627726e-01, 4.84808207e-01, 3.04914165e+00, 8.84381384e-02,
  -1.20363867e+00, 2.13447285e+00,-7.01355517e-01, 6.31979167e-01,
   4.82925892e-01,-1.90944886e+00,-3.50569874e-01,-1.18050385e+01,
  -3.71388173e+00,-6.42019701e+00,-2.98875165e+00,-3.40842396e-01,
   3.81749892e+00,-5.81692576e-01, 3.77482891e-01,-2.41818070e+00,
  -1.08183181e+00, 3.56007777e-02, 5.99550676e+00,-2.44443640e-01,
   2.98777294e+00, 1.82864821e+00,-1.39633536e+00, 6.69889867e-01,
   1.39230120e+00, 3.72954279e-01,-5.59630299e+00,-3.08979058e+00,
   1.92552221e+00,-7.12795436e-01, 4.62349623e-01,-2.64581323e+00},
 {-3.86831105e-01, 3.80134368e+00, 9.48812902e-01, 1.13906784e+01,
  -3.83459330e+00,-4.45472002e+00,-2.71155238e+00, 8.77348557e-02,
  -1.06238403e+01, 1.19064445e+01, 1.09529352e+00, 3.21498036e+00,
  -1.69797376e-01,-1.38288414e+00,-1.93290263e-01, 4.13516426e+00,
   2.92344713e+00,-3.45867467e+00,-2.82705247e-01, 6.18028879e-01,
   1.14993823e+00,-3.67358136e+00,-2.90059471e+00,-3.39938641e+00,
  -1.19104397e+00, 3.66690576e-01,-1.86836922e+00,-1.49307573e+00,
  -4.41918325e+00, 3.37881655e-01, 3.20092225e+00, 6.72053874e-01,
   6.01732206e+00, 1.55647945e+00, 1.61547101e+00,-3.79681659e+00,
   4.37606955e+00,-3.35908914e+00, 1.30291343e+00,-2.60762024e+00,
  -1.08516264e+00, 2.36582923e+00, 7.70019341e+00, 2.47996616e+00,
  -7.34989738e+00, 9.54663098e-01,-6.61262989e-01,-2.01330948e+00,
  -2.96928972e-01,-7.18064594e+00,-4.52095127e+00,-2.98488307e+00,
  -6.13084435e-02, 1.82111204e+00,-1.67896903e+00,-1.94722652e+00,
  -1.33449900e+00,-1.25844727e+01, 4.19444799e-01, 3.15691972e+00,
  -2.62367554e+01, 3.78991413e+00, 1.09392586e+01,-7.96185791e-01,
   4.78423977e+00,-1.44025576e+00,-2.69881153e+00,-3.90171576e+00,
   1.31846142e+01, 7.40932655e+00,-8.02803576e-01, 1.79829013e+00,
   5.73829353e-01,-3.90378332e+00,-1.44598274e+01,-1.24018395e+00,
  -1.92479115e+01, 3.11826015e+00,-1.48952937e+00,-1.42867577e+00,
  -5.29164028e+00,-3.49778843e+00, 1.46356010e+00,-1.26942196e+01,
  -3.34615231e+00, 6.52608395e+00,-5.74266195e+00,-6.39049006e+00,
  -3.27629018e+00, 1.15414250e+00, 2.61996365e+00,-2.95564055e+00,
   1.65965319e+00, 2.71884184e-02,-4.55556345e+00,-7.74595261e+00,
   1.29156399e+00,-3.95556390e-01,-1.02427959e+00,-3.28180885e+00,
  -4.44604993e-01,-2.93816924e+00,-5.40803957e+00, 4.84343672e+00,
  -9.64581871e+00, 2.96631050e+00,-3.47407317e+00, 3.06024456e+00,
   2.25523400e+00, 2.19728112e+00, 8.18130589e+00,-3.78009057e+00,
   1.24283111e+00,-2.22736192e+00,-2.50741506e+00,-7.44277477e+00,
  -1.05777140e+01, 3.08110309e+00,-1.73309422e+01, 1.48327917e-01,
  -1.92292404e+00,-6.34982061e+00,-7.39884853e+00,-5.97107744e+00,
  -4.53957748e+00,-9.83648396e+00, 1.93226290e+00,-1.28876603e+00},
 { 6.87476993e-01, 9.71104920e-01, 2.65064905e-03, 1.07746792e+00,
   1.30061090e-01,-4.38664436e-01,-5.06791957e-02, 5.51892102e-01,
   6.53956309e-02, 2.80452037e+00,-2.34315038e+00, 8.55105042e-01,
  -1.96908247e+00,-3.72926056e-01, 3.00072104e-01, 6.90995753e-01,
   1.03451824e+00, 2.88813114e-02, 2.03493023e+00, 2.91013217e+00,
  -3.24219078e-01,-2.96158195e-01, 1.78824472e+00,-2.65638065e+00,
   7.22410858e-01,-1.14947282e-01,-1.82038093e+00,-1.16287386e+00,
   1.62647456e-01,-3.86695325e-01,-1.53227076e-01,-1.12858671e-03,
   3.42129618e-01,-4.54380602e-01,-2.09206030e-01,-3.69386315e-01,
   1.00058067e+00,-4.67427063e+00, 1.26771212e+00, 7.24360883e-01,
  -4.63279533e+00,-8.27148855e-01,-1.46103099e-01, 5.72883368e-01,
  -1.40721723e-01,-3.31253350e-01, 3.54978418e+00,-1.27747566e-01,
   5.51530182e-01,-6.48187160e-01, 1.21182695e-01, 1.26898021e-01,
   4.56338048e-01, 5.54707527e-01,-1.27758014e+00,-1.84875500e+00,
  -8.88292491e-01,-1.95489800e+00,-3.62579703e-01, 1.52587444e-01,
  -7.10966647e-01, 6.04320228e-01, 1.55283242e-01, 1.99121729e-01,
   2.86751956e-01,-5.00338972e-01,-6.04626596e-01,-4.18548393e+00,
  -1.78017378e+00, 9.29041982e-01, 3.51774514e-01, 2.96057492e-01,
  -1.79867893e-01,-4.91661847e-01, 6.04008317e-01,-5.50243318e-01,
   1.41183227e-01, 4.94395167e-01, 2.10893527e-03, 2.59565830e-01,
  -1.59652448e+00,-2.10239485e-01, 4.08493876e-01,-5.95112562e-01,
   2.38678241e+00, 4.29754496e-01,-4.32188302e-01,-1.47016418e+00,
  -4.89299583e+00, 5.02357626e+00, 3.15821797e-01, 4.70959783e-01,
   1.00321479e-01, 1.91687196e-01, 1.48336706e+01, 4.51932490e-01,
  -3.99593830e-01,-2.22770596e+00,-9.84797627e-02,-1.16818857e+00,
   1.38932904e-02,-3.33203125e+00,-5.32631683e+00, 1.41155407e-01,
  -5.46717942e-02,-7.06535697e-01,-5.70834517e-01,-3.11548024e-01,
  -5.49740437e-03,-2.53293067e-01, 1.57130587e+00,-8.19995522e-01,
  -2.38665557e+00,-1.38319984e-01,-6.56280804e+00, 1.24706492e-01,
   6.36231363e-01, 6.19921803e-01,-9.07821357e-01,-1.05764978e-02,
   2.74077337e-02,-8.00965595e+00, 5.70461005e-02,-4.64784026e-01,
   1.30172479e+00,-4.64481711e-01,-8.77448544e-02,-5.51984489e-01},
 { 3.62491202e+00,-8.77029479e-01, 1.11206323e-01,-5.12295961e+00,
   5.43821430e+00, 1.00729331e-01, 1.40228383e-02, 9.63571221e-02,
   1.14132650e-01, 1.53589237e+00, 1.96992233e-02, 1.89566743e+00,
  -2.59299204e-02, 6.64201498e-01, 3.22367325e-02, 6.50184488e+00,
  -7.90821388e-03,-1.74288861e-02, 9.97583568e-03,-5.47068901e-02,
  -9.78323078e+00, 7.67141342e-01,-1.18961027e-02,-2.13633552e-01,
   7.43487328e-02, 1.37650415e-01,-1.83798019e-02, 3.13866884e-01,
  -1.20590195e-01, 6.71546102e-01, 4.19546247e-01, 2.28965618e-02,
   1.86206907e-01,-7.49050751e-02,-2.17525929e-01, 4.31115359e-01,
   1.18414909e-01,-7.84297168e-01, 6.37062415e-02,-9.64899004e-01,
   8.50375369e-02, 8.11233558e-03, 3.53507549e-02,-7.89750963e-02,
   8.51045996e-02, 9.82847869e-01, 8.24443027e-02, 2.52520770e-01,
  -2.02040300e-02, 1.77485466e-01, 1.21391192e-03,-1.09839149e-01,
   2.98490906e+00,-1.02203131e+00,-2.65370905e-02,-3.27517796e+00,
   4.10474014e+00, 2.71092951e-01, 1.72114074e-01,-4.88969572e-02,
   1.02139249e-01, 2.88547337e-01, 5.99996150e-02,-4.48576361e-01,
  -2.89493680e-01,-1.61684617e-01,-2.24593103e-01, 3.84842843e-01,
   8.36134732e-01,-2.23591590e+00,-2.87905857e-02,-1.77391127e-01,
  -6.79676756e-02, 1.11469209e+00, 9.72818509e-02,-3.94174941e-02,
   2.54010707e-02,-1.00586998e+00,-6.30777407e+00,-1.85845271e-01,
   6.39540374e-01, 5.71648240e-01,-9.21654284e-01, 3.71473394e-02,
   8.99385437e-02,-1.37707293e+00,-2.02811298e+01,-5.48156463e-02,
  -2.02910900e-02, 4.99546342e-02, 2.62838781e-01,-6.62939530e-03,
   2.38715982e+00,-3.20649743e-01,-1.43186641e+00, 6.59440160e-02,
   7.57519722e-01, 1.63428392e-02,-1.28405422e-01,-6.89255632e-03,
   1.22210436e+01,-9.92243662e-02,-3.01150978e-02, 1.42307609e-01,
   3.39747034e-02, 2.24514026e-02, 1.20067680e+00,-3.24719787e+00,
  -2.36206219e-01,-3.45127642e-01, 1.79953909e+00,-3.17822099e+00,
  -7.40489736e-02, 8.74186218e-01, 1.78502172e-01,-8.74831602e-02,
  -5.59773259e-02,-4.77249575e+00, 2.05392111e-02, 1.61021650e-02,
  -9.76072371e-01,-2.89009493e-02, 1.11925434e-02, 8.63874257e-01,
   2.53129490e-02,-2.89273930e+00,-7.53194094e-02,-3.35760307e+00},
 { 1.92577863e+00,-5.71790504e+00,-2.39449307e-01,-4.27627754e+00,
  -1.29871130e+00, 2.27654123e+00, 1.05597639e+00, 2.37549734e+00,
   5.34924567e-01,-1.89543754e-01,-1.40892997e-01, 4.22089195e+00,
   9.67381289e-04, 3.30805898e-01,-5.50714552e-01,-5.87776136e+00,
   9.34677869e-02,-1.74021935e+00,-4.79366124e-01, 8.56256843e-01,
   1.32047586e+01, 1.60132098e+00,-1.99343610e+00, 5.06264782e+00,
  -5.96960783e+00, 4.39606085e-02,-2.62267798e-01, 2.79126477e+00,
   3.39817214e+00, 3.40112758e+00,-2.53549218e+00,-4.88258116e-02,
   2.85160303e-01,-4.54945356e-01, 2.65595055e+00,-2.79851222e+00,
  -1.31650753e+01, 1.18533049e+01, 4.68215346e-02, 2.82890296e+00,
  -1.77433848e+00, 5.39905548e-01,-1.39031076e+00,-1.08434439e+00,
   4.04236764e-01,-2.80850172e+00, 1.49811193e-01,-4.33054399e+00,
  -1.71930528e+00, 1.26608193e+00,-3.61739516e+00, 1.19608891e+00,
  -1.75266707e+00,-3.53493547e+00,-6.72703266e-01, 7.06456089e+00,
  -1.44441950e+00,-3.45697904e+00, 7.10639238e-01, 7.98113286e-01,
   6.90257215e+00, 3.09102535e+00, 8.26993525e-01,-8.72316778e-01,
  -1.93707609e+00,-4.85819727e-01, 2.98129201e+00, 6.55063570e-01,
  -1.66931963e+00,-3.25921011e+00,-6.50682986e-01, 3.33759218e-01,
   1.00407827e+00, 4.13449287e+00,-3.28945100e-01,-7.91245222e-01,
  -9.87518668e-01,-2.95113754e+00,-5.83935499e-01,-1.44892827e-01,
   5.38519716e+00, 1.38622105e+00,-2.40236807e+00,-2.02171013e-01,
  -6.07485175e-01,-5.71530104e+00, 3.48236561e-01,-8.90967846e-01,
  -5.66695750e-01, 5.72600842e-01,-2.63174367e+00,-2.75028419e+00,
  -2.31377125e+00,-1.93968797e+00, 5.25594664e+00, 8.20848048e-02,
   2.56243539e+00,-2.45617688e-01, 6.50479738e-03, 4.48616952e-01,
   4.29926729e+00, 1.04812399e-01, 5.18625736e-01, 1.06662251e-01,
   1.54993033e+00,-9.51426089e-01, 4.66301394e+00, 1.62691760e+00,
   2.95712876e+00,-3.86843622e-01,-7.81169653e+00, 7.14953947e+00,
  -1.15386176e+00,-1.75431490e+00,-5.56807145e-02, 6.87386703e+00,
  -1.58520555e+01,-3.90510368e+00,-3.26142097e+00, 1.42934024e+00,
   7.92591989e-01,-1.37193036e+00, 1.67917752e+00, 7.61392355e+00,
   1.15008616e+00,-7.53301048e+00,-2.34124660e+00, 2.52193952e+00},
 {-1.14398181e+00,-9.50900614e-01, 2.93925494e-01,-1.52479422e+00,
   4.92566884e-01,-4.96106243e+00,-6.45746291e-02,-9.21045840e-01,
  -8.85685635e+00,-1.82226682e+00,-3.21126938e+00, 5.88176474e-02,
   3.14753294e+00, 3.21839899e-01,-3.89541459e+00,-7.11513996e-01,
   7.08684254e+00,-7.75467232e-02, 3.10006928e+00,-9.86312866e-01,
   1.23566382e-01, 3.97021621e-01,-5.24309969e+00,-2.41535187e+00,
   5.93122005e-01, 1.36440173e-01,-1.72620239e+01, 3.00377035e+00,
  -2.28689745e-01, 4.36289877e-01,-1.28339782e-01,-1.20336723e+00,
  -1.78092375e-01,-5.98854423e-02,-2.78554702e+00, 1.29851465e+01,
  -3.30472767e-01,-1.69197483e+01, 1.11808646e+00, 1.45416441e+01,
  -2.37078547e+00,-1.33227205e+00, 2.84598768e-01, 5.57421684e-01,
   1.73685217e+00, 3.99501354e-01, 2.65331697e+00,-3.48187126e-02,
   8.48058015e-02,-2.92671740e-01,-4.88765097e+00, 2.33020067e+00,
  -3.13548595e-02,-6.67258620e-01, 7.11546659e-01, 2.31802034e+00,
   1.16029561e+00, 5.23862696e+00, 1.09921612e-01, 3.69694405e+01,
   5.77092230e-01,-7.71289158e+00,-9.76911247e-01,-2.99399227e-01,
  -3.89027029e-01, 1.31601635e-02,-1.83682213e+01,-1.20956669e+01,
   1.33258808e+00,-1.12718308e+00,-2.68656611e+00,-1.69129550e-01,
   1.17627847e+00, 5.28421044e-01,-8.57344687e-01, 9.82159913e-01,
  -3.86491925e-01,-5.21087646e-01, 1.26268696e-02,-3.06185484e-01,
   1.59019303e+00, 3.27752680e-01,-4.40902352e-01,-1.61866933e-01,
  -2.47612071e+00,-5.87417960e-01, 4.43146855e-01, 1.43346465e+00,
  -1.37608719e+00, 1.89005566e+00,-8.16449374e-02,-5.80511272e-01,
  -1.20072417e-01,-2.71697760e-01, 6.95922732e-01, 1.05370864e-01,
   3.76331389e-01,-9.82523382e-01, 5.93739636e-02,-1.29167871e+01,
   2.76073068e-01,-8.66354346e-01,-6.62900772e+01, 8.02427754e-02,
   1.21673077e-01, 7.94169903e-02, 6.21909797e-01, 2.64853895e-01,
  -2.29291022e-01, 2.20912471e-01,-1.65725279e+00, 9.30444956e-01,
  -8.63934422e+00, 1.10721141e-01,-5.93551779e+00,-4.77786154e-01,
   3.77429537e-02,-6.28428519e-01, 4.76340920e-01,-8.72712076e-01,
  -1.78029045e-01, 1.95725930e+00,-2.11946249e-01, 7.58916378e-01,
  -6.82134807e-01, 5.93220532e-01,-9.52878222e-02,-8.99156556e-02},
 { 5.26097822e+00, 1.46534771e-01, 1.55551934e+00,-3.10685272e+01,
  -4.67128277e+00, 8.20017874e-01, 8.65037963e-02,-4.41843748e-01,
   4.27056372e-01,-1.07557993e+01,-1.98749244e-01, 4.49003458e+00,
  -3.49521726e-01, 6.63276970e-01,-2.06938997e-01,-1.00524197e+01,
  -2.28644133e+00, 9.11996269e+00, 4.13352959e-02, 8.97406116e-02,
   1.31419027e+00, 8.95363808e+00,-2.09250912e-01,-2.70925426e+00,
   3.72205675e-01,-1.77358494e+01,-2.72804379e-01, 1.90143704e+00,
  -1.56852818e+00, 1.80442965e+00,-2.49385715e-01,-4.57642883e-01,
   1.75193894e+00,-1.20972776e+00, 5.14322639e-01, 6.30653083e-01,
   2.98611641e-01,-4.79574203e+00,-6.43358156e-02,-7.09836912e+00,
  -5.35953164e-01, 8.93809259e-01, 3.63109916e-01,-1.30471694e+00,
   3.76845270e-01, 2.92410946e+00, 1.51332796e-01,-8.41704655e+00,
  -1.89286634e-01, 2.82235336e+00, 8.72829199e-01,-3.46760845e+00,
  -4.60852814e+00,-3.12141156e+00, 7.79834151e-01, 1.12683096e+01,
   4.66801596e+00, 4.91626263e+00, 2.73370552e+00, 4.46600556e-01,
   9.58183002e+00, 1.94873655e+00, 5.13388872e-01,-6.29897451e+00,
   1.22566275e-01,-3.26294756e+00,-3.50295216e-01, 2.49660325e+00,
  -6.69380903e-01,-2.74643154e+01,-2.69571155e-01,-5.47086477e+00,
   5.67725122e-01, 9.85131550e+00, 1.17254925e+00, 1.31761029e-01,
  -9.96787190e-01,-4.87824059e+00, 2.49536943e+00,-1.49525714e+00,
   7.11518240e+00,-2.65848517e-01,-3.45924973e+00, 2.65525449e-02,
   2.95847088e-01,-2.14591432e+00, 3.75669390e-01,-3.42351890e+00,
  -3.89816314e-01, 1.28208518e-01, 3.25090909e+00, 3.29970211e-01,
  -2.95828605e+00, 1.54276724e+01,-8.12281418e+00,-4.78558153e-01,
   6.33758116e+00,-2.94804424e-02,-3.07723904e+00,-1.66527897e-01,
  -2.60800457e+00,-4.26377684e-01,-1.68372348e-01, 5.13940156e-01,
  -1.59192681e+00, 1.76803887e+00,-1.78661573e+00, 5.53628206e-02,
  -1.86401188e+00,-5.08173609e+00, 4.88477421e+00, 6.75632858e+00,
   2.92497198e-03,-2.88306737e+00, 2.23971891e+00,-1.08842170e+00,
   5.08730841e+00,-1.62213236e-01,-1.07669842e+00, 9.54676196e-02,
  -1.59471869e+00,-2.83883899e-01,-3.18050027e-01, 1.00244293e+01,
   6.76859438e-01, 1.04190798e+01, 1.81143630e+00, 2.69859910e+00},
 { 1.99407730e-02, 9.91455372e-03,-9.27478373e-02,-6.45654276e-02,
  -1.11179203e-02,-6.17141835e-02,-1.97365303e-02,-8.22218955e-02,
  -1.31747639e-02, 4.78352793e-02,-1.65722854e-02,-1.68790016e-02,
  -6.48781583e-02, 2.03086492e-02,-3.09317727e-02,-3.55339684e-02,
  -7.16984570e-02,-5.44261700e-03,-5.76978512e-02,-3.69323371e-03,
   5.57144061e-02,-5.84955029e-02,-1.04733504e-01,-3.87349948e-02,
  -6.00976385e-02,-3.39629352e-02,-4.27256934e-02, 2.67505646e-02,
  -1.23771772e-01,-4.57021520e-02,-9.39693600e-02,-1.47090172e-02,
   3.85092236e-02,-5.93946353e-02,-1.16018586e-01, 2.17200220e-02,
  -3.75325903e-02, 3.74126211e-02,-1.16709918e-01,-1.02383308e-01,
  -4.92584221e-02,-5.01767360e-02, 9.31854919e-03,-4.42466997e-02,
  -6.75795227e-02,-3.76236103e-02, 2.92039234e-02,-1.11664623e-01,
   3.22417654e-02,-8.18003938e-02,-6.22980185e-02,-7.10386559e-02,
   6.35415390e-02,-1.62294075e-01,-3.65422070e-02,-2.73711067e-02,
   1.05209701e-01,-4.30528633e-03,-1.10037677e-01,-1.03334505e-02,
  -2.99954023e-02,-8.54899362e-02,-7.87145831e-03, 2.59466488e-02,
  -5.91681758e-03,-5.64317554e-02,-3.95664349e-02, 2.34883353e-02,
  -3.60908136e-02, 1.13357054e-02, 4.27121557e-02, 3.65043357e-02,
  -6.46614060e-02,-1.08056113e-01,-6.20775893e-02, 6.84669241e-02,
  -1.30091876e-01,-1.20529003e-01,-3.82319055e-02,-8.43936857e-03,
  -1.12688288e-01,-1.18186608e-01,-6.26301095e-02,-5.35718650e-02,
  -1.16790375e-02,-1.38287516e-02,-1.12651967e-01,-7.96652362e-02,
   6.09129993e-03,-8.71531069e-02,-7.95586705e-02,-3.84661788e-03,
  -7.77568743e-02, 5.57316355e-02, 2.28583235e-02,-4.00694609e-02,
  -5.15207052e-02, 1.19113121e-02,-7.63862282e-02,-5.51413521e-02,
  -3.91901433e-02,-8.09468254e-02, 3.89231294e-02,-1.10512041e-01,
  -3.39632444e-02, 3.54171246e-02,-4.18144055e-02,-1.68183625e-01,
  -1.43117616e-02, 4.89809923e-02,-1.08645491e-01,-3.80249210e-02,
  -1.16147324e-02, 4.35560718e-02,-4.20372859e-02, 3.18834442e-03,
  -7.10658804e-02,-6.17934987e-02,-2.37054285e-02,-1.68205082e-01,
   6.69515729e-02, 3.77307832e-02,-1.34875057e-02,-1.24659128e-02,
  -8.15706551e-02, 1.31169511e-02, 2.17879526e-02,-1.44008592e-01},
 { 2.26644373e+00, 3.95521903e+00,-8.71602654e-01, 1.14310760e+01,
  -4.44721174e+00, 3.16930264e-01,-3.00143629e-01, 1.25037456e+00,
  -2.75869131e+00, 8.07824850e-01, 8.53911787e-02,-3.98161507e+00,
  -9.07430649e-02,-2.59282851e+00,-1.83188781e-01, 4.54853106e+00,
   1.33252311e+00,-1.76177740e+00,-4.82762635e-01, 5.41431785e-01,
   1.69080603e+00,-2.72448158e+00,-8.97491574e-01, 3.37096953e+00,
  -1.50186431e+00,-2.19414282e+00, 8.18517897e-03,-1.69846207e-01,
   2.33219504e+00,-1.00487127e+01, 4.20748043e+00, 4.00656164e-01,
  -4.18908089e-01, 7.70976424e-01,-1.30774200e+00, 1.23185182e+00,
  -2.67596078e+00, 2.09208441e+00, 5.62225282e-01, 4.80781794e+00,
   2.69916713e-01, 9.42425370e-01,-1.50737977e+00, 9.51837957e-01,
   2.60063946e-01,-1.44575989e+00, 8.05018306e-01, 1.27205241e+00,
   2.78901290e-02,-2.27476430e+00,-1.54501402e+00, 1.15096307e+00,
  -4.08406973e+00, 4.42149401e+00,-1.74545789e+00,-1.50629158e+01,
  -5.42486572e+00,-7.20521498e+00,-2.41731501e+00, 1.71757504e-01,
  -8.19090366e+00, 1.04603032e-02,-1.51604605e+00, 4.45120990e-01,
   5.16382837e+00, 2.54810190e+00,-1.11022162e+00,-1.45908833e+00,
  -1.68118525e+00, 1.28250523e+01,-2.22596005e-01,-7.14619120e-04,
  -1.25937951e+00,-3.83170104e+00, 5.54103792e-01,-1.98103160e-01,
   8.57889771e-01, 4.21922207e+00,-4.52489471e+00, 1.19525933e+00,
  -1.09746437e+01,-3.67117767e+01, 3.75684857e+00, 7.60560751e-01,
  -5.49860418e-01, 5.98313332e+00,-4.39841270e+00, 3.13730979e+00,
   4.49700624e-01,-2.62361318e-01,-1.93180883e+00, 1.21060431e+00,
   9.00823176e-01, 2.21720266e+00, 5.24685478e+00, 1.84609070e-02,
  -3.66112947e+00,-1.24204315e-01, 9.67275023e-01, 6.61983073e-01,
  -6.77549696e+00,-1.16419673e+00, 2.00247717e+00, 1.99608266e+00,
   1.76604676e+00,-1.66285658e+00,-3.21234250e+00, 8.57274294e-01,
   5.59844732e-01, 3.39338994e+00,-1.48959863e+00,-6.18160057e+00,
  -3.98081154e-01, 1.74217880e+00,-1.33831596e+00, 4.72011387e-01,
  -1.07890224e+00,-4.31609839e-01, 1.55937862e+00, 8.00285041e-02,
   3.28111172e+00,-2.37071562e+00, 6.89168751e-01,-9.33467197e+00,
  -1.69423461e+00,-7.36406040e+00,-5.78035355e-01, 5.04129934e+00},
 {-7.79100716e-01, 1.37754536e+00, 7.09329396e-02,-8.38703990e-01,
  -8.92281342e+00, 5.35237312e-01, 6.50932873e-03, 1.33784294e-01,
   1.16114505e-01,-2.41495061e+00,-2.18061097e-02, 2.04105401e+00,
   7.59644667e-03,-1.82417476e+00,-3.85156795e-02, 5.47250032e+00,
  -1.96419477e-01,-6.36295938e+00, 1.95958931e-02,-1.21167965e-01,
   2.34880105e-01,-1.03557289e+00,-6.38044178e-02,-8.79976824e-02,
  -6.98877797e-02,-5.01472712e+00, 3.52518260e-02, 2.04200938e-01,
  -1.90084264e-01, 2.85096765e+00,-1.44092932e-01, 2.38592178e-02,
   2.17979237e-01,-7.64530599e-02,-1.08608991e-01, 4.90648061e-01,
   1.53103366e-01,-8.47948849e-01, 2.55519468e-02,-1.10568273e+00,
  -1.59355476e-01, 3.59793939e-02, 8.65866989e-02,-1.76252186e-01,
   7.39820004e-02,-1.64588523e+00, 5.28467968e-02, 4.76189661e+00,
   1.62908837e-01, 4.27845836e-01, 3.88338976e-02,-1.76393583e-01,
   2.50896668e+00, 4.87616587e+00, 1.10858165e-01,-7.67116594e+00,
   3.64843607e-01, 7.40651429e-01, 2.42232680e-01,-1.84302460e-02,
   1.31456268e+00, 4.99192059e-01, 1.11802876e-01,-4.00198430e-01,
   4.25193489e-01,-2.50371218e-01,-4.74994034e-01, 3.45049679e-01,
   6.85317740e-02, 1.68463459e+01,-7.23768258e-03, 1.98121309e-01,
  -3.59207354e-02, 1.66102159e+00, 5.77721149e-02,-4.30155359e-02,
  -3.60549055e-02, 6.87738657e-01, 3.58087277e+00,-2.37797499e-01,
  -9.73426247e+00, 1.81233120e+00,-1.43005037e+00, 1.86258152e-01,
   7.59892911e-02, 1.87144947e+00,-4.37415242e-02,-6.42938912e-02,
   7.78225600e-04,-5.02086356e-02, 2.64485508e-01,-1.23725049e-01,
   9.17519808e-01, 3.14775658e+00,-6.29429877e-01, 8.33757967e-02,
  -7.32379019e-01, 2.63961218e-02,-1.76316828e-01, 4.44472879e-02,
  -3.24453139e+00,-4.12686840e-02, 1.24664130e-02, 1.70471326e-01,
  -9.44817662e-02, 1.52375966e-01,-1.32584596e+00,-2.29050875e+00,
  -2.23217756e-02,-4.24382567e-01, 7.47526884e-01, 5.38356352e+00,
  -1.12375736e-01,-1.82065845e-01, 1.39748126e-01,-7.93442428e-02,
  -7.99424425e-02,-4.99991238e-01,-1.78589880e-01, 5.29737808e-02,
  -5.72591162e+00,-4.71086241e-02,-1.30627910e-03,-4.05287981e+00,
   1.77275747e-01,-2.92236829e+00,-4.64623153e-01,-2.49404144e+00},
 {-3.49768877e+00, 6.39328957e+00, 4.07971859e+00, 4.88761568e+00,
   5.37653208e+00, 1.21227348e+00,-3.02237725e+00, 1.27825713e+00,
  -6.87991762e+00, 1.80270696e+00,-1.92390025e+00, 4.63421106e+00,
   9.85432491e-02, 6.98437643e+00, 7.38143384e-01,-1.32832708e+01,
   5.18441856e-01,-5.33692598e+00,-1.77388322e+00,-1.82111599e-02,
  -1.81911678e+01,-2.37146690e-01, 7.54888535e-01,-2.18766236e+00,
  -7.53919899e-01,-4.03661203e+00,-1.36257923e+00,-1.01029384e+00,
  -3.15851879e+00, 1.30527043e+00,-1.98300381e+01,-2.64079380e+00,
  -2.02103114e+00,-6.46248937e-01, 4.18171525e-01, 1.87108564e+00,
   1.33230975e-02, 2.16800380e+00, 1.49442506e+00,-1.71600246e+00,
   4.22112972e-01,-3.55773711e+00, 8.71973991e-01, 4.19259357e+00,
  -9.83224571e-01,-2.97664142e+00, 1.38028502e+00,-4.69667578e+00,
   3.87660050e+00, 1.97567031e-01, 1.20956516e+00,-1.44512534e+00,
  -1.86232650e+00,-1.16080594e+00, 2.72100372e-03, 4.36138535e+00,
  -2.41254544e+00,-7.47474670e+00, 6.22632504e+00, 2.23277044e-02,
  -6.34829092e+00,-1.64433074e+00,-1.58506680e+00,-5.05375147e+00,
   1.71630633e+00,-3.78542733e+00, 7.51090944e-01,-3.43955725e-01,
   6.62429428e+00, 3.26400876e+00, 2.61981225e+00,-7.43019134e-02,
  -9.38045561e-01,-1.56186116e+00,-3.75675130e+00,-1.33490539e+00,
  -9.46452332e+00,-6.08853638e-01,-4.86469805e-01, 6.87787950e-01,
   3.26086831e+00,-7.65304041e+00,-7.95054793e-01,-3.10492009e-01,
   3.54852176e+00,-1.27473049e+01,-7.64833145e+01,-3.18628621e+00,
  -7.01972187e-01,-2.25065306e-01,-3.90059662e+00,-7.84405529e-01,
   1.23076880e+00,-1.36905026e+00, 4.43506193e+00, 3.67893696e+00,
   1.66676939e+00, 4.26648498e-01, 2.24484277e+00, 3.19082111e-01,
   1.92776155e+00,-1.26413417e+00,-1.74291420e+00,-1.17417121e+00,
   5.52137971e-01,-1.24124050e+00, 1.70863307e+00,-1.34601486e+00,
  -2.07766747e+00, 3.88032508e+00,-5.23318291e+00, 7.58821917e+00,
   5.51273167e-01,-1.41950929e+00, 3.50551057e+00,-4.47839546e+00,
   1.31394367e+01, 2.21841383e+00, 2.02870297e+00, 3.35531145e-01,
  -1.64647102e+00,-4.74014282e+00,-3.21339965e+00, 2.00856113e+01,
  -7.34766197e+00,-8.16580713e-01,-3.30472565e+00, 1.48605144e+00},
 {-1.64421070e+00,-1.72512901e+00, 5.32546878e-01,-2.39838576e+00,
   1.44406998e+00,-6.06926107e+00,-3.45793576e-03,-7.76140749e-01,
   1.21133099e+01,-3.28957820e+00,-2.35897803e+00, 3.97525907e-01,
   1.32832825e+00, 6.58079565e-01,-5.79072297e-01,-3.72853190e-01,
  -2.45789433e+00, 8.40465277e-02,-3.74636412e+00, 1.56143498e+00,
   1.52883843e-01, 5.35784721e-01, 2.85276651e-01,-5.81873608e+00,
   4.83031124e-01, 1.92207783e-01,-1.01128566e+00,-2.01763201e+00,
   1.02196586e+00, 8.95305336e-01, 6.36985481e-01,-1.68793845e+00,
   3.89026672e-01, 3.88258621e-02, 2.66431189e+00,-2.19727879e+01,
  -1.50961384e-01,-9.41530514e+00, 1.94574550e-01,-2.77019013e-03,
   8.90298605e-01, 6.47570848e+00, 5.26721358e-01, 5.92874646e-01,
  -6.42192483e-01,-1.03221965e+00, 6.01517797e-01, 1.13054186e-01,
   2.16447830e-01,-2.38290262e+00, 1.49928188e+00,-9.25420284e-01,
  -1.39082104e-01,-9.76002216e-01, 8.79173815e-01, 3.51897383e+00,
   1.70927322e+00, 2.84134579e+00,-4.91848052e-01,-1.18000174e+01,
   1.23416829e+00, 1.87734735e+00,-1.68450391e+00,-4.01902497e-01,
  -1.25186014e+00,-3.03789288e-01, 1.53057308e+01,-4.06222868e+00,
   1.81634152e+00,-2.30615139e+00, 2.51622510e+00,-5.24038851e-01,
  -4.02078104e+00, 6.82138979e-01,-9.39574242e-01, 3.08430254e-01,
   1.62855521e-01,-1.00257242e+00,-7.47105703e-02, 5.72328031e-01,
   2.84209991e+00, 6.74681962e-01,-7.19260395e-01,-3.02881211e-01,
   2.41151524e+00,-8.51273298e-01, 1.59349692e+00,-6.31099796e+00,
  -2.02903438e+00,-2.60058928e+00, 5.50533831e-02, 3.79917808e-02,
  -1.32099539e-01,-3.32441568e-01,-2.13198433e+01,-3.10810699e+01,
   4.33735341e-01,-6.59696043e-01,-5.23840010e-01,-1.46091926e+00,
   7.88537860e-02,-3.19030552e+01,-1.61378937e+01,-1.29305649e+00,
  -3.26052284e+00, 3.47550921e-02, 9.69691694e-01, 1.11776400e+00,
  -2.54798025e-01,-3.77988875e-01,-1.97481573e+00, 1.16245902e+00,
  -3.00461912e+00, 1.54201075e-01, 1.99947281e+01,-1.41669065e-01,
  -1.34400043e+01,-8.39312792e-01,-1.19911444e+00,-1.39543653e+00,
  -1.55400664e-01,-1.16788876e+00,-3.37962396e-02, 4.44254279e-01,
  -4.30695953e+01, 2.19000354e-01, 1.19500756e-01,-5.72646931e-02},
 {-6.28625572e-01, 2.82570451e-01,-1.16775978e+00, 8.32498074e-01,
   2.24100560e-01, 3.38933229e+00,-1.20018505e-01, 6.29826498e+00,
   9.27854156e+00,-1.76505673e+00,-1.14358437e+00,-1.57475173e+00,
   1.15392350e-01,-1.08181581e-01,-1.21386123e+00, 7.21717596e-01,
   5.35121918e-01,-3.65745239e-02,-3.48068070e+00, 5.71281731e-01,
   1.23022132e-01,-1.65135950e-01, 8.22607803e+00, 2.35834688e-01,
  -2.00120029e+01,-7.43582398e-02,-2.45713997e+00,-8.90403938e+00,
   2.67882854e-01,-3.94300818e-02, 3.87031198e-01, 6.22563362e+00,
   1.14178002e-01, 4.39432716e+00, 2.48831287e-01,-9.28575897e+00,
   3.80416274e-01,-1.38073891e-01, 2.80711699e+00,-1.85580597e+01,
  -8.35440576e-01,-4.04297142e+01,-6.98095933e-03,-7.63242543e-02,
  -4.20156326e+01, 6.95114076e-01,-3.26340199e+00,-8.60261247e-02,
  -5.07777262e+00,-2.41785318e-01, 5.07890272e+00, 1.51167572e+00,
   8.18269551e-02, 1.49616063e-01, 4.90438730e-01, 4.36844647e-01,
   1.50610581e-01,-1.17415309e+00,-6.45559216e+00,-1.13543105e+00,
  -3.37971538e-01, 2.83227235e-01, 1.62669465e-01, 2.19543390e-02,
   3.79298121e-01,-1.63563967e+00, 2.49483085e+00,-2.98324078e-01,
   1.62288451e+00,-3.33279550e-01, 3.81947100e-01,-5.19162491e-02,
   1.60720065e-01,-3.53339434e-01,-8.04363966e-01,-1.16112046e-01,
  -5.26696110e+00, 9.47335362e-02,-3.31692328e-03,-5.35083151e+00,
  -1.41776174e-01,-5.68543300e-02, 1.47339836e-01,-1.70878639e+01,
   4.10380459e+00, 1.95015550e-01,-3.70756805e-01,-1.24756031e-01,
   2.70394355e-01, 1.83696294e+00, 2.23867226e+00,-7.99467468e+00,
   8.06482360e-02, 3.60242948e-02, 8.82243156e+00,-1.61219493e-01,
  -4.73232009e-02,-4.14431483e-01,-1.41721442e-01,-2.47385178e+01,
  -2.66265780e-01, 1.53266692e+00,-5.35508633e-01,-1.66066319e-01,
   9.63496399e+00, 4.98516655e+00,-1.60143480e-01,-4.28717375e-01,
   1.22801626e+00, 5.73575640e+00, 7.84101710e-02,-5.50989747e-01,
  -2.25063515e+01,-2.21906416e-02, 4.43794632e+00, 2.99854904e-01,
  -5.38078010e-01, 1.19606769e-02, 7.62888715e-02,-1.02368374e+01,
  -1.77281573e-01, 1.73221731e+00,-1.59012955e-02,-4.59659010e-01,
  -9.60230380e-02,-1.19964043e-02, 3.03329855e-01,-1.89089730e-01},
 { 5.31922054e+00, 5.92451000e+00,-2.11224580e+00, 4.81770849e+00,
  -2.69632912e+00, 1.43953919e+00,-2.60258168e-01, 7.15228543e-02,
  -2.49616981e+00, 2.06007600e-01,-1.59771967e+00,-3.53550386e+00,
   1.65642172e-01,-3.96659708e+00, 2.60892361e-01, 3.58781672e+00,
   4.39776182e+00, 2.37078619e+00, 1.33803451e+00,-4.22813559e+00,
   1.33297622e-01,-1.35552669e+00,-1.92790776e-01, 2.94791007e+00,
  -4.85385847e+00, 1.37954736e+00,-5.05539751e+00,-2.61888647e+00,
   2.73131514e+00,-6.53063631e+00, 7.71996450e+00,-2.92061830e+00,
  -1.63157165e+00, 1.03180408e+00,-3.38724351e+00, 7.37910390e-01,
   1.57100046e+00,-7.69736290e+00, 1.83654571e+00,-1.41862667e+00,
  -2.63056302e+00, 4.50810146e+00, 6.05491400e+00,-5.07558346e+00,
  -6.16529751e+00, 3.74736786e+00, 1.77526271e+00, 1.77713704e+00,
   2.38605428e+00, 6.00069940e-01, 5.70963669e+00,-2.34090710e+01,
   1.97918010e+00, 4.51817131e+00,-2.27714753e+00,-6.07765436e+00,
  -1.14526474e+00,-4.70945501e+00,-1.26414108e+00, 1.19922457e+01,
  -4.45039558e+00,-3.82687902e+00,-2.73574567e+00, 3.07508874e+00,
   8.09974289e+00,-8.73132467e-01,-5.10546112e+00,-4.12479115e+00,
  -4.65060329e+00,-1.61660373e+00,-1.98722571e-01,-1.47973943e+00,
  -3.66182399e+00,-2.28473067e+00,-9.59990084e-01, 1.31177387e+01,
  -2.43497801e+00, 2.82555747e+00,-1.72037799e-02,-1.83949041e+00,
  -7.71410513e+00, 1.01647985e+00, 2.44880223e+00,-1.13573813e+00,
   6.13736773e+00, 5.41655731e+00,-6.75882387e+00,-1.06632261e+01,
  -2.36568785e+00, 1.03333294e+00,-1.84152281e+00, 3.63510418e+00,
  -1.54499739e-01, 1.30187556e-01, 9.39488888e+00,-8.09112549e+00,
   4.95299190e-01,-5.69829404e-01,-2.94832182e+00,-5.53013134e+00,
  -2.40806669e-01,-8.66560173e+00,-1.41140232e+01,-7.14774466e+00,
  -1.52996527e-02,-5.75544691e+00,-5.49619198e+00, 5.65935493e-01,
   1.32470238e+00, 4.23613787e+00, 1.08939190e+01,-4.66419888e+00,
  -1.86665380e+00,-8.12930524e-01, 2.04148078e+00, 7.51812410e+00,
   3.26562500e+00, 4.62302953e-01, 2.17566505e-01,-3.44356513e+00,
   2.86929703e+00, 8.14057410e-01, 4.78079885e-01,-1.19508152e+01,
  -5.56123209e+00,-2.91737169e-02, 1.37739825e+00,-2.09262013e+00},
 {-3.13883233e+00,-2.21454668e+00, 3.80881929e+00, 4.36991501e+00,
   5.09869480e+00, 3.22659993e+00, 1.13984513e+00, 7.27630317e-01,
   5.34081364e+00, 2.06626296e+00,-1.26743972e+00, 1.51490438e+00,
  -8.10386777e-01,-2.31085930e+01, 2.49241754e-01,-9.91415024e-01,
  -4.37514925e+00,-3.67448092e-01, 6.85167849e-01, 6.46233320e-01,
  -1.39224691e+01,-1.41501933e-01,-1.22174478e+00, 2.14199454e-01,
  -2.62636095e-01,-3.70618105e+00,-3.11878800e-01, 2.45545506e+00,
  -2.17481637e+00, 5.78482914e+00,-5.08107605e+01, 3.35840404e-01,
  -1.70981801e+00,-5.48464894e-01,-6.65935203e-02, 7.55882338e-02,
  -2.32250309e+00,-1.07967405e+01, 2.31766090e-01,-5.45464337e-01,
   4.75752950e-02,-2.48163724e+00,-1.28719771e+00,-4.21676540e+00,
   1.75819360e-02,-2.19212317e+00, 8.40946436e-01, 6.04232192e-01,
  -2.56124592e+00, 1.60212722e-02, 4.25676918e+00,-3.05915642e+00,
  -2.56189227e+00,-1.61471879e+00, 4.71240133e-01, 1.11753404e+00,
  -3.55438375e+00,-1.10880232e+00,-7.41211772e-01,-1.55686414e+00,
  -5.84594345e+00,-2.92130542e+00, 5.29054582e-01,-4.09567976e+00,
   1.20684967e+01,-1.19301403e+00, 1.66481674e+00, 2.61021042e+00,
   3.88314342e+00, 2.66699791e+00, 1.19606125e+00,-3.12490129e+00,
   3.65431637e-01,-7.79477954e-01,-6.39633238e-01,-5.48386908e+00,
   4.34767485e+00, 2.40852165e+00,-3.66186142e+00, 6.95087090e-02,
   3.87701178e+00,-2.17862225e+01, 1.29235888e+00,-5.97441673e-01,
   2.47647738e+00, 6.55438423e+00,-2.81833706e+01, 8.56114388e-01,
  -2.42590964e-01,-6.87944770e-01,-6.87320054e-01,-1.20595193e+00,
  -2.62918085e-01,-2.44148922e+00, 1.58716702e+00,-2.49867773e+00,
   8.65498638e+00,-3.34525228e-01,-4.05930853e+00, 1.45092380e+00,
   6.93893909e+00,-2.84294415e+00,-8.64571929e-01,-2.98299766e+00,
   1.85490119e+00, 2.13189411e+00, 3.42242837e+00, 9.29821134e-01,
  -9.18257058e-01,-3.87812227e-01,-1.21342087e+01, 4.03877401e+00,
   6.70299649e-01,-6.78209364e-01, 2.43671298e+00,-2.54517341e+00,
   3.85445738e+00, 4.22315598e+00,-1.26481616e+00,-8.92828584e-01,
  -1.55524492e+00,-7.49830380e-02, 4.46418476e+00, 1.71712265e+01,
   6.18423510e+00, 3.20954800e+00, 3.51886123e-01, 2.85126066e+00},
 {-9.96453613e-02,-2.57140815e-01, 1.74767166e-01,-1.78770453e-01,
   3.03391308e-01, 1.04662836e+00, 6.62050918e-02, 1.70800257e+00,
   5.12322426e+00,-5.53701758e-01,-1.00343990e+00, 3.79649639e-01,
   1.40573263e+00, 9.42026451e-02, 2.64938903e+00,-2.61746436e-01,
  -2.98977762e-01, 3.13209631e-02, 7.77158618e-01, 1.18053377e+00,
  -9.09135025e-03, 5.70131838e-02,-1.47239912e+00,-2.04690516e-01,
   1.44371045e+00,-4.97488119e-02, 1.84675559e-01, 8.61488655e-02,
   1.29968747e-01, 1.30974308e-01,-3.69646922e-02, 2.25210357e+00,
   1.52294919e-01,-1.78583339e-01,-9.22645733e-04, 9.82211113e+00,
  -9.25409421e-02, 3.83282378e-02, 5.81357837e-01,-6.14014208e-01,
  -1.15670347e+00,-9.33684921e+00, 4.79389764e-02,-2.36067221e-01,
   1.62103295e+00,-2.65081823e-01,-2.35425901e+00, 7.98318982e-02,
   2.58911878e-01, 1.83671892e-01, 9.22244668e-01,-1.94015360e+00,
   3.41023272e-03,-1.27547398e-01, 8.85772109e-02, 2.09335387e-01,
  -1.18832007e-01,-8.12761021e+00, 2.89854705e-01, 2.43318260e-01,
   4.02703553e-01,-2.58105129e-01,-2.61792272e-01,-1.08226597e-01,
  -1.49937391e-01, 1.19906746e-01,-7.40173006e+00, 4.75256778e-02,
   1.16671562e-01,-2.99916416e-01,-7.24931573e-03,-1.32562652e-01,
  -5.68734370e-02, 1.79589346e-01,-6.93657756e-01, 8.00519213e-02,
   1.77920789e-01,-1.86534077e-01,-4.34955256e-03,-1.26467752e+00,
   1.82493836e-01, 1.23740688e-01,-6.51683584e-02,-2.70303905e-01,
  -7.53763580e+00,-2.04296321e-01, 2.59677768e-01, 1.49821481e-02,
   5.27609646e-01, 1.19728722e-01,-2.13157415e-01,-6.55777812e-01,
  -2.71200365e-03,-2.01379936e-02, 1.29162846e+01,-2.60000154e-02,
   1.57386102e-02, 2.29360312e-01, 1.11197205e-02, 1.43719387e+00,
  -2.29236111e-01,-1.14474976e+00, 3.28349881e-02, 6.03071153e-02,
   9.52300549e-01,-2.31084097e-02, 1.04272686e-01,-1.28769584e-03,
  -1.46387085e-01, 3.85977775e-02,-2.02092335e-01, 3.11074495e-01,
  -2.55685472e+00,-1.38127822e-02,-4.93290997e+00,-2.25910787e-02,
  -3.84637386e-01,-1.32858440e-01, 2.77889986e-02,-1.63149559e+00,
  -1.48613974e-02,-6.01601265e-02, 1.41725853e-01, 1.71803281e-01,
  -2.10139632e-01, 1.44975767e-01,-6.51680976e-02,-6.22359365e-02},
 { 4.65627861e+00, 3.60956407e+00, 5.72653961e+00, 7.68267584e+00,
  -5.29002714e+00, 2.95181298e+00, 3.77441859e+00, 3.07045364e+00,
   4.87479734e+00,-6.37113953e+00,-7.61780620e-01,-1.87974751e+00,
  -1.80737913e+00, 2.60093093e+00,-7.80174434e-01, 5.44196987e+00,
  -4.24906254e+00, 2.37032294e-01,-2.15570092e+00, 2.32408214e+00,
   1.75832200e+00,-2.89611846e-01,-1.22645348e-01,-3.54084706e+00,
   5.84202766e-01, 1.93577814e+00, 4.42800313e-01, 9.23124790e+00,
   2.19632936e+00,-1.77728140e+00, 2.03446783e-02, 1.09185910e+00,
   2.18665409e+00,-7.57940114e-01,-3.56371671e-01, 2.36798191e+00,
   9.92417872e-01, 3.47683120e+00,-6.41445220e-01,-1.87824974e+01,
   5.26279449e-01,-2.85290986e-01,-1.84248194e-01,-6.43165636e+00,
  -9.70552504e-01, 2.14121318e+00, 1.51348460e+00, 8.13402891e-01,
  -1.20673552e+01,-3.30164172e-02, 3.47702909e+00,-1.86357517e+01,
  -6.83112478e+00, 4.17512321e+00, 2.77954806e-03,-5.94723415e+00,
  -3.52401042e+00, 5.89308834e+00, 6.26319551e+00, 1.80225134e+00,
   6.44966960e-02, 1.33019638e+00, 6.79077327e-01, 6.52861595e-02,
  -4.61633396e+00,-1.63513756e+00, 7.11444378e-01, 3.41527915e+00,
  -8.92061329e+00, 2.34215784e+00, 2.68005401e-01,-3.00194263e+00,
   6.48328900e-01,-3.40569544e+00,-7.31320906e+00,-1.04950981e+01,
  -8.49710763e-01, 9.81622100e-01, 1.16514623e+00,-5.77561235e+00,
  -5.76793671e+00,-1.16898823e+00, 2.00765634e+00, 2.34059960e-01,
  -1.58149266e+00, 4.10660887e+00, 6.01031971e+00,-6.57614040e+00,
   2.30269030e-01,-2.50507295e-01, 3.10130310e+00, 4.93922420e-02,
   2.04660940e+00,-1.22900891e+00, 8.45779896e+00, 6.82537615e-01,
  -3.69398880e+00, 5.10719895e-01, 6.48530871e-02,-9.94326234e-01,
   4.70449829e+00,-3.16448164e+00, 3.37304759e+00,-3.75141072e+00,
   3.75513852e-01,-1.59610784e+00,-5.51095963e+00, 1.69044167e-01,
   1.26993492e-01,-8.85888755e-01, 5.35937977e+00,-2.52087891e-01,
   3.55662405e-01,-4.13937092e+00, 1.94535069e-02,-1.79292297e+00,
  -9.73826504e+00, 2.56761026e+00, 1.70724654e+00, 1.13657010e+00,
  -5.04155207e+00,-1.23866439e+00,-1.36123687e-01,-4.02361727e+00,
   4.05522728e+00,-5.96572638e+00,-3.56616402e+00,-1.37377281e+01},
 { 5.88898897e+00, 5.96565676e+00,-1.46210108e+01, 1.19919214e+01,
  -3.13473058e+00,-2.26505685e+00,-3.29847240e+00, 1.93074107e+00,
   2.47879124e+00, 3.35926199e+00, 7.80774117e-01,-8.52024853e-01,
   1.54980168e-01,-2.20726991e+00,-2.20164323e+00, 2.49826574e+00,
   1.45791817e+00,-2.92889714e-01,-5.32716215e-01, 2.15202403e+00,
  -1.11306965e+00,-2.52318048e+00, 1.00414205e+00,-5.86202812e+00,
  -4.66374904e-01,-9.18141484e-01, 2.89171278e-01,-3.47005320e+00,
   2.12342048e+00,-2.63129354e+00,-1.22025800e+00,-6.64014101e+00,
   4.13119823e-01,-6.25179231e-01,-5.79326868e-01,-1.79699955e+01,
  -2.52741742e+00,-1.53863993e+01, 2.24850476e-02,-2.31197834e+01,
   7.03791761e+00, 5.00142670e+00,-6.83219373e-01, 1.61109781e+00,
  -5.24375498e-01,-1.85842991e+00,-4.36390924e+00,-2.09179282e-01,
   3.22287416e+00,-4.84271884e-01, 6.30287647e+00,-1.34959626e+00,
   5.71559370e-02, 3.57177949e+00,-1.42143953e+00,-1.09063854e+01,
  -8.82408428e+00,-1.54304826e+00,-3.10674267e+01,-1.58275771e+00,
  -2.97003961e+00, 6.70092440e+00,-9.23648357e+00, 6.91921294e-01,
   3.50107741e+00, 1.42580020e+00,-7.07472086e+00,-1.97640915e+01,
  -1.54380429e+00, 7.14428043e+00,-1.95587367e-01, 1.18353760e+00,
  -4.15399218e+00,-2.81302047e+00, 1.62756908e+00,-1.87542605e+00,
  -1.11797655e+00, 3.01191473e+00, 1.26188114e-01,-1.33102179e+00,
  -1.04981613e+01,-1.81797707e+00, 2.57812214e+00,-4.01271152e+00,
   2.83965468e+00, 2.88703060e+00,-4.09982204e+00,-5.05577946e+00,
   1.30644506e-02,-1.10714841e+00, 2.26169020e-01, 1.78717387e+00,
   8.69242072e-01, 1.25483286e+00,-5.54120481e-01, 8.19930434e-01,
  -2.25279045e+00, 4.36783075e-01,-1.33994624e-01,-7.76571417e+00,
   7.36431599e-01,-8.08947682e-01, 1.54153597e+00, 2.15322018e+00,
  -5.41625309e+00, 9.49715197e-01,-3.74981308e+00,-1.08842051e+00,
  -1.24196792e+00,-1.89661682e+00, 4.96842957e+00,-3.82784820e+00,
  -1.42106891e+00,-9.57456350e-01, 1.27103758e+00, 1.78444967e-01,
  -5.77461064e-01, 3.80211711e+00,-1.77944958e+00, 8.11734259e-01,
   2.09053159e-02, 4.31117916e+00,-6.65519357e-01,-2.54290891e+00,
   5.07091284e+00,-1.70918608e+00, 1.23436823e-01,-1.99978769e+00},
 { 9.70538425e+00, 5.41428518e+00,-2.18076035e-01, 7.02151537e+00,
   8.00046730e+00, 3.17251801e-01, 1.96411148e-01,-1.68418840e-01,
  -1.37421811e+00, 2.72898316e+00, 1.47521913e-01,-2.54881058e+01,
   2.16641482e-02, 2.33450398e-01, 7.97523707e-02, 8.76349068e+00,
  -7.62368262e-01,-4.03730869e+00, 1.68707948e-02,-1.84327230e-01,
  -3.24940300e+01,-1.54339828e+01,-9.76984799e-02,-1.62428153e+00,
   1.02059841e+00,-4.14207172e+00,-1.60196811e-01, 5.92242837e-01,
  -1.14024806e+00, 1.48689616e+00, 2.67116744e-02,-8.48933831e-02,
   6.85262740e-01,-3.62371951e-01,-5.94330132e-01,-2.84547180e-01,
   2.69811463e+00,-9.03549194e+00, 2.13169172e-01,-2.65311551e+00,
   1.02897733e-01, 1.66801393e-01, 3.41131479e-01,-7.91858792e-01,
   6.90854862e-02,-1.04256189e+00,-3.20937991e-01,-1.87354584e+01,
   8.15411434e-02, 1.13893855e+00, 2.67798394e-01,-2.61800098e+00,
  -1.82989550e+00,-4.60183287e+00, 3.84724706e-01, 1.92624531e+01,
   6.42561436e-01, 2.19746733e+00, 1.61325943e+00, 2.14529753e-01,
   3.32379431e-01, 8.81218553e-01, 5.86014569e-01,-2.79830384e+00,
   1.04567289e+00,-8.22381973e-01, 3.31861079e-02, 4.48902279e-01,
   8.79504442e-01,-2.09668465e+01, 1.92581668e-01, 1.55483747e+00,
  -3.35303396e-01,-2.24940801e+00, 2.43518233e-01,-4.03025933e-02,
   2.46691778e-01,-9.12424028e-01,-1.07694197e+01,-9.98963118e-01,
   6.54428482e+00, 1.32985151e+00,-1.90570545e+00, 7.81693831e-02,
   1.43239036e-01,-1.68432579e+01,-2.52889538e+01,-1.27871192e+00,
  -1.12832628e-01, 2.15019226e-01, 1.63841379e+00,-1.95080087e-01,
  -9.95397151e-01,-1.22126255e+01,-9.29446042e-01,-1.80604532e-01,
   2.89190817e+00, 1.33414066e-03,-9.27199602e-01,-7.31376559e-02,
   7.38929272e+00,-5.02031147e-01,-3.05859625e-01, 2.49835685e-01,
  -1.09987009e+00, 1.00527741e-01,-8.67500126e-01,-5.11304903e+00,
  -8.30839157e-01,-1.95601308e+00,-2.67696309e+00, 2.34119821e+00,
  -3.23834032e-01,-2.37116861e+00, 1.41904867e+00,-7.59487927e-01,
   2.18464422e+00, 4.78102970e+00,-2.21788622e-02,-1.51174545e-01,
  -3.42954588e+00,-2.01318428e-01,-1.27897525e+00, 2.03778219e+00,
   4.11958516e-01, 8.71561432e+00,-4.19602919e+00, 8.77484500e-01},
 {-6.12571573e+00, 1.04675002e-01,-2.38256192e+00, 7.34950161e+00,
   2.68582797e+00,-9.65877295e-01,-1.64579958e-01,-1.41827628e-01,
  -1.32502520e+00, 8.73808575e+00, 3.06984991e-01, 1.17642868e+00,
   8.09616074e-02, 8.46101284e+00, 2.60770470e-01, 9.13451862e+00,
   1.68304622e+00,-1.67099876e+01,-1.35438129e-01, 2.33922049e-01,
  -1.35834956e+00,-3.80858612e+00, 4.15949583e-01, 6.24695778e-01,
   8.65822554e-01, 1.74712586e+00,-3.32541585e-01,-1.27046287e+00,
   5.93389273e-01,-6.09397697e+00, 3.01381946e+00, 6.19516671e-02,
  -5.85477054e-01, 1.45159817e+00,-1.68752384e+00, 2.21656412e-02,
  -4.88952734e-02, 2.18457508e+00, 2.71312565e-01, 3.11591434e+00,
  -1.38529195e-02, 5.36809266e-01,-1.65684924e-01, 7.02870667e-01,
   4.69469339e-01, 3.73658109e+00,-3.81870382e-02,-5.89208984e+00,
   5.71546406e-02,-1.87162423e+00,-1.89712608e+00, 2.56592321e+00,
  -6.91837406e+00,-2.19247147e-01,-1.74418688e-01, 8.46933460e+00,
  -8.55957031e+00,-2.66469216e+00,-1.38174736e+00,-4.69235808e-01,
  -8.06604576e+00,-7.04236388e-01,-7.79101431e-01,-1.50168991e+01,
   6.40815830e+00, 1.74708366e+00, 1.33248150e-01,-1.81170619e+00,
   1.05856347e+00,-2.15505009e+01,-6.14168085e-02, 2.36510563e+00,
  -1.37986100e+00,-3.71437693e+00, 4.99690294e-01, 3.36917132e-01,
   1.31296527e+00, 3.79122996e+00,-1.22703290e+00, 1.01832271e+00,
   4.74748373e+00,-1.92743075e+00,-3.12311816e+00,-5.11735618e-01,
  -2.56980181e-01, 6.29922199e+00,-4.44289684e+00,-6.36090994e-01,
   4.57010686e-01, 3.66888523e-01,-7.29189277e-01, 3.44089776e-01,
   1.53506541e+00,-2.76915455e+01, 3.82745552e+00,-2.36588027e-02,
  -5.09137058e+00, 2.45465841e-02, 9.10551846e-01,-3.26348901e-01,
   6.15999413e+00, 3.40562880e-01, 7.89695606e-02,-2.75691003e-01,
   8.86703789e-01,-1.36087000e+00,-1.96660817e+00,-2.79691100e+00,
  -5.75441897e-01, 1.57364202e+00, 1.99752212e+00,-2.12502646e+00,
  -9.81638879e-02, 1.81943953e+00,-1.10177839e+00,-9.02818501e-01,
   3.75108153e-01, 1.76793277e+00, 1.78903866e+00,-5.57772040e-01,
   7.72601748e+00, 7.24324062e-02,-2.11411405e+00,-1.32546492e+01,
  -1.76635098e+00,-4.21157360e+00,-3.64065742e+00, 5.07792139e+00},
 { 4.92175102e+00, 9.90070152e+00,-1.84736407e+00, 5.06118345e+00,
  -2.08931041e+00,-8.22201550e-01,-4.35136467e-01,-2.15164721e-01,
  -4.37283564e+00,-1.54131114e+00, 1.75060824e-01,-1.97371900e-01,
  -1.15174362e-02,-5.94114990e+01, 2.34007210e-01, 1.05340576e+00,
   1.95602846e+00,-4.51629305e+00, 7.23195076e-02, 2.83189446e-01,
   5.93565845e+00,-2.34303570e+00, 3.75615448e-01, 6.15087152e-01,
   9.70214188e-01,-1.42313194e+00,-2.42157057e-01,-8.37755799e-01,
   7.33644783e-01, 3.02911925e+00,-2.01582956e+00,-7.90236220e-02,
  -8.69491041e-01, 8.00115168e-01,-2.52314776e-01,-3.37240815e-01,
  -7.02661127e-02, 1.95219517e+00, 1.74434528e-01, 1.78113484e+00,
   2.76354402e-01, 7.16441944e-02,-1.11700274e-01, 7.20176995e-01,
  -1.22042686e-01,-8.57447910e+00,-7.99400881e-02,-1.17352486e-01,
  -8.01185742e-02,-1.95348930e+00,-3.68370152e+00, 2.90418172e+00,
   1.10965893e-01, 4.11761713e+00,-1.17469549e+00,-1.06570539e+01,
  -3.48274851e+00,-4.98418379e+00,-9.36294913e-01,-3.75615329e-01,
  -9.65340734e-01,-3.43450874e-01,-7.32631385e-01, 8.75092506e-01,
   4.24195147e+00, 9.52226818e-01, 9.07202303e-01,-3.30211353e+00,
  -1.42844617e+00, 9.42444515e+00,-3.14268470e-03, 7.54459977e-01,
  -1.24118614e+00,-4.78781986e+00,-1.86574221e-01, 1.81965172e-01,
   7.65443921e-01, 2.11051393e+00,-2.53684235e+00, 7.81669617e-01,
  -1.12226734e+01,-6.70090714e+01, 4.01451015e+00,-5.03906965e-01,
  -2.01394126e-01,-7.62357712e-01,-4.01277685e+00, 2.80599564e-01,
   3.31368595e-02, 2.99879283e-01,-7.12125003e-01, 5.98091818e-02,
   1.10514629e+00, 2.97327685e+00, 2.16955805e+00,-1.57949612e-01,
   5.68320560e+00,-5.81818298e-02, 8.89791727e-01,-1.21520311e-01,
   5.28769302e+00, 7.51680583e-02,-1.13936231e-01,-3.60258460e-01,
   5.01173317e-01,-4.26499814e-01,-6.15897751e+00,-3.81917024e+00,
  -1.55382901e-01, 1.34922230e+00,-1.94125557e+00,-1.27214038e+00,
   9.29219369e-03, 1.14576089e+00,-3.15221250e-01,-4.94329453e-01,
   9.60697174e-01, 3.99745435e-01, 1.43854952e+00,-3.03815544e-01,
   1.02909529e+00, 2.20804930e-01,-1.89309382e+00,-4.85406876e+00,
  -1.28004682e+00,-6.92874551e-01, 2.35653996e+00, 1.23311722e+00},
 {-3.90432215e+00,-5.00923300e+00, 5.20668077e+00,-7.79229403e+00,
   3.42852497e+00, 3.19524837e+00, 2.12893128e+00, 8.90950441e-01,
  -8.66476059e-01,-5.47146857e-01, 1.98336527e-01, 1.64995527e+00,
  -1.16417074e+00, 1.31563127e+00,-4.20307845e-01,-3.63563609e+00,
  -1.50451720e+00,-7.66886100e-02,-3.73785305e+00, 2.84402895e+00,
   1.10274076e+00, 1.97571075e+00, 1.59762120e+00,-1.22132502e+01,
   5.71931648e+00, 3.37374449e-01,-5.00453532e-01,-3.08717251e+00,
   8.05542469e+00, 2.19620395e+00, 3.83873731e-01,-2.40656137e-01,
  -2.04973459e+00,-1.29668736e+00, 4.27141875e-01,-1.05031424e+01,
  -8.60679388e-01,-1.69019642e+01, 2.85807633e+00,-1.25274878e+01,
   2.43809128e+00, 2.83559680e-01,-1.61084071e-01,-1.14331663e+00,
   2.61283189e-01,-1.18557262e+00,-3.21105421e-01, 2.00420454e-01,
  -2.93775177e+00, 1.05444059e+01, 1.95977062e-01,-1.29325829e+01,
  -2.22120905e+00,-2.87100005e+00,-2.90068555e+00, 9.23897457e+00,
   4.94688654e+00, 2.02249908e+00, 4.84802628e+00, 7.10056365e-01,
   3.09725070e+00, 3.23239231e+00,-8.88931632e-01,-8.83109868e-01,
  -1.68956614e+00,-2.62831116e+00,-5.18518400e+00, 3.43056488e+00,
  -1.56644583e+00,-5.76730776e+00,-2.53710508e+00,-9.58591759e-01,
  -4.90663576e+00, 2.63094711e+00, 1.12941517e-02,-4.23924971e+00,
   1.34262443e-01,-2.42626047e+00, 1.64556041e-01,-5.51645327e+00,
   6.24023485e+00, 1.24519503e+00,-1.76887107e+00, 2.51901627e-01,
  -4.98173267e-01,-2.37371635e+00, 2.27937174e+00,-7.66320038e+00,
  -3.08306980e+00, 4.83785152e+00,-4.71458292e+00,-4.17150766e-01,
  -8.19187343e-01,-9.76683974e-01, 3.00920486e+00,-2.00565958e+00,
   1.81876838e+00,-5.88581085e-01, 1.67296064e+00,-1.91963041e+00,
   8.36538017e-01,-1.19350843e+01,-3.81749687e+01, 9.66991484e-01,
   1.32201838e+00,-3.35090899e+00, 2.97655559e+00, 3.33591628e+00,
  -3.04410195e+00,-1.10100365e+00,-6.88026905e+00, 4.87544394e+00,
   6.41550362e-01, 4.73978728e-01, 2.47721434e+00,-2.79517710e-01,
  -1.20217447e+01,-3.12983990e+00,-2.01707911e+00,-2.40696475e-01,
  -6.64479136e-01,-2.34069681e+00, 1.83468688e+00, 2.73015642e+00,
  -9.31735706e+00,-1.32815480e-01,-3.25232357e-01, 3.36808419e+00},
 { 4.08105326e+00,-1.04702930e+01, 1.13037026e+00,-7.64047527e+00,
   2.22292852e+00,-5.39129138e-01, 9.37838629e-02,-3.87898624e-01,
  -8.59862387e-01,-2.37266541e+00,-7.21278926e-03, 3.79765892e+00,
  -1.29826337e-01, 3.31577873e+00,-6.45716637e-02,-1.44385099e+01,
  -1.16425562e+00, 4.34749031e+00,-2.52490282e-01, 1.27664685e-01,
  -2.87242088e+01, 3.42140770e+00,-2.99802750e-01,-2.93737698e+00,
  -7.48363853e-01, 1.39457595e+00,-2.82270927e-03, 1.17874777e+00,
  -1.53445029e+00, 8.80917454e+00,-9.08944488e-01,-1.41289890e-01,
   1.46671677e+00,-9.84407723e-01, 2.46469712e+00, 8.02901506e-01,
   5.49181283e-01,-4.62081099e+00, 1.75744683e-01,-4.29312181e+00,
  -6.79327324e-02,-1.80861354e-01, 3.96387011e-01,-1.08531725e+00,
  -2.15300709e-01,-4.73894501e+00, 3.93394947e-01, 5.63654006e-01,
   3.55954990e-02, 2.18956614e+00, 1.23404823e-01,-2.97212839e+00,
  -2.66376090e+00,-5.38864708e+00, 3.07952940e-01, 1.44538987e+00,
   1.70871031e+00, 5.52646351e+00, 1.89137101e+00, 4.53968078e-01,
   7.52432203e+00, 1.06124568e+00, 7.54737318e-01,-1.22540367e+00,
  -1.11223803e+01,-2.95711327e+00,-5.20615458e-01, 2.69868755e+00,
  -6.75957561e-01,-1.41519947e+01, 4.77082692e-02,-1.94574344e+00,
   5.92755735e-01, 4.82390070e+00, 6.87016487e-01, 2.61428326e-01,
   6.29912764e-02,-4.73318291e+00, 6.48255885e-01,-1.24963427e+00,
   9.26100254e+00, 4.91451597e+00,-4.20132732e+00, 2.47019842e-01,
   1.63944572e-01,-3.37751389e+00, 1.17661066e+01,-4.40430593e+00,
  -3.16890180e-01,-6.14375025e-02, 2.31290150e+00,-2.63675928e-01,
  -1.31267357e+00,-2.25128555e+00,-2.95235109e+00,-4.25478935e-01,
  -1.70363104e+00,-9.57595184e-02,-2.44452119e+00, 2.27228746e-01,
  -9.07734776e+00,-6.42822087e-01,-3.84266973e-01, 8.77506137e-01,
  -1.40388358e+00, 1.93307579e-01, 5.93465853e+00, 2.26783586e+00,
  -6.53524518e-01,-2.89576554e+00,-1.15899439e+01, 8.26653862e+00,
   1.89961437e-02,-1.84585786e+00, 1.45147896e+00,-1.08598030e+00,
   2.73410773e+00,-4.80102062e+00,-9.15856838e-01,-1.94048077e-01,
   3.90653849e-01,-6.46420479e-01,-6.30059779e-01, 4.23038769e+00,
   6.93474054e-01, 4.78378630e+00,-2.44773626e+00, 1.06658471e+00},
 {-3.93283296e+00,-2.70289302e+00,-3.00354028e+00,-3.77227211e+00,
  -3.61594379e-01, 1.00100431e+01, 2.90312823e-02,-1.49302077e+00,
  -5.31077099e+00,-2.44204104e-01, 1.36924660e+00,-1.01766801e+00,
  -9.72044766e-01, 2.90837735e-01,-1.45053446e+00,-1.47776830e+00,
  -7.03879261e+00,-4.88661438e-01,-2.38682675e+00, 1.74057269e+00,
   7.97637403e-01, 9.68643248e-01, 9.52352583e-02, 2.77046657e+00,
  -1.48736238e+00,-3.22186887e-01, 2.26688743e+00,-1.00269079e+01,
  -2.03031182e+00, 3.51347089e-01,-8.53804588e-01,-1.95932555e+00,
  -1.88241816e+00,-5.51788473e+00,-9.43260610e-01, 1.07808089e+00,
   2.06815624e+00, 2.22717571e+00, 1.85570121e+00, 1.18394792e+00,
   2.44592857e+00,-6.49130783e+01,-1.71441317e+00, 2.03161716e+00,
  -5.50542879e+00,-1.19051480e+00,-1.61705887e+00,-1.25009239e-01,
   2.09516436e-01,-1.21326971e+00, 2.93455267e+00,-6.86006165e+00,
  -2.33820605e+00,-1.23267579e+00, 1.78170729e+00, 7.75953960e+00,
   4.32792139e+00,-1.14448678e+00, 2.10570002e+00, 4.94230843e+00,
  -2.60106660e-02, 2.39597130e+00, 1.58835757e+00,-6.86426282e-01,
  -5.72950244e-01, 2.72750783e+00, 7.73522758e+00,-8.51044536e-01,
   3.49019945e-01,-3.42876720e+00, 1.36283755e+00,-8.83829966e-02,
  -7.07344234e-01,-1.22269072e-01,-3.80825937e-01,-3.70171976e+00,
  -4.35305882e+00,-5.49961269e-01,-3.24396610e-01,-3.13457027e-02,
   3.16433954e+00,-3.11183482e-01,-3.25903535e-01,-1.44846926e+01,
   5.06250739e-01,-4.98750329e-01, 5.21663614e-02,-2.92918515e+00,
  -2.61562848e+00,-2.25723791e+00,-1.43135428e+00,-1.89166808e+00,
   2.15776503e-01,-7.20358014e-01,-5.84353209e+00,-3.61165673e-01,
   8.29030335e-01,-3.54249150e-01, 3.37714493e-01,-1.67431962e+00,
   1.00246656e+00,-3.50703502e+00, 2.76249170e+00, 5.78027666e-01,
  -5.05486441e+00, 2.74011612e+00, 2.00573325e+00,-1.64708745e+00,
   9.06951809e+00,-1.17297506e+00,-1.82054579e+00, 8.35429847e-01,
   6.14722431e-01, 6.93455517e-01,-2.90962815e+00, 1.16175675e+00,
  -5.29315090e+00,-7.28352070e-01,-1.97815311e+00, 2.04697442e+00,
  -7.87678123e-01, 6.62118018e-01, 1.95375991e+00, 2.59463716e+00,
   6.36919165e+00, 8.68297875e-01, 7.60452077e-02, 2.41324782e+00},
 { 6.21496058e+00,-4.83707094e+00,-3.15400028e+00,-7.09553146e+00,
   7.51736498e+00, 2.77735519e+00,-5.87102842e+00, 4.30177641e+00,
  -3.91135254e+01,-4.34750462e+00,-4.10580969e+00, 1.02460756e+01,
   5.74296951e-01, 4.00372314e+00,-3.79184574e-01,-9.48438719e-02,
  -1.33319247e+00, 2.42709541e+00, 3.82776999e+00,-4.50965834e+00,
   8.84426385e-02, 2.31530547e+00, 1.71800733e-01,-7.49964905e+00,
   9.60337639e-01, 5.47509313e-01,-3.00899529e+00, 1.07347476e+00,
   1.82458926e-02, 4.32554960e+00,-6.77711248e-01,-5.15972948e+00,
   8.37791634e+00,-1.52398214e+01, 1.32983196e+00, 9.57192230e+00,
   1.35313773e+00,-2.24968014e+01, 1.28692317e+00,-1.36437029e-01,
  -1.33367586e+00,-1.09760225e+00,-7.62924385e+00,-2.30133319e+00,
  -4.40828711e-01, 4.39793110e+00,-1.87004864e+00, 3.48218322e-01,
  -4.59041500e+00, 2.01437473e+00,-1.87299788e+00,-3.98348641e+00,
   1.60994542e+00,-2.69288826e+00, 1.48465335e+00, 2.33006907e+00,
   4.65287156e-02,-6.79888248e+00,-1.51348352e+01,-1.24443305e+00,
   8.10129547e+00, 5.71738720e+00, 9.79071903e+00,-9.22095239e-01,
  -7.86900902e+00,-1.61791286e+01,-9.36969280e+00,-1.96349850e+01,
  -9.55424070e-01,-9.99180603e+00, 2.48706579e-01,-2.24812078e+00,
   1.69150984e+00, 3.79824328e+00, 1.05486226e+00,-4.53973103e+00,
  -6.30058110e-01,-4.00618458e+00, 1.85710788e-01,-2.60054374e+00,
   6.60674715e+00, 2.55046844e+00,-1.81949747e+00,-6.92197680e-01,
   4.16076565e+00,-3.70227075e+00, 1.01987391e+01,-1.86775279e+00,
  -3.22383332e+00, 8.24844360e-01,-4.99060988e-01,-1.84508109e+00,
  -8.13505292e-01,-1.39393175e+00, 1.60967541e+01,-7.87394762e+00,
  -1.21700335e+00,-8.02347183e-01,-3.32051039e+00,-3.68388724e+00,
  -8.20547938e-01, 2.36406505e-01, 6.02914155e-01, 4.92565203e+00,
   3.82382345e+00,-3.30307603e+00, 2.02142429e+00, 2.47456741e+00,
  -9.74347115e+00,-6.33632183e-01,-4.35731697e+00, 4.09282827e+00,
  -3.34972835e+00,-4.29096788e-01,-7.13774967e+00, 1.68240249e-01,
   4.97134638e+00,-3.77504015e+00, 7.15002060e-01,-3.03823400e+00,
   1.64399934e+00, 8.38489950e-01, 8.81090879e-01, 2.57829309e+00,
   2.23359752e+00,-8.76722485e-02,-1.07105291e+00,-6.54460132e-01}};

const float b2[sz_hid_2] = {-23.157484  ,-12.7119055 , -3.2304251 ,-12.093128  ,-16.982092  ,
 -12.622929  , -8.367644  , -7.6756463 ,-11.41996   ,  6.1798735 ,
   0.9325207 ,-14.239053  , -1.2243882 , -5.077698  , -0.13846315,
  -8.937139  , -6.9263744 ,-12.6664    ,  4.170637  ,  4.139929  ,
 -16.5382    ,-26.8926    , -1.3121668 , -9.244478  , -2.5239878 ,
   9.967516  , -2.2690685 , -0.8623694 , -2.7200477 ,  3.5494115 ,
   0.23479034, -5.211575  };

const float w3[sz_act][sz_hid_2] = {{ 5.1657479e-02, 2.2760463e-01, 5.1512223e-05,-5.2547015e-02,
   1.3806354e-01,-2.7102829e-04, 3.8276080e-04, 1.3793182e-02,
  -3.9827162e-01,-1.1249988e-03,-1.0557496e-01, 1.6275695e-01,
   1.3698093e-04,-9.5889039e-02,-1.6235368e-02, 2.5144678e-01,
  -1.0000565e-01,-2.2922361e-01, 2.3944771e-03, 6.8776135e-04,
   9.8249651e-02, 7.3426950e-01,-2.6372678e-03,-9.3615644e-02,
   2.0168110e-04,-8.0677092e-02, 1.1010631e-01, 1.8148226e-01,
   2.6165417e-03,-1.5473424e-01, 2.5641061e-02,-5.0367106e-02},
 {-1.6762963e-01,-1.8032512e-02, 1.1842951e-01,-1.8231322e-01,
  -2.1239803e-03,-8.0726936e-02, 1.0116184e-01, 1.1401629e-01,
  -1.8051047e-02,-7.9965249e-02, 9.7440713e-04, 1.1719072e-03,
  -1.1539962e-01,-1.1380510e-02, 9.5443167e-02, 2.9547354e-03,
  -1.2282131e-03,-6.2206062e-04,-9.7523406e-02, 1.3804722e-01,
   2.0725034e-01,-4.7370601e-03,-1.0746775e-01, 3.7679495e-03,
  -4.6322681e-02,-6.5516275e-03, 9.0946531e-04,-2.6244281e-03,
  -6.4300448e-02, 3.5336986e-03, 1.3367981e-01, 1.3023570e-01}};

const float b3[sz_act] = {0.32945165,0.14897572};

