const float w1[sz_hid_1][sz_obs] = {{ 3.82522464e+00, 5.50073624e-01,-1.38859022e+00,-3.93190123e-02,
   7.18407109e-02,-1.56936757e-02, 9.02961445e+00,-6.72070459e-02,
   2.50181228e-01},
 {-4.15624022e-01, 1.89515114e+00, 3.38153005e-01,-3.02937850e-02,
  -2.54923967e-03,-4.83600572e-02,-5.12810230e+00, 1.72845665e-02,
  -1.86028215e-03},
 {-1.74848009e-02,-4.22520712e-02,-2.52159142e+00, 3.25320292e+00,
  -1.19253695e+00, 1.54219770e+00, 1.50282055e-01, 1.73133886e+00,
  -3.14578366e+00},
 { 4.23919821e+00,-1.70591724e+00, 3.07461309e+00, 6.01956446e-04,
   2.95090973e-02, 7.12897861e-03,-1.11699371e+01,-2.04109997e-02,
  -5.99599816e-03},
 { 2.62203741e+00, 1.94504631e+00,-3.81624007e+00,-8.54221508e-02,
  -8.04592744e-02,-1.66484080e-02, 8.06349468e+00, 1.69506238e-03,
  -1.08989961e-01},
 {-3.78218107e-02, 4.98641767e-02, 9.85863268e-01,-2.00959730e+00,
  -5.61333942e+00,-1.82200146e+00,-9.03988034e-02, 2.56101704e+00,
  -1.87444782e+00},
 { 2.66355369e-02, 3.81897949e-02, 4.00568694e-01, 1.94258189e+00,
  -1.70004869e+00, 3.15799952e+00,-5.77803627e-02, 5.39231122e-01,
  -2.65780687e+00},
 {-7.82307684e-02, 2.28731669e-02,-3.40107679e-01, 2.74855280e+00,
   3.91380334e+00,-2.34748983e+00,-6.08788691e-02,-8.85598436e-02,
  -4.30593789e-02},
 {-5.31822927e-02,-2.47233622e-02,-1.84033072e+00,-2.55472422e+00,
   1.87910450e+00, 1.05388582e+00,-1.15997128e-01, 1.59089911e+00,
   2.21720481e+00},
 { 2.30608225e+00,-2.12450266e+00, 2.08568835e+00,-3.69895436e-02,
   2.77271457e-02, 2.18045592e-01,-9.13268471e+00,-3.42256725e-02,
   7.64265284e-02},
 { 1.20926937e-02,-7.31685013e-03, 3.22551787e-01, 5.18397522e+00,
  -2.45263672e+00,-1.58865249e+00,-1.14158737e-02, 1.31796398e+01,
   7.78953452e-03},
 { 1.38341177e+00, 2.32688498e+00,-9.16003168e-01, 3.32370543e+00,
   2.68748701e-01, 2.81032056e-01,-4.19779396e+00, 3.46724153e-01,
  -3.41284347e+00},
 { 5.67052476e-02, 1.15509005e-02,-2.75412470e-01, 2.80634618e+00,
   2.40948963e+00, 7.42332315e+00,-2.55113421e-03,-7.22630405e+00,
   2.88333595e-02},
 {-2.55618668e+00,-6.55325174e-01,-1.71954978e+00,-5.90909645e-02,
  -8.14087540e-02,-3.91088240e-02, 2.54337144e+00, 1.29119121e-02,
   4.06722724e-02},
 {-3.82597279e-03,-1.30608184e-02, 2.41932362e-01, 9.93874431e-01,
  -2.07384801e+00, 4.69724894e+00,-2.42569149e-02,-7.57975101e+00,
  -5.25067076e-02},
 { 1.30048764e+00, 4.55641603e+00, 4.69924545e+00, 7.17220977e-02,
   1.44122973e-01,-9.09142122e-02,-5.83504248e+00,-1.30147293e-01,
   1.98219970e-01},
 { 1.65580273e-01,-1.72068202e-03, 7.39444077e-01,-1.91238260e+00,
  -1.81314588e+00,-2.93441010e+00, 2.19367266e-01, 1.73256361e+00,
   4.41452885e+00},
 { 1.14255214e+00, 2.63046718e+00, 2.43679476e+00,-9.60406568e-03,
  -4.02245251e-03, 3.74786044e-03, 9.74542046e+00, 2.49584261e-02,
  -3.36468890e-02},
 {-1.12572163e-02,-2.11333018e-02,-6.80338502e-01, 4.15024233e+00,
  -2.45667315e+00, 1.55348778e+00,-4.62235929e-03,-1.05775204e+01,
  -8.43433780e-04},
 {-9.30664316e-03, 7.50673562e-03, 1.56942129e-01,-7.92568848e-02,
  -3.02704088e-02, 4.56077909e+00,-1.91860478e-02, 7.43254051e-02,
  -5.41879144e-03},
 {-9.22681391e-01, 3.28239608e+00, 5.16952562e+00,-9.13938358e-02,
  -6.28573913e-03, 1.27205580e-01,-6.40454435e+00, 2.39454806e-02,
   3.32369268e-01},
 { 5.65559149e+00, 1.07586682e-01, 3.04814148e+00,-2.74400562e-02,
  -4.06737179e-02, 5.83443455e-02,-1.09705076e+01, 2.40573753e-02,
  -8.24304298e-03},
 {-6.17685774e-03,-1.12862559e-02,-1.48989573e-01,-8.60408604e-01,
  -2.06853127e+00, 4.15023118e-02, 1.12592219e-03, 5.76482105e+00,
  -9.85903200e-04},
 {-3.51764672e-02,-8.48442391e-02, 2.10156345e+00,-2.05102801e-01,
   8.19819033e-01,-6.91961348e-01,-3.00506055e-02,-3.80598521e+00,
   3.60125136e+00},
 {-4.10788655e-02,-5.78086302e-02, 4.78252745e+00, 2.42172623e+00,
   8.88133645e-01, 1.57846439e+00, 4.15374637e-02,-4.05548543e-01,
   2.93566561e+00},
 { 2.57120323e+00, 2.81496167e+00,-1.32807195e+00,-4.09648791e-02,
  -6.61656028e-04, 2.15545315e-02,-4.19984579e+00,-2.89221760e-02,
  -2.59886682e-02},
 { 2.74991784e-02,-4.70837727e-02,-6.98904097e-01, 2.10579753e+00,
   4.10079575e+00,-2.20104194e+00, 2.47186720e-02, 9.79640579e+00,
   7.60454312e-02},
 { 1.65782366e-02, 8.50620796e-04,-4.33210325e+00,-2.85595918e+00,
   1.49554348e+00,-1.03626776e+00,-1.14065863e-01, 2.45927668e+00,
  -3.78441429e+00},
 { 6.17862456e-02, 2.82758269e-02,-2.32943892e+00, 8.25003028e-01,
   1.29803348e+00,-4.92207445e-02,-6.93827197e-02,-2.37917447e+00,
  -2.66558337e+00},
 {-1.21898174e+00,-3.70124102e+00,-1.05026960e+00, 3.88527475e-02,
   4.76689041e-02,-7.50143826e-02, 4.89133739e+00,-6.50609210e-02,
  -8.38585421e-02},
 {-1.77588320e+00, 4.73026544e-01,-2.43949699e+00,-6.02241084e-02,
  -8.22896212e-02,-9.38372761e-02, 3.30441928e+00,-3.40116583e-02,
   2.62406282e-02},
 {-3.17028863e-03, 1.41776260e-03, 6.70338511e-01,-2.14690042e+00,
   5.35204506e+00, 2.78232336e+00,-2.60604173e-02,-8.80661368e-01,
  -1.87422559e-01},
 {-6.32621571e-02, 1.82950962e-02, 4.29192257e+00, 1.56771421e+00,
   2.25891495e+00,-5.61713696e-01,-6.80122152e-02,-4.41398716e+00,
   3.67110896e+00},
 {-5.90789132e-02,-5.51707633e-02,-4.95007113e-02, 2.36500168e+00,
   2.92969275e+00,-2.28544569e+00,-6.63927123e-02,-3.57500172e+00,
  -4.11547041e+00},
 { 1.17958677e+00,-9.61595953e-01, 7.94135749e-01,-1.18078506e+00,
  -1.32703394e-01, 1.65232253e+00,-4.07849503e+00,-2.90688038e-01,
   1.90437615e+00},
 { 3.06106778e-03,-1.69170171e-03,-6.18621660e-03, 1.80477536e+00,
  -2.99553490e+00, 8.91463697e-01, 9.77842510e-03,-1.03849268e+01,
  -8.22756905e-03},
 { 8.16788599e-02,-2.04995330e-02, 7.43307114e+00,-2.00953269e+00,
  -3.10279168e-02,-1.08844364e+00, 7.59443343e-02,-1.38314652e+00,
   3.83258367e+00},
 { 2.02045254e-02,-9.33308601e-02, 1.54924178e+00,-2.09043074e+00,
  -2.05882502e+00,-3.82783771e-01,-2.80039404e-02,-5.46911860e+00,
   2.66279697e+00},
 {-4.07352112e-03, 2.92069954e-03,-3.86913180e-01,-2.21913412e-01,
  -8.99888203e-02,-5.71347427e+00,-1.04608322e-02,-1.75566748e-01,
  -5.84538979e-03},
 { 1.04459496e-02,-2.61728782e-02,-7.83922434e-01, 1.73538819e-01,
   2.16869283e+00,-4.07629371e-01,-2.01841891e-02, 8.15369606e+00,
  -2.34670877e+00},
 { 3.82387079e-02,-8.00445154e-02, 1.15970731e+00, 5.50506592e+00,
   2.35767937e+00,-1.93843946e-01, 1.56194270e-02,-1.01149979e+01,
   2.58048654e-01},
 { 7.50541361e-03, 3.88537627e-03,-1.31732345e-01,-1.25438571e+00,
  -3.84223729e-01,-1.09046507e+00, 3.58015159e-03, 2.52167439e+00,
  -2.44668294e-02},
 {-2.13751290e-03,-5.45049347e-02, 3.06999594e-01,-6.30891204e-01,
   5.66480100e-01, 7.34036326e-01,-5.17362133e-02,-2.53583670e+00,
   3.53587604e+00},
 {-1.56832449e-02,-3.90953897e-03, 1.68606564e-01,-8.23712409e-01,
   1.40771353e+00, 5.69949687e-01,-1.13316877e-02,-1.83471873e-01,
  -3.20995307e+00},
 { 5.11859031e-03, 1.26135349e-03,-2.19027191e-01, 6.84349418e-01,
   9.68422890e-01,-5.46314538e-01,-3.67984362e-02, 1.59761405e+00,
  -1.43035680e-01},
 { 2.99165297e+00, 1.15026903e+00, 1.72225928e+00, 1.75261900e-01,
   6.13648176e-01,-1.39988542e-01,-4.48807716e+00, 1.24997623e-01,
   2.17249131e+00},
 { 8.75693373e-03, 2.01618169e-02, 4.27803189e-01, 3.51792145e+00,
   6.59796476e-01, 5.69754660e-01,-2.02988856e-03,-1.16086435e+01,
   1.08386893e-02},
 { 3.13194585e+00, 4.07787114e-02, 3.79644632e+00,-1.26398681e-02,
  -5.65838963e-02,-1.41549841e-01, 8.41627061e-01, 8.50484967e-02,
   5.28219417e-02},
 { 1.58068314e-02, 1.89264677e-02,-5.54531670e+00,-3.90290886e-01,
   4.02325916e+00,-1.13173175e+00,-8.34449530e-02, 6.14466012e-01,
  -2.25296521e+00},
 { 2.79788747e-02, 1.07295267e-01, 1.75699389e+00, 1.16220045e+00,
  -6.26581609e-01,-4.02499884e-02,-1.47014648e-01,-8.04891777e+00,
  -2.40236878e+00},
 { 1.37381598e-01,-1.38591066e-01,-3.63520741e+00,-2.91641760e+00,
   1.27148676e+00,-1.02456939e+00,-5.03527969e-02, 1.59349418e+00,
  -5.86845732e+00},
 {-9.88780148e-03,-3.88660058e-02, 1.54266071e+00, 3.13804001e-01,
  -5.46231329e-01, 2.96468765e-01,-1.63425133e-01, 4.04934454e+00,
  -5.06505966e+00},
 { 5.55729493e-02,-5.58553375e-02,-1.31910982e+01, 5.73065318e-02,
  -9.21406131e-03, 1.94654435e-01, 1.64179340e-01, 5.60960434e-02,
  -1.24792457e-02},
 { 5.01495552e+00,-7.48782396e-01,-4.04913521e+00,-3.18753324e-03,
  -1.07751796e-02, 5.45742884e-02, 1.26443491e+01,-4.71596606e-03,
  -2.43487190e-02},
 { 2.89101247e-02,-5.56465611e-02,-2.37995148e+00, 2.60751176e+00,
   5.94003737e-01,-1.76133466e+00,-5.92233874e-02,-3.60794854e+00,
   2.20443749e+00},
 { 3.46158624e+00, 2.24178314e+00,-2.34860253e+00,-2.95445207e-04,
  -2.86680460e-02,-1.03602923e-01, 1.11298409e+01,-4.62950692e-02,
   2.78510004e-02},
 { 3.32992768e+00,-1.93342280e+00, 2.16567445e+00,-2.02021915e-02,
   4.03214758e-03,-3.52573507e-02,-1.07734661e+01, 4.76995541e-04,
  -1.58717353e-02},
 { 5.66013530e-02,-3.55027057e-02, 2.35020828e+00, 2.33989835e-01,
   1.03433895e+00,-1.86906313e-03, 1.44192830e-01, 7.62051249e+00,
   2.23161364e+00},
 { 6.03552386e-02, 1.72877386e-02, 6.73673332e-01, 1.31701601e+00,
   2.37512040e+00, 3.83629024e-01,-1.27305061e-01, 3.61005038e-01,
  -2.83615232e+00},
 {-2.60406118e-02,-1.15950627e-03,-5.32840677e-02,-2.44202018e+00,
   1.47186768e+00, 1.29612494e+00,-2.23073885e-02,-1.20317526e-01,
   2.96183139e-01},
 { 2.01161027e+00,-2.71450520e+00, 2.09031129e+00,-1.44514358e-02,
   1.98940677e-03,-4.45240699e-02,-9.76232433e+00, 4.08262648e-02,
  -1.81416608e-02},
 { 3.06743775e-02, 5.94364777e-02, 3.02304530e+00,-2.92615557e+00,
   9.30203855e-01,-1.14324009e+00,-1.26823947e-01, 2.00118446e+00,
  -4.02729750e+00},
 { 1.50660891e-02, 2.08499227e-02, 1.68788922e+00, 3.03325802e-01,
  -1.08720255e+00,-5.37215360e-02,-5.48265455e-03, 3.62816644e+00,
  -2.04181790e+00},
 { 2.31711030e+00, 2.58284831e+00,-4.36670589e+00, 1.58828832e-02,
   8.75790417e-03, 7.04701617e-02, 8.36250687e+00, 1.76297240e-02,
   2.53199078e-02},
 {-1.77720118e+00, 2.09116006e+00, 3.64369678e+00, 5.71393631e-02,
   1.99194867e-02, 1.83909219e-02,-4.65723944e+00,-3.80099677e-02,
  -2.86195893e-02},
 { 2.26942990e-02,-1.28001630e-01, 5.00475705e-01, 4.10163689e+00,
   4.43599582e-01,-2.40077958e-01, 1.90181106e-01,-3.86563611e+00,
  -3.43007398e+00},
 {-4.58147861e-02,-2.02588718e-02, 1.05678672e-02, 2.85677218e+00,
  -2.22503424e+00, 4.36930150e-01,-1.18698506e-02,-1.10757532e+01,
  -1.77862525e-01},
 { 4.69272817e-03,-5.39597310e-02,-2.93482137e+00,-3.78163266e+00,
  -4.52880681e-01, 1.88947308e+00,-3.36132087e-02,-2.05552673e+00,
   5.99784756e+00},
 { 2.19135094e+00,-2.08329201e+00, 1.97451591e+00,-4.30273935e-02,
   3.74033786e-02, 4.24881326e-03,-9.03215504e+00,-1.67179927e-02,
  -2.17691824e-01},
 { 2.78850102e+00, 2.42867994e+00,-2.44348574e+00, 1.12674078e-02,
  -9.60963964e-03, 2.38330327e-02, 1.10286961e+01,-1.07833808e-02,
   3.09518017e-02},
 {-1.54745644e-02,-3.62319164e-02,-1.64475477e+00, 2.09661055e+00,
   6.90478563e+00, 4.85427380e+00, 2.72846036e-02,-6.83932781e+00,
  -3.26679610e-02},
 { 5.19143057e+00,-2.35482216e+00,-3.32787037e+00, 1.00353733e-02,
   4.36755680e-02,-1.24726363e-01, 9.66787434e+00,-8.21766853e-02,
   6.53070360e-02},
 { 4.78725322e-02,-1.96604785e-02, 1.01515853e+00,-2.16834044e+00,
  -4.53244567e-01,-3.51110005e+00, 4.46315296e-02, 5.66333532e-01,
  -2.81152153e+00},
 { 3.58902907e+00,-1.12394083e+00, 5.98924160e+00, 8.77216924e-03,
  -4.03812006e-02, 4.80004959e-03,-1.06291733e+01,-1.56871863e-02,
  -6.72733560e-02},
 { 7.02546015e-02,-1.23435043e-01,-8.17478466e+00, 1.29137492e+00,
   5.96874356e-01,-3.56198102e-01, 4.90119727e-03, 1.22246683e+00,
   3.29554081e+00},
 { 3.51891182e-02, 1.95849277e-02,-4.55034584e-01, 6.96014524e-01,
   8.67640674e-01,-2.51953840e-01, 3.56066376e-02, 3.77144404e-02,
  -2.43247223e+00},
 {-2.41314210e-02,-1.17447712e-01, 3.58554888e+00,-2.10312650e-01,
   3.75287938e+00,-7.85127163e-01,-9.15845707e-02,-3.57161105e-01,
   4.24803400e+00},
 { 3.57691534e-02,-3.69456434e+00,-2.44651890e+00, 4.09617496e-04,
  -6.97049638e-03,-2.31350735e-02, 5.50890732e+00,-6.64320076e-04,
   1.29105086e-02},
 { 8.03469718e-01,-2.97530913e+00, 1.57679977e+01,-3.52304243e-03,
   7.69081432e-03,-1.63560048e-01,-8.03418636e+00,-1.53782144e-02,
   4.01694626e-02},
 { 4.35938034e-03, 3.14609297e-02,-3.34482670e+00, 3.10364270e+00,
  -2.15824747e+00, 1.49991155e+00, 5.54381199e-02, 3.46485400e+00,
   2.53522801e+00},
 { 4.16400862e+00,-1.67549932e+00,-2.87472939e+00,-3.13308872e-02,
  -2.03222968e-02,-5.73190898e-02, 8.84416389e+00,-9.72991064e-03,
   8.73101316e-03},
 {-1.87558091e+00,-2.75412464e+00,-4.26489162e+00,-2.92432811e-02,
   6.00983538e-02, 7.39301071e-02, 7.02613640e+00, 9.57046356e-03,
   8.24631304e-02},
 { 4.17351246e+00,-1.82854509e+00,-6.95404816e+00, 8.43884889e-03,
   4.69383895e-02,-6.01915233e-02, 1.01598854e+01, 1.80608407e-02,
   4.93322723e-02},
 { 4.44009043e-02,-1.17818564e-01, 4.79643345e+00,-1.95050859e+00,
   1.59483778e+00,-8.22606742e-01, 8.87598023e-02, 2.47707105e+00,
   4.04591131e+00},
 {-2.45997719e-02,-2.99445186e-02, 9.80562195e-02, 3.33768654e+00,
  -3.06802750e+00,-6.77794695e-01, 5.60471751e-02, 9.23481178e+00,
   6.23025261e-02},
 {-1.66532207e+00,-5.89163899e-01, 1.32620144e+00,-3.84798236e-02,
   6.96468577e-02, 1.35549888e-01,-3.10262775e+00,-4.58543422e-03,
  -4.30998988e-02},
 {-2.71718931e+00, 6.90626919e-01, 4.24429798e+00, 1.24087837e-02,
   3.74062806e-02, 1.20993815e-01,-6.46488285e+00,-8.19528997e-02,
  -1.11720655e-02},
 { 7.33600482e-02,-1.49053574e-01,-5.27709579e+00,-9.36149776e-01,
  -1.76919734e+00, 2.02231765e-01,-5.50564602e-02,-6.16166449e+00,
   2.89062047e+00},
 {-4.22117626e-03, 3.73673961e-02, 3.02367985e-01, 2.24482417e+00,
  -3.51018214e+00,-2.08556366e+00,-2.92559806e-02, 1.87957570e-01,
   1.53366685e-01},
 {-1.21694105e-02,-1.18398368e-02, 3.43464673e-01, 5.45239162e+00,
   2.02378678e+00, 1.68522358e+00, 8.47300328e-03,-1.29470425e+01,
   3.89719754e-02},
 {-9.76994913e-03, 1.66349132e-02, 3.62879705e+00, 3.10635448e+00,
  -1.85215223e+00,-5.21590561e-02,-8.13282803e-02, 6.05868530e+00,
  -4.37030888e+00},
 { 2.73092575e-02, 2.44407188e-02, 4.37640285e+00, 1.79918027e+00,
   7.12923467e-01, 2.48511195e+00,-6.49747849e-02, 2.69646573e+00,
  -5.89756250e-01},
 {-1.61777884e-02, 5.50785922e-02, 3.85244408e+01,-1.52252270e-02,
   5.91620989e-02,-3.20360363e-01,-7.37333968e-02,-5.19956164e-02,
   1.64535120e-02},
 { 5.13758802e+00, 2.52359200e+00,-7.76849866e-01, 2.67296322e-02,
   3.68565619e-02,-6.65341392e-02, 8.00953484e+00,-6.38710260e-02,
   6.71323910e-02},
 { 1.28866225e-01,-1.09196752e-01, 2.07116628e+00, 3.14062905e+00,
  -3.74968004e+00,-1.37299454e+00, 2.00540587e-01, 6.01186037e+00,
  -2.40760732e+00},
 {-4.74077910e-02, 6.91331103e-02,-1.54944408e+00,-2.60875642e-01,
  -3.22489619e+00, 7.38364577e-01,-9.72861350e-02,-1.59974968e+00,
   9.95167196e-01},
 {-5.03913212e+00,-2.35094619e+00,-2.99149543e-01, 3.09773162e-03,
  -1.18477950e-02,-2.69786511e-02, 9.36800957e-01, 3.20593528e-02,
   2.46841498e-02},
 { 3.56065668e-02, 3.47095653e-02, 6.02110744e-01, 9.44848359e-01,
   2.71781659e+00,-8.40453911e+00,-1.21921115e-02, 7.49631405e+00,
  -5.76888472e-02},
 { 1.26787480e-02, 1.41161010e-01, 3.20338082e+00, 4.06778187e-01,
  -2.16701221e+00, 8.51126134e-01,-2.83598810e-01, 1.54657006e+00,
   4.42956352e+00},
 { 3.56502272e-02, 4.95977551e-02, 2.06279323e-01,-2.77604747e+00,
   1.37038684e+00,-8.19092214e-01,-3.81973237e-02, 9.44011688e+00,
  -1.10539697e-01},
 { 5.56242704e+00,-9.42230746e-02, 8.01784229e+00,-2.00388461e-01,
   9.94338617e-02, 4.97503653e-02,-4.44157887e+00,-3.08455788e-02,
  -3.83660764e-01},
 { 5.00300853e-03, 2.49197371e-02,-4.97278422e-01,-1.01075625e+00,
  -3.05210590e+00, 9.17982683e-02,-4.61693443e-02,-4.90198851e+00,
  -5.19273318e-02},
 { 1.23901442e-02,-2.70192754e-02, 3.49020392e-01,-1.25876117e+00,
   2.28719428e-01, 1.41144693e+00,-5.06268479e-02,-2.40314722e+00,
  -1.18731938e-01},
 {-1.57110356e-02,-3.68629210e-03, 1.18509531e+00, 2.65291572e+00,
  -1.55123270e+00, 1.53645706e+00, 6.04657009e-02, 2.27863401e-01,
   2.33686352e+00},
 { 1.65310614e-02, 2.38940585e-02,-2.06945491e+00,-1.11749959e+00,
  -3.01803321e-01, 4.49201256e-01,-2.52128877e-02, 2.31279731e+00,
   1.13612258e+00},
 {-1.82180535e-02, 6.41982956e-03,-2.77662563e+00, 2.93607855e+00,
   2.10603881e+00,-1.90075576e+00,-1.24285249e-02,-1.01601817e-01,
   2.60298657e+00},
 { 6.88282102e-02, 4.15985727e+00, 1.85516393e+00,-2.07261499e-02,
  -3.33845988e-03,-2.85165794e-02,-8.46574497e+00, 2.14383993e-02,
  -9.98360198e-03},
 { 4.45363820e-02,-6.01705685e-02, 1.22387800e+01, 4.86321412e-02,
  -4.66215350e-02, 4.56594974e-01, 2.03948617e-01, 1.68420952e-02,
   2.97196746e-01},
 { 3.72528061e-02,-1.11275099e-01, 3.00685048e+00, 2.18018055e+00,
   9.77307737e-01, 1.87593341e-01,-4.18150946e-02,-9.47814763e-01,
  -2.80010438e+00},
 { 2.90886522e-03, 2.12169886e-02, 6.02816753e-02, 3.56707191e+00,
   2.58529246e-01,-7.55147815e-01, 2.75484286e-02, 5.09717894e+00,
   2.32528877e+00},
 {-6.27619743e-01,-3.10635877e+00,-4.77350903e+00,-2.32107434e-02,
  -2.69978400e-02,-1.55187100e-01, 7.33872461e+00,-6.83449805e-02,
   1.23032339e-01},
 { 2.44564748e+00,-4.67640448e+00,-3.90506506e+00,-4.15635034e-02,
  -1.32994562e-01,-9.60082859e-02, 5.83261728e+00, 1.13368832e-01,
   1.24928933e-02},
 {-1.12575796e-02, 4.86471830e-03,-3.86420161e-01, 4.56740427e+00,
   5.20534754e-01,-2.53693938e+00,-3.21893655e-02, 1.11846294e+01,
  -3.49078737e-02},
 {-3.04762888e+00,-3.61804819e+00, 2.94561315e+00,-1.69538036e-02,
   2.72971764e-03, 4.31814343e-02, 9.84411180e-01, 3.72871161e-02,
  -2.37271711e-02},
 {-3.40903900e-03, 5.86403394e-03, 1.32784277e-01, 2.24540114e+00,
   3.07294869e+00,-9.94998813e-01, 3.60757159e-03, 1.11910019e+01,
  -3.39423604e-02},
 { 5.10586351e-02, 1.81011353e-02,-3.17010117e+00, 6.22053266e-01,
  -1.41715169e+00,-5.70161402e-01,-5.50529137e-02, 2.36068535e+00,
   3.48737574e+00},
 { 8.67761075e-02, 1.83013268e-02,-4.24745607e+00, 3.85917008e-01,
  -2.04367900e+00,-1.43268541e-01, 4.09794301e-02,-3.33542079e-01,
   4.09525871e+00},
 { 3.18566322e+00, 9.23150122e-01, 2.81655931e+00,-1.60308685e-02,
   1.30625758e-02, 5.69695123e-02,-8.14382744e+00,-1.06410049e-02,
   1.88413020e-02},
 { 1.42049119e-01,-7.10663870e-02, 4.17254066e+00,-6.58572137e-01,
  -1.27754700e+00, 3.42264950e-01, 2.18165860e-01,-1.74349296e+00,
  -3.37117624e+00},
 {-2.81638070e-03,-5.46324113e-03, 2.88447380e-01, 2.11243820e+00,
  -2.49139166e+00, 5.22577286e-01, 1.69151910e-02, 5.34894133e+00,
   4.34221961e-02},
 { 1.19269705e+00,-1.09371674e+00,-5.64413691e+00,-8.46940726e-02,
   1.26989000e-02, 1.30880307e-02,-5.36448908e+00, 1.75195277e-01,
   3.73671465e-02},
 { 2.75661293e-02, 2.34864559e-02,-8.30153078e-02,-1.91046089e-01,
   1.84249675e+00,-5.32972515e-01,-1.96921937e-02,-2.72903800e+00,
   5.37953638e-02},
 {-9.59432423e-02,-1.83030274e-02,-4.67380047e+00, 1.60122168e+00,
   1.69703126e+00, 2.81035036e-01,-4.34161769e-03,-2.99127674e+00,
  -4.03251648e+00},
 {-1.77026939e+00,-4.05424744e-01,-1.69148588e+00, 2.99020689e-02,
  -2.44663563e-02,-4.73686904e-02, 2.71659541e+00, 6.61796331e-02,
  -1.17450785e-02},
 { 8.23535696e-02, 1.05634368e-04,-1.75537407e+00,-6.00000262e-01,
  -8.98658454e-01,-5.16069472e-01, 1.48549274e-01,-1.42506671e+00,
  -2.80530977e+00},
 { 1.19766526e-01, 8.40128679e-03, 1.05645428e+01, 8.71701911e-03,
  -2.73937378e-02,-1.13770939e-01, 2.20427103e-03,-1.25360042e-01,
  -6.93748659e-03},
 { 1.82144964e+00,-4.22779799e+00, 3.54058444e-01, 5.32904267e-03,
   5.40457927e-02,-3.67696851e-01, 2.84139252e+00,-6.65393844e-02,
  -1.10451058e-02},
 {-4.53146687e-03,-2.28613503e-02,-1.28570185e+01,-8.03322066e-03,
   1.47855598e-02, 8.88452455e-02,-1.29851736e-02,-2.13331878e-02,
  -1.57280173e-02}};

const float b1[sz_hid_1] = {-7.3506823 , 0.02434932,-4.0349016 ,-7.6367083 ,-6.3280997 ,-6.362341  ,
 -2.2862463 ,-3.7766771 ,-5.2282577 ,-6.9379587 ,-4.091969  ,-8.55963   ,
 -0.7408581 ,-2.5501053 ,-5.176935  ,-6.943921  ,-5.3225393 ,-7.7328806 ,
 -6.151258  ,-0.5274164 ,-7.4510093 ,-5.628473  , 0.9394562 ,-4.0630393 ,
 -3.8694432 ,-1.7723151 ,-6.695009  ,-5.572432  ,-0.77375   ,-4.0432034 ,
 -1.7817296 ,-4.652459  ,-2.5982137 ,-5.2923236 ,-4.8913555 ,-8.489617  ,
 -5.212891  ,-8.634243  ,-0.53500026,-7.9616637 ,-5.829228  ,-1.2764841 ,
 -1.95956   ,-0.7558028 , 0.08986069,-7.0127406 ,-4.8614225 ,-2.4498856 ,
 -5.6023545 ,-6.208633  ,-7.336412  ,-6.0899816 ,-0.9838278 ,-5.0308514 ,
 -3.190694  ,-7.9201393 ,-7.0147424 ,-8.363536  ,-3.0985484 ,-1.3734174 ,
 -6.818437  ,-5.0370235 ,-0.47623223,-5.7129555 ,-2.4536262 ,-5.006526  ,
 -8.485023  ,-7.5280113 ,-6.840683  ,-7.848769  ,-2.820363  ,-4.686819  ,
 -2.8457801 ,-5.407761  ,-3.2188244 ,-0.40520447,-5.6973243 , 0.42390847,
 -6.8588395 ,-3.6458793 ,-4.5519915 ,-4.874558  ,-2.8701825 ,-5.2460146 ,
 -3.6611485 ,-0.6251799 ,-5.2765346 ,-7.7627873 ,-1.6283023 ,-4.868437  ,
 -4.9082823 ,-1.8453068 , 0.99801075,-6.864912  ,-8.717157  ,-3.2508397 ,
 -3.872628  ,-5.8801856 ,-4.1194673 ,-7.3809576 ,-8.682729  ,-4.7991734 ,
 -0.96495104,-2.9903595 ,-1.3160213 ,-3.963577  , 0.8218868 ,-2.1144133 ,
 -2.9871552 ,-4.3831544 ,-8.880312  ,-4.597942  ,-5.5260544 ,-3.1490562 ,
 -8.693059  ,-2.2041364 ,-5.454429  ,-4.048095  ,-3.40416   ,-0.49042428,
 -5.190061  ,-0.6750081 ,-3.6938689 ,-0.6301451 ,-2.6104293 ,-0.5533099 ,
 -3.0011947 ,-0.28699198};

const float w2[sz_hid_2][sz_hid_1] = {{ 4.42070389e+00, 5.19903612e+00,-2.36485267e+00, 5.52010489e+00,
  -2.83635283e+00, 2.35208201e+00,-2.38625789e+00,-4.81339645e+00,
  -9.53069878e+00, 4.42439270e+00, 2.57826114e+00, 5.35665512e-01,
  -4.08000797e-02,-3.21026587e+00,-4.90280539e-02, 2.39111376e+00,
  -1.18316212e+01, 1.35980034e+00,-2.34931374e+00, 1.14808595e+00,
   1.06061864e+00,-1.26494408e+00, 2.32144976e+00,-3.47078085e-01,
  -2.80804873e+00, 5.54791510e-01,-2.55632854e+00, 1.69788647e+00,
   1.24018669e+00,-6.48266125e+00, 6.58979273e+00, 2.27045012e+00,
   4.76265967e-01,-2.87231445e+00, 6.28551781e-01, 8.81467819e+00,
  -7.44759262e-01,-1.41761017e+01,-9.84200895e-01,-2.21499538e+00,
   2.24925447e+00,-2.52289486e+00,-6.33559561e+00, 1.09779997e+01,
  -1.16198063e+01,-9.30949867e-01,-3.79016966e-01, 1.07298005e+00,
   8.11938465e-01,-1.78172898e+00,-2.14827943e+00,-3.21336460e+00,
   1.20973456e+00, 4.48053885e+00,-2.04035330e+00,-6.50755835e+00,
  -2.54800487e+00,-5.14052343e+00,-3.63047266e+00,-7.80662075e-02,
  -5.45392609e+00, 1.21658707e+00,-7.31307805e-01, 1.77763891e+00,
   8.81021690e+00, 1.74026644e+00,-4.76469398e-01, 7.50066948e+00,
  -2.69525313e+00, 1.52603054e+00,-6.61660194e-01,-1.23136234e+00,
  -1.90798628e+00,-3.07209921e+00, 3.46726865e-01,-1.42492032e+00,
  -5.27233887e+00, 3.15378070e+00,-1.34033844e-01, 8.23188722e-01,
  -7.50260210e+00,-8.44154298e-01, 2.63115907e+00, 9.23682600e-02,
  -2.75301576e+00, 4.89425802e+00,-7.57962656e+00,-4.68970966e+00,
   1.29593575e+00,-8.16945374e-01, 3.88135850e-01,-2.75908160e+00,
   7.26602226e-02, 2.11192846e-01,-9.14391816e-01, 5.57994175e+00,
   7.56703496e-01, 1.22051716e+00, 1.72818899e-01,-4.47616428e-02,
   4.98106658e-01,-5.08774340e-01, 1.67893195e+00, 8.02533340e+00,
  -1.71798122e+00, 5.08269262e+00,-4.83088207e+00,-3.54228199e-01,
  -2.38572454e+00, 6.91137791e-01, 1.05561934e+01,-4.62366056e+00,
  -1.20683618e-01,-2.97019463e-02, 7.22571278e+00, 3.02149385e-01,
   1.20038199e+00, 1.95730782e+00,-6.46055698e-01, 1.21730447e+00,
   2.11230683e+00,-7.84772694e-01, 1.07426870e+00,-1.01450996e+01,
  -6.14450979e+00, 3.38008329e-02, 1.60255682e+00,-5.13232231e-01},
 { 5.05282223e-01,-8.27467665e-02, 5.76373720e+00,-1.71679926e+00,
   6.04745054e+00, 2.14942789e+00,-5.95928192e-01, 5.22920370e+00,
   6.38692188e+00,-1.15519512e+00,-1.42986524e+00, 7.51959801e+00,
  -2.56612688e-01,-5.55673599e-01, 2.15069249e-01,-2.02536821e+00,
  -1.67087269e+00,-4.96986181e-01,-1.56634247e+00,-5.10585487e-01,
  -9.72784042e+00,-2.82089580e-02, 1.80554914e+00,-2.86160564e+01,
  -2.15139341e+00, 8.47574532e-01,-4.66645956e+00,-9.87242222e+00,
   7.99598980e+00, 1.04647505e+00,-3.46990800e+00,-1.87558734e+00,
  -8.37821007e+00,-4.33660626e-01, 4.97703880e-01,-1.78258151e-01,
   7.10634422e+00,-2.68110776e+00, 2.04685974e+00,-5.41276515e-01,
  -1.45405889e-01, 2.39928079e+00,-2.91749406e+00, 4.50312519e+00,
  -1.08006277e+01,-1.43682420e+00,-3.61294150e+00,-2.18660069e+00,
  -3.31583428e+00,-6.12167025e+00, 6.98087513e-01,-7.95570135e+00,
  -3.25892997e+00,-1.45711625e+00, 5.12535930e-01, 2.23872137e+00,
   2.38617229e+00,-1.20406523e+01,-5.89980936e+00, 6.77155638e+00,
   2.03505778e+00,-1.67906618e+00,-1.47315350e+01, 1.52971908e-01,
  -4.74435043e+00, 4.18790251e-01, 5.48338079e+00,-1.02286899e+00,
   2.22331619e+00,-2.79142666e+00,-3.64063859e-01, 2.49601746e+00,
   3.08907008e+00, 3.89986068e-01, 1.75265312e+00,-1.20606744e+00,
  -2.05007911e+00, 2.71157295e-01,-2.26096407e-01,-8.27992558e-01,
   3.28857690e-01, 4.61262375e-01,-2.29145551e+00, 2.26895595e+00,
   4.10101237e-03,-2.40703797e+00, 4.10203171e+00, 6.13143587e+00,
  -5.53468847e+00, 1.90510595e+00,-8.61431241e-01,-1.76444340e+00,
  -1.45097637e+00,-5.02516985e-01,-6.53045714e-01,-9.58012009e+00,
  -1.72271085e+00,-1.98521531e+00,-3.84421974e-01,-1.01921186e+01,
   2.22000569e-01,-1.82480490e+00,-4.34560871e+00, 2.95563555e+00,
   4.67283916e+00, 1.66143441e+00, 7.49359548e-01, 1.69847476e+00,
   1.57722282e+00, 8.51533222e+00,-3.86248779e+00, 1.91816103e+00,
   3.32163000e+00, 9.51515257e-01,-7.80177057e-01, 6.55794621e+00,
  -7.22494555e+00,-1.26627254e+00,-8.91746902e+00, 1.33017302e+00,
  -2.79794240e+00,-1.93310988e+00, 2.12642360e+00, 5.26533508e+00,
   6.44801950e+00,-6.30005956e-01,-1.24538386e+00, 4.85328704e-01},
 { 1.33445871e+00, 1.25390172e+00,-9.34280753e-01, 1.77637899e+00,
  -1.10084035e-01,-2.01595764e+01,-2.15819553e-01, 2.38276076e+00,
  -4.26749563e+00, 6.15528440e+00, 3.85015655e+00,-2.39693236e+00,
  -2.75649786e+00,-5.86398363e-01,-4.86584604e-01, 6.14597023e-01,
   1.18558323e+00, 1.24511115e-01,-4.57554531e+00, 3.46867895e+00,
  -4.41903412e-01,-4.41780597e-01, 2.18578863e+00, 4.65175621e-02,
  -8.66110742e-01,-2.18316659e-01, 5.63986838e-01,-6.96762919e-01,
  -7.91899204e-01,-6.50915086e-01, 6.92663267e-02,-3.77964854e-01,
  -6.80043027e-02,-1.59280479e-01,-2.18625218e-01,-4.74258118e+01,
  -9.29165781e-01, 5.16037881e-01, 1.83434725e+00,-1.06483221e+00,
   1.14207804e+00,-2.20392342e+01, 3.18812370e-01,-4.41679418e-01,
  -1.55072784e+00,-5.78451693e-01,-4.45212889e+00,-1.96428727e-02,
  -1.95271328e-01,-2.23474479e+00,-3.05657425e+01,-6.10822558e-01,
  -5.97406551e-03, 8.16010296e-01,-1.68465614e-01,-2.93325925e+00,
  -1.99980688e+00,-3.87848701e+01, 4.54141170e-01,-5.94286394e+00,
  -4.44156170e-01, 1.13108492e+00, 1.96379173e+00, 1.75553337e-01,
   2.52629220e-01, 8.29549193e-01, 3.54466057e+01, 3.43822569e-01,
  -5.05193090e+00, 1.54768133e+00,-1.25048673e+00, 5.42137861e-01,
   3.27956319e+00,-6.09665334e-01, 9.94148731e-01,-5.05088508e-01,
  -1.06671000e+00, 6.34041965e-01, 6.95075393e-02, 2.88973540e-01,
  -2.48395300e+00,-1.74477577e-01, 4.33516443e-01, 3.81869882e-01,
  -8.15766048e+00, 5.51285744e-01,-4.12902236e-01,-3.40568006e-01,
   4.27244520e+00,-6.24239588e+00, 5.19706547e-01, 4.37409550e-01,
   1.51295051e-01, 3.46800059e-01,-2.76973796e+00,-1.09033084e+00,
  -5.23637533e-01,-6.57012045e-01,-3.92645329e-01,-5.40660400e+01,
  -2.40402603e+00, 1.85620213e+00, 3.85424614e+00,-5.61120093e-01,
   4.93980229e-01, 8.06977674e-02,-7.66555607e-01,-9.58403587e-01,
   3.16779292e-03,-3.28449070e-01, 1.68520308e+00,-7.98967779e-01,
  -8.83348566e-03,-3.44271302e-01,-1.09137926e+01, 4.15650696e-01,
  -1.03135979e+00, 1.27525544e+00,-2.64619857e-01, 2.68489981e+00,
  -5.98466396e-02,-1.01915383e+00,-3.05012494e-01,-8.35828185e-01,
   2.19654366e-01,-5.59680834e-02, 2.08685920e-01, 2.33504131e-01},
 { 1.07705152e+00,-2.98584914e+00,-1.42504966e+00,-5.64095354e+00,
   7.56698465e+00,-3.97999692e+00, 7.72039127e+00,-1.07011738e+01,
   9.22886658e+00,-4.80043125e+00, 7.05666208e+00,-4.95478344e+00,
  -3.86386991e-01, 4.27994061e+00,-2.03058577e+00,-1.81477737e+00,
  -6.31791234e-01,-4.87157583e-01,-3.53507566e+00,-5.01314700e-01,
   4.66476709e-01, 1.58504629e+00, 2.42981935e+00,-2.28515196e+00,
  -5.15465212e+00, 4.27790225e-01, 3.44142377e-01,-4.75874245e-01,
  -2.01243982e-01, 4.97909594e+00,-1.90311444e+00, 1.16249490e+00,
   7.71923512e-02, 9.88230407e-01, 6.19663298e-01, 1.55726299e+01,
   3.85597676e-01,-4.79781914e+00, 1.56322742e+00, 5.71676493e+00,
   4.76923704e+00,-2.48858118e+00, 7.22451830e+00,-5.54709387e+00,
  -8.86359882e+00, 1.32948887e+00,-4.22329378e+00,-9.01192367e-01,
  -4.46934074e-01,-1.10503912e+01, 7.25291967e+00,-5.56075621e+00,
   3.56101364e-01,-3.43734956e+00,-1.02924490e+00, 4.65550995e+00,
   7.40186930e-01,-2.53339648e+00, 6.75168324e+00, 6.09678745e+00,
   7.19300795e+00,-1.50465453e+00,-3.77931654e-01,-2.18097162e+00,
  -8.19712353e+00,-5.93265200e+00,-1.61809355e-01,-1.32712734e+00,
   1.04641747e+00,-7.04722118e+00, 1.40772152e+00,-2.48991108e+00,
  -4.81315756e+00, 2.99769282e+00,-3.10275823e-01,-1.52822733e-01,
  -7.56793213e+00,-4.14996433e+00, 3.61437090e-02,-2.83702426e-02,
   9.61095142e+00, 1.68292689e+00,-2.37837934e+00,-4.08118773e+00,
  -7.13622046e+00,-5.56692028e+00, 9.21817398e+00, 2.36557409e-01,
  -1.27724576e+00,-2.77797371e-01, 1.57372618e+00,-5.03204107e+00,
   4.54774976e-01,-1.18900943e+00,-4.11386108e+00,-1.78036261e+00,
  -6.11212373e-01, 1.63699067e+00, 1.26241341e-01,-3.03384304e+00,
  -4.12288094e+00,-6.16325915e-01, 6.91865683e-01,-1.02363377e+01,
  -4.77017355e+00,-1.04269826e+00, 2.37695312e+00, 2.12001348e+00,
   6.97279406e+00, 3.65981293e+00,-8.63966465e+00, 7.02733374e+00,
   2.95859098e-01,-8.38903666e-01,-9.97161627e-01, 2.41404557e+00,
   4.49817255e-02,-3.59266043e+00,-8.31852201e-03,-2.41345882e-01,
   5.18717885e-01,-1.21751428e+00,-6.69852138e-01, 5.33943701e+00,
   2.49347115e+00,-1.96349061e+00,-3.20211983e+00,-4.66396630e-01},
 { 1.15991578e-01, 5.42553854e+00,-1.53192186e+00,-4.00518847e+00,
  -3.85405445e+00,-1.27660990e+00,-3.20153683e-01,-3.88356149e-02,
  -2.84304833e+00,-9.50689507e+00, 7.83357993e-02, 4.21190470e-01,
  -7.75322765e-02, 1.52609777e+00, 1.84749782e-01,-7.77607727e+00,
   1.79792500e+00, 4.22191590e-01,-9.83972773e-02, 4.62263763e-01,
   7.88156509e-01, 4.23367202e-01, 5.17329216e-01, 1.62994885e+00,
   3.31329107e-01, 1.92290068e+00,-5.08771986e-02,-9.76752758e-01,
   6.71768844e-01,-1.18444264e+00, 1.72802424e+00,-3.62841412e-03,
  -1.33736372e+00, 1.19901228e+00, 7.98249543e-02, 7.09672511e-01,
   1.36784363e+00, 1.95283949e-01, 4.15447265e-01, 3.11720586e+00,
   1.02913952e+00, 8.52046967e-01,-4.74441946e-01, 9.07367587e-01,
  -1.20857906e+00, 6.85265720e-01, 1.50618121e-01, 4.45660949e-01,
  -1.89731091e-01,-2.37092733e+00,-8.09704840e-01, 1.60369325e+00,
  -3.15300608e+00,-4.53869492e-01,-1.19926918e+00,-1.30210495e+01,
   4.15498924e+00,-2.88316512e+00,-1.27405441e+00, 1.70551538e-02,
   1.31785660e+01,-8.70742083e-01,-1.19649851e+00, 7.80122423e+00,
  -1.50805874e+01, 1.67801166e+00, 5.91039717e-01,-4.70002317e+00,
  -3.80633891e-01, 1.26218796e+01, 7.73416385e-02,-1.96503043e+00,
  -1.34444320e+00,-3.04420662e+00,-1.87004507e-01, 5.24498463e-01,
   6.72707736e-01,-1.12159097e+00,-6.14376879e+00, 1.47891545e+00,
   1.46315253e+00,-4.38089389e-03, 2.16188955e+00,-7.77496457e-01,
  -3.03373605e-01,-1.01586409e+01,-3.13627720e+00, 3.84716201e+00,
  -2.78955102e-01,-4.33486924e-02,-1.10468805e+00, 7.43689060e-01,
   1.74489510e+00,-3.07719207e+00, 2.95186043e+00,-9.32501815e-03,
  -9.56755102e-01, 5.94673343e-02, 1.31147480e+00,-5.55700839e-01,
  -2.99472392e-01,-5.48309147e-01, 5.87536171e-02,-3.99105519e-01,
   2.80802488e-01,-8.60636473e-01,-3.05410528e+00,-4.16780901e+00,
  -9.11884904e-01, 2.47527981e+00, 2.87205982e+00,-1.96881151e+00,
   2.28383973e-01,-1.95825469e+00,-6.95547938e-01,-8.10371876e-01,
  -4.88474280e-01,-3.63963604e+00, 1.18202722e+00,-2.92722508e-02,
   5.76296270e-01, 6.97848126e-02, 7.69851655e-02, 1.19630349e+00,
  -1.14275324e+00,-2.13020730e+00, 1.55678439e+00, 4.54624319e+00},
 { 3.21369082e-01,-3.49624082e-02,-1.96233487e+00, 9.22298908e-01,
  -5.86382985e-01, 1.33173513e+00, 5.78665555e-01, 5.45969915e+00,
   3.55042696e+00, 4.45698071e+00,-2.71350479e+00,-1.41583376e+01,
  -1.87262428e+00,-2.02625599e-02, 4.11483335e+00, 4.31992739e-01,
   1.01231050e+00,-7.20441788e-02, 3.52568793e+00, 2.95442510e+00,
  -3.49735022e-01,-3.36399935e-02, 6.53792286e+00, 1.05197899e-01,
   3.30390906e+00, 1.39184862e-01,-6.18970823e+00,-3.43675876e+00,
  -6.57414973e-01,-1.61192656e-01, 2.82943279e-01, 6.38765156e-01,
   6.65450543e-02,-5.76234198e+00,-2.26476297e-01, 4.49730062e+00,
   6.93090260e-02,-9.87253189e-02, 2.93118626e-01,-9.39532280e-01,
   6.24635816e-02,-1.72068167e+00,-1.15274020e-01, 5.58779418e-01,
   3.96832323e+00,-2.14850092e+00, 2.42230582e+00,-1.77653939e-01,
  -6.59154832e-01,-2.76812762e-01, 4.22448628e-02,-4.56062943e-01,
  -2.46350884e-01, 1.07928008e-01,-3.43890715e+00,-3.40840250e-01,
  -4.32989061e-01,-1.49994624e+00, 5.27833521e-01, 8.23915526e-02,
  -3.30237359e-01, 3.71954989e+00,-1.63476720e-01, 1.02692164e-01,
   3.42187226e-01, 1.62315845e+00,-1.01850624e+01, 2.81734578e-02,
  -4.18023157e+00, 5.72182119e-01, 1.53813630e-01, 2.07935974e-01,
   1.33132130e-01,-1.70255795e-01, 1.94810069e+00, 2.86548343e-02,
  -1.67899060e+00, 1.45625979e-01,-2.37534977e-02, 1.98320758e+00,
  -2.90048271e-01, 1.30907848e-01,-6.95530549e-02,-2.94225121e+00,
   2.45669866e+00, 2.04612598e-01,-1.70607001e-01,-4.93089342e-03,
   3.32074702e-01,-7.71165311e-01, 8.46000433e-01, 2.47489119e+00,
  -5.63650429e-02, 8.36108103e-02, 3.80299902e+00, 5.87520182e-01,
  -3.53986174e-01, 4.96912450e-01,-6.48147762e-01,-3.30727959e+00,
   1.06225729e+00, 1.23244727e+00, 8.32573593e-01,-4.18886662e+00,
   2.22716784e+00,-5.42298317e+00,-7.83732757e-02,-1.08933218e-01,
  -8.93142605e+00, 5.93827438e+00, 4.39961016e-01,-3.21915537e-01,
  -1.68440843e+00, 2.53223866e-01,-5.63552809e+00, 7.31282890e-01,
   2.09008038e-01, 3.71058360e-02, 3.63743864e-02,-4.90664673e+00,
  -5.10639744e-03, 1.51749265e+00,-1.19513071e+00,-4.64395374e-01,
  -1.45798204e-02, 2.85932213e-01, 8.84350669e-03, 2.59289388e-02},
 {-1.75687158e+00,-1.69284320e+00, 1.14499104e+00,-2.30249596e+00,
   2.44763985e-01,-2.17434257e-01,-2.05945158e+00,-9.65624273e-01,
  -6.05934322e-01,-2.49907303e+00, 3.00324893e+00,-1.64380074e+00,
   1.82995367e+00, 6.47351503e-01,-6.63890839e+00,-8.55528712e-01,
  -7.21423507e-01,-2.97871172e-01, 1.06567001e+00,-2.36688331e-01,
   5.13556182e-01, 4.89991069e-01,-2.28001761e+00,-1.79551408e-01,
  -2.59935081e-01, 2.46678412e-01, 2.59123230e+00, 1.26714635e+00,
  -1.61974202e-03, 6.33899629e-01,-1.47991478e-01,-1.25247359e+00,
  -1.21569490e+00, 1.11539423e+00,-4.20755371e-02,-7.33671427e+00,
   1.59901536e+00, 2.84853411e+00, 2.02183175e+00, 6.01658344e-01,
  -2.05492258e+00,-4.12450671e-01, 7.32594073e-01,-5.54552794e-01,
   1.27441347e+00,-1.13854110e+00, 6.15086508e+00, 6.41578138e-02,
  -4.31472570e-01, 2.56293321e+00,-1.07611619e-01, 2.01510992e-02,
  -5.54096758e-01,-9.12498474e-01, 1.12684536e+00, 2.94586444e+00,
   1.45954168e+00, 1.68876326e+00, 4.39060926e-01, 6.52401865e-01,
   1.00103259e+00,-1.66717458e+00, 1.31629989e-01,-2.23367169e-01,
  -6.04318142e-01,-2.73225260e+00,-9.92872715e+00,-3.40302253e+00,
   2.10126519e+00,-1.29449308e+00,-1.36055958e+00,-3.03741038e-01,
   3.25276375e-01, 7.38576412e-01,-1.05297875e+00, 4.24183875e-01,
   8.19854960e-02,-6.47426546e-01,-1.65384099e-01,-3.12837988e-01,
   2.29259086e+00, 3.39123696e-01,-6.58267796e-01, 6.85263216e-01,
  -2.85663128e+00,-6.86122954e-01, 8.96583438e-01, 2.22008085e+00,
   1.99895608e+00, 3.81481111e-01,-4.97242302e-01,-6.60821080e-01,
  -1.42832890e-01,-2.99482107e-01,-1.88649311e+01,-2.86747909e+00,
   4.72173035e-01, 1.69013190e+00, 1.87066451e-01, 1.95938718e+00,
   1.43032265e+00, 2.53991199e+00,-6.83613729e+00, 4.13901716e-01,
  -1.84920013e-01, 1.76626992e+00, 9.50428426e-01, 8.38125885e-01,
  -1.67846039e-01, 2.92132705e-01,-2.10239029e+00, 1.48831165e+00,
   4.43183756e+00, 4.12750751e-01, 6.80577803e+00,-8.76936242e-02,
  -1.02302098e+00,-1.17072940e+00,-2.57849336e-01,-4.27106559e-01,
  -8.43184888e-02,-1.14831078e+00,-7.13021100e-01, 9.81059313e-01,
  -1.86306429e+00, 1.82732239e-01,-2.35303044e-01, 6.06462359e-01},
 { 3.84617734e+00, 4.29619598e+00, 1.86368215e+00, 6.82950735e+00,
  -8.68200183e-01,-3.88968706e+00,-8.47885162e-02,-1.26035345e+00,
  -1.97691381e-01,-1.63037145e+00,-3.22695225e-02, 3.58977103e+00,
  -1.32348573e+00,-1.59499645e+00, 1.83413410e+00, 1.95894086e+00,
   9.05385762e-02, 5.93900979e-01,-2.26272106e+00, 4.00482416e-01,
  -8.03222835e-01,-1.62144065e+00, 1.53849471e+00, 1.70428371e+00,
  -1.35195327e+00,-7.31501460e-01,-2.00313520e+00,-1.04206190e-01,
  -1.82661116e+00,-1.99597168e+00,-3.64000440e-01, 4.13914509e-02,
  -7.58379877e-01, 8.13663185e-01,-2.17783689e-01, 2.17301636e+01,
   2.06096843e-01,-3.04343891e+00, 1.29363060e+00,-6.30679989e+00,
   4.56442982e-01,-1.27410316e+00, 3.43745375e+00,-2.01195312e+00,
   2.06745315e+00, 1.17632484e+00,-6.43714488e-01, 3.00510265e-02,
   2.67265201e+00,-5.18228769e+00, 4.86978912e+00, 6.50206923e-01,
   1.82091010e+00, 2.63025689e+00, 1.72124505e+00,-7.05021429e+00,
  -6.01639700e+00, 1.00408506e+00, 3.47481108e+00, 1.75264835e-01,
  -2.66179967e+00,-3.83823228e+00,-2.59340000e+00, 4.41947162e-01,
   3.33926749e+00,-2.15363169e+00,-1.12213173e+01,-1.60237408e+00,
   4.32349110e+00, 3.12358236e+00, 4.49549913e-01, 5.96388690e-02,
  -1.01624167e+00,-1.60069144e+00, 2.25223517e+00, 1.42758894e+00,
  -9.93126929e-01, 1.80845881e+00, 1.46751881e-01,-8.12930644e-01,
  -6.06535864e+00,-1.28127384e+00, 1.80678868e+00, 1.04761589e+00,
  -1.55718350e+00, 1.84564245e+00,-3.44041538e+00, 5.61830461e-01,
   1.59455180e+00,-5.03202319e-01, 1.12741446e+00,-2.31366706e+00,
   4.30165619e-01, 5.42941809e-01,-1.15114594e+00, 1.14606693e-01,
  -1.05231440e+00, 2.05929375e+00,-5.76734602e-01, 4.62969571e-01,
   5.22146463e-01,-2.55397010e+00, 6.04175031e-01,-1.20139580e+01,
  -3.62245131e+00,-5.58658409e+00,-2.85781240e+00,-5.46148717e-01,
   4.80061007e+00,-1.60518634e+00, 5.70305347e+00,-2.43829060e+00,
  -3.18526477e-01,-2.85881758e-01, 4.45866632e+00,-1.60604155e+00,
   3.47268724e+00, 2.58855939e+00,-9.47800756e-01, 2.86926603e+00,
   2.08271766e+00, 9.54786599e-01,-3.46149993e+00,-1.88083601e+00,
   2.68336225e+00,-8.02513003e-01, 1.33006483e-01,-2.83716321e+00},
 {-5.13045907e-01, 3.70293427e+00, 2.76654792e+00, 9.97252846e+00,
  -3.47685170e+00,-3.54506326e+00,-3.04563904e+00, 7.27591217e-01,
  -7.75356054e+00, 1.31028938e+01, 7.36626446e-01, 3.93130279e+00,
   9.32903588e-02,-1.11432707e+00, 2.28628367e-01, 3.92532825e+00,
   2.19863868e+00,-2.81332660e+00, 1.39335260e-01, 9.06115890e-01,
   1.34932804e+00,-4.57304239e+00,-2.57754087e+00,-2.91810870e+00,
  -1.41365838e+00, 1.46096873e+00,-2.30983019e+00,-1.19571817e+00,
  -5.64079285e+00, 1.05088043e+00, 3.53054333e+00, 1.36347365e+00,
   5.97799063e+00, 1.43144882e+00, 9.90345657e-01,-3.34872866e+00,
   3.19200015e+00,-1.25858438e+00, 8.30200195e-01,-3.00626254e+00,
  -4.76410031e-01, 1.79572713e+00, 6.67359018e+00, 1.63514698e+00,
  -6.60363436e+00, 1.04887676e+00,-1.05111003e+00,-7.59597480e-01,
  -4.07894230e+00,-5.14976311e+00,-5.09667015e+00,-1.09508288e+00,
   1.84831157e-01, 2.22834969e+00,-1.27233386e+00,-2.35812140e+00,
  -2.34520435e+00,-1.39398775e+01, 2.68781632e-01, 3.32599378e+00,
  -2.64300079e+01, 2.60427547e+00, 1.11873560e+01,-1.15866721e+00,
   4.19662666e+00,-6.61908984e-01,-3.01939535e+00,-3.86130500e+00,
   1.50817957e+01, 7.40337181e+00,-1.36008549e+00, 1.84539795e+00,
   7.37822115e-01,-3.62515521e+00,-1.13530674e+01,-8.40615034e-01,
  -1.79630222e+01, 3.06644988e+00,-5.63879371e-01, 3.55793047e-03,
  -5.73033953e+00,-2.97073293e+00, 1.04639542e+00,-1.29630651e+01,
  -4.04642344e+00, 5.55960274e+00,-5.60899401e+00,-5.35181713e+00,
  -2.06824064e+00, 4.80066508e-01, 2.08500314e+00,-2.36181951e+00,
   1.41773677e+00, 6.64032578e-01,-7.05519485e+00,-9.35831261e+00,
  -1.83028683e-01,-2.42176697e-01,-7.74807930e-01,-2.61370182e+00,
   3.76525134e-01,-3.30614519e+00,-3.34582806e+00, 4.21063519e+00,
  -6.97981977e+00, 1.39563346e+00,-3.27412987e+00, 2.29849505e+00,
   4.52819395e+00, 2.90960646e+00, 9.60708904e+00,-4.43602133e+00,
   2.38678098e+00,-2.22541881e+00,-1.69498479e+00,-8.28061104e+00,
  -1.18166170e+01, 3.11916208e+00,-1.78478527e+01, 1.22525677e-01,
   1.26788318e+00,-5.07048082e+00,-5.18337917e+00,-5.47425365e+00,
  -7.87462234e+00,-8.97454357e+00, 2.06550813e+00,-1.68504727e+00},
 { 6.74525499e-01, 9.74919379e-01, 9.59545448e-02, 1.63883770e+00,
   1.38840318e-01, 9.90087211e-01,-2.48702228e-01, 3.14571142e-01,
   7.44312406e-01, 2.48737502e+00,-2.80034876e+00, 2.13998818e+00,
  -1.89478898e+00,-4.78147328e-01, 8.91759455e-01, 2.71110743e-01,
   4.82739568e-01, 1.35917485e-01, 2.73952484e+00, 1.21816707e+00,
  -2.29058489e-01,-3.88082683e-01, 2.15859866e+00,-3.78421235e+00,
  -1.82421803e-01,-2.46450633e-01,-2.41181922e+00,-9.31601644e-01,
   1.40405655e-01,-3.42375994e-01,-7.66187161e-02, 3.48412395e-01,
   4.03544217e-01,-2.99113482e-01,-2.12936237e-01, 1.07575461e-01,
   1.15940094e+00,-3.62153387e+00, 1.05159104e+00,-1.10480696e-01,
  -4.73462915e+00,-7.91561604e-01,-3.88150185e-01, 4.59851533e-01,
  -1.73808590e-01, 1.17320693e+00, 2.75017405e+00, 4.80347276e-02,
   4.32684630e-01,-1.33867073e+00, 3.16771537e-01,-1.55037120e-01,
   2.57759035e-01, 6.26272261e-01,-5.96735239e-01,-1.74841988e+00,
  -1.30665982e+00,-1.45192003e+00,-4.46775824e-01, 4.05141324e-01,
  -5.23137987e-01, 8.44691694e-01, 1.00956254e-01, 6.30912855e-02,
   2.16162130e-01,-4.17632222e-01, 3.84482861e-01, 2.85803616e-01,
  -1.95365238e+00, 9.10533309e-01, 6.37520909e-01, 1.31826892e-01,
  -3.10535878e-01,-5.13536572e-01, 5.40867031e-01,-4.62007672e-01,
   4.00693528e-02, 3.94219458e-01, 1.07064128e-01,-8.83017108e-02,
  -1.40260470e+00,-1.51820928e-01, 4.02335167e-01,-6.59115672e-01,
   2.05898714e+00, 4.36654449e-01,-2.98834890e-01,-3.43616176e+00,
  -5.42591906e+00, 4.94598198e+00, 2.56389081e-01, 4.62334663e-01,
   8.37709457e-02, 1.38650656e-01, 1.35542526e+01, 5.96144378e-01,
  -4.76140976e-01,-2.23369217e+00, 5.91209829e-02,-1.40217245e+00,
  -9.90571976e-01,-4.22957230e+00,-4.32338285e+00, 2.95502663e-01,
  -4.65545096e-02,-1.38802147e+00,-5.99132955e-01,-1.21783860e-01,
  -2.82636195e-01, 7.60942996e-01, 1.23294222e+00,-9.35591042e-01,
  -2.36379719e+00,-2.72651047e-01,-5.33732557e+00, 8.03350210e-02,
   4.66509879e-01, 8.65073919e-01,-1.23011911e+00, 5.88718951e-01,
   5.30454214e-04,-9.02702618e+00, 1.64209664e-01,-4.60165858e-01,
   1.75544882e+00,-5.13688207e-01, 1.89176530e-01,-4.50030118e-01},
 { 3.15068936e+00,-1.02458787e+00, 1.15473785e-01,-3.75490928e+00,
   6.00988770e+00, 4.56837639e-02,-8.19865265e-04, 1.30086273e-01,
  -5.95644899e-02, 1.38628566e+00, 3.61053012e-02, 4.42080593e+00,
   2.16523465e-03, 6.06903434e-01, 5.71318530e-02, 3.62286949e+00,
  -2.28141189e-01,-3.49397957e-01,-3.29786353e-03, 1.16090728e-02,
  -1.10188732e+01, 7.20462799e-01,-1.06622782e-02,-2.88508266e-01,
   1.54437795e-02, 1.62299663e-01, 2.59505454e-02, 4.10825402e-01,
  -1.01513013e-01, 6.57023072e-01, 4.98949885e-01, 5.57423383e-02,
   2.11457342e-01,-3.65532897e-02, 1.42200455e-01, 1.99529275e-01,
   1.28279582e-01,-7.05940008e-01, 1.20718397e-01,-1.19174504e+00,
  -2.03242213e-01, 1.17094787e-02, 8.87942165e-02,-1.00261271e-01,
  -2.69823652e-02, 9.74956080e-02, 3.07710376e-02, 2.83725947e-01,
  -6.90322518e-02, 2.20494837e-01, 9.37366709e-02,-1.11268990e-01,
   1.80506444e+00,-1.08823919e+00,-1.90189946e-02,-3.83567953e+00,
   4.51260805e+00, 5.84436595e-01, 2.05892920e-01,-1.04319036e-01,
  -9.89149585e-02, 2.87358880e-01, 3.22878920e-02,-6.14452004e-01,
   1.74982882e+00,-2.37760432e-02, 2.73775071e-01, 2.87415385e-01,
   5.96258044e-01,-2.46783066e+00,-2.08421219e-02,-2.34079137e-01,
  -5.05668707e-02, 1.05753243e+00,-2.59770062e-02,-3.25973853e-02,
  -2.41361503e-02,-9.77569580e-01,-6.25741100e+00,-1.55877128e-01,
   1.09175038e+00, 6.83385372e-01,-9.43130136e-01, 1.16015971e-01,
   4.11225893e-02,-1.21850729e+00,-1.59780045e+01,-2.11405326e-02,
  -2.88000498e-02, 1.96887888e-02, 2.45967712e-02,-3.56660709e-02,
   2.33929682e+00,-3.78164589e-01,-2.96569735e-01, 7.64529929e-02,
   6.69909239e-01, 5.77178132e-03,-2.13656962e-01, 6.26886357e-03,
   1.25040083e+01,-7.39599839e-02,-7.32127354e-02, 1.75462052e-01,
  -7.43740574e-02, 3.20843683e-04, 1.24247515e+00,-3.21574712e+00,
  -3.05362176e-02,-1.87511906e-01, 2.39446425e+00,-3.80567598e+00,
  -1.19531825e-01, 9.75532770e-01, 2.09481061e-01, 1.68643538e-02,
  -1.35630026e-01,-5.66515923e+00, 3.01908869e-02,-2.53910827e-03,
   5.91688275e-01, 2.12473571e-02,-4.99677733e-02, 7.60374129e-01,
  -1.94587950e-02,-2.06689763e+00,-1.46591529e-01,-3.38906145e+00},
 { 3.61783713e-01,-5.52812052e+00, 1.01752117e-01,-3.52636600e+00,
  -8.74803305e-01, 8.79412115e-01, 1.60309565e+00, 2.33625698e+00,
   6.77337706e-01, 5.51910520e-01,-7.43096650e-01, 4.76876974e+00,
  -1.69163853e-01,-2.64238883e-02,-9.82432544e-01,-6.71711731e+00,
   4.28985894e-01,-3.28761721e+00,-8.87188971e-01, 5.26792169e-01,
   1.03784618e+01, 1.79949999e+00,-2.21821332e+00, 6.84569883e+00,
  -4.49133825e+00,-9.49253216e-02,-9.83347118e-01, 3.00854683e+00,
   2.43388700e+00, 3.45952010e+00,-2.75364971e+00,-7.11221397e-02,
  -8.32769632e-01, 7.84316421e-01, 1.91885138e+00,-2.35150814e+00,
  -1.44111452e+01, 1.12407103e+01,-2.91466266e-01, 4.76845264e+00,
  -1.00353014e+00, 6.66570723e-01,-7.71631241e-01,-9.43431020e-01,
   1.27177581e-01,-9.48781312e-01, 9.56240952e-01,-1.78463089e+00,
  -1.18845737e+00, 1.70735180e+00,-4.50286293e+00, 3.69968915e+00,
  -1.89931643e+00,-3.33302426e+00,-5.28249860e-01, 7.40685034e+00,
  -1.49522936e+00,-4.71332216e+00, 1.04867661e+00, 9.88292217e-01,
   6.16136312e+00, 3.00200868e+00, 4.06804711e-01,-1.89900172e+00,
  -8.57943952e-01,-6.92183316e-01, 1.22215462e+00,-6.64972782e-01,
  -4.51322198e-01,-2.90112019e+00,-8.07293355e-01, 1.90250445e-02,
   9.85123932e-01, 3.32240462e+00, 4.48769629e-01,-1.03644609e+00,
  -2.51684070e+00,-2.90399742e+00,-3.73807013e-01, 2.11872637e-01,
   5.15585852e+00, 1.19049501e+00,-2.33408785e+00, 2.26101011e-01,
  -4.53043431e-01,-4.88293552e+00,-5.11203945e-01, 3.62176061e-01,
  -9.42063689e-01, 1.44676745e-01,-2.86192822e+00,-1.64843297e+00,
  -3.82518625e+00,-2.32684016e+00, 5.16501522e+00, 1.43560421e+00,
   2.68243432e+00,-1.55516133e-01,-4.76628423e-01, 1.81205168e-01,
   5.52714872e+00,-2.59555221e-01, 1.61734867e+00,-1.71075404e-01,
   2.99688649e+00,-1.17565811e+00, 4.57949972e+00, 2.35875607e+00,
   3.51874757e+00, 2.07702088e+00,-7.92788124e+00, 7.46334839e+00,
  -1.06002867e+00,-1.22684109e+00,-3.08402300e-01, 6.21589136e+00,
  -1.43522987e+01,-3.49728203e+00,-3.27932048e+00, 1.75240242e+00,
  -1.47453889e-01,-2.26036525e+00, 1.72969210e+00, 7.63555717e+00,
   1.87401724e+00,-4.50553060e-01,-1.97167480e+00, 2.79182243e+00},
 {-1.44702101e+00,-8.60042214e-01, 2.57625103e-01,-1.23683739e+00,
   6.19104654e-02,-2.62363243e+00, 3.92004289e-02, 4.43107098e-01,
  -7.66985655e+00,-2.18413997e+00,-2.89971614e+00,-8.04218769e-01,
   3.07044697e+00, 3.71082515e-01,-4.31624031e+00,-8.35325122e-01,
   5.02504635e+00,-1.21581517e-01, 3.01681781e+00,-1.12928413e-01,
   5.76768458e-01, 2.87766010e-01,-4.25522423e+00,-2.49558234e+00,
   8.62725496e-01, 2.30914071e-01,-1.97738361e+01, 3.90953422e+00,
   2.00658292e-01, 4.11240399e-01,-5.15417904e-02, 1.21812271e-02,
  -1.21827364e-01,-9.46406871e-02,-4.96460289e-01, 1.40077877e+01,
  -1.97423196e+00,-1.49348984e+01, 5.89796543e-01, 9.05393028e+00,
  -1.72025299e+00, 1.79572988e+00,-6.81081265e-02, 3.43025178e-01,
   1.46661222e+00,-6.68093324e-01, 2.85381794e+00, 5.33489436e-02,
  -2.16218162e+00, 4.71970364e-02,-7.69096375e+00, 3.31818342e+00,
   1.32874437e-02,-6.20817065e-01, 4.39902276e-01, 2.17206717e+00,
   1.08618474e+00, 1.38922548e+01,-6.18752204e-02, 3.58213768e+01,
   4.75073487e-01,-6.71046638e+00,-1.02700877e+00,-5.44715598e-02,
  -9.23416764e-02,-2.27564842e-01,-1.89958477e+01,-3.69707847e+00,
   2.08429670e+00,-1.11683202e+00,-2.93165112e+00,-2.74310619e-01,
   3.03424329e-01, 5.14369965e-01,-7.37832665e-01, 5.99162579e-01,
  -1.68164229e+00,-3.81089002e-01,-3.21963453e-03,-1.63733348e-01,
   1.85838330e+00, 1.95299119e-01,-4.39143687e-01, 1.39305627e+00,
  -3.17662024e+00,-4.42947358e-01, 1.61663607e-01, 6.92442417e-01,
  -1.46951187e+00, 1.78992748e+00,-2.31290191e-01,-5.98332763e-01,
  -1.26145259e-01,-1.10633388e-01, 1.12612712e+00, 1.79795414e-01,
   4.15502638e-01,-1.51692510e+00, 1.21280909e-01,-1.15936785e+01,
   1.36561430e+00,-2.98554397e+00,-6.49636383e+01,-6.94293529e-02,
   1.82890248e+00,-9.51172486e-02, 5.54577887e-01, 2.26038396e-01,
  -1.59835070e-01, 4.98311631e-02,-1.22240162e+00, 7.04705060e-01,
  -1.13277197e+01, 2.92528450e-01,-1.86795652e+00,-1.27718106e-01,
   2.87292212e-01,-8.12408030e-01, 5.08552194e-01,-7.76458621e-01,
  -2.07325131e-01, 3.47331738e+00, 5.74207865e-02, 6.28414571e-01,
  -8.31331789e-01, 5.25708616e-01,-1.38309002e-01,-2.04928592e-01},
 { 3.30943918e+00, 3.51188987e-01, 2.34579086e+00,-2.78157501e+01,
  -1.01882582e+01, 1.34650707e+00, 1.35634512e-01, 1.32098392e-01,
   1.67606026e-02,-3.23925042e+00,-1.90055579e-01, 2.11250234e+00,
  -2.11833283e-01, 1.78958738e+00, 1.33163050e-01,-8.64808941e+00,
  -1.23768795e+00, 1.05924730e+01,-4.04089969e-03, 3.56931359e-01,
   2.45050669e+00, 7.35510731e+00,-1.16220184e-01,-1.53743577e+00,
  -6.24170542e-01,-1.06109467e+01,-1.57389432e-01, 1.80467510e+00,
  -1.06163740e+00, 9.93055701e-01,-2.06753016e+00,-1.41640201e-01,
   1.55825126e+00,-1.27693212e+00,-3.55673730e-01,-2.97209471e-01,
  -1.87781334e+00,-9.30506897e+00,-6.60035312e-02,-6.35578012e+00,
  -6.48697168e-02,-4.15949635e-02, 5.57471573e-01,-1.26650465e+00,
   9.67791677e-01, 3.10061145e+00,-1.92084182e-02,-1.21502647e+01,
   6.52610421e-01, 2.31861567e+00, 1.22287047e+00,-2.47316504e+00,
  -5.05569935e+00,-2.33772993e+00, 6.35163367e-01, 8.37578583e+00,
   6.44653797e+00, 4.84761763e+00, 1.89250946e+00, 1.70636818e-01,
   8.81082726e+00, 1.49238443e+00, 6.14007413e-01,-8.92857361e+00,
   2.05815554e-01,-2.60868716e+00,-1.29393905e-01, 2.36770248e+00,
  -4.09885263e+00,-2.97128315e+01,-1.93612710e-01,-6.24177170e+00,
  -2.62056082e-01, 1.05376759e+01, 5.16402900e-01, 9.73079577e-02,
  -2.61521041e-01,-4.93596697e+00, 1.91894948e+00,-1.68407917e+00,
   7.46845675e+00,-1.04648328e+00,-4.01443434e+00, 5.21360397e-01,
   5.49691580e-02,-2.78830481e+00, 1.71906918e-01,-3.06279731e+00,
  -1.23528026e-01, 2.45056763e-01, 1.10193753e+00, 2.48306558e-01,
  -2.85709238e+00, 1.52088232e+01,-4.17401075e+00,-2.11851656e-01,
   5.67151642e+00,-2.03789398e-01,-2.00528812e+00, 3.86031598e-01,
  -1.30682397e+00,-2.93804824e-01, 1.83105424e-01, 9.14786905e-02,
  -1.27790189e+00, 4.21476096e-01,-1.37581241e+00, 3.32781225e-01,
  -9.25656557e-01,-2.54737067e+00, 3.97815585e+00, 6.65703869e+00,
  -4.04046029e-01,-2.16813231e+00, 1.91501522e+00,-1.09995669e-02,
   3.39725399e+00,-2.50135112e+00,-9.60163891e-01, 1.71418399e-01,
  -1.38748658e+00,-6.86330870e-02,-4.73172143e-02, 1.09166641e+01,
   8.63865077e-01, 1.03143044e+01, 2.94123960e+00, 3.39296079e+00},
 { 1.99407730e-02, 9.91455372e-03,-9.27478373e-02,-6.45654276e-02,
  -1.11179203e-02,-6.17141835e-02,-1.97365303e-02,-8.22218955e-02,
  -1.31747639e-02, 4.78352793e-02,-1.65722854e-02,-1.68790016e-02,
  -6.48781583e-02, 2.03086492e-02,-3.09317727e-02,-3.55339684e-02,
  -7.16984570e-02,-5.44261700e-03,-5.76978512e-02,-3.69323371e-03,
   5.57144061e-02,-5.84955029e-02,-1.04733504e-01,-3.87349948e-02,
  -6.00976385e-02,-3.39629352e-02,-4.27256934e-02, 2.67505646e-02,
  -1.23771772e-01,-4.57021520e-02,-9.39693600e-02,-1.47090172e-02,
   3.85092236e-02,-5.93946353e-02,-1.16018586e-01, 2.17200220e-02,
  -3.75325903e-02, 3.74126211e-02,-1.16709918e-01,-1.02383308e-01,
  -4.92584221e-02,-5.01767360e-02, 9.31854919e-03,-4.42466997e-02,
  -6.75795227e-02,-3.76236103e-02, 2.92039234e-02,-1.11664623e-01,
   3.22417654e-02,-8.18003938e-02,-6.22980185e-02,-7.10386559e-02,
   6.35415390e-02,-1.62294075e-01,-3.65422070e-02,-2.73711067e-02,
   1.05209701e-01,-4.30528633e-03,-1.10037677e-01,-1.03334505e-02,
  -2.99954023e-02,-8.54899362e-02,-7.87145831e-03, 2.59466488e-02,
  -5.91681758e-03,-5.64317554e-02,-3.95664349e-02, 2.34883353e-02,
  -3.60908136e-02, 1.13357054e-02, 4.27121557e-02, 3.65043357e-02,
  -6.46614060e-02,-1.08056113e-01,-6.20775893e-02, 6.84669241e-02,
  -1.30091876e-01,-1.20529003e-01,-3.82319055e-02,-8.43936857e-03,
  -1.12688288e-01,-1.18186608e-01,-6.26301095e-02,-5.35718650e-02,
  -1.16790375e-02,-1.38287516e-02,-1.12651967e-01,-7.96652362e-02,
   6.09129993e-03,-8.71531069e-02,-7.95586705e-02,-3.84661788e-03,
  -7.77568743e-02, 5.57316355e-02, 2.28583235e-02,-4.00694609e-02,
  -5.15207052e-02, 1.19113121e-02,-7.63862282e-02,-5.51413521e-02,
  -3.91901433e-02,-8.09468254e-02, 3.89231294e-02,-1.10512041e-01,
  -3.39632444e-02, 3.54171246e-02,-4.18144055e-02,-1.68183625e-01,
  -1.43117616e-02, 4.89809923e-02,-1.08645491e-01,-3.80249210e-02,
  -1.16147324e-02, 4.35560718e-02,-4.20372859e-02, 3.18834442e-03,
  -7.10658804e-02,-6.17934987e-02,-2.37054285e-02,-1.68205082e-01,
   6.69515729e-02, 3.77307832e-02,-1.34875057e-02,-1.24659128e-02,
  -8.15706551e-02, 1.31169511e-02, 2.17879526e-02,-1.44008592e-01},
 { 2.76022291e+00, 3.35531974e+00,-1.66458869e+00, 1.17851429e+01,
  -5.37923622e+00,-8.07781219e-01, 4.76011224e-02, 9.02037561e-01,
  -1.82919335e+00, 1.01466775e+00, 2.09578902e-01,-5.13140380e-01,
  -3.02261114e-02,-4.63688421e+00,-2.27901146e-01, 4.27018499e+00,
   1.82430422e+00,-2.91465163e+00,-4.11792040e-01, 3.65482599e-01,
   2.40117359e+00,-2.32554817e+00,-5.12014389e-01, 4.35614729e+00,
  -1.74858645e-01,-1.16063344e+00,-4.21399385e-01,-6.96466506e-01,
   1.81304026e+00,-1.00322456e+01, 4.80186129e+00, 1.57332554e-01,
  -6.31858468e-01, 4.95987475e-01,-1.38297975e+00, 1.11311269e+00,
  -3.10978651e+00, 2.22091913e+00, 8.79917920e-01, 4.63797426e+00,
   9.21627060e-02, 1.19605792e+00,-2.15131021e+00, 1.16695035e+00,
   5.12272716e-01,-9.11759734e-01, 7.47859538e-01, 1.23005733e-02,
   4.86557335e-02,-2.47463202e+00,-1.07234466e+00, 9.98037875e-01,
  -3.66684580e+00, 4.08331585e+00,-2.05028749e+00,-1.25679398e+01,
  -6.20136261e+00,-7.55883551e+00,-1.74983823e+00, 4.42325354e-01,
  -7.11484003e+00, 3.53589207e-01,-1.85226226e+00, 5.80978036e-01,
   5.59713602e+00, 2.86093259e+00,-4.40242857e-01,-1.47482324e+00,
  -3.03868502e-01, 1.22511854e+01,-3.42299163e-01, 1.58012509e+00,
  -8.49790454e-01,-3.98090219e+00, 3.02238226e-01,-1.71096712e-01,
   1.43818367e+00, 4.51625109e+00,-2.91286635e+00, 1.20401013e+00,
  -1.24582014e+01,-4.45291748e+01, 2.88540006e+00, 7.85408795e-01,
   2.04186961e-01, 5.78769541e+00,-5.57385778e+00, 3.52573562e+00,
   5.18429041e-01,-7.93003589e-02,-1.14257789e+00, 9.76296782e-01,
   6.86475933e-01, 2.09724259e+00, 1.51679361e+00, 6.57417536e-01,
  -3.94261122e+00,-2.61765480e-01, 5.31127155e-01, 3.70434850e-01,
  -7.25557470e+00,-1.36276269e+00, 2.16376352e+00, 1.37596166e+00,
   8.18834722e-01,-1.13801897e+00,-2.45646548e+00, 1.60262418e+00,
  -3.85006405e-02, 2.60745621e+00,-1.48959863e+00,-6.35003853e+00,
  -4.49954033e-01, 6.41352534e-01,-4.18137729e-01, 6.78165197e-01,
  -7.90180743e-01, 7.59265840e-01, 2.32317829e+00, 4.37053479e-03,
   2.68291783e+00,-2.23483205e+00, 7.09424734e-01,-8.50699425e+00,
  -1.92910993e+00,-6.37868452e+00,-2.67977953e-01, 4.71929741e+00},
 { 7.88597584e-01, 1.28243184e+00, 1.29693329e-01,-1.31547642e+00,
  -8.45316982e+00, 4.94198292e-01,-2.34857537e-02, 1.26361489e-01,
   3.98446992e-03,-7.07581103e-01, 3.50951515e-02, 1.10836494e+00,
  -7.88360089e-03,-5.25525928e-01,-1.58038903e-02, 6.04469299e+00,
  -3.73227835e-01,-6.27655506e+00, 3.40181068e-02,-2.18539946e-02,
  -3.83017510e-01,-5.80994070e-01, 7.95179512e-03,-2.50022084e-01,
  -5.86809404e-02,-6.49600506e+00, 2.90382802e-02, 1.99728906e-01,
  -1.01780444e-01, 1.19448566e+00,-8.24792802e-01,-4.12113145e-02,
   2.26690948e-01,-4.62386198e-02,-3.02736014e-01, 3.78069729e-01,
   2.03966901e-01,-7.69186437e-01, 4.25429828e-02,-8.62332106e-01,
   9.65748951e-02,-1.50058270e-01, 1.03279144e-01,-1.76931456e-01,
  -2.61377194e-03,-1.10664415e+00,-1.11480452e-01, 5.21731234e+00,
   5.34873605e-02, 2.49698862e-01, 1.80108190e-01,-3.33516091e-01,
   2.20196104e+00, 4.88642073e+00,-3.88684571e-02,-8.32588291e+00,
   3.78117830e-01, 1.08136117e+00, 2.28618518e-01,-8.93672779e-02,
   1.29504025e+00, 2.32662708e-01, 1.06519297e-01,-2.66113430e-02,
   3.64183664e-01,-1.53245762e-01,-7.28237271e-01, 2.40973949e-01,
   2.34164238e-01, 1.66731834e+01,-1.03749000e-02,-2.63328999e-02,
  -5.87139092e-02, 1.41397285e+00,-7.42526501e-02,-3.07338275e-02,
  -5.30265421e-02, 8.13339710e-01, 3.75083804e+00,-1.13013744e-01,
  -9.19811344e+00, 2.23546529e+00,-1.21725345e+00, 1.77662581e-01,
  -2.13509016e-02, 1.81127679e+00,-1.58630282e-01, 1.76228926e-01,
  -1.18865566e-02,-1.12131787e-02, 1.38124645e-01,-1.07325576e-01,
   8.67254496e-01, 3.27966428e+00, 1.00125708e-01, 1.01498097e-01,
  -6.71463907e-01, 9.35999956e-03,-2.17986271e-01, 4.75967638e-02,
  -5.10173130e+00,-1.19517129e-02,-3.97138186e-02, 1.08401120e-01,
  -1.94997668e-01, 1.49718985e-01,-1.20089889e+00,-2.25162649e+00,
   5.94060868e-03,-3.25472087e-01,-1.39487207e+00, 5.85651875e+00,
  -1.02866344e-01,-3.79884779e-01, 2.87740529e-01, 7.52601102e-02,
  -7.82007873e-02,-3.21891874e-01,-1.44533485e-01, 6.62410408e-02,
   5.77588022e-01, 1.48978025e-01,-1.45051777e-01,-4.04384565e+00,
   1.68567166e-01,-2.91006088e+00,-1.38134256e-01,-2.48857331e+00},
 {-3.39156079e+00, 6.73641539e+00, 4.63868237e+00, 5.58941984e+00,
   4.40135908e+00, 3.56452847e+00,-3.47592688e+00, 3.00821447e+00,
  -5.88224030e+00, 1.50474763e+00,-2.41963983e+00, 4.26969004e+00,
   2.91763574e-01, 5.57642221e+00,-7.44329914e-02,-1.24933672e+01,
   1.84991419e+00,-5.21897602e+00,-1.12648296e+00,-2.71968871e-01,
  -1.09064541e+01,-4.85192269e-01,-2.96157420e-01, 2.38780409e-01,
   7.95216024e-01,-4.99628115e+00,-1.79793334e+00,-2.62290931e+00,
  -2.95815921e+00, 6.14636838e-01,-2.02801704e+01,-2.44768310e+00,
  -2.39944720e+00, 2.38158777e-01,-1.04719031e+00, 1.92072582e+00,
  -7.53355980e-01, 5.31682491e+00, 1.85816073e+00,-1.98285186e+00,
   2.06760511e-01,-2.28312063e+00,-2.48638112e-02, 4.32605934e+00,
  -2.12385392e+00,-3.64250231e+00, 5.64431429e-01,-5.05729485e+00,
   4.06788874e+00, 2.85914421e+00, 2.16779923e+00, 5.90769589e-01,
  -1.52678049e+00,-9.97430861e-01,-5.91706216e-01, 4.20824289e+00,
  -2.24900770e+00,-3.63185167e+00, 2.49749827e+00,-2.33359471e-01,
  -6.90543270e+00,-3.68865132e-02,-1.65261555e+00,-4.86329460e+00,
   6.20057583e+00,-2.95701766e+00, 1.10376453e+00, 1.36706066e+00,
   6.62595797e+00, 3.13032126e+00, 2.08752155e+00,-4.95257616e-01,
  -2.53307557e+00,-1.67204320e+00,-3.00235653e+00,-3.65268230e-01,
  -1.65826187e+01, 1.62318558e-01,-7.01895058e-01, 8.89051735e-01,
   3.03334236e+00,-7.26463509e+00,-4.56385940e-01, 4.88861769e-01,
   2.12340808e+00,-1.11122007e+01,-7.50441132e+01,-2.80929971e+00,
  -1.04711103e+00,-1.95852324e-01,-3.49808002e+00,-3.37352939e-02,
   9.34252441e-01,-8.74737561e-01, 3.63127923e+00, 3.26198268e+00,
   1.88388062e+00,-4.06396925e-01, 3.16977668e+00, 1.81675386e+00,
   2.92866039e+00,-5.94146490e-01,-2.64719105e+00,-6.77988231e-01,
  -1.01307876e-01,-1.88634503e+00, 1.61484337e+00,-1.38803482e+00,
  -2.74124670e+00, 3.43569613e+00,-4.56805754e+00, 6.78898621e+00,
   2.27680087e+00,-4.87837940e-01, 3.53578115e+00,-4.68702698e+00,
   1.16662998e+01, 2.55911565e+00, 7.43783832e-01, 4.54736978e-01,
  -3.24633479e+00,-3.88621998e+00,-3.15925622e+00, 1.84307594e+01,
  -8.98328114e+00,-1.37180507e+00,-3.05613232e+00, 1.40318561e+00},
 {-2.21587563e+00,-1.86896765e+00, 1.53249443e-01,-2.69434857e+00,
   2.24166736e-01,-1.80321846e+01, 3.42878610e-01,-1.06441915e+00,
   1.01285429e+01,-3.98178148e+00,-1.93976593e+00,-6.12172663e-01,
   1.14575970e+00, 8.30416679e-01,-1.17339802e+00,-6.04245543e-01,
  -1.71591401e+00, 2.76201889e-02,-6.04170847e+00, 2.59907889e+00,
   5.81066906e-01, 6.32708311e-01,-7.73352683e-02,-6.80082417e+00,
   3.08607548e-01, 1.42860755e-01,-9.30247545e-01,-1.80523813e+00,
   6.13813281e-01, 8.32687318e-01, 3.88009548e-01,-3.99800807e-01,
   3.84484649e-01,-3.50553781e-01, 2.54747939e+00,-2.57843266e+01,
  -1.75464928e+00,-9.41530514e+00, 9.18442428e-01,-1.10410392e+00,
   1.30050111e+00, 8.70280361e+00,-2.63296589e-02, 4.76873606e-01,
  -1.30298638e+00,-1.51136422e+00, 8.25813234e-01, 3.17464560e-01,
  -1.21988095e-01,-2.63017201e+00, 6.19703114e-01, 1.31456828e+00,
  -5.26608646e-01,-1.02771926e+00, 2.88703591e-01, 3.56993699e+00,
   2.38620114e+00, 2.10348964e+00,-2.94103444e-01,-1.31930714e+01,
   9.86422122e-01, 1.41595435e+00,-1.62636328e+00,-3.37524623e-01,
  -8.51979136e-01,-3.94003093e-01, 1.34899836e+01,-4.91240835e+00,
   1.99938476e+00,-2.27654767e+00, 2.70781732e+00,-4.51733768e-01,
  -2.36724114e+00, 7.08770871e-01,-4.51633722e-01, 4.30020511e-01,
   7.13375092e-01,-8.97143066e-01,-3.81477922e-02, 4.51580912e-01,
   3.15315318e+00, 4.15954828e-01,-6.45371675e-01,-2.54859149e-01,
   2.30011415e+00,-6.97462678e-01, 1.17438781e+00,-6.94745302e+00,
  -2.50488639e+00,-3.55906868e+00,-1.90116361e-01,-2.55044073e-01,
  -1.41945094e-01,-1.90312803e-01,-1.44775753e+01,-2.63232479e+01,
   5.65085232e-01,-1.19436908e+00,-6.26846496e-03,-1.46585417e+00,
   9.31754112e-02,-2.79526558e+01,-2.31861057e+01,-5.98473966e-01,
  -2.77575970e+00, 2.90401846e-01, 1.01131427e+00, 1.31596637e+00,
   1.49452612e-01,-1.02765703e+00,-1.21073258e+00, 6.32354498e-01,
  -2.51021433e+00, 2.68729150e-01, 2.03389206e+01,-2.76062489e-01,
  -1.91607990e+01,-1.19577909e+00, 2.59644532e+00,-1.05196548e+00,
  -9.64321643e-02,-1.01962817e+00, 4.88686144e-01, 5.66835463e-01,
  -4.23687706e+01,-9.35992524e-02, 8.69744346e-02, 1.98444247e-01},
 {-4.38814342e-01, 2.55448520e-01,-3.08312416e+00, 3.30555618e-01,
  -5.71683720e-02, 1.00025034e+00,-1.57585233e-01, 4.73255301e+00,
   9.19984055e+00,-2.27263927e+00,-5.24069965e-01, 1.92510974e+00,
   5.55244312e-02,-2.08842337e-01,-1.23322701e+00, 7.18476027e-02,
   1.71493724e-01,-1.60588026e-01,-3.43486190e+00, 3.89420092e-01,
   4.28029187e-02,-4.93854582e-02, 6.73477268e+00, 4.13572520e-01,
  -2.26267090e+01, 1.28662407e-01,-2.67053604e-01,-1.08084602e+01,
   3.05949450e-01,-1.72619551e-01, 1.18350863e-01, 7.63570356e+00,
  -6.90597892e-02, 1.35044885e+00, 2.37624347e-01,-8.77451134e+00,
   1.79733112e-01,-4.44871575e-01, 2.61891437e+00,-1.88442307e+01,
  -1.00699984e-01,-3.64909554e+01,-1.08839899e-01,-6.88376576e-02,
  -4.44431686e+01,-7.62801051e-01,-3.55132556e+00,-1.65145725e-01,
  -3.32210422e+00,-7.81031698e-02, 3.48868990e+00, 1.73745716e+00,
  -3.61129828e-02, 8.40772837e-02, 7.10394084e-01, 2.65155047e-01,
   7.06874728e-02,-1.12717307e+00,-6.29490519e+00,-8.11980665e-01,
  -2.03014091e-01, 5.22450209e+00, 2.11885214e-01, 2.24116191e-01,
   2.99437612e-01,-7.94703960e-01,-3.58607244e+00,-2.67633408e-01,
   2.09951425e+00, 1.44782186e-01, 4.59448218e-01, 9.80579853e-02,
   4.80442680e-02,-2.55542636e-01,-1.74170387e+00,-2.07233340e-01,
  -5.27919340e+00, 2.42379859e-01,-4.17163484e-02,-4.74421930e+00,
  -1.87885314e-01,-1.33443490e-01, 1.72381133e-01,-1.53473778e+01,
   3.69968939e+00, 1.33137509e-01,-4.03941900e-01, 1.27953097e-01,
   1.38770983e-01, 1.68027472e+00, 1.85450137e+00,-7.26718235e+00,
   1.60295561e-01, 3.86955217e-02, 8.66227722e+00, 7.37831593e-02,
   1.36538427e-02, 3.09539288e-01, 6.26632199e-02,-2.58340931e+01,
   8.24601173e-01, 1.13809609e+00,-5.75273514e-01,-8.71407911e-02,
   9.46132183e+00, 4.36306477e-01,-1.04905710e-01,-2.20459461e-01,
   2.01314306e+00, 1.01790380e+01, 2.03856975e-01,-3.59891355e-01,
  -1.24395723e+01, 1.57807898e-02, 4.43169689e+00, 4.30272073e-02,
  -4.10730630e-01,-1.04503594e-01,-7.58062154e-02,-9.49790287e+00,
   1.36607410e-02, 1.64856970e+00, 1.66685537e-01,-2.26642534e-01,
   4.79512103e-02,-9.91879776e-02, 5.23824804e-03,-2.12081641e-01},
 { 4.05762625e+00, 6.28102350e+00,-2.96371889e+00, 3.56975818e+00,
  -3.50461841e+00, 2.21082616e+00, 6.05572248e-03,-4.55106109e-01,
   1.51317298e+00, 1.85866523e+00,-1.78655934e+00,-1.99823415e+00,
   2.01570734e-01,-3.90800524e+00, 4.86138642e-01, 2.67020321e+00,
   3.41361570e+00, 2.53662205e+00, 1.49754524e+00,-4.69755125e+00,
   1.01952899e+00,-1.29302335e+00, 6.77663326e-01, 1.39285100e+00,
  -6.45276546e+00, 7.50449061e-01,-3.36902380e+00,-4.19114065e+00,
   3.02188563e+00,-6.63502550e+00, 7.30314207e+00,-1.98207176e+00,
  -1.59203863e+00, 1.19986022e+00,-3.62454033e+00,-8.80964875e-01,
   1.40061641e+00,-1.76208706e+01, 1.37710238e+00, 1.34784722e+00,
  -2.46730566e+00, 4.81239176e+00, 6.95852423e+00,-6.19774723e+00,
  -5.69616747e+00, 2.40743518e+00, 1.67256820e+00, 1.40952992e+00,
   1.91637707e+00,-4.68007356e-01, 4.68307781e+00,-2.16814804e+01,
   1.94676960e+00, 3.91583586e+00,-2.84921741e+00,-5.69217587e+00,
  -1.72239339e+00,-7.72301435e+00,-1.94651699e+00, 9.96808338e+00,
  -4.95044422e+00,-2.70808554e+00,-2.51063013e+00, 3.02978516e+00,
   7.87864828e+00,-9.91202056e-01,-4.46762419e+00,-3.66470957e+00,
  -2.34693027e+00,-1.59001625e+00,-2.94967026e-01,-9.39544499e-01,
  -2.79861498e+00,-2.13046193e+00,-1.04088032e+00, 1.28251438e+01,
  -1.71731853e+00, 2.91495609e+00, 2.33702719e-01,-1.17203820e+00,
  -7.40182447e+00, 9.66818810e-01, 2.15931892e+00,-7.71262527e-01,
   5.95856380e+00, 4.81422091e+00,-7.04798651e+00,-7.59753561e+00,
  -2.41825128e+00, 1.01912212e+00,-1.23128414e+00, 1.54605484e+00,
  -9.46171060e-02, 1.05229962e+00, 1.00511675e+01,-6.06141567e+00,
   8.84705961e-01,-3.57965052e-01,-1.43536687e+00,-5.22828484e+00,
  -3.07128167e+00,-1.52412634e+01,-1.46765118e+01,-5.60815620e+00,
   7.87541509e-01,-5.29619265e+00,-5.51962948e+00,-1.39266863e-01,
   1.63226604e+00, 5.31117916e+00, 8.83431530e+00,-4.37499762e+00,
  -2.29256749e+00,-4.68415529e-01,-1.11519113e-01, 6.74036312e+00,
   4.15435600e+00, 1.00727189e+00, 9.82446671e-01,-4.45221233e+00,
   1.63568294e+00, 1.10988200e+00, 6.11319363e-01,-1.12723122e+01,
  -3.97847557e+00, 3.31195518e-02, 1.62030745e+00,-1.78271651e+00},
 {-3.39147687e+00,-2.64008307e+00, 3.26378179e+00, 4.94157410e+00,
   4.43514872e+00, 3.37720871e+00, 1.09250259e+00, 2.08568692e-01,
   3.04107475e+00, 1.67160845e+00,-1.08126855e+00, 2.69981980e+00,
  -6.19419992e-01,-2.46611557e+01, 1.93567127e-01,-6.92633867e-01,
  -2.76803994e+00,-2.60543704e+00,-4.90568906e-01, 8.25660944e-01,
  -1.27925768e+01,-2.45488182e-01,-8.66375089e-01, 2.08220616e-01,
   4.76706773e-01,-3.81585097e+00,-7.10457087e-01, 3.80070877e+00,
  -2.16086030e+00, 5.25222588e+00,-4.73879509e+01, 3.32435310e-01,
  -1.60429358e+00,-4.71476793e-01,-9.23707128e-01,-1.90215245e-01,
  -1.53660452e+00,-9.40899944e+00, 2.48939186e-01, 1.31993949e+00,
  -3.48367304e-01,-2.48846316e+00,-1.77022254e+00,-4.11521578e+00,
  -4.36268508e-01,-9.38479155e-02, 1.29414272e+00, 1.37372363e+00,
  -3.37286544e+00, 1.07767737e+00, 4.67699194e+00,-2.55708385e+00,
  -2.99849153e+00,-1.75944591e+00,-3.26422334e-01, 1.48049569e+00,
  -3.29621387e+00,-3.40035868e+00,-9.70558703e-01,-1.18672037e+00,
  -5.17565489e+00,-9.68500376e-01, 8.85246456e-01,-4.93918800e+00,
   1.08360968e+01,-6.51095808e-01, 1.83049107e+00, 2.85578156e+00,
   3.61484241e+00, 2.95903897e+00, 1.14935732e+00,-3.26497817e+00,
  -2.48433977e-01,-7.64710546e-01,-5.69624841e-01,-5.60262012e+00,
   2.99808168e+00, 3.28307581e+00,-3.60432577e+00,-1.56270313e+00,
   3.87592936e+00,-2.24693546e+01, 1.60006535e+00,-3.67039740e-01,
   2.12963414e+00, 4.48026752e+00,-2.41941128e+01, 6.60177231e-01,
  -1.15467804e-02,-3.41680139e-01,-5.38787842e-01,-6.60412669e-01,
  -3.50653261e-01,-1.51269972e+00, 1.32589328e+00,-1.79564023e+00,
   7.66551971e+00, 3.95955555e-02,-4.74072886e+00, 4.93180633e-01,
   6.98724413e+00,-1.72088432e+00, 1.33192316e-01,-2.98295546e+00,
   2.66228247e+00, 3.55416274e+00, 3.41644382e+00, 1.08857310e+00,
  -2.22724572e-01, 1.07896090e+00,-1.15265360e+01, 3.84936190e+00,
   5.35743952e-01,-9.08791900e-01, 2.35759640e+00,-9.82632518e-01,
   2.15151119e+00, 3.29369831e+00,-9.90105927e-01,-1.17700434e+00,
  -7.63108313e-01,-2.60127038e-01, 4.05363035e+00, 1.64474010e+01,
   5.62835789e+00, 3.28686500e+00,-4.34381515e-01, 2.30915809e+00},
 {-3.02586675e-01,-1.66484609e-01, 1.00308150e-01,-1.55581325e-01,
   1.83997959e-01, 5.96209884e-01, 5.49941212e-02, 1.52722692e+00,
   3.46216154e+00, 9.90992412e-02,-1.29015076e+00, 5.30002594e-01,
   1.51811266e+00, 1.16118699e-01, 2.73567677e+00,-2.67471850e-01,
  -8.06749165e-02, 5.20686433e-02, 6.54846251e-01, 1.07698107e+00,
   1.42456666e-01,-3.42195481e-02,-2.12429047e+00,-3.82039964e-01,
   8.40242088e-01,-5.99472076e-02, 7.72899032e-01, 1.27623662e-01,
   1.28951833e-01, 1.04200937e-01,-6.46867696e-03, 2.90821099e+00,
   3.08014691e-01, 1.28471196e-01,-4.84002344e-02, 1.08200045e+01,
  -4.91695032e-02,-2.98470492e-03, 4.22409177e-01, 2.82514185e-01,
  -1.06225026e+00,-1.23420525e+01, 9.71660241e-02,-4.67272326e-02,
   2.41579819e+00, 7.71491766e-01,-2.21765089e+00, 2.63101943e-02,
   4.85285968e-01,-7.28729889e-02,-1.39112353e-01, 4.49357867e-01,
  -1.51449591e-01,-8.61056000e-02,-1.29101261e-01, 2.95301288e-01,
  -1.61127761e-01,-1.26265078e+01, 3.28495279e-02,-3.49378288e-01,
   2.92966276e-01,-9.96509552e-01,-3.43054801e-01,-7.53686652e-02,
  -1.84755661e-02, 2.32873554e-03,-6.97314167e+00, 7.63067603e-02,
  -4.76077467e-01,-1.62623569e-01,-1.23608664e-01,-1.68618888e-01,
  -4.76921126e-02, 1.14700392e-01,-7.72336245e-01, 2.01112300e-01,
   2.21753582e-01,-1.40540615e-01, 3.84559669e-02,-4.60801184e-01,
   2.98139721e-01, 4.74930741e-02,-3.11387144e-02,-3.20855975e-01,
  -1.00353289e+01,-1.61452636e-01, 1.16135046e-01, 7.36104921e-02,
   5.25719821e-01, 3.80294263e-01,-2.63882298e-02,-6.73845828e-01,
  -5.24012893e-02,-8.92354250e-02, 1.77207947e+01,-6.16187155e-02,
   5.37484922e-02, 2.00168520e-01,-6.07840382e-02, 3.80898881e+00,
   4.03939039e-01,-1.15115893e+00, 1.03864588e-01, 4.28501330e-02,
   1.01889122e+00,-7.78987706e-01, 8.20434391e-02,-3.47613320e-02,
  -1.83262587e-01, 2.61969388e-01,-3.95164341e-01, 2.72858918e-01,
  -3.37851143e+00, 1.14416722e-02,-4.12333536e+00, 3.34952995e-02,
  -2.45358095e-01, 1.65139101e-02, 1.16122119e-01,-1.97266340e+00,
   1.48677260e-01, 2.65480191e-01,-1.60766393e-01, 1.11217558e-01,
  -2.86600500e-01, 3.97426188e-02,-6.50745025e-03, 1.55427158e-01},
 { 4.28798151e+00, 3.85498595e+00, 6.07687998e+00, 7.17369223e+00,
  -4.81966639e+00, 2.37236381e+00, 3.51764131e+00, 3.13302898e+00,
   4.65778255e+00,-4.08291674e+00,-8.39788496e-01,-4.97183943e+00,
  -1.19200182e+00, 1.67315710e+00,-7.57179499e-01, 4.46950245e+00,
  -4.59339237e+00, 1.32424974e+00,-1.12265217e+00, 1.28007913e+00,
   1.53795898e+00,-2.55365878e-01,-7.22212195e-02,-3.46113515e+00,
  -1.10190117e+00, 1.96518838e+00,-1.21843204e-01, 1.21308479e+01,
   8.66238773e-01,-4.49023438e+00, 3.78176831e-02, 9.87369359e-01,
   1.69471347e+00,-7.80739069e-01, 3.55609775e+00, 2.34794021e+00,
   1.51338086e-01, 3.94037867e+00, 1.67006999e-01,-3.05156345e+01,
   1.39797306e+00, 5.28084077e-02, 2.32458368e-01,-5.30834484e+00,
  -1.34398535e-01, 2.69534349e+00, 1.83798209e-01, 8.22570741e-01,
  -1.21425791e+01, 1.09407294e+00, 2.66719198e+00,-2.07309017e+01,
  -1.91852188e+00, 4.58804178e+00, 3.20055813e-01,-6.70442533e+00,
  -3.59486532e+00, 2.96002388e+00, 4.17542839e+00, 2.53102851e+00,
  -5.65121078e+00, 1.73680377e+00, 5.07361531e-01, 9.11151707e-01,
  -4.23255920e+00,-8.08207512e-01, 7.20918238e-01, 3.88226819e+00,
  -7.09365797e+00, 1.88437319e+00,-1.61361709e-01,-2.39443922e+00,
   3.61638069e-01,-3.64021182e+00,-1.19679508e+01,-9.38726711e+00,
  -3.84716243e-01, 7.08553851e-01, 1.41730189e+00,-2.57231164e+00,
  -5.45714808e+00, 3.95011544e-01, 1.10346222e+00,-5.73154032e-01,
  -1.39442551e+00, 4.23127031e+00, 5.56184912e+00,-9.39610100e+00,
  -3.03253412e-01,-1.15108965e-02, 4.17196465e+00,-8.48781466e-01,
   1.86952877e+00,-4.62011606e-01, 9.24475956e+00,-1.76746702e+00,
  -3.64048958e+00, 2.03873944e-02, 1.78681076e+00,-7.98334599e-01,
   4.85026407e+00,-2.94334817e+00, 3.24869895e+00,-2.30517387e+00,
  -1.15770435e+00,-5.54866910e-01,-5.56993198e+00, 1.24452032e-01,
   1.06501055e+00,-1.52739212e-01, 5.48327065e+00,-6.20864570e-01,
  -8.99138212e-01,-3.98790741e+00, 2.88230085e+00, 2.09096265e+00,
  -9.98829174e+00, 2.28105140e+00, 7.58202434e-01, 8.75136971e-01,
  -4.84376240e+00,-1.75639582e+00,-5.43549728e+00,-3.56931734e+00,
   5.11060905e+00,-5.91637564e+00,-2.87353373e+00,-1.11039810e+01},
 { 6.29830837e+00, 6.29291582e+00,-8.81377029e+00, 1.19080544e+01,
  -2.78327227e+00,-5.47301722e+00,-4.02289915e+00, 2.21412873e+00,
  -4.54880238e-01, 1.91807926e+00, 1.04204953e+00, 2.21476579e+00,
   6.56923428e-02,-2.29317331e+00,-1.47366655e+00, 2.70125413e+00,
   5.76743650e+00, 1.06491953e-01,-8.40912998e-01, 1.05043960e+00,
  -1.92826879e+00,-2.40866184e+00, 5.18957749e-02,-2.06993794e+00,
  -2.59595424e-01,-6.28374457e-01, 1.21916056e+00,-2.13393879e+00,
   2.01897788e+00,-2.76336265e+00,-7.48435855e-01,-1.11939573e+01,
   1.20205674e-02,-1.09095573e+00, 2.63584584e-01,-1.43677473e+01,
  -2.92729115e+00,-1.09829655e+01, 6.32501006e-01,-2.73518162e+01,
   6.80181456e+00, 4.38282061e+00,-3.04779500e-01, 2.05881071e+00,
  -1.50975394e+00,-4.15912539e-01,-3.94990516e+00,-2.80232519e-01,
   3.46570396e+00,-9.18689907e-01, 8.69443989e+00,-2.78545737e+00,
  -1.17149688e-01, 3.73082161e+00,-1.26702440e+00,-1.04412050e+01,
  -9.04353237e+00, 4.14626688e-01,-3.07468090e+01,-2.32559705e+00,
  -3.10369635e+00, 5.54468393e+00,-9.04536247e+00, 1.01228547e+00,
   3.50911736e+00, 3.03943157e-01,-8.49294472e+00,-1.32339506e+01,
  -1.23264945e+00, 6.69646692e+00, 2.51447260e-01, 1.18897259e+00,
  -3.78314209e+00,-2.63373446e+00, 1.43431640e+00,-2.36685324e+00,
  -1.58506954e+00, 2.98023129e+00, 1.56169757e-01,-7.98752129e-01,
  -1.03663654e+01,-1.37994885e+00, 2.20452261e+00,-1.95300865e+00,
   4.28578806e+00, 2.67720079e+00,-3.96447587e+00,-5.73962355e+00,
   3.16315711e-01,-1.75460446e+00,-8.77819359e-01, 2.04429460e+00,
   8.55554581e-01, 1.03706729e+00, 3.52577806e+00, 1.31754947e+00,
  -2.28149867e+00, 4.46830355e-02,-1.57965735e-01,-1.01921644e+01,
  -1.42297733e+00,-2.05791998e+00, 2.26354384e+00, 2.20511127e+00,
  -2.34319162e+00, 6.01957679e-01,-3.87544632e+00,-1.54918182e+00,
   3.07229459e-01,-1.00071585e+00, 5.05574226e+00,-3.03903317e+00,
  -1.39209712e+00,-1.05941463e+00, 3.99695325e+00,-3.18012983e-01,
  -3.93070310e-01, 4.24896669e+00,-1.67047012e+00, 1.66542757e+00,
  -1.17738210e-01, 4.45221281e+00,-2.12703794e-01,-2.72569180e+00,
   4.75247097e+00,-1.24402440e+00, 4.77281883e-02,-1.86730134e+00},
 { 9.71046734e+00, 6.86291409e+00, 1.71960801e-01, 5.84190083e+00,
   5.45206833e+00,-2.24478886e-01, 1.25603065e-01,-3.47189009e-01,
  -1.27119255e+00, 3.25915241e+00, 1.57045245e-01,-2.05667019e+01,
  -1.34591699e-01, 1.70440972e-01, 4.82563004e-02, 8.29796410e+00,
  -1.67866802e+00,-5.11304092e+00, 2.52705783e-01, 5.26219666e-01,
  -3.29183655e+01,-1.27473764e+01,-1.48375005e-01,-1.88802135e+00,
  -9.82956588e-01,-3.83554435e+00,-2.37144187e-01,-1.38752267e-01,
  -8.76508296e-01, 2.23876405e+00,-1.52054504e-01, 2.31413264e-02,
   6.64865613e-01,-3.42467338e-01,-7.04568326e-01, 5.56063712e-01,
   3.48062181e+00,-1.04117222e+01,-3.30435741e-03,-2.62247038e+00,
   4.57783759e-01,-4.50126082e-01, 2.63386041e-01,-7.79849052e-01,
   4.86625969e-01,-1.63465941e+00,-3.40310067e-01,-1.60517845e+01,
   7.11465418e-01, 1.71290290e+00, 6.43010497e-01,-2.53538132e+00,
  -1.80769384e+00,-5.21787834e+00, 9.59348530e-02, 1.75787659e+01,
   1.46333504e+00, 3.70134854e+00, 1.48050523e+00, 8.45148042e-02,
   4.87329781e-01, 1.47450662e+00, 3.57497990e-01,-2.44488430e+00,
  -3.24219680e+00,-2.52500176e-01,-5.54853141e-01, 1.13662910e+00,
   1.25451851e+00,-2.23688698e+01,-8.29459131e-02, 1.65723479e+00,
   3.11682764e-02,-4.70350266e+00,-4.38325673e-01, 2.65345406e-02,
   3.92673731e-01,-1.26478684e+00,-5.71933270e+00,-1.27322352e+00,
   7.30529356e+00, 1.61501014e+00,-1.90231729e+00, 1.95957333e-01,
  -5.18432632e-02,-1.50913324e+01,-2.45792427e+01,-6.60608649e-01,
  -2.09272325e-01, 2.69520819e-01, 2.74908721e-01,-2.09831353e-03,
  -1.25914037e+00,-1.56576366e+01, 8.41106296e-01,-1.97112024e-01,
   2.78150535e+00,-1.03393182e-01,-8.75845909e-01, 4.34040159e-01,
   7.61932516e+00, 7.88813382e-02,-2.18067124e-01, 5.60465455e-01,
  -1.06129146e+00,-4.25308138e-01,-1.00574851e+00,-6.73132133e+00,
   1.37100160e-01,-6.79032266e-01,-2.24461603e+00, 1.75758672e+00,
  -4.19315733e-02,-8.95851791e-01, 1.03418446e+00,-2.97363132e-01,
   1.18592250e+00, 1.24785357e+01,-9.14657954e-03,-3.92970443e-02,
   7.10137010e-01, 3.58981460e-01,-8.22109163e-01, 2.65667963e+00,
  -2.11179629e-01, 1.12866516e+01,-3.39691901e+00, 1.06056929e+00},
 {-7.60883451e-01, 4.27636057e-01,-1.79234195e+00, 7.58503914e+00,
   5.20893049e+00,-1.94221377e+00,-1.95355371e-01,-3.14184316e-02,
  -7.57243097e-01, 5.80353594e+00, 3.96661431e-01, 7.75739336e+00,
  -2.37923805e-02, 7.21911955e+00, 7.82604739e-02, 8.95258713e+00,
   1.55951166e+00,-1.27873335e+01, 2.10180860e-02, 1.59746781e-01,
  -2.04656672e+00,-3.74790859e+00, 1.58345565e-01, 1.11650634e+00,
   1.00444865e+00, 1.77945304e+00,-1.31641582e-01,-5.28115094e-01,
   5.51584125e-01,-5.42979383e+00, 5.87938023e+00,-7.23505542e-02,
  -8.26114058e-01, 1.40935993e+00,-2.56077814e+00,-4.99354422e-01,
  -2.66370952e-01, 2.82424116e+00, 2.57056326e-01, 1.71274781e+00,
   4.98421848e-01, 1.54944861e+00,-1.26400694e-01, 7.95392752e-01,
   8.99298787e-02, 4.30050087e+00, 1.91352684e-02,-6.71922684e+00,
   6.18091878e-03,-1.83475292e+00,-2.60040784e+00, 2.47007108e+00,
  -6.69486856e+00,-1.01718962e+00,-7.94918895e-01, 1.09454775e+01,
  -8.45693016e+00,-2.14235973e+00,-1.17926669e+00,-2.65498757e-01,
  -8.11663151e+00,-4.93289620e-01,-9.15552199e-01,-1.16791000e+01,
   5.87961435e+00, 9.03649032e-01, 6.66280150e-01,-1.41971087e+00,
   4.65080595e+00,-2.12448235e+01,-3.83458473e-02, 2.30528522e+00,
  -6.51556671e-01,-4.15316820e+00, 4.96315777e-01, 3.66882235e-02,
   7.66795218e-01, 3.58866692e+00,-8.83239150e-01, 1.32567453e+00,
   4.11990166e+00, 2.00180984e+00,-1.80468750e+00,-4.69920248e-01,
  -3.41726899e-01, 6.27254295e+00,-4.38199234e+00,-1.39985532e-01,
   4.06352490e-01, 1.08175576e-02,-3.46122026e-01, 1.83653995e-01,
   1.63623190e+00,-2.45084419e+01, 3.22173238e+00,-3.49507667e-02,
  -5.28741884e+00, 2.65318230e-02, 8.99270356e-01,-6.35550559e-01,
   6.35238409e+00, 2.33748704e-01, 2.71832228e-01,-2.91281372e-01,
   5.02418280e-01,-8.70630443e-01,-1.99182940e+00,-2.98121953e+00,
  -4.03429300e-01, 7.62303531e-01, 1.65123272e+00,-1.66475737e+00,
  -1.70853496e-01, 1.15285599e+00,-3.20526123e-01,-1.24089873e+00,
   5.48463583e-01, 1.90133345e+00, 1.48598278e+00,-1.77178487e-01,
   6.12271595e+00,-3.15222144e-01,-2.75208235e+00,-1.42473192e+01,
  -1.46229386e+00,-4.25056171e+00,-2.68576860e+00, 5.18481159e+00},
 { 4.66845798e+00, 1.03158808e+01,-1.67825103e+00, 6.71982431e+00,
  -2.23690319e+00,-1.36494100e+00,-7.02382028e-02,-2.70697266e-01,
  -2.91820645e+00,-2.38171339e+00, 2.02458069e-01, 1.83435440e+00,
   7.05739707e-02,-5.93239899e+01,-1.43556707e-02, 1.20431960e+00,
   1.83937466e+00,-5.03702593e+00, 9.42805484e-02, 1.80992290e-01,
   1.36519909e+00,-2.63033628e+00, 4.34697330e-01, 3.81748945e-01,
   4.19694990e-01,-1.58039534e+00,-1.72409400e-01,-1.50019079e-01,
   6.41763508e-01, 2.34179306e+00,-2.37919927e+00,-2.26262704e-01,
  -6.58431411e-01, 1.75580859e+00, 9.08656418e-01, 2.36359939e-01,
   8.40357505e-03, 1.47860384e+00, 4.89311898e-03, 1.43709624e+00,
   4.71427917e-01, 3.32154989e-01,-9.60497037e-02, 8.38545978e-01,
  -3.85024130e-01,-9.21372318e+00, 7.81988204e-02, 2.88737402e-03,
  -2.65059650e-01,-1.85396659e+00,-2.37353230e+00, 1.99033415e+00,
  -1.61987096e-01, 4.54759645e+00,-7.17688799e-01,-1.08128071e+01,
  -4.03332710e+00,-2.73878384e+00,-9.51256514e-01,-1.36323467e-01,
  -1.81372893e+00,-4.81787771e-01,-8.73778164e-01, 1.03128111e+00,
   4.68778133e+00, 5.79726219e-01, 3.51091444e-01,-2.88101578e+00,
   2.70899922e-01, 9.02344894e+00, 3.38730589e-02, 7.15987682e-01,
  -4.24011916e-01,-4.41971874e+00, 4.11082618e-02, 3.87885049e-02,
   5.64822435e-01, 2.04083323e+00,-1.80857003e+00, 9.01364088e-01,
  -1.06526747e+01,-6.13274002e+01, 3.59242892e+00,-5.16949952e-01,
  -2.98082054e-01,-1.24206352e+00,-4.37349176e+00, 1.17879301e-01,
   1.32038161e-01, 7.63152316e-02,-5.99658668e-01, 3.13578337e-01,
   1.13733268e+00, 2.66625500e+00, 2.48835850e+00,-1.17651317e-02,
   6.21656370e+00,-2.36287937e-02, 1.10095191e+00,-3.61355782e-01,
   5.56104422e+00, 2.20102236e-01, 9.07456502e-02,-2.06814170e-01,
   5.60182214e-01,-4.41094756e-01,-6.49346590e+00,-3.82487607e+00,
  -6.64838135e-01, 1.30361879e+00,-1.94125557e+00,-2.11728382e+00,
   1.90001413e-01, 1.12765121e+00,-1.22817025e-01,-7.86691248e-01,
   1.67161778e-01,-5.13933420e-01, 7.58841991e-01,-1.15407750e-01,
   1.62856209e+00,-2.49484837e-01,-1.42455566e+00,-4.33401728e+00,
  -8.01275134e-01,-2.99380064e-01, 1.93637085e+00, 1.46603918e+00},
 {-5.13273335e+00,-4.86535597e+00, 3.67361498e+00,-8.17740440e+00,
   1.32836032e+00, 3.10640764e+00, 2.65115094e+00, 6.59975171e-01,
  -1.83281446e+00,-7.89070010e-01,-4.73866425e-02,-3.46449542e+00,
  -1.31119752e+00, 1.64652860e+00, 5.05798638e-01,-1.71652281e+00,
  -6.75098479e-01,-3.53626251e-01,-3.02836275e+00, 3.27068615e+00,
   7.00653017e-01, 1.86882854e+00, 1.65020955e+00,-8.82272434e+00,
   6.12579727e+00, 4.47318107e-01,-4.93465841e-01,-2.67000484e+00,
   6.99900103e+00, 2.06395864e+00, 2.07761973e-01, 3.07018571e-02,
  -9.31825280e-01,-6.44132674e-01, 3.20363998e-01,-1.17522593e+01,
  -1.23596823e+00,-1.69232159e+01, 2.51894546e+00,-1.50899858e+01,
   1.97077501e+00, 6.27949178e-01, 9.78790045e-01,-1.74013269e+00,
   2.37512916e-01,-1.68884051e+00, 7.07010254e-02,-1.63365379e-01,
  -3.10443878e+00, 1.25506868e+01,-6.74708247e-01,-1.03184118e+01,
  -2.10789990e+00,-2.91347146e+00,-2.55333638e+00, 1.09828291e+01,
   6.12055874e+00, 1.12441194e+00, 3.99929070e+00, 5.54910600e-01,
   2.73606777e+00, 6.66372681e+00,-8.39038372e-01,-9.97932136e-01,
  -9.79401588e-01,-3.61472440e+00,-3.87477875e+00,-2.33211517e-01,
  -8.53638530e-01,-6.21731424e+00,-3.17566133e+00,-1.03997886e+00,
  -4.15707350e+00, 2.19281936e+00,-1.97965279e-01,-4.50139475e+00,
  -3.80694330e-01,-2.39980984e+00,-1.32219508e-01,-9.04863262e+00,
   6.81178141e+00, 1.00351703e+00,-1.55534315e+00, 3.56287748e-01,
  -6.61839008e-01,-2.18736887e+00, 1.53363538e+00,-3.24613690e-01,
  -2.31482482e+00, 3.94727278e+00,-4.66130686e+00,-1.97915316e+00,
  -6.28590941e-01,-1.13381255e+00, 4.26809406e+00,-3.27322364e+00,
   1.92722750e+00,-5.72963178e-01, 1.30601928e-01,-2.06574535e+00,
  -3.47569728e+00,-2.87080026e+00,-4.05582047e+01, 9.15244484e+00,
   1.46908855e+00,-2.43637323e+00, 2.95208311e+00, 2.58889031e+00,
  -1.09781528e+00,-1.42904270e+00,-6.20692539e+00, 4.17802238e+00,
   6.05423570e-01, 9.30962324e-01, 2.59463787e+00, 1.23719238e-01,
  -1.10496178e+01,-3.54429007e+00,-1.46430814e+00,-6.70485139e-01,
  -8.25153649e-01,-4.06644487e+00, 3.22270012e+00, 2.51196384e+00,
  -9.80597401e+00, 4.16089803e-01,-1.29435256e-01, 3.03775787e+00},
 { 3.92320490e+00,-9.87863445e+00, 1.92750287e+00,-7.13752747e+00,
   4.82443905e+00, 6.63241029e-01,-4.06623110e-02,-1.74449623e-01,
   6.03729904e-01,-9.45792496e-01,-1.45647317e-01, 3.17839003e+00,
  -2.44581565e-01, 3.20350909e+00,-9.49353427e-02,-1.25860147e+01,
  -2.52094412e+00, 4.97879696e+00, 6.98199049e-02, 1.98720902e-01,
  -3.13425732e+01, 3.15669656e+00,-3.28759879e-01,-3.02982068e+00,
  -1.22382295e+00, 1.06280446e+00,-6.39610514e-02, 8.96314323e-01,
  -1.46755993e+00, 8.49702168e+00,-7.83407748e-01,-1.21111043e-01,
   1.51666474e+00,-1.12150085e+00, 1.55213344e+00, 5.99008262e-01,
  -2.60547940e-02,-7.34926605e+00,-2.71092895e-02,-4.16521502e+00,
   1.37995228e-01,-4.02259618e-01, 1.45191506e-01,-1.57558203e+00,
   2.15826944e-01,-4.07976723e+00,-1.06131412e-01, 9.14907873e-01,
   3.75917107e-01, 1.94894600e+00, 4.32691187e-01,-3.78576064e+00,
  -2.77897406e+00,-5.63946342e+00, 7.57455409e-01, 2.27374673e+00,
   1.22518659e+00, 4.65132523e+00, 1.89878035e+00, 6.20834291e-01,
   7.63454866e+00, 8.59246612e-01, 1.16128302e+00,-2.06810188e+00,
  -1.12671289e+01,-2.59251189e+00,-1.48672640e-01, 3.44375944e+00,
  -1.00127947e+00,-1.29229469e+01,-1.06891707e-01,-2.18419147e+00,
   7.92653203e-01, 4.62653780e+00, 2.85183132e-01, 5.34619808e-01,
   6.10356331e-02,-4.36682320e+00, 6.93349481e-01,-1.52373099e+00,
   9.42944622e+00, 4.38991117e+00,-4.02186728e+00, 2.55896330e-01,
  -4.13770117e-02,-4.29823637e+00, 1.14905176e+01,-4.42143393e+00,
  -3.72386932e-01, 1.52816877e-01, 1.93981278e+00,-8.84079095e-03,
  -1.44968557e+00,-2.02239704e+00,-2.80975032e+00,-1.40771180e-01,
  -1.58038282e+00,-5.17433435e-02,-2.26594377e+00, 2.16389462e-01,
  -9.80072212e+00,-5.29632151e-01,-4.20181528e-02, 5.63663363e-01,
  -1.03508544e+00, 1.84506904e-02, 6.32066011e+00, 2.21434307e+00,
  -1.08527112e+00,-2.21083117e+00,-1.15800209e+01, 8.73015785e+00,
  -1.71782002e-01,-1.33574343e+00, 1.34465432e+00,-4.95823950e-01,
   2.57780433e+00,-4.95578384e+00,-6.27131581e-01, 7.82349054e-03,
   1.72655433e-01,-2.46192571e-02,-7.53790140e-01, 3.75054812e+00,
   5.83943367e-01, 5.18436050e+00,-3.06333256e+00, 1.21723545e+00},
 {-3.24229431e+00,-2.25667644e+00,-3.26465321e+00,-3.23410654e+00,
  -8.75054657e-01, 1.13275471e+01,-7.86659122e-01,-7.44213164e-01,
  -3.52840900e+00, 6.73409700e-01, 1.90086246e+00,-1.58424199e-01,
  -9.62796211e-01, 3.68608862e-01,-4.30160820e-01,-2.04450345e+00,
  -3.72275853e+00,-7.84924626e-01,-2.76026535e+00, 1.75970209e+00,
   1.11234009e+00, 9.07747865e-01, 5.73305368e-01, 4.08481121e+00,
  -1.29074574e+00,-2.69677132e-01, 2.22695708e+00,-7.81897545e+00,
  -1.36893880e+00, 7.13661015e-01,-3.42672467e-01,-2.15591264e+00,
  -1.45508265e+00,-5.14015865e+00,-1.01005244e+00, 2.85773778e+00,
   2.70153308e+00,-4.11534458e-01, 1.83999181e+00, 9.01221275e-01,
   2.20183420e+00,-6.75242538e+01,-1.48759913e+00, 1.23910487e+00,
  -6.28180742e+00,-2.50103879e+00,-1.01622474e+00, 2.17406582e-02,
  -7.67717838e-01,-2.69079804e-01, 4.95746183e+00,-2.65154719e+00,
  -2.27258205e+00,-1.26073265e+00, 1.40962076e+00, 7.15079880e+00,
   4.21482563e+00, 2.04812241e+00, 4.04758453e+00, 4.24489498e+00,
  -4.55472648e-01, 1.62577927e+00, 9.44551826e-01,-1.16935384e+00,
  -4.48156774e-01, 3.77717018e+00, 6.16092157e+00,-8.74565423e-01,
  -3.39284480e-01,-2.60951400e+00, 1.14211559e+00,-2.41845191e-01,
  -2.57774174e-01,-1.32982135e-01, 1.13161638e-01,-4.43262625e+00,
  -1.57470214e+00,-7.66254425e-01,-4.34329361e-02, 5.91889679e-01,
   2.88609958e+00,-2.22546771e-01,-4.82562840e-01,-1.41910114e+01,
   2.79116035e-01,-8.22917879e-01,-2.83101380e-01,-1.92018414e+00,
  -1.67326427e+00,-3.22304487e+00,-1.89299417e+00,-2.48608541e+00,
   1.31163135e-01,-4.20432687e-01,-7.04277611e+00, 9.35896873e-01,
   1.20391333e+00,-4.71667618e-01, 6.13595396e-02,-2.71857834e+00,
  -6.05949759e-01,-4.71156645e+00, 3.34280252e+00,-4.97555882e-02,
  -5.51577568e+00, 2.55306530e+00, 1.80225277e+00,-1.19781387e+00,
   8.92835617e+00,-3.13178152e-01,-1.63222551e+00, 9.99654531e-01,
   5.05344093e-01, 4.91594464e-01,-3.31930280e+00, 5.82036853e-01,
  -8.63195300e-01,-1.01143157e+00,-2.30804420e+00, 1.90342534e+00,
  -1.02310407e+00, 5.43776512e-01, 2.27889085e+00, 1.81621003e+00,
   5.69781208e+00, 1.00268674e+00, 1.68056414e-01, 2.59509015e+00},
 { 6.00445986e+00,-4.99523354e+00,-5.96763134e+00,-8.71238136e+00,
   7.61097336e+00, 2.96839857e+00,-5.35717440e+00, 3.37852502e+00,
  -3.04817123e+01,-2.33941984e+00,-4.01430988e+00, 1.02645187e+01,
   3.33267212e-01, 4.47986031e+00,-1.70639113e-01, 1.50549352e+00,
   3.86639953e-01, 2.10351825e+00, 2.78539157e+00,-3.84088659e+00,
  -4.32745606e-01, 2.48728824e+00, 1.51671752e-01,-6.57853365e+00,
  -1.54179588e-01, 2.24610910e-01,-2.05886722e+00, 2.47681260e+00,
  -1.25522530e-02, 4.49895191e+00,-8.31656873e-01,-1.17067614e+01,
   7.42368841e+00,-1.16126404e+01, 3.62347054e+00, 8.90347004e+00,
   9.41858649e-01,-1.46517944e+01, 9.02111650e-01,-6.14642739e-01,
  -7.32824624e-01,-1.43071818e+00,-7.02316141e+00,-1.87508690e+00,
  -4.36275840e-01, 9.47880554e+00,-7.68728614e-01, 4.61818993e-01,
  -2.88891816e+00, 1.59452701e+00,-1.95557034e+00,-3.71700215e+00,
   2.21714115e+00,-2.64917564e+00, 9.27558005e-01, 2.38384867e+00,
   8.25286508e-01,-5.23620319e+00,-1.90969098e+00, 3.24753411e-02,
   8.10851383e+00, 5.67219877e+00, 9.52850246e+00,-1.83042765e+00,
  -7.88601017e+00,-1.35538702e+01,-9.71555901e+00,-2.42517281e+01,
  -2.11066461e+00,-9.13517857e+00, 2.40599453e-01,-2.54160285e+00,
   1.11197340e+00, 3.53935075e+00, 5.37915587e-01,-4.72368097e+00,
  -1.21418417e+00,-4.54779434e+00, 1.96907714e-01,-1.54672229e+00,
   5.82399940e+00, 2.95496559e+00,-1.98158562e+00,-3.05358696e+00,
   3.81319475e+00,-3.52085066e+00, 1.06949501e+01,-2.50243735e+00,
  -2.60429382e+00, 6.80634022e-01,-5.23639023e-01,-1.43838918e+00,
  -7.10534632e-01,-1.14673340e+00, 1.46205854e+01,-5.67801380e+00,
  -1.77243495e+00,-3.80674452e-01,-3.66711974e+00,-4.39642715e+00,
  -1.92685628e+00, 2.41047874e-01, 1.13007355e+00, 5.74773693e+00,
   2.77310061e+00,-1.75610447e+00, 1.88401544e+00, 2.40631723e+00,
  -7.42084122e+00,-1.64535642e+00,-6.21601200e+00, 5.82487917e+00,
  -2.06109500e+00,-8.33118677e-01,-9.36029434e+00, 8.36722136e-01,
   4.64101458e+00,-5.23146248e+00, 8.99345994e-01,-3.27654934e+00,
   2.21244073e+00, 7.61529922e-01, 4.29880679e-01, 3.02036190e+00,
   2.05954909e+00,-4.31225114e-02,-8.77436042e-01,-1.19610643e+00}};

const float b2[sz_hid_2] = {-22.596006  ,-14.352177  , -2.481719  ,-10.699888  ,-16.504198  ,
 -12.519934  , -8.65635   , -6.7261424 ,-12.061527  ,  6.077111  ,
   1.1326863 ,-13.404562  , -1.741245  , -5.990521  , -0.13846315,
  -9.797152  , -6.670518  ,-13.412293  ,  3.6881561 ,  4.5311937 ,
 -16.263336  ,-25.535172  , -1.1865561 , -9.424258  , -3.0861614 ,
   9.116222  , -2.0356479 , -0.79381776, -2.3762102 ,  3.3442636 ,
   0.16567372, -5.471048  };

const float w3[sz_act][sz_hid_2] = {{ 6.87458813e-02, 3.37833941e-01, 2.63465545e-03,-7.50320330e-02,
   1.21942826e-01,-3.38457152e-03,-2.40244786e-04, 1.09092686e-02,
  -4.70848203e-01,-1.06677227e-03,-1.11998379e-01, 1.61492467e-01,
  -1.82450295e-03,-8.67808387e-02,-1.62353683e-02, 2.41293550e-01,
  -1.10092893e-01,-2.83847690e-01,-6.63706101e-03, 5.59810549e-03,
   1.42204598e-01, 9.01393712e-01,-2.80840253e-03,-9.94278863e-02,
   5.37928706e-03,-9.12023857e-02, 1.10924222e-01, 1.80149138e-01,
   8.21502320e-03,-1.58883646e-01, 1.32640423e-02,-3.96322310e-02},
 {-1.92340359e-01, 7.63847167e-03, 1.04517378e-01,-1.53881073e-01,
  -4.53503523e-03,-8.60607028e-02, 1.05725326e-01, 1.13782458e-01,
  -2.94758324e-02,-8.40702206e-02,-2.69567128e-04,-4.39823186e-03,
  -1.19438857e-01,-4.61542746e-03, 9.54431668e-02, 7.19047338e-03,
  -1.39951124e-04, 1.36020198e-03,-9.43884924e-02, 1.53224468e-01,
   1.96016207e-01,-1.15156528e-02,-1.18897282e-01,-3.81957652e-04,
  -5.15185595e-02, 5.94910281e-03,-8.01576860e-03, 1.35896564e-03,
  -5.89585453e-02, 5.39598335e-03, 1.45346776e-01, 1.33200705e-01}};

const float b3[sz_act] = {0.3411273 ,0.16496044};

