const float w1[sz_hid_1][sz_obs] = {{-1.75944209e+00,-1.51085675e+00,-5.19101620e+00,-7.98278525e-02,
  -1.21027760e-01, 1.43110678e-01, 6.54843140e+00, 1.08518228e-01,
   1.13754220e-01},
 { 2.81115845e-02,-1.63662108e-03,-1.20600209e-01,-1.27080059e+00,
  -3.19399595e+00, 1.08030029e-01, 1.53900189e-02, 3.21910501e+00,
  -5.89249954e-02},
 {-1.49105126e-02,-8.17847438e-03, 1.48843244e-01, 3.20300519e-01,
  -3.12077332e+00, 8.99821162e-01,-1.90901419e-03,-8.20269871e+00,
   4.05791141e-02},
 {-2.58498061e-02,-3.68221179e-02, 7.56304637e-02,-1.20406103e+00,
   1.57375902e-01,-8.30487192e-01, 1.73543300e-02, 2.69486070e+00,
  -6.38073534e-02},
 {-2.94638611e-02, 4.79456335e-02,-1.15714586e+00, 3.45005059e+00,
   8.40225458e-01,-6.05420291e-01,-6.06287606e-02,-2.06973290e+00,
   2.99653983e+00},
 { 2.40313895e-02, 3.44390422e-02, 3.33211094e-01, 4.87692565e-01,
  -2.03872180e+00, 2.66478121e-01,-1.26288068e-02,-7.83128595e+00,
  -7.69465625e-01},
 { 3.23199838e-01, 1.62683380e+00,-5.81420231e+00,-3.67238596e-02,
  -4.03732732e-02,-9.63530391e-02, 5.08310080e+00, 6.51289150e-02,
   1.05883688e-01},
 { 3.37477875e+00, 2.24094319e+00,-3.43025827e+00,-1.80545803e-02,
   5.79745509e-03, 6.64703026e-02, 1.07677660e+01,-3.57848443e-02,
  -2.80991402e-02},
 { 1.59796387e-01,-4.40100574e+00, 5.61424208e+00, 1.58660728e-02,
  -2.51979809e-02,-1.59433000e-02,-8.78321075e+00, 2.27896571e-02,
  -2.65755802e-02},
 { 3.76285836e-02, 4.32804251e+00,-1.15817142e+00,-1.12194456e-02,
   7.35553121e-03,-6.34136656e-03,-7.46170759e-01,-2.68808715e-02,
   3.01922206e-02},
 {-7.04872282e-03,-4.82680509e-03,-1.03133507e-01,-4.84064460e-01,
  -2.60361242e+00,-3.82290244e-01,-4.86294087e-03, 5.59411669e+00,
   1.18292458e-02},
 { 1.29765987e+00,-1.16402256e+00,-5.57538939e+00, 1.81481495e-01,
  -1.62372720e+00, 3.24792713e-01, 3.28677535e+00, 7.66922951e-01,
  -3.48139548e+00},
 { 4.48442763e-03,-1.66107714e-02,-4.71572131e-01, 2.54051018e+00,
  -1.86970159e-01, 8.23945904e+00, 2.66446322e-02,-6.62947607e+00,
   1.19224600e-02},
 { 2.96012974e+00, 3.20059705e+00,-3.77722239e+00,-5.82566634e-02,
  -3.76891494e-02,-8.71179402e-02, 9.54908180e+00, 5.03222831e-02,
  -6.07358851e-02},
 { 7.91363955e-01,-2.82768440e+00, 4.03704023e+00,-8.69831890e-02,
   8.37669671e-02, 2.49393675e-02,-7.16104555e+00,-1.41629085e-01,
  -1.52594358e-01},
 { 3.81598994e-02,-6.23064721e-03, 5.52595183e-02, 1.64005744e+00,
  -2.71894073e+00, 6.30688131e-01, 7.39895329e-02, 4.35217953e+00,
  -2.27321815e+00},
 {-7.20951557e-02,-7.69445524e-02, 5.48996830e+00, 3.64867359e-01,
  -3.07867169e+00, 2.20794988e+00,-6.35450259e-02, 6.36201203e-01,
  -3.40544081e+00},
 {-1.03894837e-01,-9.04368386e-02,-2.71002412e+00, 3.81252408e+00,
  -2.62385875e-01,-2.49295092e+00,-1.68724209e-01, 7.26188326e+00,
   2.31694198e+00},
 {-1.63419545e+00,-8.61841857e-01, 2.61772776e+00,-1.83191434e-01,
  -1.07848696e-01, 1.20568790e-01,-3.16985774e+00,-8.88082981e-02,
  -3.76232229e-02},
 {-3.80101472e-01, 4.92426634e+00, 3.09305286e+00,-4.39838469e-02,
   3.44897155e-04, 1.13087222e-01,-6.32182598e+00,-1.46017522e-02,
   3.84574234e-02},
 {-2.44877301e-02,-6.04810677e-02,-5.10733366e-01, 2.21420360e+00,
   1.23816109e+00,-1.04564774e+00, 9.86494049e-02,-4.25109673e+00,
  -3.42771506e+00},
 {-1.38860509e-01, 9.72192585e-02,-1.02562821e+00, 4.56315041e+00,
   4.91481304e-01, 4.57258970e-01,-3.01066954e-02, 1.55237556e-01,
  -3.01484108e+00},
 { 3.88141759e-02, 1.70955226e-01,-5.21684885e+00, 2.96389580e-01,
   5.48591805e+00, 1.43056631e+00, 4.23610777e-01, 1.97314218e-01,
  -2.28642917e+00},
 { 1.71611893e+00, 5.73174775e-01,-1.01628137e+00, 8.20397556e-01,
  -2.55915105e-01, 1.77897766e-01, 4.49635220e+00, 1.19235307e-01,
  -3.63969946e+00},
 {-4.61249752e-03,-1.66474693e-02, 1.60931957e+00,-2.00358891e+00,
  -2.94476002e-01,-2.98271084e+00,-3.31846662e-02, 5.57393372e-01,
   3.33231640e+00},
 { 1.22132316e-01,-6.88623711e-02, 4.47091579e+00, 3.38906646e+00,
   3.65427256e+00,-2.39361000e+00, 1.20277710e-01,-1.33043480e+00,
   1.78852820e+00},
 { 5.39353943e+00, 3.74894190e+00, 3.03967834e+00, 2.59946641e-02,
  -4.00978513e-03, 4.33251485e-02,-7.78339434e+00,-1.06124971e-02,
   1.01929521e-02},
 {-2.55903974e-02,-5.21368310e-02,-1.54846561e+00, 1.83855556e-02,
  -1.78306055e+00,-4.28281650e-02,-1.13249563e-01,-1.41459808e-01,
   3.47324681e+00},
 { 3.19370300e-01,-3.61927375e-02,-1.29208326e+01,-5.46247475e-02,
  -4.82992381e-02, 1.36123836e-01,-1.15087497e+00, 1.06470548e-02,
  -1.63601667e-01},
 { 1.94386416e-03,-3.16745341e-02, 6.42350972e-01, 1.31032717e+00,
   1.11375201e+00,-1.87025160e-01, 6.50750548e-02, 7.24312162e+00,
  -1.32660711e+00},
 {-7.65339062e-02,-1.25943109e-01, 3.86333680e+00, 2.44178581e+00,
  -5.16225719e+00,-2.19951701e+00, 9.56787542e-02, 6.62810057e-02,
  -2.50743198e+00},
 { 2.08717972e-01, 3.06242418e+00,-1.54821956e+00,-3.50626633e-02,
   3.78904901e-02,-1.46010369e-01, 7.90119505e+00,-6.09424151e-03,
   1.02526329e-01},
 { 2.06115746e+00, 4.53492403e+00, 2.98507404e+00,-1.32450432e-01,
  -1.71932161e-01,-7.16100819e-03,-3.17828631e+00,-1.30903915e-01,
   3.26226167e-02},
 { 1.03891850e-01,-1.72828913e-01,-5.28959513e+00, 2.85898280e+00,
   9.51726437e-01,-2.71326631e-01, 3.02170575e-01, 2.36263442e+00,
   3.86127901e+00},
 {-4.16201092e-02, 9.66281071e-02, 1.60110836e+01,-4.99701351e-02,
  -5.35804778e-02, 1.29749086e-02, 1.47187874e-01, 2.32569547e-03,
   1.49881979e-02},
 {-5.22776274e-03, 3.92115815e-03,-3.92175168e-02,-3.06580961e-01,
  -1.12150204e+00,-1.85070690e-02,-1.60205681e-02,-1.90589869e+00,
   3.33290398e-02},
 {-3.95213328e-02,-9.08375531e-03,-9.41523850e-01,-9.76295114e-01,
   3.64523768e-01, 1.35676652e-01, 8.45442638e-02,-2.31053686e+00,
  -2.17345977e+00},
 {-2.93118355e-04,-6.32095337e-03, 9.47802234e-03, 2.18694091e+00,
   3.53902912e+00, 1.09455025e+00, 3.35079990e-02,-6.91362047e+00,
   3.59638222e-02},
 { 8.44553411e-02, 1.39312774e-01, 1.03263245e+01, 4.04348373e-01,
   1.20695388e+00,-2.89260805e-01, 3.16096693e-01, 9.63076472e-01,
  -3.58518362e+00},
 { 2.62167696e-02, 3.14253494e-02, 4.06962931e-01, 2.85757899e+00,
   3.80528212e+00,-1.50130641e+00,-1.80338463e-03, 6.67145848e-01,
  -1.80004394e+00},
 { 5.17001057e+00,-2.53363895e+00,-3.20735502e+00, 5.66717982e-03,
   2.33435687e-02, 4.87812422e-03, 1.17837582e+01,-5.78174777e-02,
   1.90923177e-02},
 { 4.35680039e-02, 5.48539720e-02, 1.59798133e+00,-1.10625684e+00,
   4.57305574e+00,-2.03607368e+00,-2.95213293e-02,-2.10150409e+00,
   2.48696327e+00},
 {-7.72191444e-03, 2.88460124e-02, 1.89277782e+01, 1.42609691e-02,
   2.46490422e-03,-7.45911598e-02,-2.38792934e-02, 6.40523667e-03,
   1.01707093e-02},
 { 2.63300270e-01, 1.25026941e-01,-3.80135322e+00, 1.12557054e+00,
   2.99621701e+00, 5.72261691e-01, 4.95698452e-02,-3.40519047e+00,
  -3.35849166e+00},
 { 5.55775881e+00, 3.35874081e+00, 3.68489552e+00,-4.60588746e-03,
  -5.55230193e-02,-1.01462096e-01,-1.29423590e+01, 6.07972443e-02,
   8.11503902e-02},
 {-4.54485193e-02, 1.53353959e-01, 6.92098522e+00, 2.06753206e+00,
  -2.39958763e+00, 1.76093411e+00, 4.02079374e-01,-3.83419901e-01,
  -1.34889984e+00},
 {-9.27074626e-02,-5.73462844e-02, 3.58146262e+00,-1.41306233e+00,
  -1.87555635e+00,-2.51497477e-02, 2.77274817e-01,-2.41862988e+00,
  -3.43363023e+00},
 { 1.01283801e+00, 1.06933758e-01,-1.13454323e+01, 1.10668518e-01,
   1.50727749e-01,-1.81337481e-03, 1.00142932e+00, 1.30278707e-01,
   4.09619421e-01},
 {-1.04845561e-01, 3.47209387e-02,-1.59848106e+00, 4.39830732e+00,
  -1.48790574e+00, 9.64261651e-01,-6.81446679e-03, 5.47846317e+00,
  -3.08030581e+00},
 {-4.06884766e+00,-3.59706187e+00,-8.85434389e-01, 4.94339205e-02,
   1.54950485e-01,-6.88771233e-02, 1.19004250e+00,-1.10815190e-01,
   5.56670874e-03},
 { 3.08365636e-02, 1.01991452e-01, 4.38349104e+00, 3.86519456e+00,
  -7.50736296e-02, 9.96628165e-01,-1.35325536e-01,-2.82103491e+00,
   2.65451503e+00},
 {-1.01404643e+00,-5.96099043e+00,-1.23053682e+00,-2.17110757e-03,
  -4.28089965e-03, 5.47598442e-03, 4.26626968e+00,-1.58298214e-03,
   8.52396060e-03},
 { 7.38223866e-02, 4.47799414e-02, 2.88517332e+00,-3.01899338e+00,
   4.32244718e-01, 3.55305696e+00,-3.37140192e-03,-1.27316260e+00,
  -4.68137407e+00},
 {-4.33271937e-03, 1.38001153e-02,-5.92304245e-02, 2.14206433e+00,
   1.90966117e+00,-2.06844115e+00,-1.32993674e-02, 8.85345078e+00,
   2.49379445e-02},
 { 3.93187547e+00,-1.35430241e+00,-5.00118494e-01, 1.73968710e-02,
  -1.62516162e-02, 1.48956686e-01, 8.42226696e+00,-2.93180402e-02,
   2.27669664e-02},
 { 3.13809323e+00, 2.47207069e+00,-1.62031994e+01,-1.60784442e-02,
   1.79161225e-02,-5.66148460e-02, 1.06411381e+01,-7.93777220e-03,
  -2.80597024e-02},
 { 3.08592367e+00, 2.01745749e+00,-1.70249939e+00, 1.80992503e-02,
  -1.39363464e-02, 1.03964403e-01,-7.50848866e+00, 2.44171433e-02,
  -2.52000149e-02},
 {-6.51733652e-02,-3.56807671e-02, 3.11313128e+00,-1.69931069e-01,
   1.86389911e+00, 9.80561972e-02, 1.86942536e-02, 1.01568949e+00,
   5.73973846e+00},
 {-2.27249954e-02,-9.83198266e-03, 1.64803910e+00, 2.76076794e-01,
   1.56212771e+00, 3.04221152e-03,-7.62377381e-02, 7.30782223e+00,
   1.26288819e+00},
 {-4.35465239e-02,-1.64219767e-01,-3.87391329e-01,-5.03560662e-01,
   4.49772882e+00, 4.09442842e-01, 4.95593287e-02,-5.05091906e+00,
  -4.92281690e-02},
 { 4.01626155e-03,-4.36946787e-02,-6.43780887e-01, 2.24902201e+00,
  -4.95182180e+00, 1.83555770e+00, 1.19679086e-02, 3.66078210e+00,
   1.71254575e+00},
 {-1.09516578e-02, 3.38816494e-02, 6.48529291e+00,-2.02703786e+00,
   6.24407887e-01,-8.60753775e-01,-4.15803418e-02,-1.47568393e+00,
   4.18756247e+00},
 { 5.55859995e+00,-4.19807434e-01, 1.82685578e+00,-2.69132584e-01,
   2.32323143e-03, 6.51777461e-02,-5.44884729e+00,-5.84942661e-02,
  -3.02001983e-01},
 { 6.20760284e-02, 1.22403860e-01,-3.37443399e+00, 3.54111284e-01,
   1.72808480e+00,-6.59047246e-01, 5.26223555e-02, 1.25115073e+00,
  -3.30721045e+00},
 { 3.90741897e+00,-1.06232858e+00, 2.47121406e+00, 1.24153301e-01,
  -3.51372473e-02,-5.09615652e-02,-1.01900673e+01, 6.36144504e-02,
   9.82300565e-02},
 { 1.21550569e-02, 9.32550710e-03,-8.85676369e-02, 4.02802992e+00,
  -7.38742054e-01, 1.64637208e+00, 1.50435697e-02,-1.02499657e+01,
  -1.89679489e-02},
 { 4.59588505e-02, 7.37659335e-02, 1.03070366e+00,-2.58698392e+00,
   3.00738430e+00, 5.16279697e-01,-1.17873535e-01,-4.97978926e+00,
  -1.23607504e+00},
 { 8.99521355e-03, 2.13176832e-02,-6.14972860e-02, 1.30979216e+00,
   2.04702330e+00,-9.12006259e-01,-2.63483799e-03,-2.06502929e-01,
   2.10116649e+00},
 { 3.82918958e-03, 4.28296849e-02,-1.80167222e+00,-1.25508353e-01,
  -1.82795203e+00,-4.76948828e-01,-1.79350097e-02,-7.38632631e+00,
   9.18878734e-01},
 {-6.39736354e-02, 2.36459989e-02,-6.07089710e+00, 1.78298557e+00,
  -9.37831283e-01, 1.71887505e+00,-1.45214170e-01,-1.25559127e+00,
  -4.68901777e+00},
 { 4.64080381e+00, 1.13566947e+00,-4.03481007e+00, 5.17317876e-02,
   7.35876858e-02, 5.29467799e-02, 8.03424931e+00,-8.62711146e-02,
  -5.60635366e-02},
 {-1.72850060e+00,-4.06104177e-01,-3.15288949e+00,-4.40807603e-02,
   2.93080555e-03,-1.17247507e-01, 4.16965675e+00,-2.76644565e-02,
   6.23869561e-02},
 { 3.61866903e+00, 2.28916064e-01, 4.12533236e+00, 1.47690281e-01,
  -1.39611578e-02, 1.72333330e-01,-3.82954860e+00, 4.25369471e-01,
  -3.55150163e-01},
 { 5.10051203e+00,-1.70850110e+00,-3.19783020e+00,-3.70436385e-02,
   3.98892630e-03, 1.01504482e-01, 9.14825821e+00, 3.87486145e-02,
  -3.56282517e-02},
 { 1.37098515e-02,-1.41392993e-02,-1.23674572e-01, 4.38673544e+00,
  -1.19628322e+00, 1.67133009e+00,-7.46458173e-02, 2.81784534e+00,
   4.10301256e+00},
 { 5.33355951e-01,-1.46165323e+00,-1.00627947e+01, 6.10539205e-02,
   2.98440814e-01, 9.71476808e-02,-2.68066883e+00,-2.99027205e-01,
   5.09593248e-01},
 {-2.53680468e-01, 1.16886966e-01, 7.97285461e+00, 1.22451805e-01,
  -8.05224851e-02,-5.95250785e-01, 3.75494391e-01, 1.23973429e+00,
   4.99365062e-01},
 { 2.27571931e-02, 1.04826897e-01,-3.32507896e+00, 3.27731538e+00,
  -1.23833311e+00,-1.36040008e+00,-8.55817124e-02, 5.70206833e+00,
   1.76052928e+00},
 {-9.04209097e-04,-2.00677309e-02,-1.44079074e-01, 4.95281637e-01,
   3.19390237e-01, 8.37201500e+00,-4.29402804e-03, 9.73902345e-01,
  -3.70632485e-02},
 { 9.88489203e-03, 6.78853830e-03,-1.47234261e-01,-1.62665118e-02,
  -6.97684847e-03,-7.02774286e+00, 5.52824000e-03,-4.05948125e-02,
  -1.88851506e-02},
 {-1.20711271e-02,-7.44856596e-02,-9.50475395e-01,-4.48009300e+00,
  -2.45781159e+00, 1.53611517e+00,-2.79478151e-02, 1.08178854e+00,
  -7.31087115e-04},
 { 2.81588323e-02,-9.29895602e-03, 9.45077479e-01,-1.45644605e+00,
  -4.19989318e-01,-5.31295836e-01, 1.35259107e-02, 1.73385167e+00,
  -1.51874650e+00},
 {-8.52893945e-03,-8.77602212e-03, 2.95493335e-01, 4.40893173e+00,
  -1.49087846e+00,-1.63868153e+00,-5.87984314e-03, 1.11102228e+01,
   4.75725438e-03},
 { 5.66994309e-01,-4.02994776e+00,-1.56095207e-01,-2.47603450e-02,
  -4.49964888e-02, 3.44702899e-02, 1.42066848e+00, 2.26938874e-02,
   3.22401710e-02},
 {-5.54105304e-02, 9.96834040e-03,-4.45033424e-02,-2.17577505e+00,
   7.41643429e-01, 2.05334067e+00, 2.82867160e-02,-2.56635332e+00,
   4.61899154e-02},
 { 2.00304866e-01,-2.08731949e-01, 1.41276369e+01, 6.65058345e-02,
  -1.98773835e-02, 1.31012097e-01,-3.17548811e-01, 2.65258312e-01,
   1.05630077e-01},
 {-1.46677415e-03,-2.52193795e-03,-1.48042783e-01, 1.03061628e+00,
   3.13836622e+00, 1.01654303e+00, 1.67220607e-02,-5.47911930e+00,
  -1.15441523e-01},
 {-3.23423767e-03,-2.09426321e-02, 2.16011330e-01, 4.44090843e+00,
   1.19891703e+00,-6.98781550e-01, 1.90516133e-02, 1.41128862e+00,
   2.25074477e-02},
 { 1.58949986e-01, 8.64911079e-03, 6.22681379e-01,-3.59456849e+00,
  -2.94672298e+00,-2.74708724e+00, 1.38700560e-01, 4.68069166e-01,
  -3.70693660e+00},
 {-1.95987988e+00,-1.34984004e+00, 3.57565022e+00, 6.75986633e-02,
   2.97376160e-02, 6.08216338e-02,-4.07041979e+00, 3.92661011e-03,
  -8.49273875e-02},
 {-2.26677228e-02,-2.94682104e-02, 7.93212414e-01, 1.57043004e+00,
  -1.07923412e+00, 1.16395950e+00, 9.72270891e-02, 2.69341111e-01,
  -2.55696964e+00},
 {-8.26399401e-03,-3.13930446e-03, 3.22202861e-01, 4.74518204e+00,
  -2.26994801e+00,-2.26284891e-01,-7.52921682e-03, 9.48859692e+00,
   1.76171381e-02},
 { 2.15585437e-03,-5.37238196e-02, 2.19716683e-01,-4.19513464e-01,
   6.24673247e-01, 5.94240725e-01, 5.80550507e-02,-3.04722929e+00,
   2.45859385e+00},
 {-2.95319036e-02, 7.60063902e-02, 2.13529611e+00,-3.76228571e+00,
   5.71987009e+00, 3.48231149e+00, 3.30569558e-02,-2.22573504e-01,
   3.74183273e+00},
 { 4.21221924e+00,-1.91141522e+00, 3.33594656e+00, 1.30639337e-02,
  -5.08893793e-03,-5.48462104e-03,-1.18168888e+01, 1.45315509e-02,
  -1.61404274e-02},
 { 1.57542035e-01,-1.71573371e-01,-5.42345524e+00, 1.15695763e+00,
  -2.97651982e+00,-4.86731231e-01, 2.63663959e-02, 2.63082433e+00,
   4.29367304e+00},
 {-1.83638528e-01,-1.94267139e-01, 6.04269123e+00, 3.42286825e+00,
  -9.47050989e-01,-1.71717286e+00,-3.27019393e-02, 4.24784452e-01,
  -4.21064949e+00},
 { 3.91539093e-03, 4.30495804e-03, 5.42241752e-01, 3.19338775e+00,
   2.71340370e+00,-7.10351884e-01,-3.11430376e-02,-5.59485579e+00,
  -7.74625465e-02},
 {-7.03909481e-03, 1.88027858e-03, 1.06896326e-01, 2.68127203e+00,
  -5.11691451e-01, 2.36742333e-01,-8.11321475e-03, 8.41963768e+00,
  -7.44158402e-04},
 {-1.91568141e-03,-1.78299174e-02,-6.71339855e-02, 4.30848539e-01,
  -6.19961119e+00, 9.70200658e-01,-1.24462433e-02, 1.82988179e+00,
  -1.98319498e-02},
 { 3.68270613e-02,-3.48062553e-02,-3.11066780e+01,-1.24595286e-02,
  -2.56550033e-02, 1.13407560e-01,-2.30013877e-02, 2.31900364e-02,
  -2.02200562e-02},
 {-1.44741178e+00,-3.19300866e+00,-2.82480693e+00,-8.76945108e-02,
  -9.66125578e-02, 2.17947587e-02, 4.48332500e+00, 8.35424513e-02,
   6.38076290e-02},
 { 1.77602191e-02, 1.80126112e-02, 5.84350169e-01, 1.22724473e+00,
  -2.17282724e+00, 2.51915842e-01,-1.52106490e-03,-7.72979069e+00,
   5.96153557e-01},
 {-9.58895963e-03, 2.24694591e-02,-4.52960469e-02, 3.79812151e-01,
   2.82791042e+00,-1.07126586e-01,-3.38066258e-02, 7.05126667e+00,
   2.30202470e-02},
 { 2.46804595e-01,-2.53343582e+00, 5.16136885e+00, 8.69945064e-02,
   1.68754179e-02, 6.29450604e-02,-6.81117868e+00, 2.53775716e-02,
  -9.98558626e-02},
 { 1.87728429e+00, 2.22999787e+00,-2.25273681e+00, 8.38575140e-02,
   8.85290876e-02, 1.09536007e-01, 8.49864101e+00,-9.20282975e-02,
  -9.86793116e-02},
 { 1.63898766e+00, 4.02957153e+00, 1.89953685e+00,-2.93955095e-02,
   5.32539226e-02, 2.55855173e-01,-4.67887670e-01,-1.92077179e-02,
  -3.37925069e-02},
 { 1.21203158e-02,-3.14486362e-02,-7.64955461e-01, 1.96329579e-01,
  -1.13177931e+00, 2.84641720e-02, 2.55949758e-02, 4.18345690e+00,
   3.44289804e+00},
 {-1.25916265e-02, 3.73059139e-02, 3.73507142e-02, 2.44518995e+00,
  -2.01502657e+00, 6.89382374e-01,-1.35170268e-02,-8.89620018e+00,
  -1.84558526e-01},
 {-1.62311178e-02, 2.63335072e-02, 2.75343633e+00, 6.05895102e-01,
  -1.25061655e+00,-1.10839866e-01,-2.97378283e-02, 3.13894773e+00,
  -3.91398430e+00},
 {-2.01121178e-02, 9.90433060e-03,-1.10887609e-01,-2.48627043e+00,
  -3.60945106e-01, 2.73430109e-01, 1.19318254e-02,-2.85275519e-01,
  -8.71919245e-02},
 { 1.77738500e+00,-3.05323029e+00,-4.16323215e-01, 3.27440463e-02,
   1.45638287e-02, 4.51583788e-02, 4.65085983e+00,-7.63065442e-02,
  -1.02320366e-01},
 { 2.15178028e-01,-1.54082313e-01,-2.40142941e+00,-1.18686259e+00,
  -1.76722133e+00,-1.90983331e+00, 7.80894980e-02, 2.80431151e+00,
   4.46597672e+00},
 { 3.85914780e-02,-1.14980908e-02, 5.57602718e-02, 1.64811754e+00,
  -3.89967322e+00, 1.81035125e+00,-1.38066765e-02,-7.79521525e-01,
  -7.67140314e-02},
 { 1.87377214e+00,-1.93611741e+00,-8.57293797e+00,-8.37886408e-02,
   4.65851948e-02, 2.61734188e-01, 5.17546844e+00, 3.04351509e-01,
   4.64088842e-02},
 { 2.64836550e+00,-1.98652148e+00,-1.14077997e+00, 2.01304583e-03,
  -9.55625717e-03,-6.97969869e-02, 1.64925277e+00,-2.19979286e-02,
   6.22703955e-02},
 {-1.04366422e+00, 5.14970493e+00, 1.03787363e+00,-8.27125758e-02,
  -1.00457422e-01,-3.48309358e-03,-5.18681860e+00, 8.00517797e-02,
   9.73077342e-02},
 { 2.17881668e-02,-3.96824837e-01,-6.38503361e+00,-2.34759760e+00,
   1.37674868e+00, 3.93231690e-01, 8.49759281e-02, 5.37105680e-01,
   3.85379386e+00},
 {-3.76550928e-02,-2.81533860e-02, 3.54955375e-01, 1.58775079e+00,
   6.69727385e-01,-3.05019736e-01, 4.21874002e-02, 2.16611934e+00,
  -3.48069593e-02},
 { 3.84363085e-02,-2.74790913e-01, 8.00441837e+00, 3.01611960e-01,
  -2.46324086e+00, 6.18033260e-02,-2.58616537e-01, 8.70929733e-02,
   3.41841197e+00},
 { 3.20589375e+00,-1.70870960e+00,-4.40661287e+00, 3.98979150e-02,
   1.65442914e-01,-2.09668323e-01, 4.22598600e+00, 1.24390841e-01,
   1.58528656e-01},
 {-2.93724179e+00, 2.78315187e+00, 4.49351978e+00,-4.35992517e-03,
   4.16482203e-02,-1.99129403e-01,-7.49372435e+00, 2.80829091e-02,
   3.41826528e-02},
 { 1.87583044e-02, 3.09683848e-03, 1.21122330e-01, 1.20012236e+00,
  -2.16537714e+00, 9.68396485e-01,-6.26198351e-02,-5.27336359e+00,
  -3.92727405e-02},
 { 1.08429778e+00,-4.43423271e+00,-4.54052210e+00,-1.73838735e-02,
  -7.31299864e-03,-4.05469418e-01, 6.11599302e+00, 2.66464241e-02,
  -1.12910740e-01},
 {-7.34274788e-03,-7.42168166e-03, 1.40959516e-01, 1.27266777e+00,
  -2.79565215e+00,-1.69455722e-01, 1.21048456e-02, 6.61788225e+00,
   2.48441268e-02},
 { 1.59523404e+00,-4.38978243e+00,-6.21933270e+00, 5.86167583e-03,
   3.13885659e-02,-5.17305620e-02, 9.49088287e+00,-2.63242498e-02,
   1.99523177e-02},
 {-3.26607749e-03,-3.94347310e-03,-1.95679963e+00,-7.74497867e-01,
   7.00655401e-01,-1.00216472e+00, 8.17575604e-02, 6.39028692e+00,
  -2.36897326e+00},
 { 3.76935815e-03,-5.82355075e-02,-3.96002024e-01,-9.81718302e-01,
   1.12681496e+00, 6.24477938e-02,-1.74669735e-02,-6.53820896e+00,
   6.79865479e-01}};

const float b1[sz_hid_1] = {-5.9426265 ,-1.3607147 ,-7.644331  ,-1.1713037 ,-3.8402812 ,-7.333689  ,
 -6.287225  ,-6.7243223 ,-8.409899  ,-2.440039  , 0.7889156 ,-7.5337667 ,
 -2.4953582 ,-5.4818397 ,-7.298714  ,-2.433338  ,-5.6852536 ,-6.959862  ,
 -1.9779776 ,-3.942542  ,-2.672156  ,-4.658681  ,-8.985931  ,-6.566074  ,
 -3.4139543 ,-5.1302156 ,-2.8054955 ,-3.029874  ,-1.4007748 ,-5.0753117 ,
 -7.6236086 ,-7.649754  ,-5.148454  ,-5.6831045 , 0.2795609 , 0.1572899 ,
 -1.6411148 ,-1.6197451 ,-5.489578  ,-4.693349  ,-3.2798285 ,-5.6758003 ,
 -0.01304819,-5.91741   ,-2.7455854 ,-6.980627  ,-4.436529  ,-3.7603245 ,
 -4.5730934 ,-4.4062996 ,-4.082315  ,-2.741447  ,-5.020558  ,-5.9386854 ,
 -4.4050593 ,-6.7336698 ,-3.5031822 ,-5.530701  ,-7.1163893 ,-6.295235  ,
 -4.9747634 ,-4.826565  ,-6.639242  ,-2.611946  ,-6.645533  ,-5.029808  ,
 -6.9447694 ,-2.5776303 ,-7.694301  ,-5.660048  ,-6.398877  ,-2.0942724 ,
 -6.096148  ,-4.126113  ,-4.977574  ,-4.6127605 ,-3.8945215 ,-3.5426178 ,
  0.41220194,-0.6548015 ,-4.6323147 ,-1.78062   ,-3.6090143 ,-0.9712441 ,
 -1.885999  ,-1.7802576 ,-2.0984156 ,-3.4796445 ,-5.9560933 ,-0.2407361 ,
 -1.4136577 ,-4.757329  ,-1.5516415 ,-7.3145394 ,-6.9872694 ,-7.5539174 ,
 -5.747736  ,-2.4850998 ,-3.6973252 ,-5.0327845 , 0.01797826,-2.9479232 ,
 -7.1251698 ,-6.6104374 ,-3.3295755 ,-7.0396357 ,-2.668629  ,-2.1488738 ,
 -6.1279397 ,-2.5823586 ,-0.734793  ,-2.5008488 ,-5.1524463 ,-3.0256858 ,
 -7.450283  , 0.6829409 ,-6.4746947 ,-6.866185  , 0.18649246,-6.0942826 ,
 -4.0403934 ,-6.641593  ,-2.8334427 ,-5.952201  ,-1.098438  ,-0.28432044,
 -6.892248  ,-4.652611  };

const float w2[sz_hid_2][sz_hid_1] = {{-1.29431725e+01,-4.76606250e-01, 9.80668306e-01,-1.38266718e+00,
   4.41905648e-01, 3.72373056e+00, 9.67447948e+00,-2.22909427e+00,
  -1.33882198e+01,-8.19653225e+00,-3.44384871e-02, 1.26101351e+00,
   6.70815527e-01,-4.35663033e+00, 5.66553974e+00, 3.91642064e-01,
   2.95478678e+00, 1.47939646e+00,-1.37825022e+01, 9.75072765e+00,
  -2.39042902e+00,-3.75774837e+00,-9.32617760e+00, 5.22346199e-01,
  -9.49882686e-01,-6.60085618e-01,-1.59084415e+00, 2.05491751e-01,
  -1.47551525e+00, 2.63041210e+00, 2.80476379e+00, 1.10554790e+01,
   2.95731473e+00, 3.89821029e+00, 6.14218175e-01,-6.87629998e-01,
  -1.48415875e+00,-8.95416200e-01,-1.00539458e+00, 4.31501299e-01,
   1.37324846e+00, 2.13096309e+00, 2.27677122e-01, 3.15346098e+00,
  -8.07758272e-01,-2.35067534e+00, 6.84784591e-01,-3.18073368e+00,
  -1.29949498e+00, 3.79073238e+00, 1.82594597e-01, 1.28023714e-01,
  -2.39683151e+00, 5.15128434e-01,-2.19294596e+00, 1.44019378e-02,
   5.27633309e-01, 4.18993235e+00, 2.25843358e+00,-1.37119782e+00,
  -1.32825434e+00,-1.22228420e+00, 3.76531601e+00, 1.10424936e+00,
   7.51309252e+00, 6.33949088e-03, 2.08645105e+00,-1.05690646e+00,
  -3.41553712e+00, 2.53165054e+00, 2.77355027e+00,-3.29554482e+01,
  -6.02901764e-02, 1.09045243e+00,-4.09294891e+00,-3.26226234e+00,
  -2.05405974e+00,-1.32155788e+00, 2.34869003e-01, 8.99273753e-01,
   2.90599376e-01, 1.51661766e+00, 2.58380562e-01,-3.69809270e+00,
  -8.20996404e-01,-1.00573361e+00, 1.57105878e-01, 5.38319170e-01,
  -4.28427190e-01, 7.61112356e+00, 1.26033974e+00, 1.19346213e+00,
  -2.63480282e+00,-1.79924116e-01,-4.45922804e+00, 2.36227608e+00,
  -1.27995074e+00, 1.56538510e+00, 6.93943381e-01, 3.74362111e-01,
   1.35471261e+00, 4.51131296e+00,-2.82754111e+00,-3.33266926e+00,
  -8.00440311e+00, 1.08454049e+00,-2.90682673e+00, 5.85292518e-01,
   2.51292443e+00,-2.47391105e+00, 8.77179682e-01, 1.56410182e+00,
  -2.19040561e+00,-2.08847618e+00,-5.97371042e-01,-8.55017376e+00,
   4.10638285e+00, 5.74902248e+00,-9.67199922e-01, 2.37688739e-02,
   7.79862940e-01,-1.23076677e+01,-1.25195503e+00,-5.16466331e+00,
   3.63183737e-01, 6.12442684e+00,-1.78811178e-01, 6.07331657e+00},
 {-4.14359617e+00, 1.75306726e+00, 4.28364801e+00,-6.56026268e+00,
   1.19440472e+00,-2.89205027e+00, 1.12654982e+01,-3.04053473e+00,
   2.92256999e+00, 1.91688514e+00,-4.12197173e-01, 1.31512547e+00,
  -2.50494123e-01,-3.88736463e+00,-3.14343929e+00,-1.79775476e-01,
   4.70775223e+00, 5.96924782e+00, 8.14497888e-01,-3.39261127e+00,
   1.83367479e+00, 1.05609446e+01,-1.83106029e+00,-3.27961135e+00,
   2.88640410e-01,-3.50988770e+00,-1.60052919e+00,-7.70384407e+00,
  -5.71930408e+00,-2.39480534e+01,-6.76017237e+00,-3.41806459e+00,
   2.12626958e+00, 3.50320864e+00,-7.15372920e-01,-6.89788580e+00,
   7.85451126e+00, 8.57985437e-01, 6.27736139e+00, 6.81980085e+00,
  -3.15216017e+00,-1.21168122e-02, 1.03890359e+00,-1.14662189e+01,
   2.51716924e+00,-3.92860383e-01,-7.19058943e+00, 2.93294501e+00,
   1.86699522e+00, 1.21325636e+00,-1.66087615e+00, 2.58167815e+00,
   1.49860179e+00,-2.68701577e+00, 3.39825082e+00,-2.42616057e+00,
  -4.01383430e-01,-8.58244705e+00,-6.82218552e+00, 3.74253064e-01,
  -2.00102016e-01, 9.04512501e+00,-3.49046946e+00,-7.35540819e+00,
  -4.98246193e+00, 1.82374835e+00,-2.58358097e+00,-1.37218451e+00,
   3.01203775e+00, 2.53248572e+00, 1.12257586e+01, 2.78514457e+00,
  -8.25839138e+00,-1.30152106e+00, 2.93781281e+00,-1.11359537e+00,
   4.50177765e+00, 1.89045775e+00,-9.90728498e-01, 7.36221433e-01,
  -1.25307167e+00,-5.42375660e+00,-4.95153278e-01,-3.43287015e+00,
  -2.93603969e+00,-1.17264662e+01, 1.44943917e+00, 2.27754831e+00,
   3.64485145e+00,-6.01389694e+00,-2.01583838e+00, 1.46176374e+00,
  -8.60389805e+00, 4.54674006e+00, 6.56873941e+00,-2.17076302e+01,
  -3.10499287e+00,-2.05050445e+00,-4.63103533e+00,-2.74644113e+00,
   1.69223261e+00, 3.02073741e+00,-5.85925627e+00, 1.46388030e+00,
   2.86751652e+00, 3.06071615e+00, 3.56030911e-01, 8.20980930e+00,
  -3.57099986e+00,-1.10523832e+00, 5.42305708e+00, 3.15963459e+00,
  -2.39252090e-01, 3.48279905e+00,-2.86539412e+00,-1.29259348e+00,
   1.09605432e+00, 2.82837057e+00,-4.76271963e+00, 3.23558378e+00,
   4.43559217e+00, 1.38271630e+00, 1.34920824e+00, 5.25501013e+00,
  -9.06468511e-01,-2.11881876e+00, 1.31284606e+00,-2.99234605e+00},
 {-5.61943576e-02, 1.32415059e-03,-1.52710010e-03,-1.33063840e-02,
   7.11252838e-02,-7.38827735e-02,-2.07106881e-02, 3.40700001e-02,
  -2.90677957e-02, 9.03116912e-03,-3.85921970e-02,-8.00313875e-02,
  -6.04095012e-02, 1.97479650e-02,-5.98865673e-02, 1.12676322e-02,
   4.66532707e-02,-2.39984281e-02,-1.48792267e-02,-3.23441066e-02,
  -6.10232279e-02,-1.07109986e-01,-7.57733434e-02,-9.54456553e-02,
   9.57441609e-03, 2.14300267e-02,-3.24122794e-02,-1.10058993e-01,
  -1.81180034e-02,-7.51170814e-02,-6.34082407e-02,-8.11932981e-02,
  -9.80429500e-02,-4.40565124e-03,-9.25178081e-02,-9.43912640e-02,
   2.06600092e-02,-8.54583234e-02,-8.75813141e-02,-3.79902497e-02,
  -5.75581426e-03,-5.19831330e-02, 5.45431953e-03,-1.62905524e-03,
  -5.51864468e-02, 5.63345524e-03,-1.09650105e-01,-2.00446080e-02,
   1.40529247e-02,-2.29929723e-02,-1.17580123e-01, 3.07232086e-02,
   1.39471106e-02,-9.47782677e-03,-1.88169628e-02, 2.10799389e-02,
  -8.40970427e-02,-6.60751341e-03, 7.96676725e-02,-7.04040080e-02,
  -8.33264738e-02,-5.57586662e-02, 1.30490130e-02,-3.67770530e-02,
  -5.63683212e-02,-1.60470186e-03,-3.08191609e-02,-3.33281383e-02,
  -3.94171514e-02,-9.53842625e-02,-2.64322106e-02,-8.50205868e-03,
  -9.48161408e-02,-1.16791744e-02,-2.07482670e-02,-7.38029629e-02,
  -8.51674452e-02, 9.35891061e-04,-1.24345213e-01,-2.25798525e-02,
  -3.68154645e-02,-1.94679722e-02,-1.29246369e-01,-4.05652449e-02,
  -3.36846374e-02,-8.73592794e-02,-9.11571756e-02, 6.50252998e-02,
  -7.37695536e-03, 2.68233870e-03, 4.67884587e-03,-1.61357000e-02,
   2.68014614e-03, 5.85415140e-02,-3.08769681e-02,-2.12283041e-02,
   6.53787982e-03,-4.48270738e-02,-1.01761729e-01,-8.60514864e-02,
  -2.53985375e-02, 6.16419837e-02, 5.60531653e-02, 3.08752269e-03,
   2.27544550e-02,-1.24214344e-01,-8.24243128e-02,-9.37086493e-02,
   2.03482248e-02,-1.23447040e-02,-5.43096587e-02, 4.30327561e-03,
  -7.42441192e-02,-7.08569735e-02, 2.22596228e-02,-3.99950631e-02,
  -7.32176602e-02,-6.89145252e-02,-5.51433079e-02, 1.06865484e-02,
  -3.16139571e-02,-5.47909997e-02, 2.56086923e-02, 2.28932942e-03,
  -1.34220257e-01,-7.27078915e-02, 4.71043075e-03, 3.13708521e-02},
 {-5.67520782e-03,-2.67937854e-02,-2.46313408e-01, 3.45501065e+00,
  -1.84150692e-03, 1.01597782e-03, 8.66042495e-01, 6.47237571e-03,
  -2.30014510e-02,-3.02263983e-02,-1.68108612e-01, 6.51604950e-01,
   2.03611517e+00, 2.53637438e-04, 3.80834788e-01, 6.36356301e-04,
  -1.06615433e-02,-1.74016976e+00, 4.53472063e-02,-8.25381186e-03,
  -8.10193457e-03, 2.32216045e-02,-4.75206804e+00, 7.40076369e-03,
  -3.26103896e-01,-1.75618172e-01,-2.10797917e-02, 1.05246389e-02,
  -3.68047655e-02,-2.00953454e-01,-1.07431494e-01, 5.84435125e-04,
   1.70285683e-02, 4.70642233e-03, 4.18031476e-02,-5.01938537e-02,
  -6.04022071e-02, 2.52336085e-01, 3.68170105e-02,-1.79365531e-01,
   8.50692112e-03, 3.67200136e+00, 4.39782292e-02,-1.31077394e+01,
  -6.59724697e-03, 9.48255807e-02, 5.31450287e-02, 5.31465299e-02,
  -3.36068235e-02, 7.61997420e-03, 1.09319417e-02,-5.83384885e-03,
   1.21518299e-02,-7.79437542e+00, 1.23500571e-01, 1.50593882e-02,
  -3.09501076e-03,-5.38508713e-01,-6.57651138e+01,-3.75873017e+00,
  -1.61660071e-02, 1.87030118e-02, 1.12033663e-02, 1.34322261e-02,
  -6.71594068e-02,-5.47868192e-01,-3.18380237e+00,-3.44754495e-02,
   1.33088386e+00, 6.03863550e-03, 4.04712744e-02,-3.04564387e-02,
   7.08429158e-01, 1.60946157e-02,-1.70280889e-03, 1.35939941e-01,
  -3.40469778e-01, 9.63164680e-03, 4.00671028e-02,-8.14405560e-01,
   1.73841083e+00,-6.59664929e-01,-1.18101621e+00, 1.34468067e-03,
  -4.16514015e+00,-5.97623885e-02,-2.18858385e+00, 3.75422418e-01,
  -1.68372504e-02,-5.07975332e-02, 8.14308785e-03, 7.17554212e-01,
  -1.15771648e-02, 4.13095616e-02,-1.85979344e-02, 6.84916973e-01,
   6.35075495e-02,-1.95814356e-01,-7.79883242e+00, 7.98343793e-02,
  -3.40596884e-02,-1.45390378e-02,-1.74750042e+00, 1.81401360e+00,
   5.45817390e-02,-2.75799572e-01, 5.56296576e-03,-1.11140981e-02,
   7.71961436e-02,-3.55726220e-02,-1.17453516e-01, 5.55718038e-03,
  -8.79083693e-01,-2.35333681e-01, 2.29054913e-01,-6.14344561e-03,
  -3.27488810e-01, 1.35474396e+00, 3.23166072e-01, 1.93560705e-01,
  -5.10237336e-01, 1.62107460e-02, 7.65513852e-02,-3.30026262e-02,
  -9.53542352e-01, 5.41335577e-03,-8.73966515e-02, 3.67177337e-01},
 { 2.30552629e-02,-1.09354395e-03,-1.08389342e-02,-3.53418775e-02,
   3.24895829e-02, 3.14877555e-02,-1.49725890e-02,-4.60415147e-02,
  -1.58928032e-03,-5.07137887e-02,-7.83271492e-02, 6.03713095e-03,
  -7.65508041e-02, 3.01361810e-02,-7.20560923e-02,-4.54638340e-02,
  -5.52991666e-02, 5.40145002e-02,-6.55129552e-02, 2.82540955e-02,
  -7.69594498e-03, 4.86747958e-02, 5.87077066e-03, 8.04517651e-04,
   5.92095256e-02,-6.75306767e-02,-5.13382033e-02,-8.58250484e-02,
  -7.67652392e-02,-8.16992018e-03,-3.08220671e-03,-3.83373350e-02,
  -1.59815878e-01,-6.78522438e-02, 1.93617269e-02, 2.93236598e-02,
  -1.24196798e-01,-4.57850769e-02,-1.02677241e-01,-1.28616288e-01,
  -1.32514223e-01,-2.72794906e-02,-2.14480758e-02,-1.16104849e-01,
  -1.78460870e-02, 6.58685043e-02,-4.06801775e-02,-3.69147137e-02,
  -5.46903200e-02,-4.81637120e-02,-5.51085025e-02,-4.58875485e-02,
  -7.85192326e-02,-8.45300928e-02,-2.52013188e-02,-5.58054969e-02,
  -1.64273870e-03,-4.60617952e-02,-2.17723753e-02,-8.52824301e-02,
  -2.18485668e-03,-5.53610772e-02,-2.48731729e-02, 6.13752287e-04,
   2.46804673e-02,-1.77903438e-03,-4.60889824e-02, 2.71979496e-02,
  -1.33489773e-01, 2.99262954e-03, 3.94043550e-02, 3.52697149e-02,
  -5.59351705e-02,-9.17024165e-02,-1.13380784e-02,-1.77218691e-02,
  -3.46956365e-02,-4.39263918e-02,-2.35269219e-02,-7.52484128e-02,
  -1.17879152e-01, 1.37785971e-02,-3.25996242e-02,-5.51894456e-02,
  -1.01984795e-02,-7.97863454e-02,-4.12926339e-02,-5.71780950e-02,
   2.82149017e-02,-1.59449622e-01,-1.16157725e-01,-1.02385595e-01,
  -5.42858317e-02,-9.25870016e-02,-1.46853002e-02,-7.71831125e-02,
  -7.29992762e-02,-1.21504791e-01,-2.76124966e-03, 3.31615619e-02,
  -2.64304373e-02,-1.58291571e-02,-9.70665962e-02,-4.62811925e-02,
  -1.13648020e-01,-9.46289226e-02,-1.45726614e-02,-9.06610023e-03,
  -4.23032716e-02,-1.96680129e-02,-8.41786861e-02,-1.44148385e-02,
  -6.97373077e-02,-6.06633537e-02,-5.96312471e-02,-5.75766228e-02,
  -1.16832495e-01, 9.09014884e-03,-5.68673797e-02,-9.22026783e-02,
   5.04325517e-02,-6.04002029e-02,-2.20357087e-02, 4.21947055e-02,
  -1.44262724e-02,-2.38311850e-02, 1.91191658e-02, 5.07626384e-02},
 { 1.03520863e-01,-9.35269713e-01, 9.97618973e-01,-9.26799625e-02,
  -1.04738903e+00, 1.39606878e-01, 3.36174279e-01, 8.93994868e-02,
  -2.33945340e-01, 6.39971904e-03,-9.51495469e-01, 3.50116730e-01,
   2.52874851e+00, 1.50736067e-02, 2.62368750e-02,-2.17784691e+00,
   2.79716611e+00,-6.05294847e+00, 6.11125007e-02,-1.25834858e-02,
  -7.43024796e-02, 8.32924461e+00,-7.98060000e-01,-9.28582251e-02,
   5.57334684e-02, 7.61676788e-01, 1.36779593e-02,-6.40002117e-02,
   8.37074369e-02,-3.38483661e-01, 5.72024441e+00, 2.70164847e-01,
   3.81155275e-02, 8.38057935e-01,-4.17466015e-02, 1.75383806e+00,
   6.65111467e-02, 5.62207773e-04, 1.07636762e+00,-5.57549381e+00,
   3.71429622e-02, 1.57201695e+00, 1.11268543e-01, 4.49148607e+00,
  -7.40254968e-02,-5.24465418e+00,-4.88825403e-02, 1.92117453e-01,
  -2.42054358e-01, 9.20707360e-03, 4.74993134e+00,-2.27458179e-02,
   3.90681364e-02, 3.59456468e+00, 3.44076455e-01, 1.16802417e-02,
   1.43786058e-01, 3.22091198e+00,-7.65527487e+00, 1.00260725e+01,
  -4.38763529e-01, 2.27090679e-02,-2.12554887e-01,-1.94322646e+00,
   2.16588780e-01,-4.12474871e-01,-1.56503171e-02,-7.67233801e+00,
  -6.45372123e-02,-8.10383797e-01,-4.32599038e-01,-1.06391408e-01,
  -3.51826668e-01, 1.01819597e-01,-7.48047709e-01, 2.89082229e-01,
   4.31093693e-01,-1.94677567e+00, 9.96064305e-01,-1.46636516e-01,
  -7.15576053e-01, 4.56254959e+00, 2.87182498e+00, 6.84841350e-02,
  -6.60334349e-01, 3.15494873e-02,-6.22424111e-02,-7.52580166e+00,
   1.74620934e-02, 7.73445070e-02, 2.60439850e-02,-1.28471601e+00,
   3.77209187e-02,-4.27383661e-01,-1.60589263e-01, 3.28721213e+00,
  -3.67936182e+00,-5.90351105e+00, 5.74831104e+00, 3.01321125e+00,
  -9.90093350e-02,-1.47057220e-01,-4.88597775e+00, 6.84707975e+00,
  -2.62054130e-02,-7.04256892e-01,-2.74159927e-02, 7.44380951e-02,
   3.08470786e-01,-2.29314375e+00, 9.07578826e-01,-4.37692180e-02,
  -4.42583054e-01,-5.30162525e+00, 8.48769069e-01, 4.36377106e-03,
   1.84881359e-01, 2.26517773e+00,-1.44898379e+00,-9.74181890e-01,
  -8.80203426e-01,-2.39702445e-02, 1.39337897e+00,-4.98753130e-01,
  -5.22101450e+00, 7.59057999e-02, 7.69089031e+00, 2.12052152e-01},
 { 1.31207538e+00, 8.22587073e-01, 1.04653959e+01,-1.22343674e+01,
  -5.68176746e+00,-3.09792590e+00,-3.42677188e+00, 2.32521915e+00,
  -1.83254480e+00,-1.12442601e+00,-9.64480817e-01, 2.07310247e+00,
  -1.42415655e+00, 1.49745440e+00,-2.22238684e+00, 5.71637392e-01,
   1.33939517e+00, 1.73724782e+00,-1.87226403e+00, 1.66494524e+00,
   1.66135693e+00,-3.33241153e+00,-4.80372047e+00, 2.74669766e+00,
  -6.33956552e-01,-3.29959941e+00,-1.09072991e-01, 1.06111191e-01,
   1.92642123e-01,-6.03516865e+00,-9.85590458e+00, 1.01537079e-01,
   4.12150192e+00,-1.21552696e+01,-3.89819145e-01,-1.54339778e+00,
  -8.94955158e-01, 3.13156188e-01, 9.59033251e-01, 6.72865200e+00,
   1.66589487e+00,-1.03021014e+00, 3.70812356e-01,-3.71616220e+00,
  -1.77723849e+00,-3.22842097e+00,-5.11519766e+00,-1.21652257e+00,
   4.98714387e-01,-1.31636763e+00,-1.62561345e+00, 1.26063794e-01,
  -2.57579494e+00, 1.98717844e+00,-1.09254193e+00, 5.44803739e-01,
   1.65403628e+00,-1.77923155e+00, 6.49168587e+00, 4.37319326e+00,
  -1.77273452e-02, 9.81999278e-01, 2.67530847e+00,-3.12563777e+00,
   6.10071707e+00, 2.05715632e+00,-3.88980389e+00,-1.01418531e+00,
  -1.74788550e-01,-1.87923893e-01,-5.08270693e+00,-2.68619061e+00,
   4.92567873e+00, 6.42055690e-01,-1.11932826e+00,-3.50870222e-01,
  -1.47517085e+00,-3.04826212e+00, 9.00783956e-01, 7.52169549e-01,
  -2.58501530e+00,-2.84592552e+01,-1.25799358e+00, 1.32042480e+00,
   1.59023201e+00, 5.20882428e-01, 1.70418966e+00, 3.96942806e+00,
  -1.54326210e+01, 5.40405035e+00, 3.52842283e+00, 8.10091400e+00,
   3.73997712e+00, 2.01385751e-01,-5.39982128e+00, 3.52808207e-01,
   2.81264856e-02,-6.08798623e-01,-1.98696434e+00,-3.72435033e-01,
   3.76407027e-01,-1.94683921e+00, 2.85611510e+00,-5.81988478e+00,
  -4.31701517e+00,-2.07091403e+00,-1.84119010e+00,-7.15998697e+00,
   7.31256068e-01,-1.34702098e+00, 3.16621399e+00,-1.80551219e+00,
   1.11303949e+01,-1.70114493e+00, 7.07062721e-01, 9.17878270e-01,
   3.35652328e+00, 2.11014581e+00,-2.48768306e+00, 2.09103271e-01,
  -1.73289180e+00,-7.93207049e-01,-5.95262718e+00,-4.16478395e+00,
   6.82048619e-01, 1.11682618e+00,-1.51552856e+00,-5.59375572e+00},
 { 8.07494354e+00, 5.66380548e+00, 2.88464338e-01, 6.35568559e-01,
  -8.38883209e+00, 3.01815176e+00,-5.91887903e+00, 2.80161071e+00,
  -1.10974050e+00, 4.26222771e-01,-4.32785958e-01,-2.14913511e+00,
  -1.91851139e-01, 2.88028574e+00, 3.17923975e+00,-4.36402977e-01,
  -1.83672929e+00, 4.58467913e+00,-3.09911728e-01, 7.33638644e-01,
   7.01429415e+00,-2.01180744e+00, 2.44894814e+00, 6.33533895e-01,
   3.11741543e+00,-2.99195886e+00, 2.11162478e-01,-2.15231466e+00,
   9.46744740e-01, 7.16847944e+00,-2.82970428e+00, 3.75283122e-01,
   3.72720003e+00,-3.13788891e+00, 3.02919507e-01,-5.09203815e+00,
  -5.73541164e+00, 4.18446970e+00,-1.10596752e+00, 1.46858764e+00,
   5.04404724e-01,-7.65802503e-01,-2.05621004e-01,-2.75248885e+00,
  -1.94662952e+00, 1.64820313e+00, 3.31525594e-01, 1.01744759e+00,
   5.54954521e-02, 1.14947605e+00, 6.56894147e-02,-6.12194002e-01,
  -2.90237069e+00,-1.17026722e+00,-1.88840890e+00, 1.03614978e-01,
   1.83886874e+00, 4.38699782e-01,-3.09737611e+00,-7.47261286e+00,
   2.75052190e+00, 1.82139242e+00,-1.85547364e+00,-8.81421745e-01,
   4.85170937e+00, 4.16983277e-01,-2.97950673e+00,-7.15964365e+00,
  -5.30362034e+00, 1.09403729e-01,-5.21194220e+00, 5.27612746e-01,
   3.94291401e+00, 2.81284571e+00,-6.56411171e+00, 3.70656043e-01,
  -1.59698308e+00,-8.89583290e-01,-1.34434545e+00, 1.56488562e+00,
   9.16464850e-02,-1.54247642e+00,-2.39511919e+00, 1.46106029e+00,
   2.92976308e+00, 1.10840237e+00,-4.90228224e+00,-3.37754750e+00,
  -3.39869475e+00, 5.84314489e+00, 2.60688329e+00, 3.44287395e+00,
  -1.44788923e+01, 1.66955948e+00,-4.16315889e+00,-7.15789795e-01,
  -2.81834912e+00,-9.81403291e-01,-1.15994287e+00, 2.92147517e-01,
   9.87140238e-02,-6.08111334e+00,-6.96129322e+00, 1.15337360e+00,
  -5.07215548e+00,-2.81919932e+00,-1.47761917e+00, 6.61261737e-01,
  -5.17194569e-01,-3.43216610e+00, 2.49866581e+00,-1.02324712e+00,
   6.60096824e-01, 1.07354736e+00, 1.08243871e+00, 3.07034540e+00,
   2.14577842e+00,-3.61216068e-01,-1.03920408e-01, 1.24895714e-01,
  -2.56765318e+00, 1.28432229e-01, 9.93885636e-01,-3.70602727e+00,
  -2.35022497e+00, 1.40328621e-02, 1.22263610e+00, 2.84658647e+00},
 { 1.69113076e+00,-3.16074997e-01,-1.90236378e+01, 1.72651768e+00,
   5.61802555e-03, 2.16439724e+00,-6.06401920e-01, 3.58567715e+00,
  -1.83454180e+00,-1.41732737e-01, 1.80632448e+00, 5.27152956e-01,
  -4.86830443e-01, 2.85827875e-01,-7.50773001e+00,-8.53264272e-01,
  -5.02802706e+00, 1.51478071e+01,-3.08041424e-01, 5.80334902e-01,
  -4.17580175e+00,-1.56386986e+01,-1.59354174e+00, 3.17329735e-01,
  -5.81641340e+00,-1.87695518e-01, 1.88476324e-01, 1.91678429e+00,
   8.33524764e-01, 1.23697318e-01, 1.80237204e-01, 8.63295138e-01,
   2.47603130e+00, 9.96653587e-02, 5.26963770e-01,-2.63035274e+00,
   7.18290329e+00, 7.83406782e+00, 9.29715216e-01,-5.21546364e+00,
   1.08239734e+00, 5.07211685e+00, 3.84478927e-01,-6.68440723e+00,
  -1.68566406e+00, 1.08710985e+01,-9.63699341e-01, 8.27666074e-02,
  -6.27696514e+00,-3.41273606e-01,-1.97111949e-01,-2.30045900e-01,
   2.24130794e-01,-4.51896667e+00,-2.53841591e+00, 8.23935986e-01,
   1.36512733e+00,-2.49613345e-01,-1.74371948e+01,-7.01680243e-01,
  -1.23562902e-01,-4.60487604e+00, 2.99918485e+00,-1.29588294e+00,
   3.54932070e+00, 1.36235130e+00, 5.59304523e+00, 1.29603744e+00,
  -1.61994667e+01,-1.47463143e+00,-5.18374681e+00,-1.59878957e+00,
   3.25386047e+00, 1.81550181e+00, 2.40919262e-01, 4.68630075e-01,
  -1.65923727e+00,-9.16933894e-01, 1.11526370e+00, 6.61513388e-01,
   7.17926800e-01, 2.45090246e+00,-1.85070562e+00, 1.44822025e+00,
   5.01034498e-01,-1.12284887e+00,-6.97590494e+00,-3.95133901e+00,
   4.11378235e-01, 3.74682117e+00,-1.18351393e+01, 8.08625507e+00,
  -1.97839653e+00,-1.09179640e+01,-3.52950072e+00,-2.28479671e+00,
  -7.83227205e+00,-3.77380550e-01,-3.06256366e+00,-2.61948133e+00,
  -4.96047288e-01,-2.95311117e+00, 1.42776365e+01,-1.08887205e+01,
  -3.06020260e+00,-3.14245486e+00,-2.58148104e-01, 1.74471617e-01,
  -6.66031647e+00, 9.25522566e-01,-5.47512627e+00,-2.37519789e+00,
  -1.51852160e+01, 5.53687096e-01, 9.26004291e-01, 1.05781734e+00,
   1.90360963e+00,-1.26529682e+00,-2.62150216e+00, 1.92176712e+00,
  -7.86140203e-01, 2.52645195e-01,-3.44666576e+00,-2.41762495e+00,
   4.80796516e-01, 1.27031088e+00,-1.52542651e+00,-7.09064436e+00},
 {-1.27223086e+00, 1.39892817e+00,-3.91387677e+00,-2.82800674e+00,
  -2.56757045e+00,-6.15588367e-01, 1.27494514e+00,-6.44243598e-01,
   6.58490360e-01, 1.74891979e-01,-2.05781698e+00,-1.04493737e+00,
  -5.81990123e-01,-1.95298046e-01,-2.09302258e+00,-4.08184947e-04,
   4.66640778e-02,-5.46529961e+00, 8.22577849e-02,-3.60342085e-01,
   1.62214148e+00,-3.06384428e-03,-2.38026261e-01,-1.22815704e+00,
   3.38755441e+00,-7.04839408e-01,-1.06213346e-01, 5.51671791e+00,
  -1.11911185e-01, 3.11845684e+00,-5.26903616e-03,-1.00505330e-01,
   1.82970852e-01,-1.03540993e+00, 4.19613183e-01,-9.48265553e+00,
  -9.18766439e-01, 5.34980440e+00,-1.90770537e-01, 8.29474688e-01,
  -5.27614534e-01,-3.05910039e+00,-1.78869724e-01,-7.38190699e+00,
   3.61108750e-01,-7.98468590e-01,-6.07600737e+00, 9.59083959e-02,
   3.82333547e-02, 3.84499848e-01,-2.23118484e-01, 1.93212196e-01,
   1.15186617e-01,-1.50845413e+01, 7.04840600e-01,-1.10646561e-01,
  -6.83853999e-02,-1.79983234e+00,-9.80680943e+00, 9.68642771e-01,
  -1.88628459e+00, 7.53926158e-01,-7.42141724e-01, 3.03858668e-01,
  -7.49990523e-01, 2.67667651e+00,-2.28889961e+01,-1.29190195e+00,
  -1.23327122e+01, 2.95484114e+00, 8.81411552e-01, 8.12145710e-01,
  -2.51762494e-02, 4.98390608e-02,-2.02031469e+00,-3.84742200e-01,
   6.06679022e-02,-4.07599583e-02, 1.66549993e+00, 1.34219670e+00,
   3.82862717e-01, 4.31705093e+00,-4.79808226e-02,-4.54309344e-01,
  -1.24274120e+01, 6.28778413e-02,-6.23599625e+00,-3.28542304e+00,
  -1.72227228e+00,-7.82129467e-01,-1.24154222e+00, 1.01979184e+00,
  -1.02918053e+01, 3.65736103e+00, 9.69793022e-01, 2.69272304e+00,
  -1.91221690e+00,-4.59754199e-01, 1.70591486e+00,-1.71385539e+00,
   5.06211966e-02, 1.59230912e+00, 1.34891157e+01,-2.70604253e+00,
   5.40224671e-01, 1.94777119e+00, 6.72723055e-02,-6.49006724e-01,
  -4.11532068e+00,-1.32582414e+00, 2.64711833e+00, 8.87139797e-01,
  -5.73735476e+00, 1.18070543e+00,-1.52789140e+00,-1.06605373e-01,
  -4.02760983e-01, 6.52145594e-02,-7.74831152e+00,-3.08503687e-01,
   8.32834125e-01, 2.11662248e-01,-2.13743830e+00, 5.77722251e-01,
  -3.74262750e-01,-4.93986815e-01,-5.23197365e+00,-1.13163223e+01},
 {-4.21661901e+00, 1.26843596e+00,-8.46464825e+00,-1.98607600e+00,
   6.60653257e+00, 5.53892803e+00, 2.50926566e+00,-3.89425921e+00,
   1.97146809e+00, 2.98300266e+00, 1.22571146e+00, 2.54576421e+00,
  -5.27430654e-01,-6.60556853e-01,-4.43476629e+00, 2.05499959e+00,
   1.09340572e+01,-3.21508050e-01, 7.57129371e-01,-1.77221954e+00,
  -4.63510466e+00, 4.45580214e-01,-2.25109863e+00,-1.25238204e+00,
  -7.71464229e-01, 2.65433002e+00, 9.73711967e-01, 7.07271934e-01,
  -3.35027814e+00,-5.07700539e+00,-5.03861856e+00,-3.25342393e+00,
  -3.09683943e+00,-1.51655710e+00,-3.93108630e+00,-1.89873791e+00,
  -2.21836901e+00,-1.49238944e-01, 5.83212614e-01,-2.41927409e+00,
  -1.61938858e+00, 9.19306695e-01, 5.55842209e+00,-1.46871376e+00,
   1.58906567e+00,-1.43093643e+01,-1.06094580e+01, 1.95010066e+00,
   2.27628613e+00, 1.68323147e+00,-8.52501214e-01, 1.29248261e-01,
  -3.56131959e+00, 1.31091988e+00, 2.55223703e+00,-1.16949463e+00,
  -1.74283338e+00,-8.74033034e-01, 7.98731279e+00,-5.05222797e-01,
   9.95515108e-01,-3.54026389e+00,-1.78593922e+00, 2.52287364e+00,
  -7.77839613e+00, 2.69274688e+00, 1.54672182e+00,-2.34363198e+00,
  -5.99966526e+00,-3.89917469e+00, 5.78820419e+00, 1.88449478e+00,
  -1.22067957e+01,-2.02588534e+00,-4.15018654e+00, 2.36026466e-01,
  -1.23062468e+00,-2.87459779e+00, 3.30922864e-02, 5.88821530e-01,
  -1.02450216e+00, 2.01318288e+00,-9.37590837e-01,-1.75851190e+00,
   3.00752902e+00,-2.52968001e+00,-1.30270398e+00, 1.15994775e+00,
   4.59957123e+00,-3.24461889e+00, 2.15601349e+00, 4.76273820e-02,
   5.43741083e+00, 1.55490088e+00, 6.90310955e+00,-4.40210485e+00,
  -1.62935698e+00,-9.26694334e-01, 2.18685198e+00,-3.82443213e+00,
   7.11463511e-01, 4.05386829e+00, 3.64020133e+00,-5.57571948e-01,
   2.48951483e+00, 2.57270598e+00, 2.18574792e-01,-2.43275809e+00,
   1.10507405e+00,-1.81172594e-01, 3.96580434e+00, 2.58173299e+00,
  -3.85646135e-01, 2.98309612e+00,-8.58349681e-01,-9.92988706e-01,
  -4.16877222e+00, 2.47139907e+00, 8.76899123e-01, 7.79361501e-02,
   2.80328059e+00,-9.40061584e-02,-4.29998302e+00, 1.50063384e+00,
  -2.63699389e+00,-4.30776268e-01,-5.94757891e+00,-4.47570658e+00},
 {-1.30178757e+01,-5.35073102e-01, 2.63989258e+00,-2.48631430e+00,
  -3.93143702e+00, 1.41773236e+00, 1.74694264e+00,-1.52342520e+01,
   5.21263361e+00,-3.07705545e+00,-1.85720831e-01, 9.69004250e+00,
   1.37535191e+00,-2.00269871e+01, 6.38428211e+00, 1.43154848e+00,
   4.26840210e+00, 1.52329051e+00,-2.51336060e+01, 7.79879808e+00,
  -1.24521959e+00,-9.78512192e+00,-1.57549465e+00,-2.25790143e+00,
  -1.69117761e+00, 1.62851286e+00, 6.90396249e-01,-1.28559484e+01,
  -1.99258542e+00,-6.62063658e-02, 2.90122175e+00,-9.27720928e+00,
   1.47505462e-01,-2.08878613e+00,-1.73413980e+00, 1.78203106e+00,
  -1.90613163e+00,-8.35091531e-01,-1.87677670e+00,-6.64291906e+00,
  -8.52927017e+00, 3.44394237e-01, 3.14657760e+00, 6.54445457e+00,
  -4.57619458e-01, 2.26068527e-01,-3.44491392e-01, 4.98582304e-01,
  -2.94635677e+00, 3.22965574e+00,-1.60836983e+00, 2.29560375e+00,
  -3.64344382e+00,-4.30772245e-01,-2.95803571e+00,-5.61905956e+00,
  -1.40696144e+00, 1.33578539e+00, 3.36606765e+00,-3.90899926e-01,
  -1.64709890e+00,-1.35409153e+00, 1.66383624e+00,-7.73142338e+00,
   1.14054668e+00,-9.63378251e-01,-2.15441871e+00,-9.08814192e-01,
  -6.10714769e+00, 3.21034408e+00,-8.11662102e+00,-2.54045448e+01,
   1.07823300e+00,-1.40624123e+01,-4.90179062e+00, 8.35059524e-01,
   7.00441062e-01,-1.66694891e+00,-6.10106349e-01,-9.27157104e-02,
   1.46006763e+00,-1.19870186e+00, 1.15216982e+00,-1.17781687e+01,
   7.64333785e-01, 4.75598037e-01,-5.30023932e-01,-2.92813778e+00,
   1.15710115e+00, 5.78734255e+00, 1.30472016e+00, 1.03167880e+00,
  -4.95724821e+00,-3.71574998e-01, 7.61538565e-01,-8.48783374e-01,
  -1.76833236e+00, 4.64079887e-01, 2.88911319e+00, 1.25451851e+00,
  -2.21946287e+00, 7.11709213e+00,-2.42769647e+00,-5.12782383e+00,
  -1.51783514e+00,-1.12837915e+01,-6.93249130e+00,-3.83073044e+00,
   2.68989182e+00,-5.77251816e+00,-3.53788447e+00,-7.98365653e-01,
   2.40505576e+00,-6.00014782e+00,-6.42385244e-01,-1.39249058e+01,
   5.11127806e+00,-2.37018704e-01,-2.58026385e+00,-4.34593487e+00,
   3.30890036e+00,-3.12339058e+01,-1.39884031e+00,-1.32623684e+00,
   3.38335127e-01, 7.94505298e-01,-2.47279787e+00, 5.11784410e+00},
 {-1.28250733e-01,-7.40634724e-02,-4.86670025e-02,-8.56481344e-02,
  -6.98267967e-02,-7.59754889e-03,-1.99104119e-02,-1.68654397e-02,
   4.14566882e-02,-6.80383295e-02,-5.17713800e-02,-4.44248877e-02,
  -4.86277863e-02,-3.88888014e-03,-7.23067299e-02,-4.84980978e-02,
  -3.24760489e-02, 5.57625480e-02, 1.23717845e-03,-3.99393365e-02,
  -1.00113623e-01,-5.65890782e-03,-1.14425376e-01,-1.77020393e-02,
  -2.74070818e-03,-9.16426182e-02,-1.00855038e-01,-1.35237444e-02,
  -8.36213976e-02,-8.12391117e-02,-1.12532809e-01, 5.53812422e-02,
  -5.28434329e-02,-1.23797596e-01,-1.25956386e-01,-4.61623557e-02,
  -1.03367537e-01,-1.25395376e-02,-2.23985612e-02, 1.77359879e-02,
  -3.44001763e-02,-9.06247050e-02,-1.57831144e-02, 5.65646999e-02,
  -1.51657471e-02,-8.33342876e-03,-7.58226588e-02, 1.28337592e-02,
  -1.74267776e-02,-1.45169437e-01, 1.79788861e-02,-1.53506786e-01,
  -9.07187685e-02,-6.58888742e-02,-6.18921369e-02,-5.33504970e-02,
  -1.09446362e-01,-6.55104220e-02,-3.21321003e-02,-8.80678743e-02,
  -2.76238732e-02, 9.01097152e-03, 5.22815296e-03,-1.49581164e-01,
  -7.10691065e-02,-1.91735476e-02, 1.83623526e-02, 1.59773733e-02,
  -2.64961030e-02, 4.53786440e-02,-4.63124476e-02, 2.02154443e-02,
   2.36423202e-02,-1.30479321e-01,-3.41983922e-02,-6.31548651e-03,
  -3.06919143e-02, 4.46981937e-02,-7.69948959e-02, 2.74085160e-02,
  -4.83282842e-02,-9.86653268e-02, 3.88488248e-02,-4.29391190e-02,
   2.03484315e-02,-2.28862371e-02,-1.51539641e-02, 2.82941423e-02,
  -9.37188882e-03,-3.40954997e-02,-6.59485832e-02,-1.34187013e-01,
  -3.17255147e-02,-1.13165803e-01,-4.24965285e-02,-1.08296715e-01,
  -4.18952703e-02,-1.04627766e-01,-2.32707616e-02, 3.21164615e-02,
  -9.54946131e-02, 2.09016595e-02,-6.86215907e-02,-3.17299068e-02,
   2.97195604e-03,-3.38520743e-02, 5.22459894e-02,-7.66724795e-02,
  -5.91144860e-02,-1.35395348e-01,-1.17526442e-01, 4.67247814e-02,
   3.68218943e-02,-6.89936504e-02,-5.22017069e-02,-1.21554703e-01,
   1.14745693e-02,-6.32815901e-03,-2.25154813e-02,-9.89214852e-02,
   2.15784051e-02,-9.23599675e-03,-1.02109089e-02,-4.18393053e-02,
  -1.29485533e-01,-1.11945318e-02,-1.77564397e-02, 1.09390356e-03},
 { 2.90643954e+00,-1.02570260e+00, 1.72584534e-01,-7.02969408e+00,
  -1.38093615e+00,-1.01066694e+01, 4.19750977e+00, 2.57695079e+00,
  -3.39158821e+00,-1.25054169e+00, 1.00977945e+00,-1.03139687e+01,
  -2.85644323e-01, 6.67866290e-01,-4.07537746e+00,-3.09241325e-01,
   3.67333204e-01,-4.24809545e-01,-1.34071004e+00, 2.45952535e+00,
  -5.27844429e-01, 2.65545988e+00, 8.07080746e+00,-1.46187353e+00,
   6.75842524e-01, 1.08072567e+00,-7.16494545e-02,-3.70798349e+00,
  -2.93142629e+00,-3.98591936e-01,-4.13606119e+00,-4.99532789e-01,
   5.75734043e+00,-1.61997807e+00, 1.70422530e+00,-1.50189555e+00,
  -3.96742535e+00, 9.32588875e-02, 1.20384717e+00, 1.80789983e+00,
   2.39234614e+00, 1.11694181e+00, 9.49217454e-02,-1.65658092e+00,
  -2.90944076e+00,-2.02146482e+00,-1.39885197e+01, 3.42799187e+00,
  -1.49121523e+00,-5.83534241e+00, 4.59880066e+00,-7.43344128e-01,
   1.23135257e+00,-1.34802282e-01,-2.47588301e+00, 5.95924675e-01,
   3.06465960e+00,-1.31269550e+01,-9.84805870e+00, 2.78668475e+00,
   4.54829901e-01, 3.11525011e+00, 7.41311455e+00,-3.49681568e+00,
   4.46356821e+00,-7.56219864e-01, 5.07941008e+00,-6.36275589e-01,
   2.75414681e+00,-2.28482866e+00,-5.16243792e+00,-6.41695786e+00,
   4.63172102e+00, 1.16336501e+00, 3.42582375e-01,-1.49509401e+01,
  -5.63117027e-01, 1.58531117e+00,-2.22955406e-01, 5.82359284e-02,
  -1.42088211e+00, 7.33081532e+00, 1.13157094e+00, 1.76483285e+00,
  -9.88568425e-01,-3.68856525e+00, 1.12540655e-01,-7.18647391e-02,
  -9.41415578e-02, 5.06905317e+00, 3.34717304e-01,-4.08040047e-01,
   4.75656700e+00, 9.44924116e-01,-6.38031435e+00,-3.76701355e+00,
  -6.00797296e-01,-3.94863188e-02,-5.31078339e-01, 2.28524193e-01,
   2.69427270e-01,-5.34581757e+00, 1.21550500e+00,-8.31685841e-01,
  -3.93086290e+00,-3.55270147e+00,-2.38897657e+00,-2.29367256e+00,
  -1.92054963e+00, 5.55860901e+00, 3.95163202e+00,-6.14839649e+00,
   3.64934039e+00, 2.46746564e+00, 1.66110573e+01, 7.01034814e-02,
   2.35451889e+00,-1.24245834e+01, 1.12814553e-01, 1.28290856e+00,
  -4.17384338e+00,-8.76629174e-01,-1.07247055e+00,-9.07797050e+00,
  -2.04731941e+00, 4.00425625e+00,-7.53660631e+00,-6.04959726e+00},
 {-3.27334285e-01,-1.56792331e+00,-1.85008945e+01,-6.55421677e+01,
   5.91653764e-01, 2.81667995e+00, 6.67885602e-01, 2.25842912e-02,
  -5.72457612e-02, 2.52083433e-03, 8.68282223e+00, 1.04765713e+00,
   1.02914609e-01,-7.64393732e-02, 5.44617534e-01, 3.14746469e-01,
  -1.11209400e-01, 2.00085163e+00, 1.69774607e-01,-6.24049604e-02,
  -1.45012543e-01,-1.16947651e-01,-3.99521208e+00, 5.16116560e-01,
  -3.57759655e-01,-6.04566038e-01, 4.68435697e-02,-4.77292329e-01,
  -1.18916057e-01,-2.99767196e-01, 1.18760550e+00, 2.14204803e-01,
   2.38050252e-01, 5.35834968e-01,-3.68542299e-02, 5.65098143e+00,
   2.63969779e-01,-3.47096395e+00, 4.30348992e-01,-4.20766287e-02,
   8.02952610e-03,-7.17833459e-01, 1.50763154e-01,-2.16753840e+00,
   3.47206532e-03, 1.42170310e+00,-5.22139788e-01,-5.40983118e-02,
   9.66354236e-02,-3.31608839e-02,-1.33606479e-01, 5.09723052e-02,
  -1.29482734e+00,-7.47792435e+00, 2.22184852e-01,-1.98580436e-02,
  -1.07123032e-01, 2.75516391e-01,-2.97252393e+00, 1.54053366e+00,
   2.72532970e-01, 3.42021704e-01,-2.14900732e-01, 7.66335279e-02,
  -1.98899601e-02,-7.28079128e+00, 1.77216288e-02, 1.01049073e-01,
  -1.02277255e+00,-9.84653831e-01,-5.91707647e-01,-9.95078981e-02,
   8.84771943e-01,-6.68061450e-02,-2.91274995e-01,-5.71766458e-02,
  -9.29277420e-01,-3.27929318e-01, 2.20560640e-01, 2.96099019e+00,
   5.99576473e+00,-1.32493296e+01, 6.64044189e+00,-6.49371976e-03,
  -2.43586898e+00, 1.18824475e-01, 3.41785574e+00, 3.50453091e+00,
   2.47462466e-01,-9.70873386e-02, 1.83166847e-01,-7.43439245e+00,
   5.13384461e-01,-3.23513120e-01, 2.13427544e-01,-6.48004341e+00,
  -1.38855372e-02,-2.55498242e+00,-5.75032425e+00,-1.97951460e+00,
   3.04626971e-02, 2.18366027e-01, 7.93376541e+00,-1.01703672e+01,
   2.85509583e-02, 5.00746012e-01, 5.92430085e-02,-3.14824581e-01,
   4.34562874e+00, 4.31236215e-02, 3.75568914e+00, 2.02796962e-02,
   1.78063309e+00, 1.34708965e+00,-1.38050899e-01,-1.47255659e-02,
  -2.76816547e-01, 1.59693718e+00,-1.39997852e+00,-5.41045129e-01,
  -3.48493420e-02, 2.21942971e-03,-4.86629725e+00,-2.69145995e-01,
  -8.88145506e-01, 1.78861264e-02,-7.52293730e+00, 1.58220994e+00},
 {-1.63981068e+00,-3.92364413e-01,-1.44454174e+01, 4.50689363e+00,
  -1.36899433e+01,-1.73386497e+01, 2.70123267e+00,-3.79047394e+00,
   3.24097347e+00, 3.59648705e-01, 3.20430827e+00,-2.07333654e-01,
  -9.37452495e-01,-1.50127435e+00,-5.93314791e+00, 2.32569599e+00,
   2.53061581e+00, 1.17034473e+01,-3.94282460e-01,-8.23566496e-01,
   4.92216855e-01,-4.86984253e+00,-1.75620365e+00, 1.41846180e+00,
  -1.21947491e+00,-1.18430014e+01,-5.20166814e-01,-2.55311990e+00,
  -4.79225099e-01,-4.73681164e+00, 1.23814785e+00, 6.77339256e-01,
   2.28521839e-01,-9.73726273e+00,-2.70173818e-01,-1.03348780e+00,
  -1.36958972e-01,-5.90811634e+00, 1.97112441e+00, 5.91415977e+00,
  -1.05032444e+00,-4.50841188e+00,-9.89137232e-01,-5.82396650e+00,
   1.55639732e+00, 6.46163893e+00,-1.69647008e-01, 1.82257026e-01,
   2.41185665e+00,-8.89587179e-02,-6.55959368e+00, 6.41727805e-01,
  -9.06915486e-01,-1.01760569e+01, 1.98431921e+00,-2.64049113e-01,
  -1.29313600e+00, 8.32401514e-01,-1.50835228e+00, 1.06607304e+01,
  -3.43450904e+00,-2.71040535e+00,-1.08572543e+00,-3.23745537e+00,
  -5.17971706e+00,-5.80257845e+00,-2.85672283e+00, 1.34253585e+00,
  -1.11179733e+00, 4.67969984e-01, 4.54615355e+00, 8.24973822e-01,
  -2.26020589e-01,-2.31287551e+00,-2.81422443e+01,-1.31827131e-01,
  -3.56799781e-01,-2.30966902e+00, 3.52447808e-01, 5.15872598e-01,
   1.85505044e+00, 1.54032314e+00,-6.42772555e-01,-2.32471013e+00,
   4.74728251e+00, 4.53760833e-01, 1.33008373e+00, 3.27188325e+00,
  -1.19201624e+00,-3.49396133e+00, 5.07919264e+00, 2.06646442e+00,
   9.89690876e+00,-5.60231470e-02, 4.81761837e+00,-4.81984282e+00,
  -6.87505007e-02,-4.72619295e+00,-1.94920242e+00,-4.79201674e-01,
   5.85230887e-01, 3.34642434e+00, 2.72486668e+01,-4.11868286e+00,
   2.01274800e+00, 3.09115648e+00, 2.28986759e-02, 9.44950700e-01,
   3.43075442e+00,-1.79227436e+00,-3.87072110e+00, 2.88215756e+00,
   1.44054100e-01,-7.18738854e-01,-3.60234499e+00,-1.13933516e+00,
  -3.90358955e-01,-4.87305045e-01, 6.32777810e-01,-8.07272911e+00,
   5.32612848e+00, 2.25350395e-01,-6.44526958e-01, 3.34147882e+00,
  -1.95483077e+00,-1.49856257e+00,-1.30793631e+00, 2.55466938e-01},
 {-1.43158264e+01, 5.87593317e-01, 2.98680186e+00,-5.93629885e+00,
  -1.02726078e+00,-3.49195862e+00,-8.13221931e-01,-1.34225917e+00,
   6.41510630e+00,-2.56453872e+00,-3.86350542e-01,-3.46155787e+00,
   7.76209056e-01,-1.04778147e+00, 2.20972085e+00,-2.81440854e+00,
  -8.94059181e-01, 1.00377631e+00,-2.26311550e+01, 1.21038618e+01,
  -8.61999333e-01, 1.20769572e+00,-4.15151310e+00, 6.91074514e+00,
  -1.26090002e+00,-4.60776597e-01, 2.35884905e-01,-7.23280847e-01,
   1.76828015e+00, 2.03083515e+00,-1.15397215e+00,-3.27432662e-01,
   5.44432497e+00,-1.00725341e+00, 4.54590130e+00, 5.71113706e-01,
  -4.66059685e+00,-5.04194081e-01,-3.67508769e+00, 4.12045389e-01,
   4.53972369e-01,-6.76460862e-01,-4.55865717e+00, 3.31173730e+00,
  -3.18829870e+00, 3.15460062e+00,-4.56121445e+00,-9.00754869e-01,
  -2.19207907e+00, 9.59960699e-01, 3.71366978e+00, 3.23809767e+00,
   2.26669598e+00, 1.97939551e+00,-3.35321546e+00,-4.55884600e+00,
  -5.38758993e-01,-3.14026326e-01,-1.10516346e+00,-1.87836730e+00,
   4.60438609e-01, 3.46086502e+00, 5.97989178e+00, 1.46366501e+00,
   3.59328961e+00,-1.45495176e+00, 2.57335186e+00,-4.48737431e+00,
  -3.71662192e-02,-1.84225142e+00, 6.84869528e+00,-1.10545540e+01,
  -8.67846298e+00, 1.38845837e+00,-1.40393579e+00,-1.42730188e+00,
  -5.45806932e+00,-1.19089615e+00, 2.72947758e-01,-2.21802555e-02,
   1.19389188e+00, 3.47437173e-01, 9.93902147e-01,-4.30822277e+00,
  -1.13601053e+00,-1.43053150e+00,-5.58655441e-01,-5.68524408e+00,
  -1.33420372e+01,-2.76976609e+00,-5.81677198e+00, 2.20145679e+00,
   1.97087610e+00,-6.12719822e+00,-1.48975626e-01, 8.75408530e-01,
  -3.77918899e-01,-8.75254095e-01, 2.34301686e+00,-2.53973037e-01,
   1.26261568e+00, 4.95716953e+00,-2.33559537e+00,-9.01226580e-01,
  -2.26689339e+00, 2.00780749e+00,-1.70167875e+00, 6.14939332e-01,
   4.63000965e+00,-5.29918849e-01,-6.12119198e+00, 9.34528172e-01,
   2.27191901e+00,-2.01079154e+00,-7.06840217e-01,-9.54630852e+00,
  -1.15826344e+00,-4.61164761e+00,-4.71263504e+00,-1.09953904e+00,
   7.59737396e+00,-1.63895187e+01,-3.92236257e+00, 5.29462194e+00,
  -1.49208391e+00, 3.50533867e+00, 4.00609732e+00, 5.43698120e+00},
 {-4.34158278e+00,-1.18202424e+00, 3.61744094e+00,-4.00785017e+00,
  -2.50594902e+00,-5.77122784e+00,-9.53431666e-01,-2.75056791e+00,
   2.04963517e+00,-7.82778144e-01, 1.63756776e+00, 9.98382151e-01,
   1.16798556e+00,-3.29990602e+00,-5.43773842e+00,-2.09278035e+00,
   2.72408843e-01,-2.06275916e+00, 1.62473166e+00,-2.83333242e-01,
  -2.20815134e+00, 8.14757705e-01,-4.10041618e+00,-7.95389891e-01,
  -4.07263327e+00,-3.66583323e+00,-1.02479982e+00, 4.77940619e-01,
  -4.55897093e-01,-1.82314920e+00, 8.94540548e-02,-1.72264040e+00,
  -1.02326679e+00, 1.19552612e+00, 1.59412280e-01, 2.25473672e-01,
  -3.64768672e+00, 9.95155394e-01, 5.45415223e-01, 4.22490454e+00,
  -1.55513704e+00, 4.31228876e-01, 1.37619480e-01,-1.91036236e+00,
   1.29615378e+00, 7.31904030e-01,-2.41200995e+00,-1.28703296e+00,
  -1.72325003e+00,-2.69899428e-01,-4.98574066e+00, 1.21432841e+00,
  -2.69243026e+00, 3.60083413e+00, 2.47741914e+00,-1.08221717e-01,
   1.96321756e-01,-2.45667315e+00,-5.31453311e-01,-4.07769591e-01,
   1.50881958e+00, 1.47277975e+00,-1.12115788e+00,-1.66521418e+00,
  -5.51747751e+00, 4.18294430e-01,-2.37329865e+00,-2.97648811e+00,
  -7.06079602e-01, 1.07231963e+00, 7.20806932e+00, 4.59352970e-01,
  -5.93589211e+00,-3.31818652e+00,-6.54449034e+00,-3.30644727e-01,
   3.50849080e+00,-3.51718283e+00,-9.40212965e-01, 1.08690560e+00,
   2.89489508e+00,-6.29601717e+00, 9.81284738e-01,-3.84768224e+00,
   9.17856574e-01, 7.28213727e-01,-1.74471581e+00, 2.17736244e+00,
  -1.05137386e+01,-8.54720306e+00, 1.11375771e+01, 5.05423212e+00,
   5.40312290e+00, 2.81377959e+00, 4.20984793e+00,-3.64766312e+00,
  -2.06498861e+00, 3.98145866e+00,-2.68564868e+00, 1.94067287e+00,
   8.22158277e-01, 5.50564051e+00, 7.82651424e-01, 7.17463017e+00,
   7.44876194e+00, 3.64058757e+00,-3.79500568e-01, 4.39890242e+00,
   4.83897591e+00, 2.12553069e-01, 5.44429016e+00, 3.63359284e+00,
   1.69709325e-01,-2.21252108e+00,-2.57845664e+00,-1.75741589e+00,
  -2.61966348e+00, 1.60689449e+00,-3.56529999e+00,-3.21912885e+00,
   4.21021461e+00, 3.23603302e-02,-6.22936916e+00, 5.55381918e+00,
  -2.38167912e-01,-1.84601772e+00,-7.37048483e+00,-6.50416422e+00},
 { 1.77948177e-02,-4.80036592e+00, 1.07758322e+01, 2.54422855e+00,
  -4.80872355e-02, 1.39862263e+00,-2.06999040e+00, 1.22300843e-02,
   1.28715813e-01, 3.08530983e-02,-6.40764856e+00, 2.05340353e-03,
  -3.96601290e-01,-2.55209226e-02,-1.65914154e+00,-2.53228188e-01,
   1.24399871e-01,-1.29959898e+01,-2.40053684e-01, 9.06068161e-02,
  -4.77473140e-02, 3.07847932e-02,-2.81474376e+00,-5.46427429e-01,
   8.08321476e-01, 7.01622605e-01,-2.01430731e-02, 2.24635035e-01,
   3.29329044e-01,-7.61470990e-03,-1.86243212e+00,-1.75517932e-01,
   5.00650406e-02,-3.22540194e-01, 1.36610142e-05,-2.33788395e+00,
   3.49431157e-01,-1.29525077e+00,-1.99865675e+00, 1.32360771e-01,
  -9.69063863e-03, 5.67280769e-01, 1.49718449e-01, 4.45936441e+00,
  -1.83602031e-02, 1.39418066e+00,-7.43865222e-02,-2.48364031e-01,
   1.13854066e-01, 1.42005635e-02, 5.02593778e-02,-1.63406935e-02,
  -3.74089256e-02, 2.30249000e+00,-1.66982889e-01, 6.03194721e-02,
   1.14892408e-01,-1.57477424e-01,-1.59716778e+01,-1.09935379e+01,
   8.18375885e-01,-8.95960808e-01,-1.77418515e-01,-1.29081197e-02,
   6.19777083e-01, 8.15865421e+00,-2.23690987e-01, 7.70714059e-02,
   9.23705459e-01, 4.22492772e-01,-7.29023591e-02,-1.98507663e-02,
   2.71644741e-01, 1.04386896e-01, 2.60444451e-02,-2.71826953e-01,
   1.18172193e+00, 2.08275840e-01, 5.55287540e-01,-3.17298126e+00,
   2.68494320e+00, 1.31022140e-01,-1.19878492e+01, 1.56184230e-02,
   5.96642792e-01, 2.46588774e-02,-1.64017010e+00, 5.51798820e+00,
   1.31892994e-01, 2.40441412e-01,-9.77236498e-03,-4.73325872e+00,
  -3.23999822e-01, 1.43843949e-01,-2.09826112e-01,-2.21575570e+00,
  -1.20292241e-02,-1.65692937e+00,-7.92086601e+00, 3.47318697e+00,
  -4.73061353e-02,-6.13613091e-02,-1.30164671e+01, 1.37332621e+01,
  -1.68108791e-01, 9.19479132e-01, 8.14411566e-02,-2.61509985e-01,
   1.44004440e+00,-1.92614064e-01,-3.45039749e+00, 3.11337002e-02,
   1.10366035e+00,-3.73873025e-01, 3.56965303e-01, 8.25275406e-02,
   3.75810325e-01,-3.95281458e+00, 3.98452067e+00,-1.22575670e-01,
  -2.56463736e-01, 1.20573482e-02, 8.32812786e-02,-2.30625365e-02,
  -8.95228958e+00, 1.98750868e-02,-2.06958313e+01, 2.12214899e+00},
 { 9.99185070e-02, 1.22336768e-01, 7.86098838e-01, 1.38269114e+00,
  -4.31634617e+00,-3.39711690e+00,-5.78839898e-01,-1.42699793e-01,
   1.77856572e-02, 1.40141830e-01,-4.31137681e-01,-1.13870180e+00,
  -4.24263924e-02, 1.37629136e-01, 1.48517549e+00,-2.10034221e-01,
  -3.68340278e+00,-6.22625351e+00,-7.00534701e-01, 2.54449934e-01,
  -1.56470013e+00, 7.21503782e+00,-9.17161763e-01, 3.54872435e-01,
  -1.28627971e-01,-2.26607776e+00, 8.29454958e-02, 4.41053391e+00,
  -1.34048983e-01,-1.59339711e-01,-6.78497887e+00,-4.91855383e-01,
   1.44809529e-01,-1.76003456e+00, 7.18730018e-02,-1.37887106e+01,
   1.05708992e+00,-4.26513813e-02,-2.86172509e+00,-1.24451363e+00,
  -3.08925519e-03, 9.09443855e-01, 2.67092466e-01,-1.33596218e+00,
  -1.55092880e-01,-3.94215679e+00,-7.98939562e+00, 7.68530592e-02,
  -7.39697504e+00,-2.04391405e-01,-1.18870652e+00, 8.54489207e-03,
   1.75844505e-01, 8.47550488e+00,-1.72494709e-01, 2.17034966e-01,
   5.40808514e-02,-2.83218235e-01, 4.60603908e-02, 1.18743839e+01,
   3.36220956e+00, 1.16001689e+00, 1.09698892e+00, 5.00537038e-01,
   9.63541493e-02, 1.04461441e+01,-6.32881045e-01,-4.04095560e-01,
   1.03955564e+01, 2.11467266e+00,-2.04538926e-01,-4.77740616e-02,
   4.49035108e-01, 2.85809368e-01,-4.04658604e+00, 2.56560445e-01,
   2.71900964e+00,-1.10820925e+00, 9.19018388e-01, 2.01030040e+00,
  -6.37278199e-01,-4.79574889e-01, 2.70069337e+00, 1.57804906e-01,
  -1.86684361e+01,-9.15643349e-02,-2.06726599e+00,-1.47825050e+00,
   1.17628582e-01, 1.18898261e+00, 4.71691608e+00, 6.45205796e-01,
   3.81758118e+00, 5.20621657e-01,-2.70391017e-01, 2.75134468e+00,
  -1.67864823e+00,-1.68032193e+00, 5.95546141e-02,-4.90991211e+00,
   1.69307366e-02,-5.76693535e-01,-6.23009300e+00, 4.05361414e+00,
  -1.10761118e+00, 1.16732180e+00, 1.61130220e-01,-1.94117278e-01,
  -8.13399374e-01,-3.29934955e-01, 3.15491462e+00, 8.81965876e-01,
  -5.94879389e-02, 1.91847980e-01, 1.75327671e+00, 1.33165762e-01,
   5.21852493e-01,-1.74022481e-01, 5.11616826e-01, 1.48879194e+00,
  -1.55390441e+00,-1.44813389e-01,-3.85785770e+00,-1.03925872e+00,
  -2.67393088e+00, 3.38876903e-01, 3.46493602e-01,-2.12640595e+00},
 {-6.39972016e-02,-5.83956671e+00,-1.36468725e+01, 3.15036845e+00,
   8.92231524e-01, 7.47629106e-02, 2.21605515e+00, 2.39255428e-01,
  -6.62672222e-02,-2.87269980e-01,-2.90347123e+00, 1.73948538e+00,
  -4.91531104e-01, 9.81028602e-02, 3.54221106e-01,-7.65670776e+00,
  -3.89194608e+00,-4.24070024e+00, 6.65988103e-02,-9.46513563e-02,
   9.85274792e-01,-6.96469009e-01,-2.70575881e-01,-1.11053753e+00,
  -6.78618968e-01, 1.20590180e-01,-6.28448231e-03, 3.20330054e-01,
  -7.59581178e-02, 4.54507589e-01, 3.49541998e+00,-3.31286430e-01,
   1.29500836e-01, 6.60184443e-01, 1.14161596e-01, 2.97539806e+00,
  -7.15776026e-01,-9.47385430e-01, 1.04661584e+00, 4.17158991e-01,
  -1.26785506e-02,-5.34136035e-02,-1.38687752e-02, 2.16728523e-01,
  -2.02928130e-02,-2.00447893e+00, 5.06699026e-01, 2.53690273e-01,
   7.04249024e-01,-6.47985637e-02,-9.59062696e-01,-1.69659674e-03,
  -1.17481029e+00, 8.01770020e+00,-6.56569600e-02, 3.30204889e-02,
  -2.57456340e-02,-7.33274221e-03,-2.24212432e+00, 8.90155506e+00,
  -2.38293419e+01, 4.52507883e-01,-3.58983815e-01,-2.05927223e-01,
  -5.55035286e-02,-4.36584520e+00, 8.45285773e-01,-1.92431033e-01,
  -2.64401793e-01,-1.19748080e+00,-4.79936361e-01,-8.80663842e-02,
   1.14573610e+00, 1.10152669e-01,-1.96666837e+00, 3.60141061e-02,
  -1.89614564e-01, 9.50359941e-01, 8.61208797e-01, 2.83226418e+00,
  -2.32891631e+00,-2.04894233e+00, 6.93342257e+00, 2.13324409e-02,
   1.65908253e+00,-1.80015340e-01, 1.78868890e+00,-3.81586766e+00,
   1.82947204e-01,-8.06932598e-02,-2.16791606e+00, 2.34267735e+00,
  -2.66032070e-01, 4.09811109e-01,-8.27307850e-02, 7.20792055e+00,
   1.65713811e+00, 1.60824597e+00,-2.75360942e+00, 6.75318122e-01,
   6.93412721e-02, 1.29206106e-01, 1.63183079e+01,-1.12283707e+01,
   1.11721486e-01, 2.69719243e-01, 3.28068659e-02,-1.43542215e-01,
  -5.10833740e+00, 1.35268107e-01, 5.68471432e-01,-5.95678110e-03,
  -7.39752817e+00,-8.81394327e-01,-5.74375570e-01,-5.39566018e-03,
   1.21908680e-01,-2.98397809e-01,-2.53146648e+00, 1.08526468e+00,
   4.93219793e-01,-1.14653958e-02,-9.80065539e-02,-6.75300369e-03,
  -1.65039504e+00, 3.81079204e-02,-8.84153080e+00,-9.75030422e-01},
 {-2.22159004e+01, 2.03442633e-01, 1.62700668e-01,-8.45629349e-02,
  -1.51220334e+00,-2.48713851e+00,-1.39609375e+01, 2.29889095e-01,
  -3.83487892e+00,-1.97428310e+00,-1.69156231e-02, 1.19348850e+01,
  -1.31812841e-01,-3.84521216e-01, 5.29539299e+00,-3.39381516e-01,
  -6.99474514e-01,-4.51624915e-02, 1.50208354e-01, 7.70458400e-01,
   4.64187950e-01, 9.53096449e-01,-4.48195159e-01,-4.96905357e-01,
   7.90204465e-01, 2.34054551e-01,-1.78474438e+00,-2.54462119e-02,
  -5.16494322e+00, 6.03318736e-02,-5.89123666e-01, 6.56090927e+00,
  -1.52197313e+01,-5.59192836e-01, 2.07227930e-01,-6.08637044e-03,
   1.19595848e-01, 1.45539150e-01,-2.84953666e+00, 4.65455428e-02,
   2.74392319e+00,-1.20979834e+00,-3.04762292e+00,-5.37798107e-01,
  -2.67223430e+00, 3.83828926e+00,-1.05269723e-01, 2.31395912e+00,
  -1.32701552e+00,-2.35260293e-01,-3.71465921e-01, 1.16282618e+00,
   3.10787529e-01,-1.97895274e-01,-1.23524799e+01,-8.62264252e+00,
   2.60092235e+00,-7.34494105e-02,-2.91533160e+00,-2.33620510e-01,
   1.26373947e-01,-1.02973187e+00, 4.76699924e+00,-1.48997232e-01,
   6.35848951e+00, 1.13340251e-01, 6.43971562e-02, 1.10088050e-01,
   2.59517336e+00,-1.24519318e-01, 6.11670637e+00,-3.86203384e+01,
  -9.91891861e+00, 1.03420997e+00, 1.10796106e+00,-8.90450239e-01,
   2.98154521e+00, 5.22651255e-01,-7.47399479e-02, 1.83773097e-02,
   2.09544733e-01,-3.51828486e-01,-3.00025195e-01, 4.69348490e-01,
  -1.05170743e-03, 2.96389270e+00,-3.00035536e-01,-1.35973379e-01,
  -5.14247119e-01, 1.00271666e+00,-1.98175609e-01, 6.08478606e-01,
   6.85171857e-02,-1.08254418e-01,-6.67060280e+00,-9.36747670e-01,
   3.08803588e-01, 1.86588004e-01, 5.19972146e-01, 1.71046659e-01,
   3.68075681e+00, 5.82062817e+00, 8.74671996e-01, 3.95996004e-01,
   1.70175374e-01,-1.52407436e+01,-1.27192879e+00, 1.45586774e-01,
  -2.01880351e-01, 1.05829008e-01,-2.67154165e-02,-1.05084534e+01,
   1.19802430e-01, 9.15499777e-03,-1.64944401e+01, 9.95317996e-02,
   2.53043842e+00,-3.80622417e-01, 4.55676094e-02,-5.76620027e-02,
   6.08966541e+00, 1.10828662e+00,-9.05330703e-02, 7.80129671e+00,
  -1.16433920e-02, 2.89825487e+00, 4.23501581e-01,-1.17455117e-01},
 {-4.11327779e-01, 2.35379696e-01, 2.06219137e-01,-8.68289843e-02,
  -1.32304704e+00,-2.93561387e+00, 3.18223119e+00, 1.87651849e+00,
  -1.13521633e+01,-8.71562004e-01,-6.40573576e-02, 2.11892366e+00,
  -7.63003007e-02, 7.92306006e-01, 1.34537830e+01,-3.15579653e-01,
  -7.67775476e-01,-4.82341141e-01,-3.02821898e+00, 5.53688383e+00,
   5.20914733e-01, 1.12998414e+00, 1.38877761e+00,-1.01213112e-01,
   5.19456089e-01, 7.36278817e-02, 7.59919882e-01,-1.47840390e-02,
  -5.45288754e+00, 7.77532905e-02,-4.74506199e-01, 1.47643781e+00,
   8.49058628e+00,-3.92827034e-01,-1.47176647e+00,-1.86006770e-01,
   1.33638591e-01, 1.61825985e-01, 1.24169052e+00, 5.55191450e-02,
   1.84268558e+00,-7.78393269e-01, 4.66038227e-01,-2.76573443e+00,
  -3.27813864e+00,-2.00786274e-02,-1.36143520e-01, 4.94060230e+00,
  -1.53115356e+00,-8.00592482e-01,-3.46699655e-01,-4.42637593e-01,
   3.93893659e-01,-1.54262781e-01,-1.24681950e+00, 4.99843454e+00,
   2.81619930e+00,-4.38174196e-02,-2.48016453e+00, 7.01388657e-01,
   1.64158598e-01,-7.38800764e-01, 1.24972239e+01,-1.17152266e-01,
   3.78537822e+00,-9.56175849e-02,-3.38991657e-02, 6.69547841e-02,
   2.13145876e+00,-1.68098226e-01,-5.25166607e+00, 5.75387180e-01,
   4.06152010e+00, 1.40459931e+00, 9.59980428e-01, 1.83289206e+00,
  -9.58682597e-01, 5.12958348e-01,-3.65107246e-02,-1.42055759e-02,
   7.48016778e-03,-4.63708937e-01,-9.02297199e-02,-1.79705448e+01,
  -2.44847406e-02,-2.50510633e-01,-2.35446513e-01,-2.08056480e-01,
  -3.82607460e-01, 2.42776370e+00,-2.26165637e-01,-9.75748408e-04,
   8.27536732e-02,-8.00734609e-02,-6.98860788e+00,-2.38050270e+00,
   2.92186201e-01, 9.31351855e-02, 2.10164949e-01, 3.39238733e-01,
   8.27650130e-01,-6.71934307e-01, 1.70905733e+00, 4.58847433e-01,
  -1.03821886e+00,-8.66417313e+00,-1.79500982e-01, 9.57075283e-02,
  -5.64690353e-03, 7.35926256e-02,-3.02484538e-03,-7.48036265e-01,
   1.04772754e-01, 2.21161190e-02, 2.00317478e+00, 1.60101700e+00,
   1.26258004e+00,-2.66448879e+00,-2.85399258e-01, 1.02324486e-01,
  -8.77052116e+00, 8.96232784e-01,-1.10658817e-01, 8.77630806e+00,
   1.98732205e-02,-1.75372377e-01, 3.62363368e-01,-1.93073958e-01},
 { 1.89148918e-01,-2.02865034e-01, 4.27410781e-01, 4.71964747e-01,
   1.82123542e+00, 4.23719215e+00,-1.18222084e+01,-3.26141143e+00,
  -1.37312984e+00, 1.34775627e+00,-1.26831502e-01, 4.05794334e+00,
   4.88066152e-02,-3.53723192e+00, 8.58468819e+00, 3.82635295e-01,
   8.74310136e-02, 1.18093479e+00, 8.28378975e-01,-2.27237654e+00,
  -6.82848692e-01,-6.34985924e-01,-9.57039952e-01,-7.04192460e-01,
  -7.44625032e-01,-2.54842550e-01,-1.13751745e+00, 1.24529995e-01,
  -5.03766775e+00,-2.92210698e-01, 2.27056429e-01,-9.76527691e-01,
   1.60647833e+00, 5.32495320e-01,-5.93249761e-02, 1.48836195e-01,
  -2.29198202e-01,-4.54581678e-02,-1.83566535e+00,-2.32175469e-01,
  -2.32620430e+00, 5.69190383e-01, 2.69614124e+00, 3.09139085e+00,
  -2.13492036e+00, 4.55911064e+00, 1.70972154e-01,-8.98195505e-01,
   1.10708106e+00, 8.67736876e-01, 2.32256025e-01, 7.23534346e-01,
  -7.03352511e-01, 1.48306638e-02, 1.16356373e+00,-3.22513485e+00,
   2.37253761e+00, 1.18485680e-02, 2.44251657e+00,-2.00805187e+00,
   8.16740561e-03, 5.84194899e-01,-2.51919508e+00, 2.82074749e-01,
  -6.65681005e-01,-1.86078593e-01, 2.16953099e-01,-1.27162889e-01,
  -1.94943130e+00, 6.66461527e-01, 3.45777321e+00,-5.46478212e-01,
   1.98331046e+00,-1.61213279e+00,-1.27676117e+00,-6.49040520e-01,
   4.43530798e+00,-5.82442820e-01,-2.23825499e-02, 1.67200997e-01,
  -3.35951149e-02, 5.66039264e-01,-7.63226375e-02,-4.27956486e+00,
   6.85573444e-02, 3.67291749e-01, 2.05458388e-01, 2.93507446e-02,
   6.85137510e-01,-1.41785526e+01, 3.70972097e-01,-1.16325080e-01,
  -3.31906497e-01, 1.85463578e-01,-1.52467251e+00, 1.61724699e+00,
  -4.47340250e-01,-7.21585229e-02, 2.97386944e-01,-4.74551290e-01,
   2.56409216e+00, 1.30709100e+00,-2.98594475e+00,-5.37745357e-01,
   1.57751627e+01, 4.09389734e+00, 1.39891699e-01,-2.88003355e-01,
   1.92520395e-01,-7.97701702e-02, 4.75563332e-02, 7.67687619e-01,
   2.99157649e-02, 2.90279150e-01,-4.26774979e-01,-2.08865166e+00,
   3.55839729e+00,-4.96006697e-01, 3.39103043e-01,-1.48462152e+00,
   4.43156672e+00, 5.36375046e+00, 2.58226067e-01, 8.56422043e+00,
   8.34114403e-02,-3.06961954e-01,-5.88221371e-01, 2.77900815e-01},
 {-2.81018567e+00, 1.24876583e+00, 9.92186069e+00, 4.76218033e+00,
   1.43992972e+00, 4.01352596e+00, 1.72989595e+00,-4.05673599e+00,
   2.37475896e+00,-3.61526720e-02, 7.07821772e-02, 9.93090034e-01,
  -2.80539036e-01,-2.31987572e+00,-6.81865740e+00,-1.64808106e+00,
   2.64078808e+00, 5.03236771e+00, 1.60509574e+00,-9.23367739e-01,
  -3.45857024e+00,-3.43644691e+00,-6.00950766e+00, 2.97879398e-01,
  -3.28293562e+00,-2.06309462e+00,-9.73439634e-01, 6.45951891e+00,
   7.16230452e-01,-4.89732933e+00, 8.78076077e+00,-2.84127951e-01,
  -2.62636399e+00, 2.99093676e+00, 1.10096186e-01,-1.85504839e-01,
   8.35846996e+00, 2.69853044e+00, 3.81131768e+00,-3.48968863e+00,
  -2.18131018e+00, 3.71879649e+00,-8.02431047e-01,-1.12972651e+01,
   1.47567558e+00, 1.71935856e+00, 5.23663387e-02,-1.76603913e+00,
  -5.29045224e-01,-3.97230275e-02, 5.76782942e+00, 1.15636933e+00,
  -1.16962421e+00,-2.86496329e+00, 2.03105450e+00,-2.52595782e-01,
  -5.03631353e-01, 1.01979923e+00,-2.38695145e+00,-9.92555332e+00,
  -4.10834408e+00, 1.06142941e+01,-2.20129418e+00, 1.96097136e-01,
  -6.50743771e+00, 1.97420144e+00,-8.92956352e+00, 6.19602299e+00,
  -4.29756117e+00, 1.64358008e+00, 6.65749979e+00, 1.31801009e+00,
  -3.95249128e+00,-2.12302995e+00,-1.68489194e+00,-2.27656275e-01,
  -1.36930728e+00,-1.52805603e+00,-2.40985543e-01, 1.70920682e+00,
   1.53812766e+00, 3.43662572e+00,-3.18608809e+00,-3.63437843e+00,
   8.40348423e-01,-1.36114389e-01,-1.94873714e+00, 6.64737880e-01,
   4.52717781e-01,-8.17318630e+00,-7.68083572e-01, 3.96703792e+00,
  -9.08231831e+00,-4.13251686e+00, 5.14636087e+00,-1.04261522e+01,
  -2.98496342e+00,-9.50697064e-02,-1.07953139e-02, 1.00703335e+00,
   2.41871476e-01, 4.82113695e+00,-1.10982933e+01, 9.49411964e+00,
   6.82160759e+00, 1.97048962e+00, 1.42822787e-01,-2.10282111e+00,
   9.27471340e-01, 8.40012729e-01,-5.68926525e+00, 2.58935738e+00,
  -6.83907700e+00,-4.97700024e+00,-3.89142656e+00,-1.25727928e+00,
  -2.37104678e+00, 4.07797098e-01,-4.22236204e-01,-4.53316212e+00,
   5.59958029e+00, 5.64275980e-01,-2.44334269e+00, 5.70531416e+00,
   2.11000085e+00,-1.99547458e+00, 1.88546062e+00,-1.38296247e+00},
 { 3.39989960e-02, 2.48065218e-01,-1.47734079e+01,-2.94810444e-01,
   2.98862495e-02,-5.53182650e+00, 5.82281202e-02, 4.75222208e-02,
  -3.66983823e-02,-1.21947080e-02, 2.16169283e-01, 9.58276689e-01,
  -2.21291780e+00, 1.16717834e-02, 3.62870663e-01,-3.62191536e-02,
  -5.25002837e-01,-1.66551089e+00, 2.81079691e-02, 8.12809076e-03,
  -3.11068576e-02,-2.87518650e-02, 1.47552872e+00, 1.80321056e-02,
   8.17022398e-02,-4.91215140e-02, 1.58773419e-02,-8.99309665e-02,
  -5.02856495e-03,-1.11317083e-01,-1.58495054e+01,-5.61560765e-02,
  -3.18567492e-02,-1.42848622e-02, 8.33038427e-03,-7.53313243e-01,
   1.67919910e+00, 6.99558377e-01,-6.88900873e-02,-8.89860280e-03,
  -1.43394927e-02,-1.09904505e-01, 3.25381346e-02,-1.94913042e+00,
  -7.35929608e-03,-2.97307944e+00,-3.24157119e+00, 1.72233526e-02,
   7.04960674e-02,-4.30182032e-02,-2.27255505e-02,-1.05903950e-02,
   1.36065204e-03,-7.78163731e-01, 6.98640943e-03, 4.01588622e-03,
  -4.37747836e-02,-1.04541536e-02,-1.25369117e-01,-1.53655136e+00,
   4.21508265e+00, 4.86170352e-02,-2.01740652e-01,-1.03956903e-03,
   7.88798183e-02,-5.02782297e+00,-8.56296635e+00, 4.51380610e-02,
  -6.77751875e+00,-6.49080575e-02,-1.30169854e-01, 4.23848107e-02,
   7.40225911e-01, 4.93562361e-03, 4.71215621e-02, 1.03222877e-01,
   6.55534148e-01,-9.46127325e-02, 1.71152210e+00,-1.19413801e-01,
   3.55730534e-01, 4.04919535e-02,-2.61081815e-01, 5.58422133e-03,
  -2.78259754e+00,-8.56022984e-02, 3.07127404e+00,-2.64157534e-01,
   8.98141563e-02,-3.68977971e-02,-2.15072110e-02,-1.65286303e-01,
   6.40432239e-02, 8.26120842e-03,-2.95198690e-02,-6.70062229e-02,
  -3.47376466e-02, 9.38562602e-02,-3.35825473e-01,-4.14420366e+00,
  -2.75539048e-02,-2.65504252e-02,-6.35000181e+00,-2.71244168e-01,
   6.34104460e-02,-2.80044407e-01, 7.38451211e-03,-5.07857976e-03,
  -2.80277290e+01, 1.74064226e-02, 3.25334445e-02, 2.01542303e-02,
   2.00235434e-02, 1.97398603e+00, 2.39911929e-01,-4.96604899e-03,
  -5.62467016e-02,-7.06989644e-03,-8.60182524e-01, 1.05598521e+00,
  -5.05744159e-01,-5.77088445e-03,-2.75149679e+00,-5.44804707e-03,
  -9.88496244e-02, 3.35416291e-03,-6.00711107e-02,-2.28257065e+01},
 { 6.09199810e+00,-3.50964928e+00,-3.04007840e+00,-4.00404215e+00,
  -2.89567637e+00,-4.35885143e+00,-4.57434082e+00, 2.06598139e+00,
  -1.97345829e+00,-1.75736916e+00, 1.84955382e+00, 2.42180920e+00,
   6.19808912e-01, 2.89573860e+00, 8.33864880e+00,-3.14193654e+00,
  -4.28912020e+00, 3.90844978e-02,-2.60352564e+00, 1.51482511e+00,
  -4.53315735e+00,-2.52707183e-01, 4.78795856e-01, 2.95700145e+00,
  -2.18901658e+00,-3.16021395e+00,-3.98867995e-01, 4.58377838e+00,
   5.55580556e-01, 1.63067317e+00,-6.30532932e+00, 1.44797117e-01,
   3.70963573e+00,-1.43571424e+00,-3.10781389e-01,-1.22246373e+00,
   7.52283001e+00, 1.60245824e+00,-9.64021504e-01,-1.23329914e+00,
   1.65456140e+00, 5.88916719e-01, 7.72875667e-01,-3.76985580e-01,
  -1.90476763e+00, 3.13313794e+00, 1.30018401e+00, 9.25201103e-02,
  -3.54576796e-01, 1.19883418e+00, 2.87159824e+00,-4.49369490e-01,
   2.73627698e-01,-4.82932627e-01,-1.30835867e+00, 5.04460990e-01,
   1.43167806e+00, 1.14279861e+01, 2.19532180e+00, 3.82909942e+00,
   3.03006673e+00, 7.22633302e-01,-1.99856877e+00, 3.88024338e-02,
   7.81787825e+00,-1.06301606e+00,-6.64646208e-01, 3.31784463e+00,
  -2.35785055e+00,-2.29028988e+00,-6.03385067e+00,-3.37605429e+00,
   6.56724310e+00, 1.15233374e+00, 1.50032568e+00, 4.25496608e-01,
  -3.06886315e+00, 1.43140543e+00, 7.40828753e-01,-4.34295237e-01,
  -1.05819547e+00, 3.23765564e+00, 1.91635287e+00, 1.55122757e+00,
   1.00551319e+00,-3.52510303e-01,-8.32296729e-01,-9.53171670e-01,
  -1.78008151e+00, 6.96616650e+00,-5.82360935e+00, 5.35413921e-01,
  -3.76610470e+00,-3.26667023e+00,-6.49054146e+00,-6.30816650e+00,
  -2.42382216e+00,-4.22078222e-01,-1.39572942e+00, 1.83484614e+00,
   2.99264222e-01,-6.30151463e+00, 5.84056473e+00, 3.92298436e+00,
  -5.71887207e+00,-2.55886626e+00,-2.65342975e+00,-7.66174555e+00,
   7.01509619e+00, 3.59219813e+00, 6.77712321e-01,-2.55064440e+00,
   9.56603348e-01, 7.74165452e-01,-1.73310649e+00, 1.49071825e+00,
   3.78353047e+00,-9.54720116e+00,-5.27255821e+00, 2.34448385e+00,
  -3.62242556e+00,-4.77024853e-01,-7.62542248e+00,-4.55248928e+00,
   1.31528330e+00, 1.81537569e+00,-5.19424677e+00,-2.83627510e+00},
 { 5.56180239e-01, 9.97359082e-02, 5.34570754e-01,-9.89030153e-02,
  -2.69495702e+00,-4.41599464e+00, 5.61697912e+00, 6.40635252e+00,
  -2.42632103e+00,-9.34613526e-01,-1.86940894e-01, 6.78938389e-01,
   6.52133906e-03, 5.35769653e+00,-1.56264615e+00,-1.45692670e+00,
   2.03891635e-01,-5.77945895e-02, 3.80113065e-01, 1.59949172e+00,
   1.71540189e+00, 1.20157313e+00, 9.17434216e-01, 1.96364689e+00,
   9.76217270e-01,-7.52239883e-01, 7.94577360e-01,-1.57554671e-01,
  -1.60096049e+00, 1.06289113e+00, 5.10426104e-01, 2.19628549e+00,
   4.36372757e+00,-3.17043930e-01, 4.53314304e+00,-1.00063592e-01,
   9.04047310e-01,-3.21861625e-01,-1.01643406e-01, 4.12742436e-01,
   2.41540051e+00,-4.32236642e-01,-2.12220478e+00, 3.59222591e-02,
  -8.21568489e-01, 7.52504587e-01,-8.32410634e-01, 7.84390867e-01,
  -2.53567123e+00,-1.17125499e+00,-6.80992424e-01,-7.46273994e-01,
   5.44005334e-01,-1.35955483e-01,-4.73010731e+00,-9.81725454e-01,
  -3.33973765e+00, 6.10858351e-02,-4.35492992e+00,-1.98358083e+00,
  -3.11125726e-01,-9.19776857e-01,-1.21402013e+00,-6.26569986e-01,
   2.48795128e+00,-1.04210377e-01,-1.71222374e-01,-1.02026887e-01,
   3.03269553e+00,-2.66210938e+00,-5.00757980e+00, 1.56089699e+00,
   3.89177728e+00, 2.39890862e+00, 1.84756935e+00,-2.85146284e+00,
  -1.29178607e+00, 4.22764093e-01,-1.32100478e-01,-5.22059426e-02,
   1.88040555e-01,-1.02064228e+00,-3.47837538e-01, 4.22004938e+00,
  -6.66665256e-01,-3.68567848e+00, 3.22964162e-01, 3.88849050e-01,
  -1.53675199e+00, 8.66576481e+00,-6.35787547e-01, 9.93166625e-01,
   3.34336847e-01,-4.80423987e-01,-5.63163900e+00,-1.91168022e+00,
  -7.58074582e-01,-4.52601127e-02, 3.20387542e-01,-4.98428553e-01,
   1.54744506e+00,-1.78925419e+00, 3.04317284e+00, 5.50954938e-02,
  -7.94630814e+00,-1.34729662e+01,-2.81531946e-03, 4.25028682e-01,
  -8.98620367e-01, 6.55092075e-02,-6.92760721e-02,-9.53002512e-01,
  -3.14805835e-01, 3.84460270e-01,-1.49184980e+01, 2.68168044e+00,
   5.01600683e-01,-2.59870887e+00, 1.17568761e-01, 4.72184390e-01,
  -3.93777776e+00,-1.76791298e+00,-5.00611663e-01,-5.91851759e+00,
   3.77245024e-02,-1.37620540e-02, 1.00267744e+00,-1.49988160e-01},
 {-1.49888353e+01, 3.14491332e-01, 2.05707818e-01,-2.84870863e-01,
  -2.76804948e+00,-8.67539978e+00, 1.08507824e+01,-7.77475929e+00,
  -6.90850592e+00,-3.42720318e+00, 4.98388074e-02,-3.19126821e+00,
   3.42938937e-02,-9.74164665e-01, 6.23570919e+00,-1.32139623e+00,
   1.09723961e+00, 4.37348932e-01, 6.13240480e-01, 1.65097344e+00,
   1.37894356e+00, 1.40287101e+00,-2.05522585e+00,-7.58069420e+00,
   1.09105492e+00,-6.20687425e-01,-2.60594988e+00,-4.01197016e-01,
   5.49145031e+00, 7.82516658e-01,-2.83832818e-01,-2.76039243e+00,
   6.73251581e+00,-1.63860846e+00, 9.30788934e-01, 1.94632411e-01,
   1.19210780e+00,-3.67457062e-01, 1.15903974e+00, 3.59257728e-01,
   4.78640747e+00,-1.61300004e+00, 3.04987144e+00, 2.55324990e-02,
  -5.20755959e+00,-1.29939675e+00,-1.01019621e+00, 9.75004971e-01,
  -2.60417461e+00, 1.44496158e-01,-6.02678716e-01, 1.59670186e+00,
   5.13970017e-01, 1.49808884e-01,-5.85052299e+00, 2.55875850e+00,
   4.80157423e+00,-7.84741491e-02,-4.89890862e+00,-1.95264304e+00,
  -1.24814004e-01,-9.14836109e-01, 6.57760382e+00,-5.39570510e-01,
   8.21762180e+00,-8.32344890e-02, 1.77416593e-01, 1.81107059e-01,
   3.05592418e+00,-1.72659647e+00,-2.88558531e+00,-9.63841343e+00,
   1.83927274e+00, 2.38659501e+00, 1.75750637e+00, 3.40076351e+00,
   1.53108609e+00, 6.96705163e-01, 2.72963312e-03, 1.25900209e-01,
   4.68907773e-01,-1.09063256e+00,-3.72720122e-01, 1.38100934e+00,
  -6.42653942e-01,-6.84124851e+00, 3.28810066e-01, 4.88060147e-01,
  -3.45121932e+00, 2.79395103e+00,-6.26775324e-01, 1.17775095e+00,
   4.52167600e-01,-4.77815330e-01,-1.18720989e+01,-1.73076296e+00,
   9.26326215e-01,-1.09703891e-01,-4.53609452e-02,-2.17913494e-01,
  -1.96906209e+00,-1.76556015e+01, 4.76025724e+00, 6.38603210e-01,
  -7.45724380e-01, 1.18951311e+01,-1.64343834e+00, 4.57128435e-01,
  -5.85422575e-01, 5.06617799e-02,-2.17901170e-01,-6.89086819e+00,
  -1.17852166e-01, 1.95150271e-01,-2.73965988e+01, 9.41951454e-01,
   8.67983627e+00,-5.83571482e+00,-9.71305966e-02, 1.01902354e+00,
  -2.89111471e+00, 2.07403040e+00,-4.04999822e-01,-1.30696402e+01,
   2.74265081e-01, 5.08596182e+00, 1.31112874e+00,-4.13067192e-01},
 { 4.37438154e+00,-3.52249026e-01, 5.40299453e-02, 4.60227251e-01,
   2.91359496e+00, 5.35638809e+00,-1.75958753e+00,-1.60637360e+01,
   6.27769375e+00, 2.61241293e+00,-1.53707564e-01, 4.94558573e+00,
   5.52455783e-02, 9.65587020e-01,-1.53490272e-03, 7.09176540e-01,
   1.09719276e+00, 9.43107426e-01, 2.67656911e-02,-1.46713281e+00,
  -9.48276579e-01,-1.64104712e+00,-4.20659542e+00, 3.76587421e-01,
  -1.49184144e+00,-3.98348391e-01, 3.33539987e+00, 1.57278091e-01,
  -4.36130476e+00,-5.01453280e-01, 7.69004464e-01,-1.19135094e+01,
  -1.81337395e+01, 9.40137267e-01, 1.23360407e+00,-2.03264073e-01,
  -2.35991344e-01, 4.84939991e-03, 2.85148931e+00,-2.13825032e-01,
  -4.94835043e+00, 2.11198831e+00, 4.44429970e+00, 5.43390894e+00,
   4.49054956e+00,-4.66250706e+00, 1.62274554e-01,-1.98682559e+00,
   2.33202004e+00, 4.10639614e-01, 4.42853540e-01,-2.33863306e+00,
  -9.16734636e-01, 4.33775447e-02,-1.34299116e+01,-9.55543900e+00,
  -4.31308079e+00, 4.56773676e-02, 3.92035341e+00,-1.27447033e+00,
   7.00376704e-02, 1.38051808e+00,-2.00496149e+00, 3.31035554e-01,
  -8.66344738e+00,-9.31599215e-02, 3.74977082e-01,-8.09253082e-02,
  -3.99861193e+00, 3.25082064e-01,-1.22720337e+00, 1.07492285e+01,
  -1.58779135e+01,-1.59440899e+00,-2.04831505e+00,-6.02246046e+00,
   3.09188724e+00,-1.08335471e+00,-2.38072290e-03, 6.11029286e-03,
  -4.31043237e-01, 6.52217329e-01, 2.14801326e-01,-6.18767619e-01,
   9.46930572e-02,-9.67103291e+00, 2.57450879e-01,-1.75845578e-01,
   1.04196692e+00,-1.95653951e+00, 2.86499918e-01, 2.41036251e-01,
  -3.31139743e-01, 3.47831756e-01, 1.12624044e+01, 5.19475412e+00,
  -7.49781907e-01,-1.30920112e-01, 9.12972167e-02,-5.31525314e-01,
   2.72849822e+00, 3.66827583e+00,-2.79136586e+00,-8.90277147e-01,
   4.53895628e-01, 1.48827658e+01, 2.35848761e+00,-4.35636431e-01,
   2.06628129e-01,-1.16101287e-01, 8.06008279e-02,-1.24038868e+01,
   1.09219320e-01, 9.67427269e-02,-7.57463455e-01, 1.74145937e-01,
  -8.75453472e+00, 8.37041914e-01, 2.31499538e-01, 1.28756046e+00,
  -3.72802401e+00,-1.80212998e+00, 3.47243696e-01, 9.06466007e+00,
  -2.57134233e-02,-5.13740063e+00,-1.06860471e+00, 2.03388199e-01},
 {-4.37962198e+00, 1.63728058e-01,-3.21835594e+01,-2.64927654e+01,
   1.63051593e+00,-1.36870022e+01,-3.09704870e-01,-2.60224175e+00,
   6.82799637e-01, 4.27652687e-01,-1.36322308e+00, 1.03118753e+00,
  -1.14850640e+00,-3.10813594e+00,-3.63833547e+00,-2.44944072e+00,
  -6.56063318e+00, 2.87093258e+00, 2.76413560e+00, 2.04971790e-01,
  -2.46974969e+00,-8.82673323e-01, 2.12488556e+00,-2.99816132e-01,
  -1.31116080e+00, 2.62016463e+00,-1.08389461e+00, 3.50669861e+00,
  -1.47749281e+00,-2.80503106e+00, 2.87867129e-01, 5.95047235e-01,
  -1.08558953e+00,-3.15746009e-01, 6.27428710e-01,-9.95186090e-01,
   2.49413323e+00, 6.10635936e-01,-8.09849083e-01,-1.11282778e+01,
  -1.34931302e+00, 9.01299834e-01, 2.01033548e-01, 3.32785535e+00,
   1.40108287e+00, 4.97289848e+00,-1.61035633e+00, 8.26723993e-01,
  -1.30226612e+00, 3.13115388e-01,-1.92035639e+00, 5.39967239e-01,
  -5.09320438e-01, 7.72989511e-01, 2.65411210e+00,-4.60069180e-01,
  -2.51396358e-01,-3.27590156e+00,-2.33312535e+00, 2.32781887e+00,
   3.47956109e+00,-4.12627983e+00,-4.60638881e-01,-1.33219757e+01,
  -3.40480804e+00,-8.30554008e-01,-1.16019082e+00, 5.77105141e+00,
  -1.95266514e+01, 3.27070975e+00, 6.36229372e+00, 1.13925838e+00,
  -3.94652796e+00,-2.31255245e+00, 1.15470850e+00,-1.32030293e-01,
   1.28368413e+00, 2.10259652e+00, 1.03314710e+00,-1.02661288e+00,
   1.13191009e+00, 2.20239944e+01,-8.75992596e-01,-2.52850771e+00,
  -1.36465299e+00,-5.19783616e-01, 4.98157167e+00, 9.24243867e-01,
   4.62857151e+00,-6.71586180e+00,-3.93422890e+00, 4.44318867e+00,
  -2.64446878e+00,-4.40047550e+00, 3.18202758e+00,-4.31144762e+00,
  -2.41155005e+00,-2.92831516e+00,-9.42700624e-01,-2.79936123e+00,
   4.59059834e-01, 5.95096159e+00, 9.75060368e+00,-1.15557623e+01,
   5.25654697e+00, 5.11863756e+00, 3.55746418e-01,-6.18588829e+00,
   2.41594291e+00,-3.54255080e+00, 8.01010323e+00, 3.51412702e+00,
  -9.62678528e+00, 2.03371406e-01,-2.33361244e+00,-1.34282732e+00,
  -2.18857050e+00, 8.63234401e-01,-2.86900830e+00, 1.11586773e+00,
   3.57877278e+00,-8.00177097e-01,-5.95736408e+00, 3.71621561e+00,
   3.99974847e+00,-2.00215125e+00,-2.77076292e+00,-5.88713264e+00},
 {-9.57903576e+00, 4.61497247e-01,-5.89635611e-01,-5.36194086e+00,
   1.74084342e+00,-1.75059468e-01,-1.07097321e+01,-1.96542215e+00,
   6.38898373e+00,-7.83966637e+00, 1.39484126e-02,-4.35798258e-01,
   6.21322811e-01,-1.22046490e+01, 3.31397152e+00, 1.29343882e-01,
  -8.13246846e-01, 1.76719916e+00,-3.54252434e+01, 6.21592283e+00,
  -9.13965642e-01,-5.78078806e-01, 4.12146425e+00, 7.76123571e+00,
   1.72646594e+00,-1.52702487e+00,-3.84015828e-01,-1.60254940e-01,
  -6.72155842e-02,-5.13468027e-01,-1.64470708e+00,-7.98075485e+00,
   1.74661076e+00,-3.87000561e+00, 3.40565729e+00, 2.08567357e+00,
  -3.68063450e+00, 1.16011336e-01,-1.09996058e-01, 2.22905087e+00,
  -2.61261559e+00,-3.16959429e+00,-3.91675919e-01, 1.23344553e+00,
   1.32430285e-01,-3.72106242e+00, 4.60813157e-02, 1.83397865e+00,
  -2.05988955e+00, 1.84995782e+00, 3.25496048e-01,-1.75256968e-01,
   2.03536177e+00,-6.40889227e-01, 1.76992083e+00,-2.08913460e+01,
  -1.47606647e+00, 8.74826145e+00, 2.98727989e+00, 3.04590869e+00,
   5.56682408e-01, 5.79987109e-01,-2.12056249e-01, 3.11773372e+00,
  -1.16389263e+00, 7.03173876e-02,-1.99011576e+00,-5.23632050e+00,
   2.48956275e+00,-2.90647936e+00, 9.87140274e+00,-1.34947100e+01,
  -3.16937256e+00,-1.65229487e+00,-6.89441562e-02,-8.92006576e-01,
  -8.13041878e+00,-3.87484789e-01, 3.06694955e-01, 7.73786604e-01,
  -1.18451631e+00, 6.34565926e+00, 1.06296456e+00,-5.27311325e+00,
  -1.96873498e+00,-1.62755620e+00, 8.42629790e-01,-1.73835421e+00,
  -4.89764595e+00,-6.75175667e+00,-1.97802222e+00,-1.42437875e+00,
   8.91949594e-01,-4.62045288e+00, 1.70230675e+00, 4.86643028e+00,
   3.65250969e+00,-3.50995511e-01, 5.02678931e-01,-2.94044346e-01,
   2.35634312e-01, 1.01715202e+01,-1.00233579e+00, 1.98049724e-01,
   7.79340386e-01, 1.15371692e+00,-7.45636320e+00,-1.34875548e+00,
   1.97415411e+00, 1.92250001e+00,-1.00734401e+00, 4.58199310e+00,
  -1.78928113e+00, 1.53452182e+00, 5.72202444e+00,-1.24792452e+01,
  -4.54236478e-01,-5.93724442e+00, 5.33465803e-01, 4.05192852e+00,
   3.54860616e+00,-2.35870171e+01,-3.42215276e+00, 1.41743746e+01,
   6.46478891e-01, 4.20901716e-01,-6.04806900e+00, 3.59210944e+00}};

const float b2[sz_hid_2] = { -9.925705  , -6.1308317 , -0.10378592,  0.16332757, -0.1650089 ,
  -8.561365  ,-12.823744  ,-19.611649  , -3.2331548 , 12.49798   ,
  -2.6470866 , -6.597637  , -0.07984941,-12.983935  , -5.589462  ,
  -4.1559587 , -6.3489466 , -4.3275995 ,  0.7789328 ,-10.351445  ,
  -1.4666271 ,  2.3641381 , -5.9245777 , 12.071518  , -1.8873936 ,
   1.4585165 ,-15.583235  ,-18.636133  ,  0.23856996, -5.7013535 ,
   4.2146463 , 11.420292  };

const float w3[sz_act][sz_hid_2] = {{ 4.89807934e-01, 3.33707333e-01, 1.46316916e-01, 3.88719258e-04,
   5.71830310e-02,-5.40310401e-04,-2.45387889e-02, 9.90165249e-02,
  -1.27917957e-02, 7.68096978e-03,-1.14927284e-01, 9.89042342e-01,
   7.84151405e-02,-2.69740641e-01,-2.28788843e-03, 1.00082373e-02,
  -3.48680228e-01,-8.45966954e-03,-8.85745103e-04, 2.67788116e-03,
   3.84508749e-03, 7.11141080e-02, 7.74022341e-02,-9.17306468e-02,
   8.19733646e-03, 9.09131719e-04, 6.27694651e-02, 1.29939258e-01,
   8.59125108e-02,-6.52037188e-02, 5.27992323e-02,-5.46111822e-01},
 { 1.26730464e-02, 9.61936172e-03, 1.03770837e-01,-1.73135310e-01,
   4.40114439e-02,-1.35717839e-01, 1.81101754e-01, 1.42364830e-01,
  -1.05706386e-01,-2.06239194e-01,-1.59929674e-02, 2.64026201e-03,
  -7.05585927e-02, 1.15273343e-02, 1.60380095e-01,-1.41286820e-01,
   2.33609099e-02,-2.13809401e-01,-1.18870303e-01, 1.58164918e-01,
   1.39482886e-01,-1.67472591e-03,-2.77604442e-03, 2.07457249e-03,
   1.84802577e-01,-1.66042060e-01,-1.75082132e-01,-5.00498014e-03,
  -5.86411101e-04, 2.33156094e-03, 1.90086722e-01,-2.05852761e-04}};

const float b3[sz_act] = {-0.02681561, 0.25332355};

