const float w1[sz_hid_1][sz_obs] = {{-6.77173398e-03,-2.88580265e-02,-1.39203048e+00,-3.99054480e+00,
  -2.71746778e+00,-4.87819344e-01,-1.61288219e-04, 1.14503396e+00,
  -5.55094369e-02},
 { 4.35916074e-02,-3.41576077e-02, 4.64442074e-01, 1.13197112e+00,
  -9.34077072e+00,-1.67818740e-01, 2.69386675e-02, 1.01410265e+01,
   3.22113000e-03},
 {-9.60308671e-01, 5.30704069e+00, 5.32779598e+00, 7.29334801e-02,
   3.57337818e-02,-6.18560724e-02,-6.20717144e+00,-9.80656222e-02,
   4.50103104e-01},
 { 2.49219518e-02,-8.06319434e-03, 5.55059433e-01, 7.36614895e+00,
   4.37931871e+00, 1.00167704e+00,-5.54151870e-02,-1.43724060e+01,
   2.03855783e-02},
 { 6.28302768e-02, 4.10391809e-03, 4.44442689e-01, 2.24064574e-01,
   8.96103501e-01, 7.14658082e-01, 4.40270901e-02, 7.06833029e+00,
  -2.21781421e+00},
 { 2.54035711e-01, 3.07958543e-01, 1.28998003e+01, 2.52245329e-02,
   1.46351038e-02, 1.87766310e-02,-5.05556464e-01,-1.24515621e-02,
   1.19491853e-01},
 { 2.07961053e-02, 8.21702648e-03,-3.41760188e-01, 2.45596623e+00,
   3.69745183e+00,-3.88729602e-01,-2.21414026e-02, 1.21350155e+01,
  -8.53974298e-02},
 {-1.28681093e-01,-8.92806351e-02, 2.80384040e+00,-3.81708473e-01,
  -8.22319329e-01,-6.96643233e-01, 7.84482658e-02,-7.51045704e+00,
  -2.76283765e+00},
 { 4.64311652e-02,-5.89881167e-02,-3.37030858e-01, 2.51830363e+00,
   3.27762127e+00,-2.37765861e+00, 9.80278328e-02,-9.36247468e-01,
   1.17213917e+00},
 { 2.71821260e+00, 1.30825117e-01, 1.02311668e+01,-2.49062069e-02,
  -2.08053812e-02, 1.20870285e-01,-3.22960067e+00, 1.29664242e-02,
  -1.71164665e-02},
 { 5.89369392e+00, 1.05561411e+00, 8.29995453e-01, 2.46514603e-02,
   4.20116372e-02,-3.20088714e-02, 1.22100849e+01,-5.58208227e-02,
  -1.17014702e-02},
 { 1.41514437e-02,-1.82551980e-01,-1.44505060e+00,-2.30438328e+00,
  -3.37980580e+00,-3.09710646e+00,-2.74757203e-02, 4.56987858e+00,
   3.62074804e+00},
 {-5.89398015e-03, 1.57686576e-01, 3.80639982e+00,-2.19375443e+00,
  -1.60044384e+00, 1.40954697e+00,-4.61063609e-02,-2.45868397e+00,
  -3.82019186e+00},
 { 7.63845118e-03, 1.17147215e-01, 9.56273913e-01, 6.73394382e-01,
   5.38202572e+00,-3.32970321e-01, 4.69605997e-02,-3.74132848e+00,
  -4.50490713e+00},
 {-5.00966251e-01, 5.35312128e+00, 1.55676854e+00,-2.58394748e-01,
   5.11254463e-03, 3.66166294e-01,-5.34823990e+00,-2.56037146e-01,
  -8.10505822e-02},
 { 9.36109722e-01, 9.06939328e-01,-5.15570259e+00,-4.21703053e+00,
   1.77070224e+00, 1.37887764e+00, 3.13453746e+00, 5.17435730e-01,
  -2.77838135e+00},
 {-6.90258324e-01,-8.96133125e-01,-7.68373251e+00, 5.61116189e-02,
  -2.32337154e-02, 1.47690997e-01,-5.69090462e+00,-5.79366498e-02,
  -6.92765117e-02},
 {-3.46654728e-02, 1.57598909e-02, 3.96433249e-02, 2.16578436e+00,
   1.06403685e+00,-2.63961029e+00, 6.88514262e-02,-1.62233782e+00,
  -2.30064654e+00},
 { 1.96357295e-02, 3.71181108e-02,-7.57712603e+00,-1.69115841e-01,
   2.89075279e+00, 6.94848299e-02,-1.98594928e-01,-1.91491842e-02,
  -5.79331160e+00},
 { 3.02612670e-02,-3.85652110e-02, 1.35478983e+01,-1.37065665e-03,
   2.31782300e-03, 1.51650980e-01, 9.62812528e-02, 4.65687877e-03,
   9.47389379e-03},
 {-1.37538835e-02,-5.83713688e-03,-2.41602644e-01, 3.39302635e+00,
  -2.09169531e+00, 8.82739782e-01, 1.45707866e-02,-1.21974974e+01,
  -5.10633327e-02},
 { 3.86735463e+00, 1.09915160e-01,-3.55617380e+00, 2.60829013e-02,
  -4.88383733e-02,-3.45324248e-01, 7.21285343e+00, 6.01751022e-02,
   9.44275707e-02},
 { 2.76697785e-01, 2.95276499e+00,-1.20668255e-01, 4.76656966e-02,
  -1.05573488e-02, 3.76782790e-02,-1.85981762e+00, 5.50850481e-02,
   2.09124144e-02},
 { 3.94367613e-02,-2.58970886e-01,-2.76121521e+01,-4.70685810e-02,
   3.62086250e-03,-1.79880083e-01, 9.12891150e-01,-2.96118055e-02,
  -1.95252690e-02},
 {-1.57658195e+00, 1.06337897e-01,-2.78439260e+00,-6.60484880e-02,
  -5.23858108e-02, 1.16015784e-01, 4.61146545e+00, 1.20185815e-01,
   7.58305788e-02},
 { 1.87491193e-01, 4.17945944e-02,-6.64130688e+00,-1.82820559e+00,
  -2.56188750e+00,-1.84560955e-01, 3.46042395e-01, 6.13723695e-01,
   5.59383297e+00},
 {-2.59749937e+00,-4.98241997e+00, 8.28561246e-01, 1.05581731e-02,
   1.32136429e-02, 1.54312804e-01, 2.21124172e+00, 1.12910442e-01,
   2.04992071e-02},
 { 3.68982577e+00,-1.52264416e+00, 1.31434476e+00, 3.95938149e-03,
  -8.49845633e-03,-8.69554654e-02,-1.09169083e+01,-9.57621634e-03,
  -3.45538743e-02},
 { 4.31973487e-02, 3.51962517e-03,-2.25393820e+00, 1.57839489e+00,
  -3.57554555e-01,-2.45515063e-01, 3.86617519e-02,-1.10022873e-01,
   3.74275327e+00},
 { 4.42562327e-02, 5.70978746e-02,-1.28378081e+00, 2.38853145e+00,
  -6.14495802e+00, 3.19460869e+00,-3.39749344e-02, 2.43850875e+00,
  -1.82129368e-01},
 { 3.62850614e-02,-2.11917665e-02, 1.20540500e-01,-1.82840490e+00,
   5.41719377e-01, 3.96978319e-01,-2.68750265e-02,-5.37906110e-01,
  -2.02133074e-01},
 { 2.35991001e+00,-2.73542595e+00,-5.84197104e-01, 8.59388802e-03,
  -1.33927437e-02,-1.23286195e-01, 7.69034815e+00, 1.53736081e-02,
   6.10778388e-03},
 {-6.36460409e-02, 1.68393273e-02, 4.16972399e+00, 3.07747054e+00,
   1.71460319e+00, 4.22107011e-01, 1.08286493e-01,-5.15785217e+00,
   3.86328626e+00},
 { 2.51142103e-02,-3.35647985e-02,-2.41453052e+00,-2.53525972e+00,
   1.09573209e+00,-1.26166437e-02,-3.60443331e-02, 1.48403573e+00,
   3.20991898e+00},
 {-4.75059077e-02, 3.83578278e-02, 2.96036508e-02,-1.52883053e+00,
  -4.28170538e+00,-1.10408831e+00, 2.60320841e-03,-5.73945522e+00,
  -2.69455649e-02},
 {-1.64122973e-02,-2.31794044e-02,-3.08522439e+00, 1.03111243e+00,
   9.77054358e-01, 1.40954411e+00,-4.40851599e-03,-3.55974984e+00,
  -3.37292528e+00},
 {-7.19004944e-02, 9.92794558e-02,-5.41592789e+00,-2.80213642e+00,
  -1.19653594e+00, 7.49839127e-01,-1.37394182e-02,-2.83653212e+00,
   4.33851957e+00},
 {-3.86999920e-02, 4.06413935e-02, 2.74944353e+00,-2.13859487e+00,
   3.41455364e+00,-7.14703426e-02,-3.75052840e-02,-2.37839794e+00,
   1.40724614e-01},
 {-1.20417483e-01, 2.18275283e-02,-1.55419111e+00,-5.12496758e+00,
   9.38343346e-01, 1.01434457e+00, 2.37363502e-02,-3.55031848e-01,
   3.71865749e+00},
 { 4.33742619e+00,-2.83140326e+00,-3.85439730e+00, 2.24277657e-02,
  -2.64211539e-02,-4.36484739e-02, 1.22232389e+01, 3.67136300e-02,
   2.30613258e-02},
 {-2.78890710e-02, 7.05890954e-02,-1.72601640e-01, 2.46212101e+00,
   3.50031585e-01,-2.29523516e+00, 6.01100512e-02,-8.57805431e-01,
   2.78313041e+00},
 {-7.45958649e-03,-5.57732396e-03,-3.65636535e-02, 8.39344263e-02,
   1.41061798e-01,-7.87817097e+00, 3.62680468e-04,-7.76424725e-03,
  -9.59698707e-02},
 { 8.08933914e-01,-3.15475678e+00,-5.30834627e+00, 7.12739155e-02,
  -1.00153230e-01,-3.29533219e-02, 5.72044659e+00, 7.79014602e-02,
   1.48928314e-01},
 { 2.83197351e-02,-1.33295283e-02, 6.44545650e+00,-2.57049847e+00,
   2.00295210e+00, 3.83708143e+00,-4.15743180e-02,-3.22492063e-01,
   4.67991829e+00},
 { 6.34391427e-01,-4.46302950e-01,-1.00820999e+01,-5.41859344e-02,
   5.10451980e-02,-6.74950704e-02, 1.02717489e-01,-1.44353867e-01,
   3.16986069e-02},
 { 1.52469641e-02,-4.20671701e-02, 9.65973213e-02,-1.25191081e+00,
   6.71591222e-01,-1.26212180e+00, 1.72944263e-01, 3.95080376e+00,
   1.22240685e-01},
 {-1.97871821e-04, 5.63297756e-02,-1.72779922e+01,-3.44821787e-03,
  -7.15981820e-04,-1.74432009e-01,-3.02602388e-02,-5.90104312e-02,
  -4.51238547e-03},
 { 5.22369528e+00, 2.42762709e+00, 5.83221734e-01,-1.24719637e-02,
  -8.06266256e-03,-9.36793908e-03,-3.92662191e+00, 7.11034238e-03,
   2.54613813e-02},
 { 4.74577045e+00, 2.67253900e+00, 8.35593104e-01,-8.61361176e-02,
  -1.86933838e-02,-9.96500626e-02,-2.53225589e+00, 2.49823611e-02,
   3.69894914e-02},
 {-4.62636518e+00,-1.29821420e+00,-8.79902422e-01, 1.67709272e-02,
  -2.45712437e-02,-3.52680869e-02, 1.21034443e+00,-2.18580142e-02,
  -2.64065024e-02},
 { 5.11944103e+00, 2.82488704e+00, 4.24673223e+00,-2.80917045e-02,
  -2.52442975e-02, 7.11915316e-03,-1.48695326e+01, 1.71653517e-02,
   1.34996418e-02},
 {-3.25268283e-02, 6.33576065e-02,-3.02090025e+00, 3.56597614e+00,
  -1.65670499e-01, 7.83367038e-01, 4.39123921e-02,-1.22749376e+00,
  -4.69183064e+00},
 {-3.23036239e-02, 9.48760957e-02, 3.21242499e+00,-1.92196631e+00,
  -1.47911167e+00,-2.15015984e+00, 4.93064821e-02, 3.58202434e+00,
  -5.13461781e+00},
 {-1.31948444e-03, 5.65327667e-02,-4.70810843e+00, 2.55115819e+00,
   1.67927349e+00, 1.18423867e+00, 4.56757098e-02,-4.00661039e+00,
  -4.04771090e+00},
 { 5.40021881e-02, 4.82083336e-02,-5.12543797e-01,-1.86947703e+00,
   1.04592550e+00, 1.33113527e+00,-9.26190317e-02,-7.87772322e+00,
   3.19306254e-01},
 { 1.69148222e-02, 4.09604609e-02,-1.27616298e+00,-1.11692466e-01,
   4.60587072e+00, 1.16080487e+00,-1.16189942e-01, 1.20601702e+00,
   1.51771736e+00},
 { 3.93070817e+00,-1.85737646e+00, 2.30603194e+00, 8.81109200e-03,
   1.39174368e-02,-3.11031356e-03,-1.20872583e+01,-2.50337645e-02,
   9.53747716e-04},
 { 2.27779055e+00, 3.21394229e+00, 2.90003848e+00,-4.51476276e-02,
   5.41025586e-03, 7.69695118e-02,-5.30052376e+00,-1.07629135e-01,
   1.72079187e-02},
 {-1.89258214e-02, 1.47773726e-02,-1.63509786e+00, 1.72325075e-01,
  -7.30609655e-01, 3.27172637e-01,-4.04389538e-02, 3.38361144e+00,
   1.27183533e+00},
 { 3.11124563e+00,-2.39510965e+00,-4.50366020e+00, 2.64478326e-02,
  -4.71803211e-02, 1.85549393e-01, 5.59547329e+00, 1.43637955e-01,
  -1.09617032e-01},
 { 5.58291469e-03, 8.99436772e-02, 1.43287086e+00, 1.27062833e+00,
   4.63651896e+00, 2.32490492e+00, 6.53747842e-02, 5.48776507e-01,
  -5.51010311e-01},
 { 9.14150663e-03,-1.58683266e-02, 2.85015368e+00,-2.04739881e+00,
   1.46582913e+00,-2.19868779e+00, 4.16736417e-02, 4.90999269e+00,
   3.70561862e+00},
 {-6.27956241e-02,-4.94369194e-02,-2.29383755e+00,-2.48489690e+00,
  -2.98661888e-01,-3.39825273e+00,-3.02090440e-02,-8.06775153e-01,
   3.43082333e+00},
 {-1.71390414e+00, 3.45366150e-01, 2.56224799e+00,-1.39299221e-02,
   5.40364999e-03,-7.09477440e-02,-4.79245377e+00,-4.53355275e-02,
   2.62653846e-02},
 { 8.36862326e-02, 2.11634878e-02,-4.29745942e-01,-4.50989828e-02,
  -5.37923861e+00,-2.14109445e+00, 7.04431981e-02, 4.73841333e+00,
   2.39167988e-01},
 { 4.14214730e-02, 2.30936985e-02, 1.54998159e+00, 2.58865762e+00,
  -1.79189399e-01, 7.55023241e-01,-7.99497124e-03, 5.66152692e-01,
   2.63276887e+00},
 { 2.41687130e-02,-5.70777757e-03, 6.87057078e-01, 3.75799441e+00,
  -3.75970745e+00, 6.58272409e+00, 1.99143495e-02,-1.16199570e+01,
   9.14446712e-02},
 {-2.21778005e-02,-4.10379581e-02, 1.10121310e+00, 4.97152209e-01,
  -9.58494484e-01,-3.56872045e-02, 2.15301896e-03,-2.09238338e+00,
  -2.16120553e+00},
 { 9.13541019e-01,-5.23313522e-01, 2.06436157e+01,-2.08794605e-02,
   2.75673554e-03, 1.30255789e-01,-2.50205874e+00, 4.38633747e-02,
   1.87967625e-02},
 {-3.09314043e-03, 1.23010632e-02,-1.55970827e-01, 5.90131664e+00,
   9.44378734e-01, 6.97450995e-01, 1.83043238e-02,-1.06449251e+01,
  -7.31181179e-04},
 { 3.51212430e+00, 2.33256769e+00,-1.95031631e+00,-3.42481048e-03,
  -5.88382408e-02, 8.15457776e-02, 1.06126299e+01, 8.40180367e-03,
   3.61386463e-02},
 {-9.51987281e-02, 1.23038992e-01,-5.05213833e+00, 2.02107215e+00,
   2.89291143e+00, 3.77122998e+00,-7.37774447e-02,-4.25185299e+00,
   2.38672161e+00},
 {-1.45481870e-01,-2.27353513e-01, 6.79592133e+00,-4.55032028e-02,
   2.82882500e+00, 3.96637112e-01, 8.04440901e-02, 5.77530384e-01,
   6.53519630e+00},
 {-1.93035253e-03,-9.14252643e-03, 2.94538879e+00, 1.15044796e+00,
   7.40723312e-01, 7.29555547e-01, 4.31670658e-02,-2.67507648e+00,
   4.31647778e+00},
 { 2.12418842e+00, 1.07951319e+00,-1.57536387e+00, 3.46528798e-01,
  -9.82001722e-01,-2.30948165e-01,-4.56102037e+00, 2.33048105e+00,
   3.67685103e+00},
 {-1.29325956e-01, 2.28187466e+00, 1.54133487e+00, 1.79581549e-02,
  -4.42766696e-02,-1.70280803e-02,-5.89336586e+00, 6.70521557e-02,
   2.92401221e-02},
 { 1.58477034e-02, 1.69421043e-02, 2.76914120e-01, 2.49293017e+00,
   7.52801943e+00, 2.58765936e+00, 2.47341525e-02,-1.76689892e+01,
   1.74460821e-02},
 {-7.11566629e-03, 1.55522954e-02,-3.70375775e-02,-7.21181557e-02,
   9.92501527e-03, 5.42785406e+00,-7.25030899e-03,-1.13037474e-01,
   1.05216950e-02},
 {-6.55235946e-01,-9.41677332e-01, 1.39636457e+00,-2.79974435e-02,
   3.04959696e-02, 4.63482691e-03,-2.31634045e+00,-3.45304869e-02,
  -7.80513808e-02},
 {-1.44034773e-02,-7.12441802e-02,-3.51249993e-01,-1.73678860e-01,
  -5.41106606e+00, 9.98454034e-01, 4.96946797e-02,-1.53115427e+00,
  -1.16650779e-02},
 { 1.54690790e+00,-3.13289714e+00,-3.58964014e+00,-1.73115414e-02,
   8.95357281e-02, 2.21850380e-01, 5.50564384e+00, 1.43307922e-02,
  -7.88810775e-02},
 { 1.64477313e+00, 9.61361825e-01, 6.22352076e+00,-1.26264304e-01,
   2.32807081e-02,-6.00957461e-02, 3.67504787e+00, 2.27710288e-02,
  -2.26267189e-01},
 { 7.52303051e-03,-9.87054314e-03,-1.55728495e+00,-1.89471051e-01,
   1.74406752e-01, 9.69299749e-02, 2.58401167e-02,-8.16454232e-01,
  -3.42395496e+00},
 {-6.09424673e-02,-1.69834927e-01,-2.28263235e+00, 1.80879056e+00,
   4.05564308e+00,-1.35566580e+00, 1.66074410e-01,-6.24726295e+00,
   2.20750928e+00},
 { 1.82373691e-02,-8.02059993e-02, 5.22370005e+00, 2.33087659e+00,
  -4.82293558e+00, 6.28746331e-01, 9.05880705e-02, 6.15690589e-01,
  -2.41037253e-02},
 { 5.58546257e+00, 4.12323475e+00, 2.60789013e+00,-4.48131301e-02,
   2.51911581e-02,-7.17138797e-02,-1.16416359e+01,-2.67456472e-02,
   7.56056681e-02},
 {-6.53414905e-01,-2.68306518e+00, 8.58242035e+00, 1.44764048e-03,
  -5.23897447e-03,-2.02394696e-03,-5.93344927e+00, 3.17595564e-02,
  -2.49842033e-02},
 {-3.68872762e-01, 2.40342474e+00,-1.16182203e+01,-3.24942684e-03,
  -3.26436106e-03, 8.96311551e-03, 6.47707796e+00,-1.75627589e-01,
  -5.24155274e-02},
 { 7.66339493e+00, 4.27182245e+00,-5.43254471e+00,-2.18876168e-01,
   6.20768726e-01, 2.53315061e-01, 3.80948734e+00,-5.02075016e-01,
   3.25529099e-01},
 { 1.34904742e+00, 5.50612974e+00,-1.33948863e+00,-1.90852396e-02,
  -5.06425910e-02,-8.07063356e-02,-3.58139729e+00, 3.49105569e-03,
  -9.64157190e-03},
 {-3.12573789e-03, 1.76725835e-02, 3.34036767e-01, 3.31791162e+00,
  -2.57448339e+00,-3.97929735e-02, 2.44594105e-02, 7.41915751e+00,
   1.47977442e-01},
 {-6.29798928e-03, 3.24169919e-02, 3.78324938e+00, 1.25182402e+00,
   4.49621499e-01, 3.77677590e-01,-5.51068634e-02,-2.20909691e+00,
  -3.33339667e+00},
 { 3.95176196e+00,-2.35725856e+00, 4.31146860e+00,-2.18765587e-02,
  -1.61033999e-02,-1.48564251e-02,-1.12984676e+01, 6.35451823e-02,
  -4.33323309e-02},
 {-2.51865387e-02,-5.84103633e-03,-2.43532330e-01, 5.24403477e+00,
   1.26229358e+00,-1.43359399e+00, 5.18164970e-02, 1.42912464e+01,
  -4.67557758e-02},
 { 2.38840468e-02,-1.28613762e-03,-7.38454536e-02,-1.50741136e+00,
  -2.91354507e-01, 9.56851304e-01, 6.51328219e-03,-2.42627287e+00,
   2.23449953e-02},
 {-3.59021616e+00,-2.32773948e+00,-7.85400820e+00,-9.22658853e-03,
   2.92497268e-03, 1.09880134e-01, 4.70219517e+00, 3.45189311e-02,
  -3.02506294e-02},
 { 2.23659933e-01, 6.68306723e-02,-3.61013579e+00, 1.97045457e+00,
  -4.37879419e+00,-1.11226845e+00, 3.72143328e-01, 5.74795485e+00,
   4.11934137e+00},
 { 8.37623402e-02, 2.74913572e-02, 4.34903240e+00, 3.53890729e+00,
  -1.51866221e+00, 1.35738122e+00, 8.49967152e-02, 4.44276476e+00,
  -4.79774189e+00},
 {-4.99062194e-03,-3.29087563e-02, 5.61884940e-01,-1.68686807e+00,
   6.90181017e+00,-2.24869108e+00, 6.85814908e-03, 7.85972071e+00,
  -7.79611915e-02},
 { 6.73328042e-02, 5.40785752e-02, 1.08002019e+00, 1.23196766e-01,
   2.08835483e+00, 6.66195095e-01,-9.44588035e-02, 8.40717125e+00,
   2.10606694e+00},
 { 2.65447758e-02, 7.51327276e-02, 7.68474221e-01, 2.07682490e+00,
  -1.69168878e+00, 1.35973239e+00,-6.83074072e-03, 5.74420071e+00,
  -2.11974740e+00},
 { 8.35068338e-03, 3.92525410e-03,-3.14875275e-01, 5.15795946e+00,
   5.63997924e-01, 1.00864398e+00,-4.91991732e-03,-1.41293058e+01,
   4.04329859e-02},
 { 7.92750120e-02, 3.83620001e-02,-2.88132119e+00,-3.55650473e+00,
   4.77241278e+00, 9.16895449e-01, 6.53247698e-04,-1.87954378e+00,
  -1.85275406e-01},
 { 8.22746137e-04,-9.29909293e-03, 3.05556417e-01, 4.49424744e+00,
  -1.96302748e+00, 1.52193189e+00, 5.98199554e-02,-1.12441788e+01,
  -1.15139514e-01},
 {-1.96574591e-02,-1.46674328e-02,-7.24662304e-01,-9.56148207e-01,
   4.52570724e+00,-2.04084441e-01, 7.73185417e-02,-4.38443041e+00,
   1.48334214e-02},
 { 4.72225666e+00,-1.04784295e-01, 1.36459351e+00, 1.80719763e-01,
   7.19959065e-02, 4.44848975e-03,-9.93343353e+00, 1.10513702e-01,
   3.89438495e-02},
 { 1.87527612e-02,-1.01532461e-02,-2.35823840e-01, 1.88279116e+00,
  -1.58989227e+00, 2.68720937e+00,-4.23439555e-02, 3.00145388e+00,
   3.47116041e+00},
 {-8.09520334e-02, 1.10128727e-02,-1.04755558e-01,-3.36294079e+00,
   1.36476517e+00, 1.60299277e+00, 2.63698995e-02,-1.39337993e+00,
  -4.39164495e+00},
 {-1.15696952e-01, 4.35416820e-04, 7.24065590e+00, 3.81784588e-01,
   6.16403008e+00,-8.38789642e-01, 1.80551279e-02,-3.21844012e-01,
   2.61681986e+00},
 { 4.51902628e+00,-9.79545534e-01, 4.39491796e+00,-2.14736350e-02,
   6.06669821e-02, 6.56740516e-02,-1.13384590e+01, 2.48431936e-02,
  -3.43103521e-02},
 {-1.27843544e-02, 7.29694124e-03,-1.12428805e-02, 1.05107462e+00,
   3.32645392e+00, 6.49139166e-01, 2.81049889e-02,-6.45476532e+00,
  -4.30618376e-02},
 {-3.16602271e-03,-6.05644472e-02,-5.58685350e+00, 3.20618939e+00,
  -2.15486717e+00,-1.25557315e+00,-4.59739305e-02,-1.74650455e+00,
   2.22539186e+00},
 { 3.83376852e-02, 2.97101717e-02, 3.71155858e-01, 2.46506238e+00,
  -1.03157461e+00,-1.39401665e+01,-3.20224091e-02, 5.90211391e+00,
  -1.33367674e-02},
 { 6.87578321e-02,-4.28955853e-02, 1.37536180e+00, 4.18191910e+00,
  -2.13366151e+00, 4.31532087e-03, 6.13417141e-02, 4.04925156e+00,
  -1.11363260e-02},
 {-2.11631393e+00, 4.35867262e+00, 5.93701363e-01,-3.15777883e-02,
   1.68735329e-02, 4.09243293e-02,-3.27291107e+00,-2.34228503e-02,
   6.82211742e-02},
 { 4.03662294e-01,-2.61451989e-01,-1.82944431e+01,-8.01745430e-03,
  -3.36436816e-02,-2.24625319e-02,-2.77968347e-01,-4.77892421e-02,
  -1.58174440e-01},
 {-1.25100715e-02, 1.99650422e-01, 5.31090403e+00,-4.33418226e+00,
   2.17868543e+00,-5.21029681e-02,-1.01362644e-02, 1.09784436e+00,
   4.01412964e+00},
 { 6.45961687e-02, 7.75540397e-02,-4.50881100e+00,-2.36637044e+00,
   7.15604842e-01,-9.68487024e-01,-4.91630007e-03, 3.72396398e+00,
  -4.18573809e+00},
 { 3.87052656e-03,-1.91222560e-02, 3.29156876e-01, 6.88339615e+00,
  -2.49623203e+00,-1.22628868e+00,-1.19787725e-02, 1.44020414e+01,
  -4.26346436e-02},
 { 1.09738410e-02, 2.68258080e-02, 1.76490951e+00, 1.74250945e-01,
  -8.70554149e-01, 7.07555339e-02, 6.20835274e-02, 4.22762841e-01,
  -4.95041847e+00},
 { 2.18111753e+00,-3.00447106e+00,-3.13058448e+00, 4.99476790e-02,
  -3.04107275e-03, 2.73223836e-02, 3.54983592e+00, 4.41206666e-03,
   1.33046936e-02},
 {-1.38421798e+00, 1.94195616e+00, 3.55348539e+00,-2.15445943e-02,
   1.43965976e-02,-8.76491070e-02,-4.21802664e+00,-5.19048646e-02,
   2.13572811e-02},
 { 3.31064343e+00, 2.78715396e+00,-2.24162698e+00, 7.89285079e-03,
  -1.11539755e-03, 5.95242940e-02, 1.21324301e+01, 3.02954465e-02,
   2.81250104e-02},
 {-2.41063261e+00, 3.25203240e-01,-7.52821255e+00, 1.66985970e-02,
   5.48160635e-02, 4.71612476e-02, 3.36861581e-01,-1.89756781e-01,
   2.90856417e-02},
 {-3.01380344e-02,-2.48709947e-01,-8.28817749e+00,-2.42133284e+00,
  -1.20839226e+00,-4.00701523e+00, 5.08102059e-01,-1.47194311e-01,
  -5.34524822e+00},
 { 4.38028955e+00, 2.04124880e+00,-6.57179832e+00, 3.16052400e-02,
  -2.11835117e-03,-8.38204287e-03, 1.16246910e+01,-4.04451415e-03,
   1.35864122e-02},
 {-1.36992589e-01,-7.10822642e-02, 3.22557235e+00, 6.36219311e+00,
  -4.83898968e-02,-1.97074747e+00, 1.46222800e-01, 8.27282715e+00,
  -3.07769179e+00},
 { 4.67457628e+00, 6.57774806e-02,-3.12649465e+00,-7.73256719e-02,
  -3.10548432e-02, 7.57658705e-02,-6.01673508e+00, 3.95575278e-02,
   2.14337632e-02}};

const float b1[sz_hid_1] = {-2.5695469e+00,-4.4240541e+00,-8.0291510e+00,-6.2386665e+00,
 -6.0078201e+00,-1.6499674e+00,-9.6280918e+00,-8.3235102e+00,
 -3.4018166e+00,-2.3995416e+00,-7.6816802e+00,-7.0780025e+00,
 -4.8310761e+00,-7.2125196e+00,-7.0841656e+00,-8.4137306e+00,
 -5.2170033e+00,-2.6145704e+00,-8.4117565e+00,-8.9876503e-02,
 -8.1771612e+00,-5.1978402e+00, 5.1208109e-01, 9.5847225e-01,
 -1.4146953e+00,-9.1278934e+00,-4.3315768e+00,-7.0051937e+00,
 -1.1247344e+00,-4.6006637e+00,-5.2209723e-01,-2.4261103e+00,
 -4.9306521e+00,-4.2772865e+00,-6.8984098e+00,-1.0196087e+00,
 -6.6946716e+00,-2.5331039e+00,-6.6251469e+00,-3.2969017e+00,
 -2.8534658e+00,-1.0277284e+00,-3.2371135e+00,-6.5359445e+00,
 -2.4649928e+00,-1.1070852e+00, 6.4036921e-03,-5.1285973e+00,
 -3.0605211e+00,-2.9225943e+00,-4.4808779e+00,-5.4376874e+00,
 -5.9636202e+00,-4.5155106e+00,-4.8033018e+00,-4.3054786e+00,
 -7.4708261e+00,-2.9133186e+00,-8.2963967e-01,-3.7149920e+00,
 -4.8761172e+00,-6.7105541e+00,-4.2519336e+00,-3.3051004e+00,
 -4.8564858e+00,-2.3821254e+00,-6.9064231e+00,-1.4640468e+00,
 -1.6075037e+00,-6.5966363e+00,-7.8505297e+00,-3.8453579e+00,
 -7.2666631e+00,-1.2919419e+00,-6.9674897e+00,-3.3741322e+00,
 -1.5641880e-01,-6.5317470e-01, 1.8698504e-03,-1.8710041e+00,
 -4.5783372e+00,-4.1254697e+00,-7.9449457e-01,-4.9164362e+00,
 -5.0225868e+00,-5.7057824e+00,-6.8495398e+00,-7.6622295e+00,
 -1.1308327e+01,-1.6643881e+00,-3.6018322e+00,-1.1665924e+00,
 -6.3078947e+00,-7.7136135e+00,-7.9817063e-01,-7.1502099e+00,
 -8.0138636e+00,-5.6238909e+00,-9.9917984e+00,-8.0560064e+00,
 -2.2835462e+00,-6.1897345e+00,-4.8768415e+00,-7.8909254e+00,
 -2.4353259e+00,-7.8101006e+00,-3.2294722e+00,-5.5131683e+00,
 -9.6687040e+00,-7.2280140e+00,-1.6645659e+00,-4.8528581e+00,
  3.5435572e-02,-2.8491339e-01,-3.3594649e+00,-1.6601250e+00,
 -9.8808374e+00,-5.4936366e+00,-4.0283265e+00,-1.3010979e+00,
 -9.6170947e-02,-2.0447941e+00,-8.5722933e+00,-3.1150126e+00,
 -8.9305229e+00,-5.7348604e+00,-1.0413632e+01,-3.6622090e+00};

const float w2[sz_hid_2][sz_hid_1] = {{ 5.09780407e-01, 1.72035718e+00,-2.98274589e+00,-2.57643008e+00,
   1.26687727e+01,-1.48538482e+00,-3.80985832e+00,-1.92875385e+00,
  -2.34544969e+00,-5.53985417e-01, 1.97841302e-01,-2.46787186e+01,
   2.66176701e-01, 5.41275084e-01, 2.78836560e+00, 7.83908319e+00,
   7.13589907e-01,-3.92774463e-01, 2.82857537e+00, 1.43539059e+00,
   4.34995890e+00,-3.83591366e+00,-1.16759503e+00,-4.11399007e-01,
  -8.86346579e-01, 9.53277779e+00,-1.62670648e+00, 1.56166526e-02,
   5.50423050e+00,-1.82146922e-01, 1.27499568e+00,-1.66534472e+00,
  -5.64683390e+00,-1.03063936e+01,-9.10203606e-02, 5.91120310e-02,
   2.23356009e-01, 1.43850553e+00,-3.31307173e-01, 9.60863233e-01,
   2.15121579e+00,-6.32924795e-01,-9.11685050e-01, 2.42496228e+00,
   4.36115837e+00,-8.23128223e+00,-1.44864237e+00, 3.55724311e+00,
  -6.07202239e-02, 4.35948730e-01,-2.44981885e+00,-8.53776455e+00,
  -3.04737520e+00,-4.06957340e+00,-4.45162386e-01,-1.31293535e+01,
  -2.69093490e+00, 4.71365881e+00, 8.02096462e+00,-3.42572045e+00,
   4.74103022e+00,-4.94758339e+01,-1.74457512e+01,-1.22389674e+00,
   1.26687012e+01, 8.18718433e+00, 6.22869432e-01, 1.04473718e-01,
   3.27852368e-01, 1.04625006e+01,-5.57267857e+00,-3.06644917e+00,
  -9.28546047e+00,-5.96740913e+00,-9.50236416e+00, 2.94000053e+00,
  -1.30835760e+00, 9.44798410e-01, 2.83595848e+00, 1.48214889e+00,
   1.03732443e+00, 1.53696966e+00,-1.01345122e+00, 5.36993647e+00,
  -8.78649414e-01,-2.10393980e-01,-2.04721779e-01, 1.96676815e+00,
   3.12892318e-01,-1.24378788e+00,-4.03278542e+00, 8.14069450e-01,
  -2.66137218e+00, 8.87791038e-01, 4.61827326e+00,-7.56012499e-01,
  -1.97948122e+00, 2.00291777e+00, 1.25484781e+01,-8.18506241e+00,
  -7.01182604e+00, 7.66547966e+00,-9.42424238e-01,-9.78494740e+00,
  -2.38378429e+00, 1.62906802e+00, 1.81677425e+00, 8.67097080e-01,
  -1.10845642e+01, 3.94819951e+00,-2.33280689e-01,-4.43828058e+00,
  -4.61625159e-01,-3.74952722e+00, 1.38596809e+00,-2.01828510e-01,
  -3.09396964e-02,-1.02994978e+00, 3.78144813e+00,-1.45842999e-01,
   1.73594618e+00, 9.87286985e-01, 2.30706573e+00,-1.05490375e+00,
  -2.59797215e+00, 3.51891303e+00,-1.71091072e-02,-2.52750725e-01},
 { 5.10402799e-01,-6.03139289e-02,-1.45142317e+00, 1.65777907e-01,
   1.55484474e+00, 3.61569077e-01, 1.20372379e+00,-3.99116135e+00,
   2.63321340e-01,-1.45117056e+00, 4.00042677e+00,-5.33526897e-01,
  -2.39579126e-01,-2.18782037e-01, 4.96723175e+00, 3.02597523e+00,
   3.43627310e+00, 5.61317503e-01, 1.43656754e+00, 9.51467752e-02,
  -7.47800171e-01,-5.07293653e+00,-4.30861187e+00,-3.89224386e+00,
  -3.20418310e+00, 6.73288727e+00,-1.14782648e+01,-7.73318624e+00,
   1.69033602e-01,-5.84503472e-01,-2.94411719e-01,-1.37798100e+01,
  -1.45971942e+00, 1.96496952e+00,-1.02996397e+00, 3.34364742e-01,
  -1.04367346e-01, 1.08129144e-01,-1.87656415e+00, 4.03486729e+00,
   5.60294569e-01, 3.76429170e-01, 9.89855385e+00,-2.26605320e+00,
   4.23160267e+00, 4.19102132e-01, 4.68351698e+00, 3.39506650e+00,
  -2.21253228e+00,-5.56368065e+00,-8.67096138e+00, 6.25783205e-01,
  -2.84718513e+00, 1.08650982e+00,-4.22893196e-01,-9.67530012e-02,
  -3.22903299e+00, 1.02013512e+01,-1.87606752e-01,-7.04497099e-01,
   1.92573443e-01,-5.45736291e-02, 5.76170683e-01, 2.15280056e+00,
   6.12318218e-01,-1.18206191e+00,-1.09286398e-01,-1.96316406e-01,
  -6.88098371e-01,-6.99275553e-01,-8.04595566e+00, 2.30292067e-01,
   2.47999072e-01,-3.79468948e-01,-6.13157749e+00, 1.04630222e+01,
   2.75531620e-01, 7.71180466e-02, 1.63987792e+00, 1.18220255e-01,
  -7.16179991e+00,-8.59894335e-01, 2.63406485e-02,-3.72721124e+00,
   3.54672730e-01,-1.07848778e+01,-6.62842751e+00,-1.81821251e+01,
   8.25254250e+00,-5.45067787e-01, 1.42137730e+00, 8.56259763e-02,
  -3.31569648e+00, 1.55482471e-01, 1.83370247e-01,-3.75603523e+01,
  -1.03604829e+00,-1.69485104e+00,-4.08736229e-01,-1.99711800e+00,
  -9.96810675e-01, 8.76049697e-01,-4.84018892e-01,-1.61148623e-01,
  -3.89550477e-01, 2.72030144e+01, 1.88675773e+00, 2.05024052e+00,
  -2.61248541e+00, 5.76959372e+00,-7.31991410e-01,-5.28181732e-01,
  -5.94621710e-02,-6.75005987e-02,-9.30230319e-01, 1.86747861e+00,
   3.49226403e+00,-3.57352316e-01,-1.43686429e-01,-1.01981215e-01,
   2.23053384e+00, 2.80994081e+00, 3.26053047e+00, 1.90714157e+00,
   8.55811406e-03, 4.28760433e+00, 1.24025273e+00, 1.61433375e+00},
 {-9.29926857e-02, 1.25459237e-02,-2.40784548e-02,-2.76602618e-02,
   6.64461702e-02,-1.00491673e-01, 2.43990030e-02, 2.76212972e-02,
  -4.38737310e-02,-2.26482772e-03, 1.57537498e-02,-8.84638056e-02,
  -7.50161707e-02, 1.48939351e-02,-9.66263413e-02,-3.71470191e-02,
   7.28083625e-02, 1.07050873e-02,-6.83348998e-02,-2.83446889e-02,
  -9.35663581e-02,-7.14157969e-02,-9.69851986e-02,-1.01535425e-01,
  -3.02965119e-02,-6.48243353e-02,-5.64383194e-02,-1.81040853e-01,
  -1.40571520e-02,-5.71326651e-02,-8.43500867e-02,-7.38521591e-02,
  -9.63455588e-02,-5.71282394e-03,-8.71601924e-02,-7.35467896e-02,
   6.25519305e-02,-7.44111650e-03,-1.02944903e-01,-6.27446324e-02,
  -4.38724943e-02,-6.71978146e-02,-1.51196541e-02, 4.61558700e-02,
  -7.91608170e-02,-3.62171009e-02,-1.20432325e-01, 4.30054293e-04,
   1.41203951e-03,-1.08087339e-01,-5.55195063e-02,-9.51780565e-03,
  -2.87770610e-02,-1.06556304e-02, 1.31005817e-03,-2.38398444e-02,
  -4.55010869e-02,-4.52080853e-02, 5.45134023e-03,-3.54423076e-02,
  -1.19051740e-01,-5.35465442e-02,-5.98169398e-03,-3.43936868e-02,
  -1.05421022e-01, 2.08843984e-02,-2.58324705e-02,-1.14089958e-02,
  -3.94886583e-02,-5.96202537e-02, 2.93191336e-02,-4.50420007e-02,
  -6.26323223e-02,-8.77276715e-03, 1.07415405e-03,-3.13309729e-02,
  -1.03418440e-01,-1.77490246e-02,-1.68797269e-01,-6.68280199e-02,
  -1.51253294e-03,-4.22972441e-02,-1.64331540e-01,-3.85539606e-02,
  -3.21835540e-02,-1.11903302e-01,-5.90694994e-02, 1.58160813e-02,
   5.68170696e-02,-2.15395377e-03, 1.79594904e-02,-8.50473717e-03,
   6.02000356e-02, 1.48157952e-02,-5.90308830e-02,-5.43470792e-02,
   6.99914843e-02,-3.52830440e-02,-1.40440211e-01,-9.99659598e-02,
   1.33315381e-02, 7.31939971e-02, 5.90073317e-02,-8.62892158e-03,
   1.10722473e-02,-8.93166885e-02,-7.58357719e-02,-1.88160002e-01,
   4.60622832e-03,-3.39070000e-02,-8.68171230e-02,-1.49289258e-02,
  -9.01555866e-02,-8.00100267e-02,-2.89564449e-02,-5.63670062e-02,
  -6.83673173e-02,-1.02786653e-01,-3.41619998e-02, 3.62096839e-02,
   7.93101918e-03,-1.44249469e-01,-1.00409314e-02,-2.25194339e-02,
  -1.20773055e-01,-1.07169695e-01,-4.89187017e-02, 4.22274601e-03},
 {-8.78556788e-01, 4.21380329e+00, 8.48113477e-01,-3.94824743e+00,
  -1.93874764e+00, 4.88444686e-01, 1.79676819e+00,-5.42549896e+00,
  -2.53542767e+01, 2.72474080e-01,-2.19464898e+00,-2.66126204e+00,
   4.84644175e+00,-2.55464497e+01, 3.16305566e+00,-4.04188824e+00,
   3.20311561e-02,-5.89119959e+00,-1.76325245e+01,-1.34217334e+00,
   4.80020952e+00, 5.15427685e+00, 1.13266432e+00, 3.66308540e-01,
   1.05398691e+00,-3.47618127e+00, 1.52963483e+00,-4.88530493e+00,
   5.19634821e-02,-8.30790234e+00,-8.29919159e-01, 7.09748983e-01,
  -1.79222035e+00, 1.15681791e+01, 1.91541290e+00,-3.26215804e-01,
   3.40718091e-01,-2.01576757e+00, 6.30644709e-02,-1.52051032e+00,
  -9.77267385e-01, 3.38394165e-01, 2.69160414e+00,-9.30067599e-01,
  -9.04916286e-01,-1.05516958e+00, 7.94171691e-01,-1.33068526e+00,
   6.23966157e-01, 5.31623065e-01, 2.43191791e+00,-1.13066292e+01,
  -1.65359573e+01,-3.39636350e+00, 6.26884758e-01,-1.74940681e+00,
   3.45939255e+00,-1.27739263e+00, 1.15229905e+00, 4.44116545e+00,
  -2.92705555e+01,-3.30760312e+00,-4.12720621e-01, 1.35642445e+00,
   2.28581905e+00,-2.68772488e+01, 1.39751124e+00,-5.42924166e+00,
  -3.71245474e-01, 1.26930799e+01, 8.17563152e+00, 1.62852693e+00,
   2.69706070e-01,-3.28471392e-01, 3.77850604e+00,-2.69571185e+00,
  -1.12679374e+00, 1.07225382e+00,-2.35424399e+00, 5.34893155e-01,
  -2.97978497e+00,-3.43824118e-01,-1.10348635e+01,-3.27197582e-01,
  -8.80225003e-01,-2.73466277e+00, 6.93088770e-01,-1.06251264e+00,
   2.90633529e-01, 7.54024327e-01, 5.98595428e+00, 4.73232269e-01,
   3.04247904e+00,-6.61016226e+00, 3.75861025e+00,-2.22595781e-02,
   2.00066948e+00, 8.73331547e+00,-3.48251939e+00, 1.11505890e+00,
  -2.55094767e+00, 5.64347219e+00, 2.13447523e+00,-1.11099768e+01,
   2.25216106e-01, 2.02526784e+00,-9.39729881e+00,-3.34400320e+00,
  -6.78425598e+00,-3.84860420e+00,-3.42203856e-01,-1.61165917e+00,
  -7.18245864e-01, 1.00665426e+00,-1.29930627e+00,-6.74146831e-01,
   8.74416637e+00,-3.55727124e+00,-1.88139915e+00, 7.57622862e+00,
  -1.57974446e+00,-2.15443540e+00,-5.68893909e+00, 4.16101217e-01,
   1.63454771e+00,-2.10731053e+00, 1.38096533e+01, 9.00623918e-01},
 { 5.22165871e+00, 5.64247251e-01, 3.67340016e+00, 5.44686258e-01,
  -2.81910396e+00,-1.40378386e-01, 1.65708351e+00,-4.80139399e+00,
  -1.58602726e-02, 1.14355278e+00,-3.85813594e-01,-3.98498116e+01,
  -3.51648092e+00, 3.11455631e+00,-2.54062629e+00,-6.10126555e-01,
   3.17770720e-01,-1.65379989e+00,-3.94023478e-01, 1.01476336e+00,
  -8.18421459e+00, 7.41254902e+00, 1.68880403e+00,-6.61776541e-03,
   2.60821366e+00,-2.13490009e+01,-9.76069570e-01,-6.69096041e+00,
   1.11485577e+01,-9.90250528e-01, 1.24740543e+01, 3.28426623e+00,
  -8.86000729e+00,-3.63209486e+00,-1.37809789e+00,-5.16579211e-01,
  -1.82455707e+00, 2.33117914e+00,-1.50403857e+00,-4.07820511e+00,
   1.77404177e+00,-1.66495371e+00, 8.02004337e+00, 4.54461545e-01,
  -1.55758655e+00,-7.21783352e+00,-8.44291806e-01,-1.25901270e+00,
   2.64343172e-01, 1.83032248e-02, 3.26318192e+00,-6.19425535e+00,
   7.09341669e+00, 2.69796193e-01,-1.90559626e+00,-6.95257854e+00,
   4.30321407e+00,-4.26112747e+00, 5.98931313e+00, 8.25018823e-01,
   1.43456912e+00,-5.47648382e+00,-1.18108768e+01, 5.71687508e+00,
   2.11854959e+00, 5.92471361e-01,-2.34433103e+00, 3.62228537e+00,
  -1.86464414e-01, 6.66122818e+00, 2.09986782e+01, 3.68636101e-01,
  -8.45831490e+00,-5.12198210e+00,-9.73974347e-01,-1.91775453e+00,
  -1.59378743e+00,-2.98152059e-01,-8.79749203e+00,-8.16139638e-01,
   2.84972930e+00, 1.19884074e+00, 3.50728989e+00, 2.41581225e+00,
   4.90316868e+00,-3.47617340e+00, 1.08632481e+00,-1.40264618e+00,
   4.50558043e+00, 1.38421679e+00, 3.10680151e-01,-1.33507168e+00,
   1.02727871e+01, 1.58482957e+00, 4.14679289e+00,-1.19881415e+00,
  -2.51498222e+00,-5.89145422e+00, 9.78037417e-01,-7.99180126e+00,
  -2.05309725e+00,-4.17673683e+00, 1.84848499e+00, 5.92531729e+00,
   1.53167105e+00, 5.25760508e+00,-1.73884296e+00, 5.12278199e-01,
   3.57286930e+00,-1.33914814e+01, 2.13168716e+00,-3.10882044e+00,
   6.15725696e-01,-1.95074618e-01,-2.06688905e+00, 6.23512328e-01,
  -3.19646988e+01,-6.11509418e+00,-5.44855595e-01, 1.57515645e+00,
  -4.93232918e+00,-4.92792130e+00,-1.76392517e+01, 1.15291905e+00,
   2.60481834e-01,-4.52666950e+00, 2.58491206e+00, 2.10626650e+00},
 { 1.51166871e-01, 1.41576603e-01, 1.04225693e+01,-5.37433326e-02,
   4.28394604e+00, 3.01411569e-01, 8.95498097e-01,-2.98996758e+00,
  -3.87873769e-01, 1.30258036e+00,-4.27504301e+00,-7.09333897e-01,
  -5.65494120e-01, 3.15601319e-01, 5.61090136e+00, 1.48782551e+00,
  -2.18546152e+00, 1.84875309e+00, 8.65944862e-01, 2.69028807e+00,
   9.03050840e-01,-6.08706665e+00,-1.48278737e+00,-3.54258680e+00,
   2.47978854e+00, 3.60025597e+00,-1.20667160e+00,-3.19472909e+00,
   6.13906085e-01,-5.22852182e-01, 1.14933288e+00,-5.15484393e-01,
  -5.88439584e-01, 1.66050959e+00,-7.03579783e-01, 1.79261446e-01,
  -6.27163768e-01,-4.17221040e-01,-2.40542674e+00, 2.43942857e+00,
  -2.43214035e+00, 1.60332397e-01,-7.65374041e+00,-7.95841694e-01,
   5.65639353e+00,-1.03208685e+00, 4.53733540e+00,-2.03880215e+00,
   1.50867474e+00,-3.45273709e+00,-4.03813934e+00, 1.16332495e+00,
  -2.15520620e+00,-4.26083475e-01,-1.25401342e+00,-8.51545930e-01,
   3.22988534e+00,-4.15548235e-01, 1.12501097e+00,-2.31430888e-01,
   6.14194989e-01, 4.24602807e-01, 2.71481323e+00,-3.87158108e+00,
   1.53924775e+00, 7.42091537e-01,-1.49950922e-01,-1.79987669e-01,
  -2.22799754e+00, 7.56726980e-01,-7.37868249e-01,-1.01341419e-01,
   7.92920589e-01,-8.63237977e-01, 2.30906487e+00, 5.80241203e+00,
  -9.40073505e-02, 8.89532208e-01, 6.99414206e+00, 5.84458001e-02,
  -5.45697689e+00, 3.98532796e+00, 8.07084441e-01,-1.19611390e-01,
  -2.30136067e-01, 2.13224649e+00, 1.63576752e-01, 1.44993949e+00,
  -9.28752232e+00, 2.71501720e-01, 1.96617568e+00,-2.02009380e-01,
  -5.03879607e-01, 2.56658375e-01, 5.65151572e-01, 2.95749259e+00,
  -2.21044779e+00,-1.94578481e+00, 9.08700079e-02,-3.36836743e+00,
  -3.04942369e+00, 9.76561755e-02,-9.70847383e-02,-4.35204208e-01,
   3.26157524e-03,-6.21657610e+00, 1.64110184e+00, 1.98118913e+00,
  -1.31048727e+00, 3.50808144e+00, 6.40642941e-01, 1.49042318e-02,
  -8.17045383e-03,-8.94725472e-02, 5.70528984e+00,-9.47055578e-01,
   3.89371634e+00,-1.21123421e+00,-6.59350902e-02,-4.66038287e-01,
   3.27396488e+00,-1.76958981e+01,-2.11872745e+00, 8.74373376e-01,
  -3.39270025e-01, 9.68873501e+00, 1.82324779e+00, 3.83628821e+00},
 { 1.90168247e-03,-2.15949975e-02, 1.26216829e+00,-2.53489874e-02,
   7.35596061e-01, 1.54575920e+00, 5.28490543e-01,-4.52063739e-01,
  -4.35069501e-02, 1.35385180e+00, 1.81454384e+00,-8.89451578e-02,
   3.20119001e-02, 1.99746147e-01, 3.41856289e+00, 1.55120790e-01,
   1.60191500e+00, 1.87881857e-01,-3.07530665e+00,-9.12515926e+00,
   1.00024924e-01,-6.05609751e+00,-1.05711770e+00, 3.03673339e+00,
  -1.31427801e+00,-3.12385654e+00,-1.44224858e+00, 3.27437425e+00,
   5.75268865e-02, 8.72508064e-02,-6.15764335e-02,-1.15211415e+00,
  -8.99978727e-02,-2.21967474e-01,-2.13101953e-02,-1.32093534e-01,
  -6.30034953e-02, 1.32735714e-01,-1.63768470e-01, 1.17477787e+00,
  -2.05634043e-01, 3.60995620e-01,-7.11422086e-01,-1.29978016e-01,
  -1.56343794e+00,-9.29687321e-02, 4.31564522e+00,-6.82471454e-01,
  -5.79173744e-01,-2.42108032e-01,-3.02357888e+00,-1.17253987e-02,
  -4.65233102e-02, 5.97742498e-02, 7.60331005e-02,-6.01041839e-02,
  -2.55485249e+00,-6.83405447e+00, 1.76337004e-01,-3.58383107e+00,
  -2.28744224e-01, 5.48251569e-01, 1.39340505e-01, 8.53419542e-01,
   5.58464706e-01, 5.73001020e-02,-1.74209699e-01, 1.60184372e-02,
   5.21799147e-01, 7.11269259e-01,-2.84746504e+00,-1.43257240e-02,
  -7.83807635e-02,-7.10135773e-02, 2.35126272e-01, 2.86126781e+00,
  -5.43242209e-02, 3.41189325e-01, 1.42288458e+00, 3.57423797e-02,
   2.49424410e+00,-6.67711163e+00, 3.97326052e-02,-1.26075327e-01,
  -3.81709896e-02, 4.57808781e+00, 5.21196938e+00,-2.16775203e+00,
   6.83637977e-01,-5.20761192e-01, 3.50066066e-01, 2.15632156e-01,
  -1.22261918e+00,-2.76518930e-02, 6.17563091e-02,-4.29606467e-01,
   3.07878089e+00,-5.04231378e-02,-7.19384775e-02,-6.19690120e-01,
  -2.42162466e-01,-3.20463330e-02, 1.77053213e-01,-1.49411604e-01,
  -8.98269266e-02,-2.03985524e+00, 3.21907759e-01, 1.92968935e-01,
  -2.56544828e+00,-9.10384357e-01, 5.13107441e-02,-1.22042380e-01,
  -2.62582675e-03,-7.47968405e-02, 1.45639598e+00,-7.27874565e+00,
  -1.64033562e-01,-2.69678086e-01, 2.58706361e-02,-6.61267862e-02,
   7.06501365e-01, 8.63118410e-01, 4.29084396e+00,-3.48819184e+00,
   4.70119119e-01, 1.30695581e+00,-8.45957875e-01, 1.40451351e-02},
 {-1.72050929e+00,-8.40929449e-01,-1.34206641e+00,-2.82592487e+00,
  -2.03551912e+00,-9.46039557e-01, 3.26808572e+00, 7.34648287e-01,
  -9.17742193e-01, 1.25963017e-02, 6.66161597e-01, 1.71857044e-01,
  -2.74729524e-02, 3.79518628e-01,-6.84175551e-01,-3.56980014e+00,
   3.75376791e-01, 1.54944584e-01,-2.24260783e+00, 2.64955312e-01,
   9.43648338e+00,-2.39172149e+00,-8.94888639e-01, 1.77291781e-01,
  -7.73168623e-01, 7.22895050e+00,-6.51417136e-01, 1.63773346e+00,
  -7.14885294e-02, 2.10127020e+00, 1.31059080e-01,-8.19184780e-01,
  -4.76763725e+00,-2.09234810e+00,-7.34527636e+00,-2.00197124e+00,
  -3.79980922e+00,-1.50204933e+00,-2.48946503e-01, 6.70426786e-01,
   5.37891102e+00, 5.52906942e+00,-2.28287801e-01,-4.22058314e-01,
   1.79496181e+00,-5.77088416e-01,-7.87635744e-01, 1.07720542e+00,
  -2.72699803e-01, 1.06704310e-02,-1.76286972e+00,-3.51186126e-01,
  -1.14665461e+00,-1.56245542e+00, 3.05097073e-01,-1.34753212e-02,
  -1.82494152e+00, 1.71387100e+00, 1.13999903e+00,-1.87058711e+00,
   2.38319948e-01, 1.92577267e+00,-5.48777342e-01, 4.53852713e-02,
   7.12168634e-01,-3.85266900e+00,-1.95712435e+00, 2.33528927e-01,
   2.50845581e-01, 3.75344872e+00,-3.36713886e+00,-3.20743799e+00,
   1.37703073e+00,-1.45642054e+00,-5.35090446e-01, 1.96144474e+00,
  -2.96099162e+00, 3.19033265e-01, 7.39284039e-01, 3.17034864e+00,
   9.46135461e-01,-5.14387369e-01,-1.29328996e-01,-9.95261002e+00,
  -1.53402776e-01, 1.16026485e+00,-1.53158978e-01, 1.55445278e-01,
   3.47850442e-01,-4.40764040e-01,-4.34694958e+00, 1.95367754e+00,
  -1.04175913e+00, 4.11392879e+00, 4.97667074e+00,-4.48503673e-01,
  -1.12959310e-01, 1.53805709e+00, 2.22869372e+00,-7.81192958e-01,
  -1.07922040e-01,-7.62604523e+00, 6.71304941e-01,-5.97976267e-01,
  -1.93708622e+00,-1.57281625e+00,-6.11170721e+00,-2.10523472e+01,
  -1.12367988e+00, 2.77379107e+00, 1.63818722e+01, 2.88516402e+00,
   1.80501029e-01, 2.06596828e+00, 8.21466029e-01,-3.74893785e-01,
   3.54078674e+00, 5.08102775e-01, 2.88880754e+00,-1.60342351e-01,
   5.77373803e-01, 6.99942231e-01, 2.49497271e+00,-4.96047527e-01,
   7.67262268e+00, 1.34007835e+00,-7.83859062e+00,-8.01723599e-02},
 { 1.73369813e+00, 9.92866755e-01, 2.62175620e-01, 3.27362132e+00,
   1.00982177e+00,-5.08801520e-01,-4.66042805e+00, 1.17761505e+00,
   4.20917124e-01,-6.07140839e-01, 9.36827660e-01, 6.41308308e-01,
  -1.20799713e+01,-1.59739923e+00,-2.23949432e+00,-5.81480026e-01,
  -1.27509814e-02,-1.07225723e+01,-3.92841578e+00, 2.31169605e+00,
  -2.20773582e+01,-3.42383456e+00,-9.93138611e-01, 1.66692108e-01,
  -8.15933466e-01, 1.59412565e+01,-3.60890031e-01, 4.13720655e+00,
  -1.25692236e+00,-1.79907322e+00, 1.66575909e+00,-1.28968406e+00,
   8.93792450e-01, 4.90413666e+00,-5.97022171e+01, 1.19641840e+00,
  -1.65711713e+00,-1.11462469e+01,-1.11460984e+00, 1.07838142e+00,
  -7.82079935e-01, 4.45747048e-01,-7.99899757e-01,-6.54140711e-01,
   2.27605891e+00, 4.55284655e-01,-1.48925650e+00, 9.81413841e-01,
  -5.08435071e-01, 2.76363213e-02,-1.78286326e+00, 3.51687431e+00,
  -3.75601768e-01, 1.41996565e+01,-5.84362755e+01, 9.28050518e-01,
  -2.09451818e+00, 9.21087340e-02,-2.20324349e+00,-2.84042120e+00,
  -8.37245584e-01,-3.50239515e+00,-2.39195175e+01,-6.97821498e-01,
  -3.10716319e+00, 5.08392632e-01, 1.92496109e+00,-2.94345760e+00,
   2.80997604e-01,-2.91024799e+01,-4.64816427e+00,-9.77012049e-03,
   6.86093718e-02, 1.04898953e+00, 9.66919959e-02, 2.05232930e+00,
   3.93545032e+00, 3.79704952e+00, 1.72271848e+00,-3.12058473e+00,
   1.96808350e+00,-1.29641593e+00, 1.35762310e+00,-8.27102542e-01,
   5.29026568e-01, 2.21339917e+00,-1.39164913e+00,-1.26775432e+00,
   8.80166173e-01,-5.52512467e-01, 3.31779170e+00,-5.90322256e+00,
  -1.81393731e+00,-4.31629038e+00,-5.66533136e+00,-6.27502263e-01,
   7.66159010e+00,-6.83927441e+00,-2.22410440e+00,-7.08052778e+00,
   2.63089037e+00, 6.16134167e+00, 7.93254375e+00,-4.81635714e+00,
  -1.48976336e+01,-2.59040689e+00, 2.09355890e-03, 1.03417695e-01,
   1.99561870e+00, 2.93094254e+00,-1.75138855e+01,-9.72650051e-01,
  -6.16064519e-02,-2.22869086e+00, 8.31413090e-01,-1.80262938e-01,
   4.63986635e+00,-2.16440701e+00,-3.78113389e+00,-7.37519979e-01,
   1.00312793e+00, 1.18965995e+00, 3.60749435e+00, 4.30857301e-01,
   2.83264923e+00, 1.71086407e+00, 6.32913530e-01,-2.60390103e-01},
 { 1.94746065e+00, 1.24219584e+00, 1.66825676e+00, 2.99012613e+00,
   3.44886631e-01, 1.64368093e+00,-2.25597310e+00, 1.49389820e+01,
  -1.36666203e+00, 1.64290771e-01,-1.50418317e+00,-1.17276895e+00,
   1.49621069e-01,-7.34178901e-01, 1.27184522e+00,-4.97286499e-01,
  -2.39889860e-01,-7.74503887e-01,-3.81890237e-01,-1.42503333e+00,
  -1.33244681e+00, 5.28581715e+00, 1.32359016e+00,-1.93803191e-01,
   1.42737365e+00, 3.31748843e+00, 1.28291094e+00,-3.67952895e+00,
  -3.71982145e+00,-1.74732077e+00,-3.71065450e+00, 1.50430334e+00,
   2.23331332e+00, 3.81324172e+00,-3.61258278e+01, 2.74119830e+00,
  -2.40413208e+01, 2.53061628e+00,-2.46021464e-01,-1.76205373e+00,
  -2.81791134e+01,-1.10675573e+00, 1.29067862e+00, 1.17324293e+00,
  -1.21300721e+00, 3.02736312e-02, 1.20074069e+00,-8.34779501e-01,
   8.44100296e-01, 1.99581027e-01, 2.77097940e+00, 2.93466330e-01,
   9.84892666e-01, 9.90443110e-01,-5.96729698e+01,-1.02790070e+00,
   2.92804623e+00,-1.32198882e+00, 5.17874360e-01, 4.75230694e+00,
   5.60120821e-01,-3.43495774e+00, 4.95110273e+00, 2.73806393e-01,
   3.03751230e+00, 4.54742789e-01, 1.94838130e+00,-3.67297292e-01,
  -2.59267122e-01,-1.21176901e+01, 5.85064697e+00,-3.83579850e+00,
  -7.48540461e-02, 2.85547638e+00, 2.45880103e+00,-2.96498156e+00,
   3.00243759e+00, 3.50204062e+00,-1.48027205e+00,-3.70212650e+00,
  -3.16232872e+00, 1.94360793e+00,-1.51874706e-01, 5.77152157e+00,
   1.12191932e-02,-3.57407117e+00, 7.25430191e-01,-4.87517238e-01,
   3.01858038e-01, 8.87866795e-01, 1.96116579e+00,-1.23550415e+00,
   2.04047632e+00,-5.66083384e+00,-4.87097788e+00, 5.37388980e-01,
   3.08812410e-01,-1.06551516e+00,-2.31361890e+00, 3.74332935e-01,
   4.92362499e-01, 7.55715418e+00,-2.55178618e+00, 3.34040904e+00,
  -8.58090401e+00, 4.76611948e+00,-3.69999021e-01,-8.35386562e+00,
  -2.17510033e+00,-5.01722622e+00,-1.08664398e+01,-1.27609670e+00,
  -8.99069309e-02,-2.69531894e+00,-1.47047675e+00, 1.38742430e-02,
   5.22111702e+00,-3.72767448e+00,-3.25355554e+00,-6.57286108e-01,
  -1.03571880e+00,-1.51440144e+00,-5.17904186e+00, 7.94359088e-01,
  -5.36155999e-01,-2.22654366e+00,-9.41606712e+00, 2.99792290e-01},
 { 7.62510598e-02,-9.56371129e-02, 2.37822390e+00, 6.69941008e-02,
  -1.19402778e+00,-5.27628756e+00,-1.22209944e-01, 1.12392616e+00,
   5.95487170e-02, 4.42780495e+00, 1.56042695e+00,-6.07301056e-01,
  -1.23449462e-02, 1.18406087e-01, 2.37756276e+00, 2.61402297e+00,
   1.71368904e-02,-2.63252318e-01, 7.44088411e-01,-2.57828045e+00,
  -4.45822150e-01,-1.72629032e+01,-2.48779964e+00, 2.11347604e+00,
  -7.88827658e-01, 1.53753006e+00,-3.00192904e+00,-5.90839195e+00,
  -1.54555566e-03,-1.42470285e-01,-1.48708045e-01,-9.77244556e-01,
  -6.20332249e-02,-2.65612751e-01,-6.32247031e-02,-2.26061732e-01,
   1.43574834e-01,-2.47502681e-02, 1.79000244e-01, 2.77175784e+00,
   4.12652642e-01, 2.96189696e-01,-1.96792679e+01, 1.37825787e-01,
  -3.04001999e+00, 3.95789705e-02,-1.04866004e+00,-1.32138312e-01,
   3.71101451e+00,-2.14553809e+00, 3.19958448e-01,-4.70494526e-03,
  -5.93344532e-02,-3.99985731e-01,-2.97005549e-02, 1.95948407e-02,
   3.34840083e+00,-6.21556902e+00,-3.87747996e-02,-2.09814892e+01,
   4.54896688e-02,-3.16527903e-01,-4.37425673e-01, 1.43713474e+00,
   1.21231568e+00,-2.91439593e-01, 1.15283176e-01, 1.39172643e-01,
   4.10206842e+00, 7.01981068e-01,-3.51609325e+00, 2.70740598e-01,
   4.12546396e-02, 4.76922467e-02,-3.91910577e+00, 4.81569290e-01,
   2.36285273e-02, 4.80627418e-01, 2.80699635e+00, 3.02095655e-02,
   2.04377675e+00,-2.96993637e+00, 8.12610537e-02,-2.38402258e-03,
  -2.02580214e-01, 1.30306566e+00, 4.50999451e+00,-6.81390619e+00,
  -1.40245190e+01, 9.63230252e-01, 6.72739267e-01, 1.18183367e-01,
   2.25935364e+00, 1.50934249e-01,-1.54751956e-01, 1.90395718e+01,
  -4.14232582e-01, 3.06979775e-01, 4.00770046e-02, 9.04880762e-01,
   3.89089972e-01, 2.15100333e-01,-2.45149016e-01,-1.95895642e-01,
  -2.61822008e-02,-2.49621463e+00,-3.42714041e-01,-7.31999099e-01,
   2.21606517e+00,-4.59190989e+00, 9.09465924e-02, 4.10191894e-01,
  -3.02657094e-02, 1.10794917e-01,-1.28540254e+00,-1.35519075e+00,
   2.33236647e+00, 4.95485276e-01, 8.37238878e-02,-1.07463047e-01,
  -1.24870551e+00, 5.52677989e-01, 8.63926220e+00,-5.00498486e+00,
  -4.01217639e-01, 1.32042193e+00, 1.67256021e+00, 3.27979445e+00},
 { 3.29044819e-01,-3.67079711e+00,-5.26970774e-02, 1.23924110e-02,
  -3.83291960e+00, 2.03081563e-01, 1.12569065e+01,-7.52209732e-03,
  -6.34049988e+00, 2.95268092e-02,-1.50039807e-01,-1.24034395e+01,
   1.31477743e-01, 7.08190799e-01, 1.98156059e-01,-2.00068474e+00,
   4.59046513e-02, 3.17382962e-01, 4.70734549e+00,-2.67637104e-01,
  -5.37276387e-01, 9.85949785e-02,-1.01920351e-01,-7.38063380e-02,
  -2.72843633e-02,-6.40253723e-01,-8.34023952e-02,-1.78462625e-01,
  -1.51251582e-02, 4.66251284e-01,-2.85389423e-01, 2.53084265e-02,
   4.85355586e-01, 1.15869606e+00, 1.09179512e-01, 1.01756744e-01,
   4.30695787e-02,-4.16130155e-01, 1.77931710e-04,-1.80821083e-02,
   1.55304223e-01,-4.08887088e-01, 1.15271084e-01,-6.08550310e-01,
  -2.82790929e-01, 1.33909273e+00, 3.07994545e-01, 1.29945397e-01,
   3.47720236e-02,-3.49093936e-02, 8.29282477e-02, 3.67130846e-01,
  -2.78683209e+00, 2.20115244e-01,-2.36763746e-01, 3.93067956e+00,
  -6.41317144e-02,-2.30713636e-02,-9.32253063e-01, 1.30738065e-01,
   2.92131686e+00,-1.51892066e+00,-1.99471638e-02, 7.03149214e-02,
   1.61089497e+01,-3.52128893e-01, 4.10394382e+00, 8.30167606e-02,
  -3.66190411e-02,-4.82272816e+00,-1.23610094e-01,-1.04339465e-01,
   1.34539962e+00,-9.56707820e-02, 1.49924934e-01, 5.29164486e-02,
   1.48997521e+00, 1.36166000e+00,-1.19675338e-01, 6.57792151e-01,
   3.22803780e-02,-5.21910517e-03,-2.42927879e-01,-3.69330704e-01,
  -1.01070309e+00,-2.31129691e-01, 1.00693263e-01,-1.46434247e-01,
   3.70917052e-01, 1.87588334e-02, 2.00738573e+00, 1.66024119e-02,
   1.97081730e-01, 3.24626350e+00,-1.88707316e+00, 2.07568239e-02,
   3.58475947e+00,-3.78189057e-01,-3.64871240e+00,-9.71190071e+00,
  -3.31463426e-01, 3.25273603e-01,-1.24315584e+00,-6.01339698e-01,
  -5.85436583e-01, 1.89407527e-01,-1.06316157e-01,-1.29923942e-02,
   1.31700492e+00,-5.71237504e-02,-5.30760586e-01, 3.40999424e-01,
   1.30128369e-01, 2.37756920e+00,-4.11131755e-02, 9.49792005e-03,
  -1.06666660e+01,-6.16630650e+00,-8.03513646e-01, 6.69788048e-02,
  -1.15179591e-01,-5.41430488e-02, 6.57348558e-02,-1.10310555e-01,
  -3.97900796e+00,-2.70882603e-02,-1.42124491e+01, 1.96009930e-02},
 { 2.74437332e+00, 1.93363690e+00,-8.13924789e-01, 2.00407362e+00,
   4.00432525e-03,-9.87837791e-01,-1.59193592e+01,-1.20389595e+01,
   1.44535661e+00,-3.08076888e-01, 2.88491305e-02, 2.10131764e+00,
  -1.52415686e+01,-7.37363482e+00,-1.58810163e+00,-1.00335038e+00,
  -4.24121082e-01,-5.63228273e+00,-3.03956342e+00, 4.93678629e-01,
  -6.12604761e+00,-8.05304289e-01,-3.62184569e-02,-2.93144166e-01,
  -1.42397761e+00,-9.70718956e+00, 8.64970207e-01, 1.09127722e+01,
  -3.98616171e+00,-9.58226383e-01, 1.81320019e+01,-1.51880896e+00,
  -5.45377731e-01, 5.39401150e+00,-1.63993320e+01, 4.15650272e+00,
  -2.51462803e+01, 1.77706444e+00,-7.23407030e+00, 1.65307629e+00,
   7.76280999e-01, 2.26851869e+00,-3.53188097e-01, 4.87899780e-01,
   1.29515088e+00,-4.56909275e+00, 1.91323900e+00, 1.40618134e+00,
   2.80944705e-01, 1.28833067e+00,-5.58043242e-01,-7.26133156e+00,
   1.36683059e+00, 1.12695098e+00,-8.59683609e+01, 1.30109155e+00,
  -4.96394539e+00,-4.68317643e-02,-2.63950634e+00,-8.19501579e-02,
  -1.60536265e+00,-2.69785142e+00,-1.75552332e+00,-2.93553323e-01,
   9.30460870e-01, 6.75504398e+00, 2.17575479e+00,-1.06819649e+01,
   7.25961685e-01,-5.77854252e+00,-8.75946140e+00,-5.75913370e-01,
  -2.02610731e+00, 2.01048303e+00,-5.16628474e-02,-8.30002129e-01,
   1.16827154e+00, 7.79116929e-01, 1.15754652e+00,-4.01201868e+00,
  -8.95134389e-01, 1.19490489e-01,-9.38827097e-02,-2.92141652e+00,
  -9.96748090e-01, 2.19050169e+00,-5.28880239e-01,-2.71967530e-01,
   5.58118999e-01,-7.42122293e-01, 8.25885201e+00,-7.90967107e-01,
  -2.12607837e+00,-5.84778166e+00,-4.77669640e+01,-1.04485548e+00,
  -1.29276419e+00,-3.75907016e+00,-4.78392496e-04,-1.12652807e+01,
   1.85775340e+00, 3.08674812e+00,-1.28766358e+00, 4.06658030e+00,
   1.52097785e+00,-2.55420303e+00,-1.76299393e+00, 3.21996480e-01,
  -2.95680428e+00, 3.16520005e-01,-6.53376579e+00,-1.19734073e+00,
  -8.89439702e-01,-2.58857584e+00, 2.44925928e+00,-1.41883790e+00,
  -7.13677263e+00,-3.36432552e+00,-2.73996878e+00, 9.71354961e-01,
   2.68889636e-01,-6.09747879e-02, 7.75475502e+00, 5.70164680e-01,
   3.54557252e+00, 4.11221981e-01, 8.72322273e+00,-2.51544476e+00},
 { 2.06923842e+00,-1.04352427e+00,-2.78250504e+00,-3.21788609e-01,
   6.29437625e-01,-3.24737096e+00,-8.27299356e-01,-3.48463225e+00,
   1.34028566e+00,-7.05839917e-02,-3.37993455e+00,-1.23681390e+00,
  -1.29998169e+01,-1.08498371e+00,-3.71999025e+00, 1.66684353e+00,
  -1.43077880e-01, 2.69336414e+00,-9.46145248e+00, 1.87344074e+00,
  -2.21582699e+00,-1.37527800e+00,-5.05967808e+00,-4.68645334e+00,
  -3.30210328e+00,-1.26710033e+01, 1.61661839e+00, 7.06772566e+00,
  -2.38303423e+00, 1.55689740e+00, 4.80722904e+00,-1.90574276e+00,
   1.50161207e+00, 6.60290527e+00,-6.57147527e-01,-1.02144241e+00,
  -3.46520448e+00,-1.12434483e+00,-3.99486989e-01, 4.02335882e+00,
  -2.41027784e+00,-3.13932925e-01,-6.67221069e+00,-9.58685219e-01,
  -2.91770267e+00,-2.55855727e+00, 6.17553520e+00,-8.32075238e-01,
  -1.82293653e+00, 2.10622954e+00,-3.51338172e+00, 7.47718990e-01,
  -2.78759980e+00,-4.05664158e+00,-3.77131224e+00, 1.47338760e+00,
  -8.06449699e+00, 5.65767336e+00, 8.93280208e-01,-4.36509848e+00,
  -2.66993690e+00,-5.43718195e+00, 2.52637887e+00,-5.53186989e+00,
  -2.64148884e+01,-1.51481175e+00,-2.42129207e-01,-7.20228529e+00,
   9.82981801e-01, 8.92889678e-01,-5.15946388e+00, 1.00480080e+00,
  -8.12917709e+00, 6.35152483e+00,-2.44798183e+00, 2.87108803e+00,
  -4.31193262e-01,-3.39281440e-01, 1.34288740e+00,-2.63392639e+00,
   6.99604368e+00, 7.05308437e-01,-1.06709633e+01, 1.52824450e+00,
   2.11292446e-01, 3.91828036e+00,-2.05038118e+00,-6.16965055e+00,
  -9.96972561e+00,-1.06865036e+00,-1.42889008e-01,-4.13333607e+00,
  -4.35831213e+00, 3.70135427e-01, 3.04699326e+00,-1.19684505e+00,
  -1.79651775e+01, 1.38212883e+00,-1.59509027e+00, 3.04827261e+00,
  -2.25865647e-01,-1.66456532e+00, 9.97295082e-01, 2.01665568e+00,
  -9.69963312e-01, 7.15038586e+00,-5.86889744e-01, 4.45034266e+00,
  -2.33236885e+00, 2.60800052e+00, 2.08397317e+00,-6.90006971e-01,
   2.90462226e-01, 1.61427951e+00, 4.51045275e+00, 1.35042518e-01,
   4.10674125e-01,-2.53367734e+00,-2.21972036e+00, 1.37615147e+01,
   6.24393761e-01, 6.08001995e+00, 3.84199166e+00,-4.85057545e+00,
   2.97304034e+00, 5.53728104e+00, 1.92956841e+00,-2.53969693e+00},
 { 4.38697672e+00,-1.18552876e+00,-4.94149178e-01,-2.24892402e+00,
  -3.27796245e+00,-4.18450147e-01,-1.14221609e+00, 4.77705002e+00,
  -6.66284561e+00,-4.65016991e-01, 4.30730492e-01, 3.02849627e+00,
  -2.09908915e+00,-9.93917465e+00,-9.98336792e-01,-8.33067119e-01,
   4.88383323e-01, 2.23957658e+00,-2.76335865e-01, 8.66536319e-01,
   1.23456411e+01,-5.43779802e+00,-2.13428950e+00, 1.93524629e-01,
  -6.99629724e-01,-3.69786286e+00,-8.95450175e-01, 4.91521978e+00,
  -1.68610775e+00,-1.05091855e-01, 3.19266462e+00,-2.56005108e-01,
  -2.76353025e+00, 3.32987952e+00,-6.08653426e-01,-3.78439879e+00,
   2.00629783e+00,-2.67181730e+00,-4.55579519e+00, 5.53293347e-01,
   2.33446574e+00,-2.16442657e+00,-3.78823495e+00,-2.11999595e-01,
   8.52566242e-01,-5.26092339e+00, 3.28418225e-01,-8.52156222e-01,
  -4.58127022e-01,-9.27361608e-01,-2.09690833e+00,-3.62812090e+00,
  -1.45106602e+01,-1.66384661e+00,-4.70297337e+00,-1.85508609e+00,
  -5.28546715e+00, 3.48019552e+00, 4.64749098e+00,-3.80306751e-01,
  -3.18500304e+00,-4.33826685e+00, 1.67608202e+00,-2.64586997e+00,
   2.03649116e+00,-5.68791533e+00,-1.24347746e+00,-3.42334104e+00,
   3.54949981e-01,-3.91517019e+00,-4.57038450e+00,-2.76680112e+00,
  -3.37090230e+00, 2.84249187e+00,-4.73755039e-02, 3.73121643e+00,
  -1.21371830e+00, 7.81446397e-01, 3.53529716e+00,-1.98176646e+00,
   1.74080515e+00, 6.54776156e-01,-1.59557724e+00, 1.68573332e+00,
  -2.12459564e+00, 1.34375083e+00,-1.24339163e+00,-4.45714533e-01,
   7.60951698e-01,-9.31211412e-01, 2.84039068e+00,-2.31009912e+00,
  -3.92885375e+00,-2.98046112e+00, 4.28742075e+00, 2.34707546e+00,
  -9.78469789e-01, 2.83068871e+00,-1.41617191e+00,-1.89849682e+01,
  -2.97906303e+00,-4.32881880e+00, 7.44166851e+00, 2.88384604e+00,
  -1.58185410e+00, 1.78870976e-01,-5.31118584e+00,-6.98354578e+00,
   2.40248609e+00, 3.78170586e+00, 6.79747343e+00, 3.77318621e+00,
   7.50562966e-01, 1.04970694e+00,-3.99756730e-01,-1.23977795e-01,
  -9.78382111e+00,-1.33702421e+01,-7.59451509e-01, 9.05193806e+00,
   5.73086619e-01, 1.93772233e+00, 2.65657306e+00,-1.23174250e+00,
  -8.58719444e+00, 3.68898129e+00, 3.53768325e+00, 2.15047561e-02},
 {-4.65852953e-02,-8.46351981e-02,-6.24702796e-02,-9.93346348e-02,
  -9.15337279e-02,-1.96006969e-02,-2.43603289e-02,-1.23166293e-01,
   8.44229385e-03, 1.56248352e-02, 6.29198626e-02, 2.00355463e-02,
  -1.04419909e-01,-5.85282631e-02,-1.21760473e-01,-8.37840233e-03,
  -5.12982300e-03,-4.00949977e-02, 3.23519297e-02,-2.28435360e-02,
  -9.99916419e-02, 2.04903223e-02,-3.99980582e-02,-2.05946919e-02,
  -8.61738771e-02,-6.35037646e-02,-1.90451778e-02, 1.57508045e-03,
   9.89204645e-03,-1.56459827e-02, 5.52879320e-03,-3.01466137e-03,
   6.28101826e-03,-8.71531144e-02, 2.19195057e-02,-9.18917507e-02,
  -5.66909611e-02, 2.74534095e-02,-1.42454216e-03,-5.84366657e-02,
  -1.22599695e-02,-9.36178863e-02,-2.93983631e-02, 1.79612674e-02,
  -5.81053225e-03,-1.22144453e-01,-1.03207834e-01,-3.19601339e-03,
  -6.71722665e-02, 3.93309677e-03, 2.50154417e-02,-3.78335565e-02,
  -6.08139820e-02,-9.67260674e-02, 2.94965599e-03, 2.35901065e-02,
  -5.41568436e-02,-1.16766520e-01,-1.20418817e-01,-1.54110556e-02,
  -4.20377031e-02,-6.73034340e-02,-9.75452885e-02,-6.99511170e-02,
   7.89205078e-03, 2.69736769e-03,-9.39196274e-02,-9.60957780e-02,
  -1.44216523e-01, 3.19403480e-03,-4.43834588e-02,-4.16723639e-02,
  -3.84874828e-02,-1.41509786e-01,-1.07280873e-01,-1.20109797e-01,
  -8.12704265e-02, 1.22507103e-03,-1.31883487e-01,-3.91510390e-02,
  -5.23362681e-02, 7.09684566e-02,-7.24957138e-02, 5.16588576e-02,
  -1.35108739e-01,-1.13527752e-01,-1.67687726e-03,-6.16656244e-02,
  -1.08691084e-03,-1.14360355e-01, 2.93152705e-02, 3.14253643e-02,
  -3.10707968e-02,-4.98202741e-02, 5.09163328e-02, 4.01557051e-02,
  -1.49624482e-01,-2.96241120e-02,-9.67408568e-02, 9.55077354e-03,
  -5.07334769e-02,-2.72689816e-02,-6.94286600e-02,-6.94935098e-02,
  -3.84690426e-02, 4.38030474e-02,-5.89978620e-02,-3.50428633e-02,
   4.90814112e-02, 2.15111244e-02,-4.05936167e-02, 1.94052607e-02,
  -1.28884306e-02, 2.66263355e-02,-2.19200160e-02,-1.02662601e-01,
  -9.66209397e-02,-1.09608797e-02,-2.08078069e-03,-1.41845971e-01,
   4.34037820e-02,-1.04146861e-01, 2.66511068e-02, 5.45700304e-02,
  -7.09206390e-04,-3.90493348e-02,-7.73413479e-03,-6.74023852e-02},
 {-8.87075737e-02,-1.32361539e-02,-2.57493091e+00,-7.95618445e-02,
  -8.90811682e-01,-5.63071072e-01,-3.35904926e-01, 7.39451051e-01,
  -6.77389950e-02,-4.30181801e-01,-2.75775647e+00,-5.71287647e-02,
   3.02180890e-02,-2.21268460e-01,-2.98431587e+00,-2.46387213e-01,
  -2.32270551e+00,-2.00503200e-01, 2.43523455e+00, 3.90405965e+00,
   4.47857790e-02, 1.04090109e+01, 1.90260947e+00,-2.99077106e+00,
   2.80914879e+00, 3.99510407e+00, 2.06061387e+00,-8.94271660e+00,
  -1.33132830e-01, 1.28090739e-01, 1.16171248e-01, 2.77378035e+00,
  -2.15141643e-02,-2.14393944e-01,-1.21971697e-01, 3.71141694e-02,
   1.01889037e-01, 1.87071621e-01, 3.66204455e-02,-3.10837770e+00,
   2.28327423e-01, 2.72269342e-02, 1.67227423e+00, 1.44068941e-01,
  -5.67939639e-01,-3.75662185e-02, 8.76201344e+00, 4.09083080e+00,
   1.47318900e+00, 3.14885154e-02, 6.05287123e+00, 2.76160048e-04,
  -3.13280225e-02,-2.68453568e-01,-9.68505591e-02, 6.06707856e-02,
   4.29408932e+00, 3.69583344e+00,-1.81021973e-01, 8.09970951e+00,
   2.53384262e-01,-3.92659426e-01,-3.08025450e-01,-1.18149543e+00,
   9.10112113e-02,-4.78130914e-02, 3.23091261e-02, 4.05127071e-02,
  -4.99864042e-01, 1.07752001e+00, 8.34558296e+00, 1.20069273e-01,
   1.08224861e-01, 1.16616108e-01, 3.85682434e-01,-1.36543303e+01,
  -3.74549851e-02, 4.10959750e-01,-2.46843433e+00,-3.45895663e-02,
  -5.35715628e+00, 4.41946411e+00,-1.57811753e-02, 2.35186338e-01,
   1.22146197e-01,-1.19695435e+01,-7.35051107e+00,-9.69834518e+00,
   4.86486006e+00, 1.71326590e+00,-6.36948571e-02,-1.48989484e-01,
   2.83693242e+00, 8.79401863e-02, 2.98860639e-01, 1.90405107e+00,
   2.74183941e+00, 1.37839898e-01, 1.15102261e-01, 9.50015604e-01,
   3.36286366e-01,-2.02047396e-02,-2.35308781e-01,-2.50023454e-01,
  -5.28336763e-02, 5.55521441e+00,-2.98774093e-01,-4.86400902e-01,
  -1.34321558e+00,-2.45957986e-01,-2.48757284e-02, 1.12506621e-01,
   2.22770274e-02, 8.52100030e-02,-2.69748712e+00,-5.24746513e+00,
   2.40683651e+00, 3.87581378e-01, 6.33411184e-02,-3.09606502e-03,
  -1.56147790e+00,-2.16904497e+00,-9.31766415e+00, 7.52364445e+00,
   6.52680695e-01,-3.25207949e+00, 1.13894105e+00,-2.55021751e-01},
 {-7.65791237e-02,-1.13966770e-01,-4.25596461e-02,-3.70933861e-02,
  -7.44471475e-02,-7.30332499e-03,-6.65459558e-02,-1.44387826e-01,
  -3.03185992e-02,-6.66185766e-02,-6.43889010e-02,-5.46155274e-02,
  -1.15634866e-01,-3.11835557e-02,-1.27478123e-01,-4.13543433e-02,
  -8.99309963e-02,-1.16144039e-01,-8.06326121e-02,-6.28584996e-02,
   6.64080307e-02,-1.31313458e-01,-4.03182432e-02,-2.55314391e-02,
   1.16067827e-02,-8.77092928e-02,-8.43615979e-02,-8.63403305e-02,
  -4.25285660e-02,-1.72749326e-01,-1.50192231e-01,-5.06887324e-02,
  -1.13434047e-01,-4.48424816e-02,-4.83205281e-02, 1.99950114e-03,
  -4.69610514e-03,-1.55430092e-02,-8.50117591e-04,-1.08530685e-01,
  -1.39931262e-01, 1.92043297e-02,-7.63225183e-02,-5.86279444e-02,
  -2.16465201e-02,-7.83098768e-03,-2.82236394e-02,-9.05549452e-02,
  -7.56251216e-02,-9.49157923e-02,-4.07065861e-02,-2.44392548e-03,
   3.46450768e-02,-3.48765738e-02,-4.26057950e-02,-1.30099813e-02,
  -4.57028300e-02,-8.21380466e-02,-9.52065215e-02,-2.16323286e-02,
  -8.75478387e-02,-1.09084425e-02,-2.39982884e-02,-1.39160408e-02,
   6.83349231e-03,-4.29906212e-02,-9.52170044e-02,-1.94327384e-02,
  -4.20852602e-02, 5.73912114e-02,-2.52097100e-03, 4.08101417e-02,
   8.85601807e-03,-9.26882476e-02,-5.75902238e-02,-7.71179497e-02,
  -3.55616920e-02, 2.98844613e-02,-1.01624355e-01,-1.20495267e-01,
  -1.24450527e-01,-1.50546385e-02,-5.25627621e-02,-1.04441181e-01,
  -7.42100477e-02, 8.73593688e-02,-1.13203125e-02,-7.14936778e-02,
  -2.65761446e-02, 5.65426573e-02,-9.65947956e-02,-9.38861631e-03,
  -5.34574687e-02,-2.22470146e-02, 8.78200494e-03,-3.41859385e-02,
  -5.48396520e-02,-1.04834549e-02,-1.28865734e-01,-7.68029466e-02,
   5.04957652e-03,-8.91286656e-02,-4.98782322e-02,-1.32518634e-01,
  -5.18369861e-02,-7.78452531e-02,-7.00042844e-02, 6.45864829e-02,
   6.82045370e-02,-1.10517135e-02,-6.49053156e-02,-1.30399048e-01,
  -9.49978754e-02,-1.41826361e-01,-5.46557158e-02,-3.07096317e-02,
  -5.78858145e-02, 1.16929278e-01,-1.43042818e-01,-7.21593052e-02,
   1.16203623e-02,-1.01611726e-01,-7.05617107e-03,-4.65405956e-02,
  -7.41456300e-02,-1.50571289e-02,-2.40632147e-02,-3.17117572e-02},
 { 4.33474183e-01,-6.07542396e-02,-3.09794635e-01, 1.96091488e-01,
   1.83689630e+00,-5.91772079e+00, 9.54184979e-02,-3.21594763e+00,
  -5.10536470e-02,-9.00969923e-01, 1.32926595e+00, 1.72953293e-01,
  -4.05754626e-01, 8.06036055e-01,-2.11014152e+00, 4.42436171e+00,
  -2.58894801e+00, 5.36714017e-01, 1.32691526e+00,-1.62116453e-01,
   3.05819154e-01,-1.03363574e+00,-1.23953247e+00,-1.43478060e+00,
  -3.07866974e+01,-4.70266491e-01, 2.27499437e+00, 7.49313235e-02,
   4.58485298e-02,-7.18582511e-01, 1.00755703e+00,-2.07788610e+00,
  -2.18260813e+00, 1.17102695e+00,-8.61132205e-01, 7.80678928e-01,
  -3.13962150e+00, 5.40750444e-01,-1.54492629e+00, 2.75496960e+00,
  -2.25297499e+00, 5.47871411e-01,-2.19911933e+00,-1.00167394e+00,
  -5.66675901e+00,-4.55653578e-01, 5.83973122e+00,-4.09870100e+00,
   8.71647358e-01, 3.99891901e+00,-3.08813596e+00, 9.37171653e-02,
  -3.00531340e+00,-2.27117991e+00,-6.66030645e-01, 3.48177344e-01,
  -6.31677628e+00, 2.48874950e+00, 4.60892409e-01,-3.33974600e+00,
   5.92239618e-01, 1.48443907e-01, 1.13713300e+00,-2.75549626e+00,
  -1.53096035e-01,-6.19627014e-02,-1.45687774e-01,-5.23463905e-01,
   3.75021696e+00, 4.32116777e-01,-2.95902944e+00,-1.89376906e-01,
   4.88674283e-01,-3.34699064e-01,-2.60340881e+00, 4.31434441e+00,
  -2.20947757e-01, 6.97328031e-01, 4.48367119e+00, 2.92753130e-01,
   1.69169962e+00,-1.37820494e+00, 6.44084513e-01,-1.93211347e-01,
  -1.65993378e-01, 3.42087817e+00,-1.79012227e+00,-1.45331707e+01,
   1.00461931e+01,-1.03776896e+00, 2.23622298e+00, 3.08475405e-01,
  -4.64349937e+00, 9.56295803e-02, 2.77239501e-01, 1.13864603e+01,
  -2.36034632e+00,-1.77950799e+00, 1.72994375e-01,-2.62887955e+00,
  -1.63321817e+00, 4.09703016e-01,-5.76823771e-01, 6.49429381e-01,
  -4.83636409e-01, 1.56234055e+01, 5.66811323e-01,-1.51216418e-01,
   2.50031769e-01, 1.39169025e+00, 6.85850263e-01,-2.32197177e-02,
  -1.70836210e-01,-1.38414145e-01, 2.25273705e+00,-2.39756465e+00,
   5.25904512e+00,-4.18947049e-04, 2.05533475e-01,-9.34953511e-01,
   2.83321595e+00, 1.91381085e+00, 2.73838544e+00, 4.69951296e+00,
   5.75979829e-01,-3.03771424e+00, 2.55041242e-01,-3.07831788e+00},
 { 1.48392689e+00, 8.78478527e+00,-1.58561254e+00, 2.61685920e+00,
  -7.16336012e+00, 1.44402623e+00, 1.04816475e+01, 6.51853442e-01,
   2.03988600e+00, 3.37472796e-01,-2.43276668e+00,-1.07833977e+01,
  -7.22007632e-01,-5.87543869e+00, 6.42626143e+00,-5.05202007e+00,
  -2.71005817e-02,-1.82507019e+01,-3.21011209e+00,-4.45915729e-01,
  -5.66603518e+00, 3.44983864e+00, 7.12561846e-01, 1.42284065e-01,
   1.19701612e+00,-2.38126397e+00, 5.72285414e-01,-5.42688131e+00,
   4.65949148e-01,-1.13218079e+01,-1.09375155e+00, 1.33144724e+00,
   3.44137818e-01, 2.23610806e+00,-1.40492439e+00, 9.08179998e-01,
  -3.44091535e+00, 7.61973560e-01,-5.09641552e+00,-1.62443686e+00,
   1.21842277e+00, 3.77827954e+00, 2.10090089e+00,-2.85063338e+00,
  -6.37661695e-01,-1.06838844e+02, 2.12397307e-01,-1.04299307e+00,
   1.15808773e+00,-1.10594131e-01, 2.13657784e+00,-5.11201715e+00,
  -3.93424153e+00, 1.89423096e+00, 1.65459365e-01,-2.39941716e+00,
   3.33202887e+00,-1.27698988e-01, 3.45050859e+00, 2.25721955e+00,
  -1.13329611e+01, 1.66114044e+01, 3.13694811e+00, 1.43701780e+00,
   3.18863845e+00, 4.91130066e+00,-1.32819664e+00, 9.23471212e-01,
  -8.18513632e-01, 1.54137421e+00, 8.19307709e+00,-9.64898169e-01,
   1.77660719e-01,-4.09074903e-01,-2.25146031e+00,-2.01667452e+00,
  -5.40491521e-01, 2.60114384e+00,-1.66826558e+00,-1.25599921e+00,
  -1.47232533e+00, 1.76725662e+00, 1.20758259e+00,-3.67784047e+00,
  -2.43655062e+00,-3.57440639e+00, 1.21112931e+00,-7.85304725e-01,
  -4.81515735e-01, 7.23997712e-01, 7.57656097e+00,-1.27884364e+00,
   2.48987103e+00,-6.34100580e+00, 7.78829828e-02,-5.97780347e-01,
   6.34624386e+00, 9.12785172e-01,-9.73341274e+00,-1.70479069e+01,
   1.54500973e+00,-1.47687709e+00, 2.67150462e-01, 5.21645975e+00,
   5.76241672e-01, 4.00894928e+00,-4.46888828e+00,-4.53185320e-01,
   4.97154236e+00,-3.77844548e+00, 2.27794662e-01,-2.26243377e+00,
  -9.39396262e-01,-1.90931404e+00,-1.16754687e+00,-1.17345117e-01,
  -1.41981106e+01,-9.32437611e+00,-4.35123777e+00,-4.08598840e-01,
  -1.12331748e+00,-1.83463371e+00,-5.36956596e+00, 9.87205505e-01,
   1.21736658e+00,-8.67387712e-01, 6.33667469e+00, 9.57116902e-01},
 {-8.03820491e-01,-6.75742388e-01, 4.60258693e-01,-2.51851439e+00,
  -1.12613678e-01, 2.05294538e+00, 5.18733931e+00,-4.48602390e+00,
   4.95496511e-01, 1.28982142e-01,-1.44724011e+00,-4.23876953e+00,
  -3.91261029e+00,-8.07026958e+00, 2.14372921e+00, 2.57559478e-01,
  -2.39857897e-01, 1.97849905e+00, 3.64574718e+00,-1.63632619e+00,
   1.52995825e+00, 4.18672466e+00, 1.11782908e+00,-2.48463497e-01,
   9.22837913e-01, 1.12363145e-01, 1.10494947e+00,-3.82982206e+00,
   3.36733460e+00, 1.77219450e+00,-5.52903861e-02, 1.20540714e+00,
  -9.86833036e-01,-5.95601320e+00,-3.26922531e+01,-4.61624289e+00,
  -6.83507776e+00, 1.50370646e+00,-1.74376450e+01,-1.30547166e+00,
  -2.30387285e-01, 2.56119633e+00, 1.13809383e+00,-6.22339535e+00,
  -1.20473754e+00,-3.75431359e-01, 1.17870307e+00,-1.53997707e+00,
   5.96689343e-01, 1.96708545e-01, 2.18464017e+00,-1.31337881e+01,
  -9.35096964e-02,-7.69928265e+00,-3.65346031e+01,-4.03107136e-01,
   2.77212596e+00, 1.69317052e-01, 9.20313656e-01, 3.73701286e+00,
  -7.31578732e+00,-2.54047132e+00,-1.72618739e-02, 5.74469030e-01,
  -4.06506968e+00,-1.22764774e-01,-2.14741874e+00, 6.18506670e-01,
  -3.41219842e-01, 1.74888821e+01, 5.75953197e+00, 5.81857502e-01,
  -3.50342214e-01,-2.44212937e+00,-3.47272754e-01,-2.54235244e+00,
  -3.55421734e+00, 1.54381752e+00,-1.77548242e+00, 3.19542718e+00,
  -2.56130624e+00, 2.07672310e+00,-1.29340601e+00, 8.46850586e+00,
   7.05252290e-01,-2.85762024e+00, 5.77912688e-01,-4.66496021e-01,
   7.08535075e-01, 5.08770227e-01,-5.73568010e+00, 3.01529217e+00,
   1.95693982e+00, 3.69323897e+00, 5.61394930e+00, 4.48099971e-01,
  -1.59744530e+01,-4.79887992e-01, 2.13979936e+00,-8.06526470e+00,
  -2.56988788e+00,-6.89849520e+00,-3.93282890e+00, 1.58409882e+00,
   3.70363069e+00, 3.49321747e+00,-1.59360200e-01,-6.92197740e-01,
   1.63181508e+00,-3.83923078e+00,-9.21885312e-01, 7.31181681e-01,
   7.29329363e-02, 1.94398022e+00,-1.07571447e+00,-3.25668365e-01,
   1.37813463e+01, 1.33637750e+00, 3.36606932e+00, 7.84074724e-01,
  -1.08212197e+00,-1.24632668e+00,-4.44464636e+00, 4.32742804e-01,
   2.56897354e+00,-1.71822119e+00,-7.56725407e+00, 3.06488395e-01},
 {-3.97990179e+00, 9.61798057e-02,-8.08917046e+00, 1.97638065e-01,
   6.66360664e+00,-4.93132448e+00,-2.76501834e-01,-1.39500494e+01,
   5.99440145e+00,-3.36003214e-01,-2.71866083e+00,-1.91775334e+00,
  -2.75585976e+01, 1.62227857e+00, 1.13811970e+01, 2.61472672e-01,
  -1.86760855e+00,-6.11650229e+00,-3.67164536e+01,-1.37197554e+00,
  -3.07171249e+00, 9.34250736e+00, 1.98214844e-01,-5.25885761e-01,
  -3.95687707e-02,-2.84862957e+01, 8.70727777e-01,-1.27839530e+00,
   4.19228935e+00, 2.36209273e+00, 9.82419968e-01, 7.90628135e-01,
  -4.19840384e+00,-8.57234776e-01, 5.80215693e+00,-1.53521097e+00,
   6.30711317e+00,-2.99998045e+00, 1.64197910e+00,-2.13717651e+00,
   5.95264673e+00,-1.04656494e+00, 5.87145567e+00,-4.54211056e-01,
   4.08584148e-01,-1.92785822e-02, 2.78551960e+00, 5.35632658e+00,
  -5.45667529e-01, 4.98530328e-01, 5.38815689e+00, 1.31582851e+01,
   1.37431455e+00, 4.72594643e+00, 3.69555378e+00,-7.78466702e-01,
   3.63888717e+00,-1.44964468e+00, 7.11288118e+00, 3.92587447e+00,
   3.85683370e+00, 4.45106840e+00, 4.24026139e-03, 5.12759256e+00,
   4.35446453e+00,-2.99711156e+00,-4.14391458e-01,-8.92542243e-01,
  -1.11750383e+01, 5.14458239e-01, 4.85339689e+00,-1.24539804e+00,
  -2.00758505e+00,-5.83642721e+00,-1.76763976e+00,-4.15612555e+00,
  -5.66595852e-01, 1.14199603e+00,-7.34886551e+00, 1.75281990e+00,
  -3.57174492e+00,-3.31444907e+00, 4.66955090e+00, 8.78812850e-01,
   1.20973241e+00,-5.94201851e+00,-1.27887707e+01,-1.76079345e+00,
   2.03260159e+00, 7.12362289e-01,-1.35277665e+00, 7.80986369e-01,
   4.08927500e-01,-5.52449524e-01, 1.10461724e+00,-1.51308668e+00,
  -7.29449892e+00,-2.28803730e+00,-1.44122148e+00,-3.77133417e+00,
  -5.24202347e+00, 1.44368911e+00, 3.96740007e+00,-3.09177685e+00,
  -6.42554939e-01,-1.86012268e+00, 8.75578105e-01,-3.56730866e+00,
   1.46017895e+01, 4.91796076e-01, 1.71214747e+00, 1.88752604e+00,
  -4.79964852e-01, 2.45605206e+00, 3.82067204e-01,-3.63501859e+00,
  -5.31032133e+00, 8.13683319e+00, 1.33627374e-02,-7.47462034e+00,
  -2.03365970e+00,-4.84767246e+00,-5.63830805e+00, 2.90164113e+00,
   2.72164059e+00,-3.05443835e+00,-2.00729160e+01,-1.37283766e+00},
 { 4.21277571e+00,-1.42287493e+00,-4.79414415e+00,-1.74732640e-01,
  -3.39132404e+00,-6.17830753e+00,-1.15756378e-01,-2.63985872e+00,
   1.19471228e+00,-3.05930829e+00,-7.87727416e-01, 2.98945189e+00,
   9.14324820e-01,-4.79437351e-01, 5.60805750e+00, 2.69941854e+00,
  -6.26900971e-01,-4.29946452e-01,-1.73150959e+01,-2.01578665e+00,
  -4.36286163e+00, 5.26381016e+00, 2.59800017e-01, 1.64917850e+00,
  -1.16082512e-01,-8.02708507e-01, 1.54991519e+00,-1.06247211e+00,
   4.36518002e+00, 2.95354915e+00, 6.44727802e+00, 5.31481802e-01,
   3.02501023e-01, 2.22307873e+00, 1.66834593e+00, 3.41793013e+00,
  -2.59066944e+01,-1.60549700e+00, 6.44679642e+00,-2.15522003e+00,
  -1.35284042e+00, 1.60218954e+00, 3.76552796e+00, 5.39383125e+00,
   1.52286386e+00,-2.26182175e+00, 1.17545223e+00, 3.87326479e+00,
  -8.58246148e-01, 3.31671834e-01, 4.35744286e+00, 6.77342951e-01,
  -1.50650144e+00, 1.70949316e+00,-6.39519691e+00,-1.85157859e+00,
   2.41252255e+00,-3.74240667e-01, 6.34383202e+00, 3.69666982e+00,
  -9.62585735e+00,-1.07891359e+01,-2.96874046e-01, 1.88469839e+00,
  -1.07393050e+00, 6.86748648e+00, 5.98434269e-01, 2.22971678e+00,
  -5.04389226e-01,-1.50528681e+00, 4.35042763e+00,-3.00293493e+00,
   8.49918842e-01,-4.87177277e+00, 1.22308433e+00,-3.95511842e+00,
   6.44825459e-01,-8.38762641e-01,-6.30171299e+00,-4.83775187e+00,
  -1.72766197e+00,-1.36501026e+01, 6.35128975e+00,-2.45270371e+00,
   6.87559319e+00,-4.25845909e+00, 3.32458258e+00,-1.82993019e+00,
   4.99734831e+00, 3.83072406e-01, 1.05161142e+00,-1.73330569e+00,
   1.22453392e+00,-1.08214009e+00,-2.91297865e+00, 1.00628786e-01,
  -2.50767529e-01, 4.97463420e-02,-1.84354496e+00,-1.56437290e+00,
  -1.99881029e+00,-4.92963046e-01, 1.01966667e+00, 3.19960093e+00,
  -6.77780271e-01,-4.75355715e-01,-1.48506320e+00,-1.12123825e-01,
   7.45266438e+00,-8.45443726e-01, 1.64111054e+00,-1.37156212e+00,
  -5.95931150e-02, 5.19500673e-01, 1.72897243e+00,-4.96171188e+00,
   8.39858627e+00,-1.37715788e+01,-9.69925165e-01,-3.01240444e+00,
  -2.02967763e+00,-1.70258975e+00,-3.12575746e+00, 1.69964540e+00,
   8.67877901e-01,-2.69823623e+00,-4.51310444e+00,-1.15631628e+00},
 { 3.79976034e-01,-2.28917971e-01,-2.24851761e+01,-3.78182173e-01,
  -1.81508243e+00,-1.69056380e+00,-8.37254405e-01, 4.35507917e+00,
  -6.65405914e-02, 2.75553536e+00,-4.50379181e+00,-8.69260550e-01,
  -3.94595295e-01,-5.76753795e-01, 4.82989931e+00,-5.24314070e+00,
  -1.22373736e+00,-1.83712149e+00,-9.27379847e-01, 2.17218280e+00,
   1.44583237e+00, 9.15051842e+00, 1.89683461e+00, 2.02347612e+00,
   2.41892338e+00,-8.44825745e+00,-8.83461535e-01,-5.07986546e+00,
   1.24958992e-01, 8.50412548e-02, 7.46664643e-01,-5.35679579e-01,
  -1.79528570e+00,-3.09006125e-01,-3.48671734e-01,-7.48753026e-02,
  -3.54612693e-02, 2.26119787e-01,-1.34976566e+00,-2.34375167e+00,
   1.29836977e-01, 4.85865474e-01, 3.22343016e+00,-8.92658532e-01,
  -3.60049200e+00, 1.75879851e-01, 3.81796867e-01,-2.99495840e+00,
   1.18079078e+00, 3.97779971e-01, 5.42421722e+00,-8.65300298e-01,
   3.10353965e-01,-1.09438598e+00,-3.06385845e-01, 4.17436302e-01,
   7.85711575e+00,-4.68610239e+00,-6.07714653e-01,-1.30198288e+00,
   3.33011784e-02,-9.48154867e-01,-1.99411726e+00, 2.72155571e+00,
   4.51642156e-01,-9.16195929e-01,-1.02181882e-01,-9.21425894e-02,
  -1.25142944e+00, 1.48268819e+00, 8.04499054e+00,-3.61209750e-01,
   3.89035493e-01,-6.17683493e-03,-7.43298590e-01,-5.46028042e+00,
  -1.27437130e-01, 7.03779042e-01,-3.94519234e+00, 2.34177589e-01,
   8.75025368e+00, 1.03042946e+01, 3.63299012e-01, 1.19312954e+00,
  -4.44233030e-01,-4.47667313e+00, 4.04737520e+00, 2.93339878e-01,
   8.99725723e+00, 2.76042271e+00,-8.86099786e-02, 2.81702042e-01,
   3.78443360e+00, 3.39467853e-01, 2.77636319e-01, 1.42842984e+00,
  -6.42317533e+00, 1.00675523e+00, 1.77890539e-01, 1.32329249e+00,
   3.54261070e-01,-5.32198668e-01, 1.93615854e-01,-1.82918504e-01,
  -2.54581898e-01, 5.83216429e+00,-1.66712236e+00,-4.82592440e+00,
  -9.60817873e-01,-1.31298075e+01, 9.32955503e-01,-6.82566166e-02,
  -5.15585318e-02, 3.07420999e-01,-5.09529448e+00,-2.65245342e+00,
   4.17219591e+00,-5.90898633e-01, 2.65551686e-01,-3.22126627e-01,
  -2.66542149e+00,-3.66632676e+00,-8.79244232e+00,-2.24103332e+00,
   1.70391291e-01,-6.15343380e+00, 8.72882545e-01,-3.22745919e-01},
 {-1.57182503e+00, 3.19772935e+00,-7.15006876e+00, 1.29782116e+00,
  -3.09951210e+00,-3.73858333e-01, 2.66745687e+00, 6.37237489e-01,
   3.32339525e+00,-2.17785525e+00,-3.64268541e-01,-2.78088617e+00,
   2.94779706e+00,-3.46866155e+00,-3.61273694e+00, 5.99225664e+00,
  -5.04591846e+00,-4.02370453e+00,-6.65825319e+00, 4.05275285e-01,
   3.50621009e+00, 7.24119949e+00,-1.79054117e+00, 7.60271013e-01,
  -3.55031242e+01,-9.00755286e-01, 9.21765041e+00, 4.58165598e+00,
  -4.13489246e+00,-3.39198875e+00, 5.98551750e+00, 6.00798512e+00,
   2.63056612e+00, 5.38291597e+00,-3.62193298e+00,-2.17877030e+00,
   5.11994362e+00, 3.21142983e+00,-2.85936999e+00,-2.41505337e+00,
  -1.31035829e+00, 6.17799520e-01,-1.44202352e+00,-2.32658291e+00,
  -8.08042228e-01,-3.18215394e+00, 4.72114086e+00, 5.13606977e+00,
  -6.72425938e+00, 1.53652267e+01, 3.92813504e-01,-5.27538872e+00,
   1.22564161e+00, 2.52066231e+00,-1.02480853e+00, 1.19289744e+00,
  -2.25879002e+00, 1.04782286e+01,-6.58238173e-01, 6.73717117e+00,
   8.64507258e-01,-2.69437599e+00,-1.09369504e+00,-1.65437031e+01,
  -2.33512449e+00, 1.26597595e+00,-7.96650946e-02, 9.64399242e+00,
  -4.75231022e-01,-7.41519570e-01, 3.83611226e+00, 1.57388592e+00,
   8.69954109e+00,-3.66778350e+00,-7.23132789e-01,-2.89148235e+00,
  -1.08078682e+00, 1.52016878e+00, 3.70072746e+00, 2.04079938e+00,
  -8.47304916e+00,-1.59269601e-01, 3.48033857e+00, 4.46107060e-01,
  -2.54214072e+00, 2.37026477e+00,-5.68242216e+00,-1.01529741e+00,
   9.29866791e+00,-5.95518446e+00, 1.35694921e-01, 6.13141209e-02,
  -8.78114700e+00, 1.48601246e+00,-4.00863838e+00,-2.16383338e+00,
   3.23027158e+00, 2.92880034e+00, 2.03822899e+00,-4.10605478e+00,
  -2.44999814e+00,-5.27804494e-01, 2.89731890e-01, 1.02492559e+00,
   1.75598335e+00, 1.97367656e+00,-2.34441876e+00,-8.61029720e+00,
  -7.23179579e+00, 8.49594784e+00, 9.33550894e-01, 1.71185851e-01,
   5.76294139e-02, 3.87835167e-02, 9.84919739e+00,-3.64903450e+00,
   3.18398070e+00, 1.11063385e+00, 2.79256076e-01,-7.95246363e+00,
   3.42512202e+00, 1.04648237e+01,-3.52066159e-01,-2.02694893e+00,
   3.31077170e+00,-4.02348709e+00,-4.06676382e-01,-5.42444944e+00},
 {-1.15951911e-01,-1.90443981e+00, 5.22909975e+00, 1.05920529e+00,
  -7.11349678e+00, 1.72143066e+00, 3.07917523e+00,-1.04655552e+01,
  -5.82992649e+00, 1.30346298e+00,-2.48250294e+00, 3.76485372e+00,
  -1.75697589e+00, 1.52296737e-01, 4.40738440e+00,-2.48540235e+00,
   6.25509441e-01, 4.04588491e-01,-5.77871025e-01,-4.40210402e-01,
  -7.29951954e+00, 3.45914626e+00, 5.08125603e-01, 3.39150578e-01,
   2.60921669e+00,-8.10578728e+00,-2.76618361e+00,-9.22943592e+00,
  -3.79318142e+00, 4.76196909e+00, 2.77588224e+00, 1.15090871e+00,
  -3.21446747e-01, 3.10878015e+00,-4.00768965e-01,-1.25580335e+00,
   3.62012625e+00, 2.25458574e+00,-1.83393025e+00,-2.78454041e+00,
  -1.62064419e+01,-7.02239037e+00, 5.29024601e+00, 1.65964150e+00,
  -4.81005132e-01,-2.66028619e+00,-1.10333645e+00, 1.32856816e-01,
   1.75244951e+00,-4.08198893e-01, 1.29877484e+00,-3.22318912e+00,
   1.26668644e+00,-1.66166556e+00,-5.98541069e+00, 7.95050740e-01,
   1.42989564e+00,-1.87941849e+00,-3.00371855e-01,-1.72974527e+00,
  -4.35728216e+00, 1.17602575e+00,-8.32772732e-01, 4.39610672e+00,
   7.89037561e+00,-1.07999802e+01,-3.06823659e+00,-1.08267152e+00,
  -1.26393652e+00, 9.86503601e+00, 1.34361668e+01,-5.94352186e-01,
  -2.69432259e+00, 4.44961214e+00, 6.36136484e+00, 1.02733873e-01,
  -2.21792531e+00, 8.34440887e-01,-2.36216450e+00,-9.08206046e-01,
   2.57758999e+00, 3.24740481e+00, 4.66364670e+00,-3.77750814e-01,
   7.74739683e-01,-5.84508801e+00, 2.16669297e+00,-1.78637457e+00,
  -3.48353505e+00, 1.01454318e+00,-6.40295172e+00,-2.57994556e+00,
   5.94277620e+00,-1.86210644e+00, 1.20473585e+01,-1.40749562e+00,
  -1.92896888e-01, 1.39293873e+00, 3.01620412e+00, 4.55940962e+00,
   1.37204397e+00,-3.94779992e+00, 1.95022070e+00, 5.53281021e+00,
   4.50589597e-01, 8.24778461e+00,-3.13658404e+00, 5.42064953e+00,
  -2.56376266e+00,-4.74788046e+00, 7.20193720e+00,-2.02191973e+00,
  -6.65600121e-01, 3.11200571e+00,-3.57482505e+00, 8.16799819e-01,
   4.87461853e+00,-3.12937760e+00, 2.75828385e+00, 2.09138703e+00,
  -1.98325014e+00,-3.86750603e+00,-1.15788536e+01, 7.87882030e-01,
   1.93498027e+00,-1.03615724e-01, 8.60677481e-01, 2.58462548e+00},
 { 5.18863089e-02,-2.80214055e-03,-5.15132472e-02, 6.59531504e-02,
   4.70797643e-02,-1.06617734e-01,-1.12133674e-01,-8.75691250e-02,
  -7.74323195e-02,-1.12940148e-01, 7.46060535e-02,-2.86204778e-02,
   6.75810501e-03,-6.40678331e-02,-1.27930209e-01, 2.66643818e-02,
  -1.41060827e-02,-5.45254014e-02,-6.84455261e-02,-3.51820067e-02,
  -2.07776800e-01, 5.03553264e-02,-1.83817018e-02,-2.96491478e-02,
  -5.03557688e-03, 3.15594710e-02,-1.29996836e-01,-1.38246179e-01,
  -4.63082232e-02,-1.40366452e-02,-3.10647972e-02,-2.69109942e-03,
  -9.28229839e-03,-2.60463059e-02, 4.07825075e-02,-5.89946397e-02,
  -3.60571854e-02,-1.13326721e-01,-8.88477340e-02,-1.22166127e-01,
  -3.89048993e-03, 2.05600634e-02, 2.15869974e-02,-7.09366724e-02,
  -5.71531951e-02,-7.87119418e-02,-4.67849933e-02,-1.18682869e-01,
  -1.71039581e-01,-5.04080579e-02,-6.25061095e-02,-3.05420849e-02,
  -6.12200610e-02, 7.18932552e-03,-1.08772397e-01,-7.74402767e-02,
  -1.22201547e-01,-1.05902523e-01,-1.59256551e-02,-4.47247028e-02,
  -5.51395155e-02,-7.28375241e-02,-1.22879736e-01,-9.70962569e-02,
   7.46569410e-03,-1.38961077e-01,-9.13428888e-02, 1.16799260e-03,
  -6.89454423e-03,-8.89924541e-02,-2.27846410e-02,-3.02228145e-02,
  -5.77722564e-02,-1.41453311e-01,-6.98541403e-02,-1.31637141e-01,
  -1.13131784e-01,-7.83250257e-02,-5.80182225e-02, 4.26030438e-03,
  -4.46544997e-02,-4.59200628e-02,-5.37221581e-02, 1.02247801e-02,
  -7.85624981e-02,-8.14773440e-02,-8.43108073e-02,-1.42702371e-01,
   6.16131071e-03,-1.84148088e-01,-9.60491598e-02,-7.37144500e-02,
   3.34087946e-02,-1.00276195e-01, 1.36403702e-02, 1.61089581e-02,
  -1.65710345e-01, 1.76464245e-02,-6.08998537e-02,-1.10212207e-01,
  -1.02338776e-01, 1.06180180e-02,-1.02895893e-01,-5.92023395e-02,
  -1.28398284e-01,-1.16269067e-01,-1.30341174e-02,-7.91177228e-02,
  -8.26109946e-02,-9.55991389e-04,-1.09070085e-01,-5.93590923e-02,
  -2.33875886e-02,-1.29471540e-01,-2.79836114e-02,-1.40866280e-01,
   7.27799430e-04,-2.31196824e-02,-4.56574187e-03,-1.13086067e-01,
  -7.74431452e-02,-2.63369326e-02,-1.54842157e-02,-5.73421270e-02,
  -1.48855925e-01,-9.82111841e-02,-9.72939655e-02, 2.51242444e-02},
 { 6.13005102e-01,-1.43127260e-03, 2.15413990e+01, 7.30187714e-01,
   2.52138233e+00,-9.00376034e+00, 8.19545925e-01,-1.14421141e+00,
   8.62664506e-02, 3.58448553e+00,-1.30399990e+01, 1.08990133e+00,
   4.25928324e-01,-9.28344607e-01, 5.17940521e+00,-5.68791389e+00,
  -3.07214230e-01, 8.28085601e-01, 2.47171715e-01,-8.97252202e-01,
   1.56887996e+00, 9.32571316e+00,-8.65278482e-01, 1.11826396e+00,
   3.14529133e+00,-2.87738299e+00, 8.34634483e-01,-8.75840378e+00,
   5.66446722e-01, 3.45172919e-02,-5.58684133e-02, 7.35013068e-01,
  -1.05324948e+00,-3.19609731e-01, 7.55095631e-02, 1.60470024e-01,
   9.05570328e-01,-1.57941854e+00,-2.06204033e+00,-3.49749970e+00,
  -1.79210329e+00, 3.43084067e-01, 1.46730697e+00,-1.21088629e+01,
  -1.77529776e+00,-1.73591495e+00, 9.26253796e-01, 2.29640961e+00,
   2.91619325e+00, 1.04673767e+00, 6.81654990e-01,-2.65066171e+00,
   2.06191182e-01, 1.59274817e+00,-2.83102155e-01,-1.28710556e+00,
   5.06870699e+00,-1.12529163e+01, 2.32432246e+00,-1.05509841e+00,
   9.47900355e-01,-1.39508992e-01, 3.56326520e-01, 8.90074730e-01,
  -1.89305139e+00, 1.10528123e+00, 3.57310385e-01,-8.20500791e-01,
   3.14106941e-01,-3.02833050e-01,-1.74619713e+01,-4.08358842e-01,
  -3.90729547e+00,-4.11206126e-01,-1.76315486e+00,-1.63702488e+00,
  -4.24823433e-01, 8.95813465e-01, 4.50467968e+00,-5.79298913e-01,
   4.97193480e+00, 1.65125978e+00, 1.65568721e+00,-1.74936056e-01,
   7.57875741e-01,-5.40499830e+00, 2.18705106e+00, 7.46078193e-01,
  -4.43632078e+00, 5.01095819e+00, 2.61817843e-01, 9.16123748e-01,
   1.24266875e+00,-8.92942369e-01, 5.90254366e-01, 4.15386796e-01,
   1.93435657e+00, 5.19128442e-01, 5.03377318e-01, 2.60033607e-01,
  -2.28443861e+00,-6.29208803e-01, 5.47110617e-01,-1.88948423e-01,
   1.54092896e+00, 4.05001688e+00,-3.03248256e-01,-1.57054400e+00,
  -7.86671019e+00,-2.78848863e+00, 6.32437289e-01, 9.08971429e-01,
  -4.35887575e-02, 1.24338493e-01,-4.37774372e+00,-2.08046389e+00,
  -6.99791527e+00, 9.93812859e-01, 6.62018880e-02,-1.17274380e+00,
  -4.43475068e-01,-1.57350707e+00, 2.04142971e+01, 6.44204140e-01,
  -1.73817849e+00,-1.80794656e+00,-9.81688786e+00, 4.89937353e+00},
 { 7.98859477e-01, 4.41071242e-01,-1.50043949e-01, 9.76605177e-01,
   7.68384337e-02,-2.51665115e-01,-8.81226718e-01,-1.35932980e+01,
  -3.43971848e-01, 4.87562269e-02, 5.88559136e-02,-6.83136433e-02,
   2.29096174e+00,-2.43841216e-01, 1.35504931e-01,-7.63209015e-02,
  -5.46745956e-02, 3.25540043e-02, 3.00714463e-01,-7.60320276e-02,
   1.84459913e+00, 9.73984227e-02,-3.06323860e-02,-8.23075175e-02,
  -2.37636101e-02,-2.27835345e+00, 1.01906002e-01, 3.07602733e-02,
  -1.14900291e-01, 1.94449082e-01,-2.82385260e-01, 6.76794052e-02,
   5.36683463e-02,-1.64582103e-01,-4.43965034e+01,-4.05357331e-02,
  -4.79229546e+00, 7.06120372e-01, 2.03616321e-01,-3.93771417e-02,
   9.45069920e-03, 2.44445324e+00,-4.84589636e-02,-7.92322028e-03,
  -9.94302928e-02, 1.44601524e-01, 7.89287612e-02,-2.35397276e-03,
  -2.68708053e-03, 3.58472578e-03,-5.20979539e-02,-7.94935375e-02,
  -8.27051550e-02, 3.14444810e-01,-1.54756308e+01,-1.67044044e-01,
  -1.09640762e-01, 2.33821690e-01,-1.30475715e-01, 4.45893742e-02,
   9.04311240e-02, 3.25617078e-03, 3.37808371e-01,-5.68279214e-02,
   9.37655210e-01, 2.42064908e-01,-4.31761026e+00,-1.65621683e-01,
   2.85035800e-02, 3.84714150e+00,-6.36773882e-04,-2.31307253e-01,
   6.86551407e-02, 1.34322673e-01,-4.00191218e-01, 5.88726066e-02,
   1.74908602e+00, 2.87840581e+00,-1.22250030e-02,-6.15810990e-01,
  -1.69435814e-01, 1.34463415e-01, 5.17923012e-02,-2.43467736e+00,
   8.20414245e-01,-7.26299211e-02, 6.57924116e-02,-1.38149038e-01,
   1.48620531e-01,-2.53589787e-02, 1.93937802e+00,-3.26273181e-02,
   7.33893551e-03,-2.05403328e+00,-4.66671066e+01, 6.99088722e-02,
   2.08336234e+00,-2.22801805e-01,-1.33045292e+00, 1.33792952e-01,
   1.23648688e-01,-1.47442257e+00, 6.20274246e-01,-4.03021288e+00,
  -7.27919400e-01,-8.28142762e-02,-1.39927223e-01, 7.22040758e-02,
   2.19287828e-01, 1.49965972e-01,-4.38880920e+00,-2.60683924e-01,
  -1.38158667e+00,-1.28282678e+00, 3.91137414e-02,-9.12904516e-02,
   3.11802626e-01,-9.80315823e-03,-1.15765262e+00, 2.57656034e-02,
   4.00497904e-03, 6.92938715e-02,-1.25066504e-01,-8.18497986e-02,
  -8.52826893e-01,-3.06975492e-03, 3.70804381e+00,-4.78171259e-02},
 { 2.98886013e+00, 2.25175709e-01, 3.12988853e+00, 9.98942733e-01,
  -1.17326088e+01,-2.74120021e+00, 1.85255635e+00, 1.02286749e+01,
   3.02235937e+00, 8.58168483e-01, 2.30041361e+00,-5.53755760e+00,
  -3.72759485e+00,-2.13957858e+00, 5.20693588e+00,-3.52465606e+00,
  -3.06138062e+00,-1.89897931e+00, 1.73459899e+00, 3.35329795e+00,
  -2.68496299e+00, 2.49485207e+00, 3.23195815e+00,-3.77676815e-01,
   1.62631273e+00,-2.49707985e+00, 9.01421666e-01,-6.87948751e+00,
  -8.84894907e-01, 9.07068774e-02, 1.07980835e+00, 4.05617237e+00,
  -7.51236618e-01, 1.42155671e+00,-6.35950136e+00,-5.32322741e+00,
   7.86755145e-01, 3.76082659e-01,-1.75407791e+00,-3.64303112e+00,
   2.68438435e+00, 7.58487225e-01, 2.62948418e+00, 2.80562282e-01,
   1.99058175e+00,-8.76858771e-01, 3.36500382e+00,-1.16272819e+00,
   8.09177577e-01, 1.21575010e+00, 2.99983883e+00, 1.93492043e+00,
  -7.62434840e-01, 1.08610678e+00,-5.97081995e+00,-2.97912747e-01,
   7.06169891e+00,-3.59272432e+00,-6.17416954e+00, 4.91805226e-01,
  -3.61782122e+00,-2.00945854e-01, 5.36631107e-01, 3.63839102e+00,
   2.83988714e+00,-3.60013223e+00,-2.43797004e-01,-5.01043510e+00,
   3.16164456e-02,-9.11013424e-01, 4.29474211e+00, 3.22709620e-01,
  -1.59494507e+00, 3.30887079e+00,-9.48813498e-01,-3.71552324e+00,
   5.32522857e-01, 1.47510338e+00,-3.40647244e+00,-1.82368326e+00,
   2.99228477e+00,-3.56138062e+00,-7.49679804e+00,-3.57778525e+00,
  -9.03977394e-01,-3.32144165e+00, 1.35099447e+00,-5.19949770e+00,
   5.02062559e+00, 1.30477652e-01,-1.90285480e+00,-5.12323952e+00,
   4.89765406e+00,-3.65515757e+00, 5.46240187e+00, 1.06563044e+00,
   9.47003937e+00, 4.32494688e+00,-5.35033524e-01, 1.14901743e+01,
   1.45113754e+00, 5.54396331e-01, 5.20418644e+00, 2.53158355e+00,
   2.29989290e+00, 5.37848568e+00,-3.97769541e-01,-1.93675911e+00,
   6.96134210e-01,-8.81635284e+00,-1.90376401e+00, 6.44119203e-01,
  -1.24099329e-01, 5.69079161e-01,-2.48083687e+00,-4.44662380e+00,
  -5.95390368e+00, 4.26754379e+00,-1.10385585e+00, 1.07362795e+01,
  -2.59009528e+00,-3.59425640e+00,-3.55878830e+00, 3.79015541e+00,
  -3.14527702e+00,-3.47449160e+00, 4.13968134e+00, 8.38799238e-01},
 {-2.75697446e+00, 3.26908898e+00,-3.32352614e+00, 2.92187572e+00,
  -1.23913431e+01, 6.64212048e-01,-4.32312279e+01,-2.08410859e+00,
  -1.28005342e+01,-6.10057354e-01,-2.99729826e-03, 8.18592131e-01,
  -3.83276486e+00,-1.20025826e+00, 4.22567415e+00,-9.48555851e+00,
   1.60790992e+00, 3.71216559e+00, 1.01378031e+01, 8.44531834e-01,
  -3.76617193e+00,-4.19556713e+00,-1.46386182e+00,-3.94613743e-01,
  -9.81836140e-01,-7.42883742e-01,-1.16841829e+00,-8.80784333e-01,
  -1.96702898e-01,-2.95640779e+00, 7.74212062e-01,-2.05460119e+00,
   3.01284343e-01, 8.67084885e+00,-2.83650875e-01, 4.49603528e-01,
  -2.76787937e-01, 3.91145974e-01,-9.70277935e-02, 1.05280840e+00,
  -2.75615463e+01, 2.87313175e+00,-8.68425012e-01, 8.31730545e-01,
   1.62041306e+00,-7.06573391e+00,-1.16897774e+00, 2.58159637e+00,
   1.34883970e-01, 5.40930212e-01,-2.82394218e+00,-4.94732678e-01,
  -4.69742680e+00, 2.56998014e+00,-5.48800766e-01,-4.76280975e+00,
  -3.46579599e+00, 6.55963373e+00, 8.00846958e+00,-2.20834374e+00,
  -6.35641193e+00,-1.05933964e+00, 2.93937206e-01,-1.39587712e+00,
  -7.19834948e+00,-1.22427473e+01,-2.03631711e+00,-7.92639971e-01,
   2.30732858e-01, 8.75196838e+00,-6.45926189e+00,-1.27654290e+00,
  -2.31430626e+00, 2.49649808e-01,-1.68485105e+00, 2.93657017e+00,
   6.45118713e-01, 1.20114291e+00, 2.83642364e+00, 1.36474743e-01,
  -1.63396537e+00, 1.29593933e+00,-1.53601098e+00, 8.11025918e-01,
  -5.01421213e+00,-1.39158452e+00,-6.23972476e-01, 2.14077377e+00,
  -1.05074060e+00,-1.04148638e+00, 1.05794430e+01,-2.69896102e+00,
  -2.44752121e+00,-9.33468628e+00, 5.49771726e-01,-6.75590694e-01,
   8.01099873e+00,-3.64026117e+00,-7.34162474e+00,-1.83445537e+00,
  -5.20518124e-01,-6.22380877e+00,-6.81393862e-01, 1.48369992e+00,
   9.11767006e-01, 3.47975135e+00,-1.24940100e+01,-2.33449268e+01,
  -8.55368137e+00, 5.05953217e+00, 4.16849136e-01,-9.53073382e-01,
  -3.20317030e-01,-4.27096814e-01, 1.14157450e+00,-2.54581034e-01,
  -6.07212114e+00,-2.00914993e+01,-3.93071532e+00, 2.79959130e+00,
   1.64666378e+00, 1.54733348e+00, 3.86509132e+00,-9.75940228e-01,
   3.28822231e+00, 3.72905588e+00, 1.62258244e+01, 2.34250173e-01},
 {-1.63911593e+00, 1.50986183e+00,-1.92544880e+01, 2.00496033e-01,
  -9.74218130e-01,-2.44564414e+00, 1.84495473e+00,-2.98720431e+00,
  -4.89573145e+00,-2.47933888e+00,-2.59550834e+00,-1.06032133e+00,
   7.19490230e-01, 1.63738418e+00,-3.33183551e+00, 6.44985056e+00,
  -8.09277236e-01,-5.79880357e-01, 6.49510288e+00, 3.54554462e+00,
   2.48023510e+00, 1.58250942e+01, 4.23767662e+00, 2.28026003e-01,
  -5.67882061e+00, 6.24601221e+00, 5.16215706e+00, 1.06705487e+00,
  -1.90344501e+00,-3.38297486e+00, 2.33847833e+00, 2.93308043e+00,
  -1.58035636e+00,-3.15991068e+00,-2.30668569e+00,-1.60654080e+00,
  -1.56190038e+00,-1.77692652e+00,-1.08592663e+01,-5.13335562e+00,
  -1.68897927e+00, 1.20969331e+00, 1.26252184e+01,-1.54632628e+00,
  -1.51617184e-01,-3.79888922e-01, 1.57059360e+00, 1.71851945e+00,
  -2.61374307e+00, 1.16426296e+01, 6.09842825e+00,-1.88850915e+00,
  -2.92491436e+00,-1.70822728e+00,-4.98264909e-01,-4.58978462e+00,
   6.78623629e+00, 2.33132172e+00,-2.93359494e+00, 4.60756588e+00,
   2.74573112e+00,-1.78067958e+00,-3.69369149e-01,-1.51578693e+01,
  -3.45756441e-01,-2.12882614e+00, 1.09152898e-01,-4.35377073e+00,
  -1.03776753e+00, 6.28739834e-01, 2.49064865e+01,-4.32236344e-01,
  -9.18514788e-01,-6.23833299e-01,-7.50108659e-01,-2.90933752e+00,
  -4.04677033e-01, 1.08244610e+00,-2.25693798e+01, 1.93469167e+00,
   4.54938269e+00, 2.98020983e+00,-3.85347724e+00,-1.67788684e+00,
  -2.55811119e+00, 7.47487903e-01,-7.57877541e+00,-6.65837717e+00,
   1.04188137e+01,-7.00947142e+00, 1.26525021e+00, 4.19895124e+00,
   1.10041308e+00, 2.05839396e+00,-2.43504643e+00,-1.21703787e+01,
   1.77214944e+00,-1.97777390e+00, 1.28743708e+00,-3.75445175e+00,
   1.49341568e-01, 9.70585167e-01,-8.11830103e-01,-7.44565666e-01,
   1.97528648e+00,-5.86811161e+00, 9.03096423e-02,-1.69195488e-01,
  -7.05366468e+00,-2.12084293e+00, 9.74329889e-01,-5.87928116e-01,
  -3.48832458e-01,-1.73411143e+00, 1.20224876e+01,-1.04281759e+00,
   1.46516094e+01,-2.82056832e+00,-1.02168930e+00,-3.49818087e+00,
  -6.73224688e+00,-9.07258797e+00,-1.90185680e+01,-3.43471944e-01,
  -1.58209407e+00,-8.30492210e+00, 1.73927951e+00,-7.22378302e+00}};

const float b2[sz_hid_2] = {-14.833138  ,  4.8256974 , -0.09730431,-11.506169  ,-19.079763  ,
 -16.448679  , -1.6700152 , -6.8103204 ,  6.4535127 ,  7.880394  ,
 -13.989791  , -9.769407  ,  1.3236475 ,-15.750986  ,-11.119068  ,
  -0.1391562 ,  1.037759  , -0.19939627, -5.2228503 ,  7.456316  ,
  -8.11813   ,-18.972557  ,-13.420223  , -3.175719  ,-17.323818  ,
 -20.457521  , -0.12889045,-18.35097   , 10.071308  ,-10.510473  ,
   3.2186847 ,  7.879405  };

const float w3[sz_act][sz_hid_2] = {{-0.00630142, 0.09057804, 0.06792714, 0.01094627, 0.04251416, 0.12921727,
   0.07358538,-0.00805591,-0.00170643, 0.00813581,-0.10110521, 0.00205056,
  -0.01436033,-0.2151413 , 0.04079965,-0.0184703 ,-0.08177245, 0.11049001,
   0.17299777,-0.00316141, 0.00862238, 0.12991713, 0.1343318 ,-0.12480281,
   0.24838078, 0.00910188, 0.04232942, 0.15342632, 0.00074348,-0.13429767,
  -0.01017063,-0.31974167},
 {-0.07996447, 0.01764371, 0.10947878,-0.07672887, 0.22979403,-0.00335393,
   0.00198709, 0.07433087,-0.05492187,-0.06109137, 0.00288608,-0.111946  ,
  -0.17018703, 0.00060807, 0.19885515, 0.00368104, 0.00325767,-0.06506845,
  -0.00213932, 0.10661921, 0.06988537,-0.00577117,-0.0101674 , 0.00224413,
   0.00184002,-0.14685275,-0.05213569, 0.00264225,-0.12362021, 0.02574507,
   0.08559577,-0.00389247}};

const float b3[sz_act] = {-0.03991421, 0.4784045 };

