const float w1[sz_hid_1][sz_obs] = {{-4.29053754e-02, 1.21488295e-01,-8.04563427e+00, 2.75001507e-02,
   7.01540112e-02, 6.00993372e-02, 3.16445410e-01,-5.56669384e-02,
   4.66483645e-02},
 {-2.39228141e-02,-9.67198238e-02, 6.07734680e+00,-3.16000748e+00,
   2.02104807e+00, 4.33505893e-01, 3.90569307e-02, 6.06543732e+00,
   7.01308632e+00},
 { 3.61007522e-04, 2.92433146e-02,-4.10747719e+00, 3.13079023e+00,
  -7.08512902e-01,-1.01632416e+00, 3.87929082e-02, 3.49349707e-01,
   4.21128178e+00},
 {-5.48839569e-02, 5.35840131e-02,-2.11380076e+00,-3.55024368e-01,
   1.57911050e+00, 8.35228264e-01,-1.15569763e-01,-3.32131052e+00,
  -3.39277601e+00},
 {-2.75092095e-01,-1.95123947e+00,-1.27870357e+00, 9.61924251e-03,
  -1.47136580e-02, 5.72864851e-03, 2.88986182e+00,-2.58486327e-02,
  -3.02522350e-02},
 {-1.84550509e-01, 1.19941950e+00,-2.20755196e+00, 9.62492172e-03,
  -1.08438451e-02,-1.38374334e-02, 2.91369700e+00,-3.41472425e-03,
  -1.77787745e-03},
 {-2.09782785e-03, 3.33217205e-03,-3.10297072e-01,-1.21735537e+00,
  -4.78640795e+00,-8.45513344e-01,-2.46061720e-02, 4.69834900e+00,
  -5.93799762e-02},
 { 7.55656958e+00,-3.71829867e+00,-4.41117573e+00, 4.83495258e-02,
  -2.95188837e-02, 7.66124800e-02,-5.31331122e-01, 2.87356563e-02,
   5.88409975e-02},
 { 2.01163864e+00, 1.72576487e+00,-1.05345583e+01, 1.22632414e-01,
  -3.31080169e-03, 2.94961110e-02, 6.16235018e+00,-1.34580106e-01,
  -4.77777198e-02},
 {-4.99892123e-02,-1.56633207e-04,-1.07631482e-01,-2.53853559e+00,
   6.66207492e-01, 1.99821401e+00, 5.42541295e-02,-4.70660973e+00,
   1.50662392e-01},
 {-2.26611719e-02,-5.08408109e-03,-6.89334124e-02, 5.11459494e+00,
  -6.63002539e+00,-2.11733413e+00, 7.56041845e-03, 1.83394794e+01,
  -4.31807861e-02},
 {-9.52492729e-02,-7.60115683e-02,-4.25315285e+00,-2.73079824e+00,
  -3.14478427e-01, 4.45089668e-01,-4.43591848e-02, 3.97941494e+00,
   6.24933481e+00},
 {-7.28015369e-03, 1.76078603e-02,-4.62300092e-01, 5.48880386e+00,
  -1.72794747e+00, 7.52624333e-01,-9.92231071e-03,-1.54437799e+01,
  -5.34246750e-02},
 {-2.20750365e-02, 9.53507200e-02,-5.37094450e+00,-1.86374724e+00,
  -2.62054592e-01,-5.02967238e-01,-8.48954245e-02,-2.89486885e+00,
  -4.80720520e+00},
 {-6.41405359e-02,-2.88342163e-02,-1.08991718e+00, 3.75241017e+00,
  -4.26230818e-01, 1.68773741e-01, 1.26345241e-02,-4.20253515e+00,
  -2.97433233e+00},
 {-1.71774209e-01, 2.30953991e-01, 1.83238244e+00,-1.33258387e-01,
  -3.55946255e+00,-2.50535458e-01,-1.81729630e-01, 3.76798987e+00,
  -7.30340052e+00},
 { 3.07456851e+00, 1.16636980e+00, 5.46623755e+00, 4.08798307e-02,
  -2.34210752e-02, 6.76782280e-02,-4.47345066e+00,-2.83221137e-02,
  -3.03438446e-03},
 { 4.71705437e+00,-1.82338679e+00, 6.42689943e+00, 1.46127748e-03,
  -1.17943212e-02, 1.99149363e-02,-1.21656113e+01, 4.06443216e-02,
   1.47193801e-02},
 {-1.23842349e-02,-8.91478080e-03,-3.92130518e+00, 4.21037579e+00,
  -1.87515095e-01,-3.55594009e-01, 4.76315320e-02, 5.86121130e+00,
   4.15623474e+00},
 {-2.61839092e-01,-3.87331128e-01, 9.17911768e-01,-3.14211822e+00,
  -9.28658867e+00,-5.16871881e+00, 1.45783827e-01, 4.85370541e+00,
  -1.97062612e+00},
 { 1.21952854e-02, 1.36081623e-02, 4.15356249e-01, 6.44457054e+00,
   2.80945063e+00, 2.58859015e+00, 6.04667095e-03,-1.71448746e+01,
   2.12759478e-03},
 { 1.55627048e+00,-3.02774739e+00, 2.24907541e+00, 1.99981816e-02,
  -8.93154219e-02,-4.67351079e-02,-8.91433144e+00, 7.64575303e-02,
   8.69777706e-03},
 {-3.51505466e-02,-3.79363775e-01,-9.54768658e+00, 1.12475112e-01,
  -1.21853100e-02, 5.29635474e-02,-6.36360705e-01, 6.95136236e-03,
   7.82902166e-02},
 {-1.25932604e-01, 6.28501698e-02, 6.17208433e+00, 6.48939312e-01,
   2.02660275e+00,-8.23660374e-01,-1.20163187e-01,-4.23655605e+00,
  -2.81784558e+00},
 {-1.43673166e-03,-6.81494400e-02, 3.21065235e+00, 5.45757294e+00,
   1.27897131e+00, 2.60973477e+00, 1.46363229e-01,-5.25403547e+00,
   4.33818913e+00},
 { 3.11499500e+00, 1.93457806e+00,-2.64668036e+00,-1.91288702e-02,
  -1.48643646e-02, 2.25733705e-02, 1.00070314e+01,-5.34226820e-02,
  -7.84280598e-02},
 { 3.45378220e-01,-1.82946765e+00, 3.10532403e+00,-2.29925849e-02,
  -2.86814664e-02, 5.99835739e-02,-4.04862070e+00, 4.97067012e-02,
   2.74735112e-02},
 { 1.42128694e+00,-1.18326044e+00,-6.91510391e+00, 1.14236698e-01,
   1.05636142e-01,-1.72968954e-02, 4.69916058e+00,-5.19099869e-02,
   3.04510929e-02},
 { 1.05506849e+00,-3.51341343e+00,-2.18432832e+00, 3.48061845e-02,
  -2.76724086e-03, 2.27758303e-01, 1.81654108e+00,-4.14587781e-02,
  -1.10566355e-02},
 {-1.41800363e-02,-1.79947354e-02,-1.12934649e+00, 3.75015020e+00,
  -5.99678183e+00,-1.23556328e+00, 1.58861410e-02, 1.04011993e+01,
   7.48194382e-02},
 { 2.15655845e-02,-4.36303839e-02,-1.10627401e+00,-8.00946355e-01,
  -4.48199779e-01, 3.41721922e-01, 4.30785939e-02, 2.11720920e+00,
   1.40075648e+00},
 {-8.52312986e-03, 6.71757269e-04, 1.45073211e+00, 1.47029340e+00,
  -6.48545694e+00,-1.21454096e+00, 3.74192595e-02,-1.33679593e+00,
  -1.11113584e+00},
 { 4.22192505e-03,-1.11051407e-02,-5.37088394e-01,-1.03999965e-01,
   2.11360697e-02,-8.66111946e+00, 1.33841364e-02,-3.22437972e-01,
   8.33827332e-02},
 {-1.62383273e-01,-4.85405214e-02,-1.92958474e+00,-1.13346350e+00,
  -4.58719954e-02,-4.60491467e+00,-8.39663669e-02, 2.50101709e+00,
   3.27875090e+00},
 { 3.34709138e-01,-2.47940630e-01, 1.23639326e+01,-2.47240122e-02,
  -2.77177035e-03,-8.79080035e-03,-1.04800016e-01,-1.09775392e-02,
   3.68709043e-02},
 {-2.95178983e-02, 6.58734292e-02, 5.88071108e+00,-1.29926467e+00,
  -1.29688823e+00,-1.06396221e-01,-1.12150311e-01,-6.59179974e+00,
   3.38440728e+00},
 { 6.86465085e-01, 6.33686829e+00,-5.72091341e+00,-2.54882853e-02,
   1.22429766e-01, 5.34994947e-03, 8.52226734e+00,-1.72760472e-01,
   4.30596657e-02},
 {-3.55515933e+00, 2.09160900e+00,-6.12010479e-01, 6.53598458e-03,
  -3.60861570e-02,-1.25906199e-01, 2.75965363e-01, 1.92000866e-02,
   2.34206617e-02},
 { 5.86802661e-01,-1.32085180e+00,-1.20429242e+00,-2.34267004e-02,
   3.39243039e-02, 1.14779271e-01,-3.31809592e+00,-3.31188925e-02,
   3.19856964e-02},
 { 5.35849476e+00,-7.32212961e-01,-6.79471159e+00, 7.84447766e-04,
   2.56410260e-02,-7.50700850e-03, 1.29065971e+01,-5.86710572e-02,
  -1.95192993e-02},
 {-2.83550286e+00,-2.83513165e+00,-1.48467922e+00,-5.12712188e-02,
   1.88816801e-01, 2.41013527e-01, 2.95012069e+00,-1.07023336e-01,
   2.68830117e-02},
 {-6.65583275e-03, 1.97345484e-02,-3.35775852e-01, 4.72106504e+00,
   4.97116899e+00, 3.29709470e-01, 4.04651351e-02,-9.67095280e+00,
   1.45563958e-02},
 { 2.35010982e-02, 5.72905093e-02, 9.14649248e-01, 2.22734839e-01,
   2.76962042e-01, 1.34617395e+01,-8.35047215e-02, 1.20053971e+00,
  -7.78991655e-02},
 { 2.89393077e-03, 5.07463925e-02,-3.84133291e+00,-1.76703358e+00,
  -1.90398502e+00, 1.32285130e+00,-6.38734102e-02,-5.83061361e+00,
   2.45473671e+00},
 {-7.71920606e-02, 6.19527251e-02, 9.14910412e+00,-2.81167936e+00,
  -2.79938102e-01, 3.31857705e+00, 4.29956838e-02, 5.00774741e-01,
   3.58026004e+00},
 {-7.37814372e-03, 7.72277499e-03,-3.83439004e-01, 7.18628740e+00,
  -5.61695158e-01,-1.49374568e+00,-1.26022743e-02, 1.88831921e+01,
  -3.81421298e-02},
 {-2.58917548e-02, 1.00248652e-02, 5.34205818e+00, 5.71123481e-01,
  -2.26873946e+00, 2.59373218e-01,-3.26337963e-02,-9.91715908e+00,
  -2.94722414e+00},
 {-2.98183709e-02,-3.24943960e-02, 1.38608384e+00,-2.41199517e+00,
   3.25394845e+00, 2.31936669e+00,-5.50365001e-02,-4.85355520e+00,
   6.20826054e+00},
 { 3.35511351e+00, 2.96844435e+00,-4.19227839e+00,-4.27146815e-03,
   1.94851321e-03, 4.18673977e-02, 1.29038830e+01, 1.38597516e-02,
   5.42376237e-03},
 { 5.19918418e-03,-9.99620743e-03,-2.39912331e-01, 2.60065675e+00,
   4.99039602e+00,-1.21241450e+00, 1.80078223e-02, 1.13979759e+01,
  -2.01857388e-01},
 { 1.82042811e-02,-7.11441133e-03, 1.04776118e-03,-7.44873762e-01,
  -5.50112104e+00, 1.85047507e+00, 2.17986424e-02,-1.19542675e+01,
   2.42908560e-02},
 {-9.94297564e-02,-6.95371926e-02,-3.28206748e-01, 2.72977114e+00,
  -2.54299045e-01,-3.36587802e-02,-8.72617413e-04,-1.76019955e+00,
   5.95615911e+00},
 {-5.33387709e+00, 2.82004857e+00, 8.04228067e-01,-5.66624897e-03,
   2.23708302e-02,-5.12629747e-02,-2.98738885e+00,-4.90645356e-02,
   7.37259630e-03},
 { 5.86395450e-02, 2.06277636e-03, 3.15527344e+00,-1.41566634e+00,
  -1.77925408e+00, 1.42503893e+00,-6.27707690e-02,-4.32898569e+00,
  -2.41324735e+00},
 { 1.16454111e-02,-4.24099900e-03, 4.30723429e+00, 2.87861443e+00,
   7.98238337e-01, 1.03883660e+00,-2.81365868e-03,-1.99796331e+00,
   5.12118864e+00},
 {-2.90293731e-02,-1.30693018e-02,-8.62093091e-01, 2.76742268e+00,
   3.28464437e+00, 1.88999072e-01,-5.83287841e-03,-2.99639416e+00,
   1.30685255e-01},
 { 2.21200395e+00,-2.61844492e+00,-2.93789077e+00, 3.11552323e-02,
  -1.66675404e-01, 1.54623911e-01, 5.66912031e+00, 8.75393227e-02,
   1.15220658e-01},
 {-1.82932645e-01, 9.27848145e-02, 6.21502399e-01, 1.80359042e+00,
   1.69585317e-01,-5.62730171e-02,-1.54241472e-01, 9.45474243e+00,
   2.15133762e+00},
 {-3.72707769e-02, 1.57379493e-01,-2.43187165e+00,-2.43226552e+00,
   4.08963823e+00, 4.23207331e+00,-1.05571494e-01,-3.33107591e+00,
  -3.10150337e+00},
 {-6.09911010e-02, 2.09042326e-01,-1.88337672e+00,-4.25428104e+00,
  -6.18663311e+00,-5.35781765e+00, 5.78046292e-02, 3.65678406e+00,
   3.94586325e+00},
 { 2.24890336e-01, 2.42160273e+00, 6.90892100e-01, 1.68713070e-02,
   8.24480783e-03, 2.21658051e-02,-2.77532315e+00,-4.21433598e-02,
  -8.13845545e-03},
 {-8.00632834e-02, 1.69436127e-01, 8.66751575e+00,-2.71796155e+00,
   7.98694134e-01, 2.71079683e+00,-1.96710542e-01, 2.91467881e+00,
  -2.98709893e+00},
 {-4.40994203e-02,-1.84588842e-02, 3.33716011e+00, 3.63317752e+00,
  -1.16388309e+00, 1.18811406e-01,-8.92611668e-02, 2.82818222e+00,
  -4.29843473e+00},
 {-8.70225132e-02, 2.00470909e-02, 4.43009281e+00, 3.90699553e+00,
   4.66118097e+00,-8.17288935e-01, 4.52913344e-02,-7.94012165e+00,
   4.87091303e+00},
 {-1.72045156e-02,-1.85692031e-02, 3.04117942e+00,-2.32333350e+00,
  -9.74182129e-01,-6.08016193e-01,-1.35833696e-02, 3.82266951e+00,
  -4.81610727e+00},
 { 2.72271442e+00, 5.13595724e+00, 3.79731894e+00,-1.49191678e-01,
   9.39777344e-02,-2.27678660e-02,-5.74944830e+00,-4.62915935e-02,
  -9.91769508e-02},
 { 2.62591988e-02,-1.60816777e-02,-9.00450796e-02,-1.87589288e+00,
   2.12049770e+00, 3.27270806e-01, 3.17636952e-02,-3.14899492e+00,
   6.54625194e-03},
 { 1.51705968e+00,-2.94190907e+00,-9.45267618e-01, 7.64193526e-03,
  -5.68365753e-02, 1.24131091e-01, 3.54472017e+00, 4.73828539e-02,
  -5.50366892e-03},
 { 2.04738192e-02,-2.58172210e-02, 2.48375371e-01, 4.25431585e+00,
  -2.63588858e+00,-2.25171968e-01, 5.64912036e-02, 6.09310532e+00,
   1.31412864e-01},
 {-2.85951849e-02,-7.48578645e-03, 1.10091889e+00,-2.22899631e-01,
   2.06731701e+00, 5.43816984e-01, 9.34557170e-02,-8.04364395e+00,
   4.16041493e-01},
 { 4.23552036e+00, 5.53262377e+00,-7.91617453e-01,-6.30349200e-03,
   2.23732460e-02, 7.19988421e-02, 1.53992617e+00,-3.48404981e-02,
  -3.51179019e-02},
 {-1.08420044e-01, 8.59291404e-02, 5.01017523e+00, 4.09995651e+00,
   5.40451646e-01,-4.90835488e-01,-3.44783030e-02,-8.18991244e-01,
  -4.68313265e+00},
 {-1.36765139e-02,-8.84053856e-03, 1.51257396e-01, 6.71098900e+00,
   1.87477827e+00,-3.04992580e+00,-2.82250624e-02, 1.69553490e+01,
  -2.67540701e-02},
 {-1.64230779e-01,-9.44173709e-02,-5.99537373e+00, 2.64628053e+00,
  -5.07625675e+00, 4.08569336e+00, 8.68189335e-03, 5.52218008e+00,
   5.07377195e+00},
 {-1.07627593e-01, 1.41311837e-02, 5.43105698e+00, 2.68438435e+00,
  -1.97606027e+00, 2.36364341e+00, 5.87198995e-02, 2.71122980e+00,
  -3.90076900e+00},
 { 4.88589481e-02, 3.19791473e-02,-3.34940109e+01, 6.51497860e-03,
  -3.08273677e-02,-6.60447180e-02,-7.25551769e-02,-4.67420928e-02,
  -1.79326758e-02},
 { 1.57287323e+00, 1.32653737e+00,-3.30668473e+00, 1.28994731e-03,
   9.66222957e-02, 4.10031453e-02, 2.57318330e+00,-5.48972972e-02,
   1.22466413e-02},
 {-1.49026561e+00, 8.63712966e-01, 3.40087199e+00,-5.54980673e-02,
  -6.95017427e-02,-3.64846997e-02,-4.46871567e+00, 1.00461647e-01,
   5.68043580e-03},
 {-1.15630990e-02,-2.36462671e-02,-1.05346298e+00, 3.80790472e-01,
   1.15919210e-01, 9.59730968e-02,-2.45782230e-02, 1.63230300e+00,
  -1.36182010e+00},
 { 3.10250442e-03, 1.40191102e-02,-2.30657244e+00, 2.90710807e-01,
  -1.23989439e+00, 7.40368247e-01,-5.91686182e-02,-1.01570940e+01,
   2.48168683e+00},
 {-1.19086042e-01,-8.76149759e-02,-2.00891519e+00,-2.43669200e+00,
  -6.19204330e+00, 1.39878833e+00,-1.75363541e-01,-1.12950850e+00,
  -2.80854893e+00},
 { 3.33371353e+00,-2.05428576e+00, 2.11462870e-01,-3.02939385e-01,
   8.91918093e-02, 3.55928749e-01, 6.95835733e+00,-4.22673166e-01,
  -2.67457515e-01},
 {-5.64945377e-02,-4.36671712e-02, 7.82571852e-01, 2.01963258e+00,
  -2.21010995e+00, 5.53423703e-01, 1.76389609e-02, 4.64627218e+00,
   3.98609567e+00},
 {-4.62368801e-02, 5.92541434e-02, 3.00582933e+00,-1.37908077e+00,
   5.64441741e-01,-2.06051707e-01,-7.06955865e-02,-2.54257464e+00,
   2.60095906e+00},
 {-2.32944155e+00, 6.53547812e+00, 3.12929368e+00, 7.10751256e-03,
  -2.30979435e-02, 1.07949004e-02,-7.39531136e+00, 7.90280253e-02,
   6.15906306e-02},
 { 1.89716462e-02, 6.94202036e-02,-1.17367005e+00, 1.72825110e+00,
   2.95239782e+00,-7.21077621e-01,-7.22855181e-02, 1.03667841e+01,
   3.63917172e-01},
 { 2.79563808e+00,-1.80317068e+00, 5.32307053e+00,-1.40303403e-01,
  -1.70182928e-01,-1.30739257e-01,-8.42627144e+00, 1.09014459e-01,
  -1.61609471e-01},
 {-2.71232123e-03, 3.91003396e-03,-5.26217878e-01, 1.83481944e+00,
  -3.55856729e+00, 4.48197722e-01,-3.55666876e-02, 1.40991211e+00,
  -1.01614565e-01},
 {-7.64748693e-01, 3.82285857e+00, 1.72974563e+00, 2.73573212e-02,
   3.00559960e-02, 7.39455223e-02,-3.03559852e+00,-4.44062389e-02,
  -4.08380367e-02},
 { 2.30573821e+00, 3.52158952e+00, 1.56225121e+00,-5.20294085e-02,
  -3.83203812e-02,-4.63720970e-02,-5.07250690e+00, 3.06767598e-02,
   1.55309150e-02},
 {-3.55037339e-02, 8.26346967e-03,-2.89946616e-01,-3.29278326e+00,
  -3.56871486e+00,-4.37226892e-01, 4.88858297e-03, 8.42140007e+00,
  -4.85319421e-02},
 { 2.05703020e+00,-1.43828571e+00, 4.10314035e+00, 1.43118513e+00,
   8.85719001e-01, 2.37820163e-01,-7.01136541e+00,-1.65375829e+00,
  -2.07259345e+00},
 {-2.34824531e-02,-2.22708401e-03, 5.31024694e-01, 6.03651428e+00,
   2.42321110e+00,-4.15467501e-01, 1.66462343e-02, 1.69016399e+01,
  -1.18992187e-01},
 { 3.84623021e-01,-3.06111544e-01, 8.79317570e+00,-4.57799621e-02,
   1.34718907e-03, 3.26222926e-01, 1.02165818e-01, 1.71142090e-02,
   8.22362974e-02},
 {-8.01204517e-02,-2.74907276e-02, 2.45721102e+00, 1.29088652e+00,
  -3.03806353e+00, 1.32829566e-02,-9.15906876e-02, 5.98182583e+00,
  -5.74427223e+00},
 {-5.09115809e-04,-2.76437998e-02,-5.02135134e+00, 4.61762953e+00,
   3.55951118e+00,-6.90796554e-01, 1.27608404e-02,-6.76024151e+00,
  -4.41956854e+00},
 { 7.81869574e-04, 6.02381071e-03, 2.64234352e+00, 2.84464478e+00,
  -1.92870975e+00,-8.36734295e-01,-4.09824448e-03, 1.69649303e+00,
  -3.32438326e+00},
 {-8.33898112e-02,-1.20367557e-02,-3.28011274e+00, 3.06586814e+00,
  -2.25958705e+00, 7.91743696e-01,-3.36070731e-02, 2.25110388e+00,
  -4.35015202e+00},
 { 2.34873779e-03, 1.22623174e-02,-8.54550064e-01, 2.44229455e-02,
   5.83107993e-02,-5.34517622e+00,-4.83499169e-02, 9.58523005e-02,
  -5.15584871e-02},
 { 3.68744874e+00, 8.17064524e-01, 3.14668685e-01, 3.76023464e-02,
   5.93290245e-03,-1.15094684e-01, 8.60962582e+00,-1.99917983e-02,
   3.99778485e-02},
 {-1.60762906e+00, 1.24400187e+00,-2.35643983e+00,-1.61413718e-02,
   2.30022371e-02, 1.76475085e-02, 3.62300324e+00,-3.60288806e-02,
   5.04138996e-04},
 { 1.14806063e-01,-8.66383538e-02,-1.26171136e+00, 3.77127910e+00,
   6.16005230e+00, 1.27801216e+00, 3.82509343e-02,-8.85789967e+00,
  -4.35832739e+00},
 { 3.51117420e+00,-1.92674160e+00,-4.67257357e+00, 1.21993124e-02,
   5.50462939e-02, 7.42853060e-02, 9.39139748e+00,-1.04141697e-01,
  -4.17080745e-02},
 { 2.19848636e-03,-5.06718876e-03, 7.37798810e-01, 4.27714729e+00,
  -6.23177290e+00, 1.67989051e+00, 2.58800965e-02, 9.84626865e+00,
   1.50856778e-01},
 { 2.87588369e-02,-9.14238542e-02, 7.70158243e+00, 9.99332666e-01,
  -1.08791745e+00,-8.32990766e-01, 7.31709972e-02, 4.42458057e+00,
   1.62274027e+00},
 {-7.27219414e-03, 4.56935354e-03,-1.26313835e-01, 4.21676159e+00,
   6.51215136e-01, 2.91722775e-01,-2.34900024e-02,-1.06017132e+01,
   2.75428414e-01},
 { 5.73553419e+00, 1.59535691e-01, 4.53637028e+00, 5.70616424e-02,
  -3.99814099e-02,-8.74778181e-02,-7.31216812e+00, 1.50740877e-01,
   1.41512886e-01},
 { 2.61055175e-02,-1.53445387e-02, 1.91820890e-01, 5.45773315e+00,
  -6.86917603e-01,-5.40096045e-01, 2.51610372e-02, 1.33956490e+01,
   1.59413978e-01},
 { 3.57540751e+00,-1.71042585e+00, 1.57799053e+00, 6.41225129e-02,
   5.00853769e-02,-4.47480418e-02,-9.86050892e+00,-8.85652378e-02,
   3.34492065e-02},
 { 3.95059437e-02,-4.60548066e-02,-6.85819674e+00,-4.41206619e-03,
  -1.29868817e-02, 7.50176981e-02, 1.97880700e-01, 1.97300222e-02,
  -6.55816123e-02},
 { 3.30912304e+00, 3.46419096e+00, 3.41883135e+00, 1.21500306e-02,
   1.38122924e-02,-4.22404408e-02,-9.17964745e+00,-2.74214428e-02,
  -1.99343748e-02},
 { 3.85478854e+00,-6.03835806e-02,-1.29401398e+01,-1.01710279e-02,
   1.07268514e-02,-2.84779482e-02,-6.85762167e+00,-9.45243705e-03,
  -1.00168241e-02},
 { 3.66086030e+00,-2.54587054e+00, 2.41643810e+00, 1.61847111e-03,
   2.27399897e-02, 1.61818005e-02,-1.19380703e+01,-1.13898395e-02,
  -3.41499411e-02},
 { 3.35463248e-02,-1.14983851e-02,-4.91646737e-01,-9.74200606e-01,
  -6.38059950e+00, 3.48073363e-01,-2.66278107e-02, 5.60490179e+00,
  -5.63792661e-02},
 {-1.87113762e-01,-1.26322433e-01,-4.82860184e+00, 2.07438540e+00,
  -1.09231162e+00, 1.74805689e+00,-8.13358575e-02,-5.71433687e+00,
   2.97367048e+00},
 {-2.08339071e+00,-2.04818439e+00,-6.64041233e+00, 4.31319699e-02,
   5.55259772e-02, 1.41619161e-01, 6.35051775e+00,-1.82115525e-01,
  -7.13678673e-02},
 {-2.19522230e-02, 3.58239301e-02, 3.92715871e-01, 1.19508767e+00,
  -9.72634983e+00,-1.14535511e+00, 1.78882608e-03, 6.59329224e+00,
  -1.11105360e-01},
 {-9.45332050e-02,-3.12437899e-02,-4.06794727e-01, 3.90926576e+00,
   6.48755646e+00,-4.60119057e+00,-5.14094941e-02,-3.56288290e+00,
   1.78895503e-01},
 {-3.98718789e-02,-6.65953755e-02, 9.73355961e+00,-3.04860234e+00,
  -2.92560887e+00,-2.09150767e+00, 1.59139499e-01, 1.65807462e+00,
   4.00932789e+00},
 {-7.89838284e-02, 2.50778925e-02,-1.84781027e+00, 9.19065177e-01,
   1.58381224e+00,-4.06752586e-01,-1.32928133e-01, 1.02528725e+01,
  -2.29402041e+00},
 { 1.18816718e-02, 2.11251844e-02,-4.53155130e-01, 3.25294685e+00,
   6.01562500e+00, 1.36819959e+00,-5.06997630e-02, 1.49601769e+00,
   4.40553539e-02},
 {-3.78055945e-02, 4.69239429e-02,-6.01348734e+00,-4.06568336e+00,
   2.36590672e+00, 6.54161692e-01,-7.50776306e-02, 4.59686708e+00,
  -5.96616602e+00},
 { 2.11010742e+00, 2.18798614e+00,-6.73369789e+00,-7.28001446e-02,
  -1.55994400e-01, 1.37577429e-01,-5.61098194e+00,-1.46534285e-02,
  -7.38601089e-02},
 {-1.98030639e-02,-6.14627125e-03, 9.42417431e+00,-1.17682840e-03,
   2.83953454e-03, 1.11774271e-02, 1.24341445e-02, 1.37157654e-02,
   3.14324489e-03},
 {-5.12981176e-01,-1.43067682e+00, 1.75463188e+00, 2.26242724e-03,
   5.93679473e-02, 2.01056242e-01,-2.66802216e+00,-3.10356431e-02,
  -7.69569678e-03},
 {-3.03217843e-02, 5.69951208e-03,-8.63954067e-01, 2.05318379e+00,
  -4.85069656e+00, 2.26634189e-01, 2.05958690e-02,-9.59793854e+00,
  -3.90344292e-01},
 {-2.41121445e-02,-1.39470147e-02, 2.03025386e-01,-1.30974209e+00,
   1.73470631e-01,-2.28412199e+00,-4.13578898e-02, 3.13034630e+00,
   3.37595679e-03},
 {-3.72105744e-03, 2.93892412e-03,-2.39417717e-01,-2.74182844e+00,
  -1.56392789e+00,-7.84012556e-01,-1.70248263e-02, 2.94061160e+00,
  -2.51665022e-02}};

const float b1[sz_hid_1] = { -0.96552604, -9.767111  , -3.3401423 , -1.2067028 , -0.8172625 ,
   0.14835888, -0.8138028 , -7.3233247 , -5.466654  , -2.1577249 ,
  -2.6957703 , -5.880272  , -8.693846  , -5.8520374 , -3.9536195 ,
  -8.70727   , -0.988623  , -5.9812937 , -5.720151  ,-10.794691  ,
  -5.339718  , -7.9410195 , -1.3223165 , -3.817797  , -7.1500316 ,
  -7.2323165 , -2.360802  , -4.1714506 , -1.3565903 , -1.8994011 ,
  -1.1909275 , -7.0856104 , -1.332212  , -5.3661127 , -1.1973356 ,
  -9.0128    ,-10.759117  , -3.4325962 , -1.7748028 , -4.3692765 ,
  -3.2469966 , -5.2334204 ,  2.7372723 , -6.7662644 , -5.819234  ,
  -8.504936  , -9.663727  , -7.3551965 , -8.702417  , -9.035222  ,
 -12.456034  , -4.854273  , -5.2301626 , -5.259282  , -3.516947  ,
  -0.7896191 , -6.5871916 , -7.715971  , -5.5396643 , -8.959737  ,
  -0.45992634, -7.3571687 , -3.609865  , -5.8269773 , -4.426133  ,
  -7.316837  , -1.1259131 ,  0.72287494, -0.95011204, -5.840128  ,
  -6.83144   , -5.869583  , -8.588791  , -9.773657  , -4.9749455 ,
   0.773729  , -0.5692269 , -2.593393  , -0.11657379,-10.000402  ,
  -8.788825  , -6.527256  , -3.4180002 , -2.3880453 , -7.2722898 ,
  -9.210264  , -6.652331  , -0.21897385, -3.3709874 , -3.1428597 ,
  -7.386905  , -7.9816303 , -9.8826885 , -1.9620214 , -4.8840623 ,
  -5.2633276 , -2.183876  , -3.082395  ,  0.6240402 , -4.8519588 ,
  -2.442487  , -9.336829  , -4.2568073 , -5.52591   , -2.4239357 ,
  -5.4177237 , -6.527118  , -7.021286  , -6.7688613 , -0.3136926 ,
  -1.3517956 , -3.4250169 , -7.99202   , -3.0944464 , -7.936137  ,
  -6.6896253 , -5.5459642 , -7.2079706 , -7.1332874 , -9.4001665 ,
  -4.2029552 , -9.40475   , -6.6353974 , -0.20449018,  0.5884679 ,
 -10.0954685 , -1.2628542 , -0.9453108 };

const float w2[sz_hid_2][sz_hid_1] = {{-3.25674385e-01,-1.13868845e+00,-1.95265782e+00, 5.60206056e-01,
   5.38075492e-02, 2.51011163e-01,-6.98983955e+00, 3.89713161e-02,
   1.02705434e-01,-3.15973034e+01,-3.79928637e+00, 1.10841680e+00,
  -6.94208503e-01, 5.94980001e+00, 1.75113201e+00,-5.06628609e+00,
   2.60296702e-01, 3.46321285e-01,-1.94206667e+00, 1.07349646e+00,
   8.36294651e+00, 6.18573166e-02,-2.62534708e-01,-3.93023682e+00,
  -5.24827719e-01, 3.19617301e-01,-6.20588809e-02,-1.94896489e-01,
  -1.52978271e-01,-2.95709825e+00,-3.74365836e-01,-9.34709236e-02,
  -3.63168120e+00,-3.97729588e+00, 3.98893766e-02,-6.55984592e+00,
   1.89822376e-01,-1.34900689e-01, 6.74404740e-01,-1.71431527e-01,
  -3.79536813e-03,-7.32216024e+00, 3.61303873e-02,-2.05425396e+01,
  -2.65836692e+00,-3.68658352e+00,-1.31243849e+01, 3.96840048e+00,
  -4.02702659e-01,-3.32216668e+00,-4.37454185e+01, 2.83504486e-01,
  -1.20541312e-01,-3.54193449e-02, 7.27660298e-01, 1.75817204e+00,
   3.98233324e-01,-1.81667507e+00,-7.11489797e-01, 1.43588200e+01,
   7.58727118e-02, 2.35845065e+00,-1.80700552e+00, 1.80643749e+00,
   1.68450677e+00,-2.33732924e-01, 3.22785640e+00,-7.10400939e-02,
  -2.60656691e+00,-5.27239571e+01, 3.02853156e-02,-1.87738299e+00,
  -5.31066561e+00, 2.17549825e+00, 1.88256666e-01, 7.43697286e-02,
  -4.54885140e-02, 1.80460468e-01, 4.25332993e-01,-1.81065559e+01,
  -9.03814030e+00,-6.81843042e-01, 8.19028080e-01,-6.99507475e-01,
  -3.27636041e-02, 1.05894604e+01,-4.69555795e-01,-1.96773458e+00,
  -6.88287243e-02,-1.64178118e-01,-1.20490303e+01, 4.28243220e-01,
  -1.92288899e+00,-7.53135264e-01,-2.87350774e-01, 1.89627802e+00,
  -2.09772468e+00, 1.23212206e+00, 9.05082583e-01,-1.23888977e-01,
  -1.28171623e-01,-5.91258163e+01, 2.79140115e-01, 3.19225073e-01,
   6.72970057e-01,-7.76073647e+00,-2.48720899e-01, 1.24313517e+01,
  -8.30615044e-01, 5.92426717e-01,-5.03689237e-02, 8.53658468e-02,
   1.33819118e-01,-4.51174307e+00,-1.57758036e+01,-2.51935492e-03,
  -5.44221997e-01,-1.12921786e+00,-3.26397562e+00, 1.34734869e+00,
   5.61668910e-02,-2.01735210e+00,-8.87947798e-01,-3.75043303e-01,
  -3.02845031e-01,-2.50445175e+01,-2.06255689e-02, 7.84961641e-01},
 {-3.72959805e+00, 7.94745237e-02, 3.37843060e-01, 1.78355336e-01,
  -6.98369884e+00,-2.89294100e+00,-1.71906818e-02, 4.02769947e+00,
   1.10334849e+00,-1.97778404e-01,-5.16519025e-02,-8.48875195e-02,
   2.31928214e-01,-3.46832305e-01, 1.60689223e+00,-6.63846827e+00,
  -1.39070272e+00,-8.80828381e+00, 6.70780122e-01,-1.75163835e-01,
  -1.37061207e-02, 1.35556602e+01, 5.41679525e+00, 1.67383432e-01,
  -2.32514352e-01,-1.09409008e+01,-4.02738780e-01,-1.08625288e+01,
   2.08469667e-02, 4.31178175e-02,-1.75290167e-01,-1.43240541e-01,
   1.98024884e-01, 5.36735952e-01,-6.50057745e+00,-1.64047137e-01,
  -4.69806862e+00,-6.87377882e+00,-1.63602293e+00, 8.62837982e+00,
  -3.98000693e+00,-3.87268490e-04, 4.55557108e-02, 2.65544623e-01,
  -8.60982955e-01,-1.58558965e-01,-1.13711822e+00,-1.25941908e+00,
   6.37304497e+00,-1.31438389e-01, 2.97636330e-01,-5.26883185e-01,
   5.12136650e+00,-4.69831347e-01,-4.76572245e-01,-1.29513904e-01,
  -1.25121088e+01,-2.92008328e+00, 5.24659693e-01, 5.60367525e-01,
  -1.49747372e+00,-1.71873271e-01,-2.28682891e-01,-5.09179533e-01,
  -2.68548578e-01, 4.11671495e+00, 2.27146626e-01, 5.43530083e+00,
   8.51764232e-02,-1.31894862e-02, 6.45583391e-01, 4.33089249e-02,
   9.72791016e-02, 1.50133604e-02,-1.53081620e+00,-1.91533720e+00,
   5.23069620e-01,-3.08926404e-01,-1.71084493e-01, 3.97490001e+00,
   1.34677374e+00, 5.23118019e+00, 1.14423048e+00,-5.31063378e-01,
   3.96412992e+00,-6.90399885e-01,-5.65501022e+00,-2.46065944e-01,
   1.94920826e+00, 9.22132015e+00, 1.49465175e-02,-2.64869428e+00,
   5.36866020e-03,-5.22243023e-01,-1.21576047e+00, 2.24799126e-01,
   8.84302482e-02,-9.82251108e-01, 6.76392997e-03, 3.20267344e+00,
   4.41906643e+00, 7.13996887e-01,-1.33500938e+01, 5.89820981e-01,
  -4.40928102e-01,-8.66739675e-02, 6.01811647e+00, 8.09113324e-01,
   1.44076729e+01, 9.34010410e+00,-4.48473310e+00,-6.94189370e-01,
  -1.17465153e+01, 1.40558332e-01,-1.47066522e+00, 5.39451504e+00,
  -4.06121798e-02,-4.16590631e-01, 5.24353683e-01, 2.67396021e+00,
  -5.14301285e-02, 2.11263090e-01,-4.73249525e-01, 4.65476370e+00,
   7.65448332e+00,-3.58295768e-01, 5.44268526e-02, 9.33140814e-02},
 {-1.09680369e-01,-5.35331392e+00, 2.39858222e+00, 3.53795934e+00,
   2.82065201e+00, 3.16259193e+00, 9.21256423e-01,-8.76994312e-01,
  -7.24261045e-01,-1.08590566e-01, 1.02253950e+00,-4.09895563e+00,
  -2.90847349e+00, 1.15168428e+00, 3.73764515e+00,-2.77823061e-01,
   9.41186488e-01, 3.34241748e+00, 1.27096760e+00, 9.51001740e+00,
  -3.86797714e+00,-3.27150011e+00,-1.43486929e+00,-1.47766209e+00,
  -1.73253879e-01, 8.27192116e+00, 3.29037279e-01, 1.56310570e+00,
  -7.07289696e-01, 3.43033433e+00,-9.61729109e-01, 4.08437777e+00,
   1.39515924e+00,-1.71979675e+01,-6.56163096e-01, 5.46475744e+00,
   7.93028653e-01, 6.93912029e-01, 1.90467429e+00,-3.09232330e+00,
   6.99413478e-01, 2.82354975e+00, 6.90157115e-01,-6.42165565e+00,
  -4.24904966e+00, 8.43672037e-01,-1.47541821e+00,-1.69067752e+00,
  -5.17047024e+00,-3.82523322e+00,-4.52665138e+00,-9.77939367e-01,
  -1.68040240e+00,-3.40495133e+00,-1.36411870e+00,-4.27940786e-01,
   2.08790946e+00, 1.29864192e+00, 1.50528416e-01,-2.76444855e+01,
   7.79849440e-02, 2.68146485e-01,-9.55818462e+00,-9.47000206e-01,
   2.29491367e+01,-1.15953052e+00, 4.53481483e+00,-1.59621704e+00,
  -1.42015016e+00, 5.72008729e-01,-3.48040313e-01,-2.53749061e+00,
   1.97441351e+00, 3.51476192e+00,-1.23301010e+01,-1.35977641e-01,
  -6.45332336e-01, 2.43409589e-01,-1.11683092e+01,-2.90139890e+00,
  -2.07951117e+00, 1.81989014e+00, 7.60196924e-01,-5.19123197e-01,
  -1.54740012e+00,-4.81881571e+00,-1.98711920e+00,-3.73283267e-01,
  -9.80591476e-01,-3.75847816e+00,-1.97531147e+01, 5.11199188e+00,
  -2.35420966e+00, 3.48484683e+00,-1.35921371e+00, 2.53699869e-01,
  -2.81762743e+00,-3.84774828e+00, 7.67468989e-01,-2.04556417e+00,
  -2.35871434e+00,-1.16572750e+00, 4.01493597e+00,-1.67678809e+00,
  -7.12224603e-01, 2.01110864e+00,-4.40413570e+00, 1.70756400e+00,
  -6.09267473e+00, 3.56046581e+00, 1.83275616e+00, 5.97515523e-01,
   3.72735572e+00,-3.80931765e-01,-4.93436956e+00,-1.05228388e+00,
  -3.01944822e-01,-5.20560789e+00, 1.28057468e+00,-3.07933044e+01,
  -3.03672522e-01,-8.92687035e+00,-1.23400712e+00,-6.37044966e-01,
  -2.70548081e+00, 4.22698021e+00,-4.02199974e+01, 1.12199717e+01},
 {-2.95181334e-01,-2.80779934e+00,-2.57343435e+00,-1.93894470e+00,
  -1.75994009e-01, 3.74591887e-01, 2.30999255e+00, 4.70671356e-02,
  -5.57682753e-01,-1.47446901e-01,-7.61507320e+00, 2.91788268e+00,
   1.16214752e+01,-1.14880049e+00, 4.72646743e-01,-3.41714835e+00,
   2.24923477e-01,-1.57380596e-01,-8.16652679e+00, 3.77554846e+00,
   8.21722507e-01,-1.33803058e+00,-6.74964309e-01, 1.06848347e+00,
  -4.27025461e+00, 1.29472315e+00,-4.19736421e-03, 1.33815005e-01,
  -2.56075203e-01, 2.01181412e+00, 1.66112256e+00, 2.52080798e+00,
  -4.37574005e+00,-2.05558262e+01,-2.54922062e-01,-6.00485206e-01,
  -4.30431455e-01, 1.43968090e-01, 1.77787557e-01,-4.56172228e-02,
  -6.83464156e-03,-4.08222675e+00, 1.53251469e+00, 1.83838761e+00,
  -1.91593146e+00,-7.95882881e-01, 1.72296393e+00,-1.86425149e+00,
  -3.45104218e-01, 2.37248087e+00, 8.73846436e+00, 4.50712949e-01,
   1.83761045e-01, 2.17278695e+00, 1.65084779e-01, 9.15118337e-01,
   4.02711213e-01,-1.35024536e+00,-1.30200660e+00,-1.02113175e+00,
   6.07951321e-02, 6.01923084e+00, 2.34708810e+00,-2.71691608e+00,
   2.15307641e+00, 7.11419046e-01, 8.08948874e-02, 2.83935755e-01,
  -2.35858276e-01,-1.22277272e+00,-2.09356159e-01,-3.89760208e+01,
  -2.03927555e+01,-4.66125816e-01,-1.55453134e+00,-9.40495729e-02,
   2.14942664e-01, 7.75717050e-02, 2.09475780e+00, 4.89208364e+00,
  -2.54666030e-01, 6.16924524e-01, 1.13274419e+00,-1.90326965e+00,
  -1.41740680e-01, 1.02457190e+01, 2.99192667e-01, 1.81931332e-01,
  -2.05750950e-02,-2.75067717e-01, 8.74814749e-01,-4.85191631e+00,
  -4.07314348e+00, 5.29331684e-01,-1.91996431e+00,-1.21718705e+00,
  -1.94049060e+00, 1.35076892e+00, 2.87384176e+00,-3.95715326e-01,
  -9.09305066e-02,-6.73329496e+00,-3.70217085e-01, 2.05542371e-01,
   2.82370478e-01,-2.12442446e+00,-5.24518430e-01, 1.31203184e+01,
   5.26672482e-01, 7.76890993e-01,-1.26641884e-01, 8.54257122e-02,
   1.01377510e-01, 4.63497496e+00,-8.08153343e+00, 4.58453506e-01,
  -6.35115051e+00, 4.42088604e+00,-9.69423294e+00, 2.48905945e+00,
   1.09128113e+01,-2.37625289e+00,-4.14103389e-01,-5.11644781e-01,
   2.70454913e-01,-1.05464306e+01, 3.03840494e+00, 9.96567154e+00},
 { 3.28535796e-03,-1.12546270e-03,-2.52022501e-02,-8.54085460e-02,
  -1.06132487e-02,-4.17110771e-02,-5.17880768e-02,-7.88893700e-02,
  -6.66385740e-02,-7.36393705e-02,-1.15076385e-01,-1.23463813e-02,
  -9.51673388e-02, 2.78519075e-02,-1.33116081e-01,-3.96489538e-02,
  -5.17758727e-02, 1.08871227e-02,-8.12793374e-02,-3.82340737e-02,
  -1.87516063e-02, 4.86451387e-02, 2.35576672e-03,-7.28304759e-02,
   5.73566295e-02, 1.38108432e-02,-1.89770362e-03,-1.41198605e-01,
  -7.42452741e-02,-7.48166367e-02,-3.32332551e-02,-9.87780914e-02,
  -1.17593013e-01,-8.55565295e-02,-4.75234948e-02,-1.48923108e-02,
  -9.25735682e-02,-7.52470922e-03,-1.26654550e-01,-1.59730732e-01,
  -1.00961544e-01,-4.91089113e-02,-8.15700293e-02,-1.07114777e-01,
   4.65499200e-02, 1.25882654e-02, 2.15922878e-03, 9.30672139e-03,
  -6.16001152e-02,-9.04124901e-02,-6.59672767e-02,-4.03828546e-02,
  -1.32086307e-01,-1.18756019e-01,-3.84522453e-02,-1.90957766e-02,
   1.25654293e-02,-9.65256691e-02,-1.80044677e-02,-5.03677018e-02,
  -5.56853926e-03,-7.80120213e-03, 1.99467503e-02,-4.09631133e-02,
   6.74192831e-02,-8.11343826e-03,-6.60244673e-02, 1.49823707e-02,
  -9.74575132e-02, 1.01843076e-02, 2.34629996e-02,-2.77061015e-03,
  -9.80282500e-02,-6.92871585e-02,-3.61897610e-02,-2.48563234e-02,
  -6.76447973e-02, 1.51170101e-02, 2.57865805e-02,-4.95150387e-02,
  -4.24869508e-02,-2.78198235e-02,-7.65045686e-03,-9.66048315e-02,
  -4.40771393e-02,-1.41626760e-01,-5.03771380e-02,-5.03572710e-02,
   6.41420931e-02,-1.07032798e-01,-8.35948214e-02,-1.46361098e-01,
   7.35780923e-03,-5.20886667e-02,-4.92253862e-02,-8.63539129e-02,
  -9.59311277e-02,-1.10752717e-01,-5.75667992e-02,-1.35755036e-02,
   2.07357220e-02,-9.53249335e-02,-1.52186766e-01,-1.06767811e-01,
  -6.28568232e-02,-8.82327110e-02,-4.64683995e-02, 3.78289185e-02,
  -1.58200436e-03,-1.05820838e-02,-8.57617185e-02,-4.64395992e-02,
  -4.78347838e-02,-7.97490254e-02,-2.77431142e-02,-5.47914840e-02,
  -1.26234025e-01, 2.98724528e-02,-3.57807688e-02,-1.14872858e-01,
   5.32958210e-02,-6.51644990e-02, 1.24842515e-02, 1.06523801e-02,
  -3.26796658e-02,-2.89643202e-02,-5.70607446e-02, 1.69665888e-02},
 {-1.38955474e+00,-9.02206707e+00,-5.24034023e-01,-2.55110359e+00,
  -3.92416382e+00,-4.30818176e+00,-5.74891984e-01, 3.34116340e+00,
   2.67662144e+00, 1.02574480e+00,-4.36618185e+00, 3.15864801e+00,
  -1.58420467e+00,-3.99940825e+00,-1.27304573e+01,-4.31653166e+00,
  -2.26257873e+00,-5.00164461e+00,-1.20803332e+00, 4.59536457e+00,
   2.55242562e+00, 1.28500681e+01, 2.94323921e+00,-8.34649754e+00,
   2.42928100e+00,-5.68817663e+00,-3.01453471e+00,-8.33458519e+00,
   2.52935708e-01, 3.69997311e+00,-1.51636267e+01,-1.41646605e+01,
   1.35821950e+00, 5.23472540e-02,-2.19688535e+00, 1.69138658e+00,
  -1.67421460e+00,-2.72991943e+00, 3.10162640e+00, 3.86861014e+00,
  -2.15431118e+00,-1.11391366e+00,-1.67048514e-01,-9.32322025e+00,
  -1.12344861e+00,-3.81520891e+00,-3.83862190e+01, 4.56973934e+00,
   3.56887627e+00,-1.40080814e+01,-1.61183243e+01,-3.39201808e+00,
   1.83485270e+00,-5.21131477e+01, 2.89573812e+00,-3.34169412e+00,
  -1.42763627e+00, 5.99648094e+00, 2.75256419e+00,-5.02571762e-01,
  -1.29231870e+00, 1.29810607e+00, 8.39463902e+00, 4.60502863e+00,
   7.68009043e+00, 3.36277246e+00, 6.90219879e-01, 1.80017400e+00,
   2.23909187e+00,-1.77699738e+01,-2.49479127e+00,-1.11959677e+01,
  -1.38698292e+00,-5.62239218e+00,-4.57086611e+00,-1.37454915e+00,
   2.29847074e+00,-4.31407541e-01, 3.48345470e+00,-8.66861534e+00,
  -8.98556995e+00,-4.34942961e-01,-2.30928376e-01, 8.61548424e+00,
   2.19473815e+00,-5.62235355e+00,-6.36202216e-01,-2.76136518e+00,
   1.46117747e+00, 5.34252548e+00,-1.46905708e+00,-5.16225100e+00,
  -3.95715714e+00, 2.06454563e+00, 2.84597063e+00,-3.52917409e+00,
  -6.09880924e+00,-6.71895027e-01,-1.82494533e+00, 6.40387774e-01,
   3.45083070e+00,-7.06768179e+00,-4.78362608e+00, 5.53835249e+00,
   2.10473204e+00, 7.33827829e-01, 7.32665348e+00, 1.05515504e+00,
   6.97878981e+00, 7.53917456e+00,-2.07867646e+00,-9.97821510e-01,
  -7.68766212e+00,-8.21838379e-01,-9.58188534e+00, 7.00976133e+00,
  -3.25586289e-01, 4.04796505e+00,-1.55172431e+00,-1.64220619e+01,
   2.60468745e+00,-2.67700052e+00,-6.35357714e+00, 2.05086970e+00,
   3.99267650e+00,-1.69693184e+01,-5.48484659e+00, 7.09311867e+00},
 { 6.24732876e+00, 1.26365566e+00,-4.23814058e-01,-4.22511053e+00,
   8.02286530e+00,-2.51426029e+01, 3.28392792e+00,-7.77276278e-01,
  -8.23745728e-01,-6.02092171e+00,-1.22794819e+00, 2.52353251e-01,
  -1.14865232e+00, 1.16037881e+00, 1.74857497e+00, 4.73659086e+00,
  -7.17721987e+00,-3.50789356e+00,-1.71460879e+00, 3.55881453e-01,
   1.16005531e-02, 5.85198212e+00,-3.25211835e+00,-2.97655916e+00,
   2.95125067e-01, 3.36483598e+00,-1.96995907e+01, 1.56215560e+00,
   2.22216201e+00, 9.14154232e-01,-5.66554844e-01, 6.52472973e+00,
   7.49232113e-01, 7.46869743e-01,-2.61744785e+00,-6.62384367e+00,
   2.43795943e+00, 1.46322384e+01,-1.04193554e+01, 4.01222134e+00,
   4.78184032e+00, 2.06024146e+00, 9.57061231e-01, 4.08520013e-01,
  -1.36548102e+00, 5.94184279e-01,-1.84287560e+00, 3.02460957e+00,
   2.67113686e+00,-1.05353260e+00, 6.15797234e+00, 5.02309263e-01,
   6.55312920e+00, 7.11438370e+00,-1.73563075e+00, 4.39718676e+00,
  -1.68058491e+01, 5.04769516e+00,-1.15279436e+00,-1.13378823e+00,
   8.22161794e-01,-4.65379715e+00, 6.84566915e-01,-3.00739813e+00,
   4.27017307e+00, 1.19892635e+01, 2.95026469e+00,-5.72091341e+00,
  -2.07276034e+00,-5.99471748e-01, 6.98397303e+00,-1.57763803e+00,
   2.42190719e-01,-4.62234926e+00, 2.62958026e+00, 2.09055975e-01,
   1.68885911e+00,-1.49678183e+01,-7.72202587e+00,-3.86160016e+00,
  -2.27526951e+00, 9.32845712e-01,-1.48273480e+00, 5.82468987e-01,
  -8.39255154e-01,-2.19433665e+00, 4.90664148e+00,-1.29274189e+00,
   1.82224216e+01, 1.15642729e+01, 5.96683860e-01,-3.06177092e+00,
   2.39872622e+00, 1.49956822e+00,-5.73934603e+00,-5.53509378e+00,
  -2.66976833e+00, 3.57625675e+00, 6.95071161e-01,-1.73269582e+00,
  -3.32833366e+01, 2.86650705e+00, 1.23863065e+00, 5.97361565e-01,
  -1.11709666e+00, 2.01092124e+00, 2.39124089e-01, 1.72541070e+00,
  -1.16729844e+00, 6.62389088e+00,-7.59411240e+00,-3.53888965e+00,
  -6.73208141e+00, 5.42523623e-01,-4.45795536e+00,-6.73280945e+01,
   1.71873677e+00, 4.23722982e-01,-5.13220453e+00, 1.42728612e-01,
  -1.41892970e+00, 2.72907925e+00,-1.55296278e+00, 2.72550893e+00,
   1.12206888e+00, 6.91721976e-01,-1.83278298e+00,-2.37778521e+00},
 { 1.01024270e+00,-2.32183132e+01, 7.27708995e-01, 1.14258385e+00,
  -5.16412795e-01,-5.14317155e-01, 3.29954624e+00, 1.18370950e-01,
  -4.20185775e-01,-2.18860343e-01, 2.28529382e+00,-5.30658770e+00,
  -5.61188364e+00, 1.34488034e+00,-1.02652693e+00,-1.74639404e+00,
  -8.85256380e-02,-8.90181899e-01,-1.12417772e-01, 5.27336216e+00,
  -2.49512219e+00, 1.54607391e+00,-3.07604345e-03,-6.22060180e-01,
  -2.06775382e-01,-1.88194144e+00,-1.45440370e-01,-8.97320449e-01,
   3.23894024e-01, 4.41533613e+00, 2.61872172e-01,-4.37512755e-01,
   2.45772099e+00, 9.32863712e+00,-1.20808147e-01, 1.04389393e+00,
   3.27562511e-01, 6.97195455e-02,-3.27758461e-01, 7.33978629e-01,
  -1.15540020e-01, 8.77053070e+00, 3.82115602e-01,-1.60238528e+00,
   8.27669501e-01, 6.10843599e-01,-2.35088015e+00, 1.61304510e+00,
   1.12932312e+00,-3.97565079e+00,-5.96024656e+00,-1.32791892e-01,
   4.19743955e-01,-1.37046933e+00,-1.41833436e+00,-2.77239752e+00,
   1.09555817e+00,-8.80470181e+00,-2.76288867e-01,-3.77528667e-02,
  -3.57552737e-01,-1.09004732e-02, 7.88144052e-01, 6.30309999e-01,
  -1.34503078e+01, 4.57906753e-01, 1.69382453e+00, 3.30717742e-01,
  -2.83113909e+00, 1.54288542e+00, 3.62962693e-01, 7.37101078e-01,
  -7.68498123e-01,-2.43735695e+00, 1.31879342e+00,-9.31193382e-02,
   2.14432865e-01, 6.86850026e-03, 2.36778736e-01,-5.65623951e+00,
   4.39541966e-01,-3.97895694e-01, 1.32712948e+00, 1.54471147e+00,
   3.66893142e-01, 1.61053772e+01, 3.45874339e-01,-4.18155479e+00,
   2.88775633e-03, 8.62642348e-01,-2.77194290e+01,-7.23960817e-01,
  -2.13148117e+00,-1.81460589e-01,-1.43713522e+00,-1.32024097e+00,
   1.04626846e+00,-4.95284230e-01, 4.20217901e-01, 3.02918375e-01,
   2.58788496e-01, 5.67353058e+00,-1.25865448e+00, 7.47723937e-01,
  -1.42953646e+00, 1.68997431e+00, 1.21242499e+00,-8.12283576e-01,
   6.90405518e-02,-8.19067657e-01,-3.87063593e-01, 8.84396583e-02,
  -3.59958708e-01,-3.16839862e+00, 6.54866314e+00, 4.62896675e-01,
   3.43013048e+00,-4.07379770e+00, 4.00829434e-01,-3.86506844e+00,
   1.61661968e-01,-1.57964287e+01, 1.23480454e-01, 8.88262868e-01,
   6.97747350e-01, 2.15182919e-02,-8.22595367e+01, 1.23308840e+01},
 { 4.35263723e-01,-1.35259795e+00,-4.32497883e+00, 6.81508899e-01,
   2.91755199e-01, 6.15941525e-01, 1.63472605e+00,-1.73711702e-02,
  -6.24679983e-01,-5.84719810e+01,-1.87756491e+00, 1.48621953e+00,
  -4.60967779e+00, 1.84103947e+01, 6.22699440e-01, 1.47380963e-01,
   2.98691243e-01, 2.83706784e-01,-2.12240553e+00, 1.36069250e+01,
   9.22608185e+00, 7.05276281e-02,-3.46614420e-01,-5.59547806e+00,
   1.28495550e+00, 4.13413316e-01, 1.78537488e-01,-3.01970184e-01,
  -1.77101418e-01, 6.20119691e-01,-4.17770177e-01,-4.66123810e+01,
  -4.02774668e+00, 4.07139868e-01, 1.90254688e-01,-3.22460151e+00,
  -1.55489728e-01,-1.06800810e-01, 4.26890314e-01,-3.15559685e-01,
   1.28092185e-01,-2.06686230e+01, 1.25006211e+00,-4.53563614e+01,
  -3.50413203e-01,-6.66890812e+00,-8.73860836e+00, 9.00525570e+00,
  -4.44770396e-01,-1.96969163e+00,-1.28175259e+01, 3.77919525e-01,
  -3.51987295e-02, 3.78201127e+00, 1.37222636e+00, 2.21228909e+00,
   1.97600925e+00,-1.22710919e+00, 7.06033558e-02,-5.82103491e+00,
  -2.16653675e-01, 2.02852599e-02,-1.36469889e+00, 1.82413638e+00,
   1.22147918e+00,-7.38811791e-02, 2.90107536e+01,-2.20490228e-02,
  -3.57064104e+00,-1.59044580e+01, 1.75740868e-01,-1.25245619e+00,
  -5.26656532e+00,-1.04864664e+01,-1.26157498e+00,-3.14997844e-02,
  -4.61017936e-02, 1.65365905e-01, 4.24206883e-01, 4.41797686e+00,
  -3.18782368e+01,-5.98516881e-01, 7.94603169e-01,-9.72822845e-01,
  -1.00940324e-01, 2.73849525e+01, 4.82282132e-01,-3.20690989e+00,
   1.11698896e-01,-4.14611489e-01, 1.55998433e+00, 1.01090109e+00,
  -4.96642399e+00,-1.69353619e-01, 1.02859056e+00, 1.34587348e+00,
  -2.72393370e+00, 2.27204275e+00, 2.08955240e+00, 8.37226510e-02,
  -2.08448395e-01, 1.28041830e+01,-4.05192338e-02, 2.36956906e+00,
   2.28276238e-01,-1.24854031e+01,-1.00864065e+00, 2.91216731e+00,
  -1.59935796e+00,-4.79303628e-01, 1.18402645e-01, 1.11908615e-01,
   2.37181664e-01, 1.50019741e+00,-5.35366631e+00, 4.10032645e-02,
  -2.44208574e+00,-3.47042580e+01,-1.51543021e+00,-5.65506101e-01,
   3.29534078e+00,-1.56699204e+00,-5.45318902e-01,-4.58389111e-02,
  -2.22580686e-01,-3.80252190e+01, 1.69054997e+00, 1.69722605e+00},
 {-3.49068850e-01,-3.44486922e-01,-1.34997442e-01, 6.05716482e-02,
  -5.58674186e-02,-3.72643024e-02, 4.72888887e-01, 8.59165937e-02,
   7.07915202e-02,-8.94338608e-01,-7.41503417e-01, 3.57019007e-01,
   9.92682219e-01,-2.74359792e-01, 1.67369723e-01, 5.66348359e-02,
  -5.84823973e-02,-3.84344943e-02,-1.48423746e-01, 3.20299768e+00,
   1.49452138e+00, 2.58588076e-01, 7.43042380e-02, 8.52138326e-02,
  -2.97200531e-02,-2.59838015e-01, 2.30887663e-02, 1.96836293e-02,
  -1.17359878e-02,-2.45884120e-01, 5.27217276e-02,-1.94029033e-01,
  -1.84180248e+00, 7.34361485e-02,-6.88891634e-02,-3.70565981e-01,
  -1.86854973e-01,-2.64355950e-02, 5.84835671e-02, 7.53282979e-02,
  -1.91090275e-02,-2.48701620e+00, 2.03583670e+00, 3.64675298e-02,
   5.03094137e-01,-1.30316007e+00, 3.72963637e-01,-7.98623413e-02,
   9.54395533e-02,-5.95107079e-01, 2.77548313e+00, 6.75475001e-02,
   4.67623547e-02,-2.23629594e-01, 1.06981784e-01, 1.72680110e-01,
  -2.25648060e-01,-4.05557454e-02,-1.50683403e-01, 1.77781790e-01,
  -6.81780949e-02, 7.70037249e-02,-2.61294216e-01, 1.18421473e-01,
   2.66897023e-01,-6.79861680e-02,-2.26708785e-01, 5.50490580e-02,
  -2.37255931e-01,-7.26885259e-01, 5.89289889e-03,-1.62850857e-01,
  -1.01125216e+00, 1.01043808e+00,-1.65178508e-01, 2.16652155e-02,
  -2.56844014e-02, 1.01090781e-02, 1.64186686e-01, 8.11547458e-01,
   6.95565436e-03, 4.75702196e-01,-4.98161875e-02, 2.00700723e-02,
   3.89429554e-02, 4.28852081e+00,-8.67461264e-02,-1.07113004e-01,
   8.17874372e-02, 1.32290527e-01, 7.13093758e-01,-1.81856915e-01,
  -8.36340129e-01, 3.44450091e-04, 1.08196363e-01, 2.26206437e-01,
  -1.69752538e-01, 1.03044562e-01,-2.75090933e-01, 6.63439929e-02,
   8.93822759e-02, 2.07385302e-01,-1.59084812e-01, 1.29379916e+00,
   1.52762026e-01,-1.01822138e+00, 2.69563496e-01, 2.20065331e+00,
  -5.47864139e-02,-7.97655284e-02,-4.31634896e-02,-2.31881198e-02,
  -1.02316983e-01, 5.56578517e-01,-9.96359348e-01, 1.02588005e-01,
  -1.33928430e+00, 2.36756492e+00,-4.06736284e-01, 1.64770827e-01,
   5.29344022e-01,-3.62380236e-01, 1.81304127e-01, 3.47741067e-01,
   2.14405823e-02,-5.66361770e-02,-3.10342044e-01, 7.75726676e-01},
 { 1.39039111e+00, 2.33317542e+00, 1.61692619e+00,-7.33261883e-01,
  -5.77625096e-01,-6.02030098e-01,-2.79796195e+00,-8.49099159e-02,
  -5.41696072e-01, 2.08224341e-01, 3.36868262e+00,-2.39718580e+00,
   3.50834703e+00, 4.24622583e+00,-7.22579479e-01,-1.63914223e+01,
  -2.05870226e-01,-8.93932521e-01, 2.14641070e+00,-9.69059467e+00,
  -9.26806641e+00, 8.87723267e-02,-3.11710924e-01, 4.10011530e+00,
  -1.11214168e-01,-6.27626538e-01,-7.45978296e-01, 1.91256255e-01,
   2.76670396e-01, 4.06690478e-01, 8.52143094e-02, 6.60449696e+00,
   1.55063808e+00, 5.22151470e-01, 6.24882281e-01, 9.39446259e+00,
  -4.71111983e-01, 3.05756833e-02,-4.48635817e-01, 5.43072343e-01,
  -7.30338991e-02, 4.01917458e+00, 4.57870781e-01,-1.72272813e+00,
   1.06127179e+00, 5.30590010e+00,-2.79987264e+00,-1.35902154e+00,
   7.14932680e-01, 3.60878778e+00, 1.75692272e+01, 7.16691792e-01,
   2.14224011e-01,-5.00140810e+00,-1.68607688e+00,-1.76705766e+00,
   5.71624702e-03, 2.76915312e-01, 3.13261104e+00,-1.99982309e+00,
   1.89793974e-01,-1.14010286e+00, 1.20155752e+00,-1.70527923e+00,
  -1.72021079e+00, 1.60665482e-01, 3.27387667e+00, 2.43008420e-01,
   4.35039997e+00, 2.95665026e+00,-6.11648634e-02, 1.44477129e+00,
   7.03574848e+00,-9.88106489e-01, 8.87309194e-01,-1.62575915e-01,
   1.44273806e-02,-1.71692193e-01,-1.04539192e+00, 1.01989021e+01,
   6.98097706e-01, 7.37520039e-01,-9.15415525e-01,-5.22669601e+00,
   1.34702504e-01,-2.18936787e+01, 5.64614356e-01, 4.12622356e+00,
   6.02995217e-01, 4.96040106e-01,-2.29877424e+00,-2.07659766e-01,
   3.36779833e+00,-1.30768359e-01,-7.82955468e-01,-1.17376554e+00,
   1.50581145e+00,-1.15758646e+00, 3.29698287e-02,-2.10868903e-02,
   3.47106129e-01,-9.31171703e+00,-6.76626503e-01,-6.34084272e+00,
  -1.00903356e+00, 1.31011162e+01, 8.72452557e-01,-1.28305082e+01,
   1.39123988e+00,-5.27050734e-01,-2.67805219e-01,-1.31832317e-01,
   1.20125905e-01,-2.66068316e+00, 1.34698057e+00, 2.26360425e-01,
  -2.10609531e+00, 4.80583286e+00,-2.35383645e-01,-6.16409123e-01,
  -2.19913745e+00, 2.17529058e+00, 5.09628415e-01, 1.35036334e-01,
   7.99478889e-01,-1.16844378e+01, 7.83732891e-01,-1.67699730e+00},
 { 1.16487503e-01,-3.47897201e-03, 4.71964312e+00, 1.02436543e+01,
  -9.82201457e-01,-8.76164913e+00, 1.64975941e+00, 2.33491108e-01,
   9.63978648e-01,-6.11854458e+00, 4.75755841e-01,-4.69265193e-01,
  -5.37849855e+00, 7.80927372e+00, 6.66743696e-01, 2.48148489e+00,
  -3.67629915e-01,-2.89650846e+00, 6.60999358e-01, 5.25782013e+00,
  -6.41013718e+00, 5.36560833e-01, 3.58543468e+00,-2.93595219e+00,
   1.47437036e+00,-8.81430626e+00,-5.50748205e+00,-1.43418908e+00,
   3.64786804e-01, 9.78239834e-01,-8.59280944e-01,-1.69257984e+01,
   9.10244346e-01,-1.71815243e+01, 1.67099690e+00, 6.80024147e-01,
  -4.93290758e+00,-4.84299946e+00,-2.07827568e-01, 4.54760504e+00,
  -4.92207193e+00, 4.97371817e+00,-1.83332324e-01,-1.32627153e+01,
   1.14517283e+00, 1.31240940e+00,-1.47416186e+00,-4.19006729e+00,
   6.37048388e+00, 3.14991295e-01,-4.39112434e+01,-8.76373100e+00,
   1.06331027e+00,-2.04760623e+00, 5.15670776e+00,-5.32083750e+00,
  -3.60507178e+00,-2.08414769e+00, 7.43218005e-01,-1.27378168e+01,
   2.04539108e+00,-3.27658224e+00, 3.63748461e-01,-1.29034102e+00,
  -3.45676756e+00, 5.97398376e+00, 6.29648542e+00, 5.83916306e-01,
   2.99720597e+00,-8.05690065e-02, 1.26004016e+00, 2.36173272e+00,
   2.92652130e+00, 1.22289467e+00,-4.00524557e-01,-2.80454516e-01,
   4.66983843e+00, 1.74741492e-01,-6.46192408e+00,-1.20828235e+00,
  -2.07257710e+01,-2.00979781e+00, 3.77598023e+00,-2.36320925e+00,
   2.31960011e+00,-2.38427877e+00, 8.18091571e-01, 2.42810369e+00,
   3.55251026e+00, 3.98825228e-01,-1.99398971e+00, 1.35815966e+00,
  -2.80222511e+00, 2.75625968e+00, 2.02088284e+00,-4.49346590e+00,
  -2.77026176e+00,-5.58725214e+00,-5.66968775e+00, 8.93383443e-01,
   9.37809849e+00, 9.82718563e+00,-5.28321600e+00,-2.70899630e+00,
  -3.44818878e+00, 6.84514332e+00, 3.19961929e+00,-2.02504849e+00,
   2.11053658e+00,-2.07799628e-01,-3.99222302e+00,-6.08095229e-01,
  -2.66163588e+00, 3.45370555e+00,-2.24429083e+00, 2.48174191e+00,
  -8.13721538e-01,-9.95165920e+00,-2.85359883e+00,-8.57893658e+00,
   1.75761163e+00, 2.81264573e-01, 3.71441317e+00,-1.90996170e+00,
   5.59364510e+00,-1.84562244e+01,-1.57567835e+00, 4.16647291e+00},
 { 6.88443601e-01,-3.35796952e+00,-4.25626850e+00,-3.28771442e-01,
   2.44627118e+00, 3.24025059e+00, 8.65714345e-03,-1.17713213e+00,
  -1.62634683e+00, 1.06949222e+00,-2.41163373e-02, 3.94001532e+00,
  -7.00024068e-01,-2.90258312e+00,-1.77316606e+00,-1.00916244e-01,
   1.02223730e+00, 2.35208821e+00,-3.82875353e-01,-1.38761401e+00,
   1.97380054e+00,-3.23165488e+00,-1.50069821e+00, 3.52636552e+00,
  -1.57038879e+00, 9.85762310e+00,-4.08036232e-01, 8.09841096e-01,
  -1.89891487e-01,-1.74256361e+00, 6.26372290e+00,-1.08739209e+00,
   7.10866332e-01, 1.17521271e-01,-2.49563670e+00, 2.33811045e+00,
   2.39715004e+00, 1.63587713e+00, 2.11308241e+00,-2.93731189e+00,
   1.02050614e+00, 1.78834414e+00,-1.67725936e-01, 3.17873287e+00,
   1.05836980e-01,-1.03091455e+00,-3.81765890e+00,-1.16147499e+01,
  -5.38139915e+00,-1.00338030e+00, 1.79331291e+00,-1.38923120e+01,
  -1.93354774e+00,-7.31758928e+00, 5.72646046e+00,-6.93691611e-01,
   1.74240220e+00, 2.77801514e-01,-1.60478783e+01, 5.56496829e-02,
  -3.66958976e-01,-1.25698595e+01,-6.74204290e-01,-1.53351998e+00,
  -6.15229464e+00,-8.08973193e-01,-1.27171826e+00,-1.41244447e+00,
  -5.16452551e-01,-3.28206873e+00,-2.34789983e-03,-2.04587281e-02,
  -2.18008804e+00,-8.00163651e+00,-9.83550131e-01, 1.30590394e-01,
   4.81883228e-01, 3.29368770e-01, 5.40768147e+00,-4.10065603e+00,
  -1.74970090e+00, 4.58331138e-01,-4.14527625e-01,-1.22198379e+00,
  -1.87591183e+00, 3.13870716e+00,-7.04945803e-01, 2.20170689e+00,
   7.09645867e-01,-3.71473718e+00, 1.30702305e+00, 4.40626860e-01,
   8.71255219e-01, 3.43219495e+00,-1.31561315e+00, 1.61324775e+00,
  -2.60057807e+00, 4.12789583e+00, 1.57067192e+00,-2.79627943e+00,
  -2.35062742e+00,-1.58383393e+00, 3.94548392e+00, 4.85874653e-01,
   1.01102138e+00,-1.24544132e+00,-2.63028526e+00,-5.85716367e-01,
  -7.22717237e+00, 8.86857137e-02, 1.84825397e+00, 1.35446787e-01,
   5.28611326e+00, 6.55431747e-01,-7.00014353e+00,-6.41487479e-01,
  -7.80930966e-02, 1.11766005e+00,-1.38589358e+00,-1.33440418e+01,
   7.41393209e-01,-2.86031413e+00, 4.87543434e-01, 4.72018301e-01,
  -1.87820828e+00,-2.24354815e+00,-1.49149179e+00,-1.05308652e+00},
 { 1.60626993e-02,-1.79197617e+01, 4.23849297e+00,-7.17891836e+00,
  -4.30382013e+00,-6.13608408e+00, 5.44081807e-01, 3.92162156e+00,
   2.79614949e+00,-2.18263268e+00,-9.77911353e-01,-3.63820767e+00,
   1.17596936e+00,-2.83351460e+01,-9.32674706e-01,-8.63934231e+00,
  -3.42635775e+00,-8.48945427e+00,-7.99177945e-01,-2.84487295e+00,
  -5.55072725e-01, 1.69715023e+01, 2.23484850e+00,-2.54938459e+00,
   4.86265945e+00,-7.73984671e+00,-6.62209749e+00,-7.57919312e+00,
   5.37301838e-01, 1.02850355e-01,-9.07833862e+00,-5.87318897e-01,
  -8.79993662e-02,-5.22381163e+00,-2.69571328e+00, 2.94859862e+00,
  -2.95238638e+00,-4.16256332e+00, 8.01250744e+00, 4.44125223e+00,
  -9.39693093e-01, 1.01982749e+00, 5.72040737e-01,-1.06386399e+00,
  -9.08325672e-01, 8.22729647e-01,-2.23074508e+00, 1.97946310e+00,
   4.65958977e+00,-1.82694745e+00, 9.70984876e-01,-1.36218882e+00,
   3.62181473e+00,-3.38772464e+00, 3.22207063e-01, 1.55472434e+00,
  -9.70115566e+00,-3.90968819e+01, 1.84713626e+00,-8.05420429e-02,
  -1.12104893e+00, 2.46897650e+00, 8.34600806e-01,-1.53607094e+00,
   1.46571195e+00, 5.32873201e+00, 3.24879336e+00, 2.01098895e+00,
  -2.32171416e+00,-2.17898697e-01,-5.87383986e-01, 3.05773401e+00,
   2.38853598e+00, 1.01722372e+00,-2.31780338e+00,-1.67393553e+00,
   4.56095076e+00,-1.24037993e+00, 5.81702995e+00,-5.08553791e+00,
   5.83348572e-01, 1.83855975e+00,-4.92199332e-01, 3.22125864e+00,
   1.13989365e+00,-6.05127764e+00,-8.31667304e-01,-1.35384047e+00,
   3.80589795e+00, 8.18931198e+00, 4.27895516e-01,-1.75211108e+00,
  -1.88092816e+00, 1.81056976e+00, 4.48374271e+00,-2.74167252e+00,
   4.37427807e+00, 4.86722618e-01, 8.48451853e-01, 5.79303801e-01,
   5.76366472e+00, 1.40150681e-01,-4.52623320e+00, 1.46348143e+00,
  -2.65784597e+00,-8.07636619e-01, 1.06835146e+01, 2.87379235e-01,
   6.82827854e+00, 9.57841039e-01,-2.44547987e+00,-1.04591870e+00,
  -7.26775551e+00, 1.49132180e+00,-8.05610752e+00, 4.49872160e+00,
  -5.12866139e-01, 1.37900722e+00, 2.96617031e+00,-9.15377712e+00,
  -2.19249153e+00,-2.14674711e+00,-1.84262204e+00, 2.95257187e+00,
   4.68770981e+00,-2.07361817e+00,-2.80125546e+00, 1.48071718e+00},
 { 6.09264560e-02,-1.75547349e+00, 6.11340666e+00, 1.19008827e+00,
  -1.35234725e-02, 8.28841496e+00, 6.12404227e-01,-8.70806351e-02,
  -6.23099148e-01,-4.85554457e+00,-2.50696254e+00,-5.03513336e+00,
   4.08807434e-02, 3.48608136e+00,-2.83661914e+00,-3.05371881e+00,
   1.01496124e+00, 3.29394269e+00,-1.67938888e+00, 9.21307373e+00,
   3.72833705e+00,-2.95416284e+00,-1.85413313e+00,-9.11006391e-01,
   5.83313847e+00, 6.61677408e+00, 1.19392576e+01, 3.21384645e+00,
  -8.61353338e-01,-3.57686460e-01,-1.83676124e+00, 4.66115665e+00,
  -3.97207320e-01, 2.88325381e+00,-1.21067679e+00,-2.04457035e+01,
  -1.93933272e+00, 2.23895144e+00, 6.48744726e+00,-3.69516253e+00,
   3.65617251e+00,-2.25850415e+00,-1.25126386e+00,-3.16351867e+00,
  -6.17299843e+00,-2.94903231e+00, 3.27788973e+00,-6.12224865e+00,
  -6.56736469e+00,-5.14723158e+00, 1.00420599e+01,-9.59250927e+00,
  -1.30913985e+00,-2.18635368e+00, 5.41970301e+00, 1.38833070e+00,
   4.89903688e+00,-1.27638733e+00,-5.99165010e+00,-6.82707834e+00,
  -3.96133631e-01, 3.83740377e+00,-2.60342598e-01, 1.89739048e+00,
   4.76877975e+00,-4.63132381e+00,-3.44948560e-01,-4.09317911e-01,
   9.34440792e-01, 9.48780477e-01, 9.81564343e-01,-1.58506527e+01,
  -4.76197863e+00,-1.10183153e+01, 5.39736211e-01, 4.68622297e-01,
  -4.99858618e+00, 5.04271924e-01,-1.21461189e+00,-9.07776356e+00,
  -1.00486732e+00, 5.02972269e+00,-5.65269232e+00, 9.40162563e+00,
  -1.87451804e+00, 1.24789114e+01,-4.47395515e+00,-3.08247900e+00,
  -4.96348524e+00,-2.70783663e+00, 3.29211545e+00,-1.91726649e+00,
  -5.84385574e-01, 2.02151728e+00,-2.04944825e+00,-3.06061983e+00,
   1.82410991e+00, 9.70639825e-01, 1.02473152e+00,-2.58303571e+00,
  -6.84625721e+00, 2.58156395e+00, 2.81302047e+00, 5.78690386e+00,
  -3.25270081e+00,-5.71974468e+00,-3.34002376e+00, 2.46193767e+00,
  -6.28384638e+00, 6.65414333e-01, 3.08123922e+00, 4.72603619e-01,
   1.81607533e+00, 2.38830233e+00,-4.09231111e-02,-1.79696774e+00,
  -2.52126789e+00, 1.23237169e+00,-9.06388402e-01,-6.13869953e+00,
   2.98132014e+00, 1.97054887e+00,-6.15167022e-01, 1.96451489e-02,
  -8.91434479e+00,-1.01100791e+00, 6.32440507e-01, 4.05023384e+00},
 {-1.49288820e-02,-2.17012739e+00,-8.14827204e-01,-7.02540651e-02,
  -2.16436601e+00,-2.20090818e+00, 6.15061522e-01, 9.99346316e-01,
  -1.42980322e-01,-6.22852898e+01,-1.55019760e+00,-4.11881256e+00,
  -3.07741714e+00, 4.65998793e+00, 2.79163504e+00,-2.16997004e+00,
  -1.09780014e-01,-2.78006649e+00,-8.55012655e-01,-1.72303581e+00,
   2.34119225e+00, 2.47532034e+00, 1.71529937e+00, 8.03861022e-01,
   8.15868258e-01,-5.74887609e+00, 4.89834547e-01,-8.28037083e-01,
   8.54077160e-01,-5.21174192e-01,-1.69600987e+00, 1.54810178e+00,
  -3.53864193e-01, 3.00520849e+00,-1.04709196e+00,-7.59606838e+00,
  -8.35990250e-01,-3.58790785e-01,-1.49719810e+00, 2.53865027e+00,
  -4.68914807e-01, 4.67105818e+00, 6.41621277e-02,-3.98434210e+00,
   1.54656839e+00, 1.00046217e-01,-5.71143568e-01,-2.21060658e+01,
   4.14656353e+00, 1.20120786e-01, 9.13300872e-01,-1.79029453e+00,
   1.60574377e+00,-5.66225767e+00, 3.68115544e+00, 3.09817851e-01,
  -4.03092718e+00,-1.92873535e+01, 3.13244152e+00,-2.93756151e+00,
   7.83035124e-04, 3.69548917e-01,-1.53423643e+00, 3.36908370e-01,
   2.85527635e+00, 1.20733202e+00, 2.29489250e+01, 9.53729331e-01,
   6.45905137e-01,-1.16379013e+01, 8.34883451e-01,-1.80822745e-01,
  -2.28693342e+00,-1.20569766e+00, 8.33054543e-01, 2.99547523e-01,
   1.19467936e-01,-5.53785414e-02, 1.31597412e+00, 1.13488531e+01,
  -1.68644848e+01, 1.27489686e+00,-1.44768274e+00,-2.45706916e-01,
   1.14114821e+00, 1.36328287e+01, 8.83180082e-01, 1.42285869e-01,
  -2.86527336e-01, 3.30749226e+00, 3.29824209e-01,-5.52737713e-01,
   6.70234323e-01,-1.18964267e+00,-8.00158620e-01,-3.26185703e+00,
  -3.35261559e+00,-1.37211108e+00, 1.11625993e+00, 9.14247274e-01,
   1.66424584e+00,-6.29399204e+00,-3.73509002e+00, 4.50008392e+00,
   1.13343370e+00, 1.17315531e+00, 3.30156970e+00,-2.17576289e+00,
   4.99060202e+00,-2.66877818e+00,-1.74291980e+00,-8.74825358e-01,
  -3.72594452e+00, 1.66105819e+00, 1.71275330e+00, 1.37318766e+00,
   1.05981565e+00, 2.41060704e-01, 9.47680593e-01,-2.51739264e+00,
   7.88505912e-01,-9.95690167e-01, 1.86462915e+00, 4.84701097e-01,
   2.02623701e+00,-4.16836548e+00,-1.12497258e+00, 2.48810625e+00},
 {-7.41710567e+00, 6.42011538e-02, 5.05060144e-03,-8.61563906e-02,
   4.61164713e+00, 6.12433863e+00, 4.27391902e-02,-2.34343743e+00,
  -6.45513582e+00, 4.94100116e-02,-4.53072637e-02,-1.22096799e-01,
  -3.88559438e-02,-1.98394805e-01,-3.13762724e-01, 9.08263028e-02,
   2.79523325e+00, 6.10718441e+00,-1.64129078e-01, 2.09821671e-01,
  -7.48762414e-02,-6.45148754e+00, 2.94009566e+00, 2.75590450e-01,
   1.59349263e-01, 8.52137566e+00, 1.12702966e+00, 4.50026798e+00,
  -2.85734320e+00, 9.95389223e-02, 2.30981216e-01, 8.82973522e-02,
   2.61895716e-01, 2.65751302e-01,-1.05958357e+01,-2.32346475e-01,
   1.81010449e+00, 1.40151167e+00, 1.24876404e+00,-6.27063084e+00,
   1.82749784e+00, 5.21666519e-02,-1.65711679e-02,-2.38555688e-02,
   7.25736380e-01, 1.71878487e-01, 3.37670028e-01, 5.39257944e-01,
  -8.21516705e+00, 6.26402581e-03, 5.80298118e-02, 9.63053554e-02,
  -3.25037932e+00, 7.66972378e-02, 4.56123166e-02, 1.03013538e-01,
   1.07559509e+01, 1.36074674e+00,-1.87847719e-01,-7.85398364e-01,
   1.32235277e+00,-4.98809397e-01, 7.66000077e-02, 1.20617747e-01,
   8.71406049e-02,-2.26505527e+01, 4.90179174e-02,-2.00683069e+00,
  -7.80249462e-02, 9.25753918e-03, 1.02529788e+00, 1.38960645e-01,
  -4.58115770e-04,-2.41717005e+00,-5.36966883e-02, 1.27021694e+00,
   4.32372332e-01,-1.91059142e-01, 9.81743783e-02,-1.41273677e+00,
  -1.06842734e-01, 3.85730815e+00,-3.93613994e-01, 1.53254019e-02,
  -2.40089655e+00, 1.10447240e+00,-4.05271244e+00, 8.39561448e-02,
  -3.12597394e+00,-4.35156059e+00,-2.04857692e-01, 1.84771395e+00,
  -4.61194851e-02, 8.78982258e+00, 1.44390389e-01,-1.99252635e-01,
   9.32187587e-02, 9.95273665e-02,-4.70085517e-02,-3.12663078e+00,
  -3.68073869e+00, 1.16844818e-01, 8.49643612e+00, 2.73311824e-01,
  -1.97460160e-01, 1.23508371e-01,-5.93046761e+00,-6.24340586e-02,
  -1.28283892e+01,-4.77863598e+00, 3.04791474e+00, 1.88799036e+00,
   5.96720123e+00, 8.89587551e-02, 3.61338186e+00,-3.00442481e+00,
  -9.98948961e-02,-6.63604727e-03,-3.52346152e-01,-4.08139557e-01,
  -6.90169558e-02,-6.46687001e-02, 1.09844124e+00, 7.57070637e+00,
  -2.98150015e+00,-5.64255118e-02, 3.80733446e-03,-1.17557310e-01},
 {-5.12032583e-02,-3.39225531e-02,-1.07447527e-01,-4.29235920e-02,
  -1.05025485e-01,-3.06393411e-02,-2.57048681e-02,-1.32294998e-01,
  -5.16114794e-02,-5.30812666e-02,-3.64322215e-02,-8.59146267e-02,
  -7.48478100e-02, 1.99761745e-02,-1.14615038e-01,-2.42794771e-02,
  -7.25316778e-02,-4.51892689e-02,-1.96264833e-02,-5.42165712e-02,
  -8.86773393e-02,-6.38031289e-02,-2.73993704e-02, 2.90241325e-03,
   1.59589555e-02,-3.96297239e-02, 1.79851223e-02,-8.35450292e-02,
   5.76496385e-02,-9.22186524e-02,-1.10695258e-01,-7.93399513e-02,
  -1.32407293e-01,-1.93476751e-02,-7.00303763e-02,-3.41933779e-02,
  -4.12963890e-02,-7.18369558e-02,-4.87105101e-02,-6.91945627e-02,
  -1.23773783e-01, 1.30239530e-02,-9.37783420e-02,-4.96283248e-02,
   2.61532106e-02,-2.63044052e-02,-8.48171860e-02,-9.03879926e-02,
  -7.56251216e-02,-5.24672167e-03,-3.67297903e-02, 1.05488366e-02,
  -5.46603799e-02,-3.17473188e-02,-1.42455935e-01,-4.33883145e-02,
  -6.81591928e-02,-6.71463460e-02,-2.73686182e-02, 4.62083519e-03,
  -1.59674153e-01,-2.06413702e-03, 6.15019277e-02,-6.59862347e-03,
   3.48604061e-02,-2.68607028e-02,-8.64916146e-02,-8.32440555e-02,
  -8.47204104e-02,-4.98080030e-02,-1.92757957e-02, 3.18077691e-02,
  -6.49976125e-03,-7.79155716e-02,-7.82230273e-02,-9.03239176e-02,
  -7.24442676e-02,-1.69654321e-02,-1.59238651e-02,-1.42154172e-01,
  -7.64822438e-02, 3.63210402e-03,-1.08971514e-01,-9.84636247e-02,
  -8.16159695e-02, 1.44048091e-02,-4.19168510e-02,-8.15013498e-02,
  -5.96809462e-02, 3.70761426e-03,-3.10109463e-02,-1.43962977e-02,
  -4.18120027e-02, 2.49278694e-02, 3.99270356e-02, 4.58677858e-03,
  -4.00415882e-02,-4.51680012e-02,-1.10183455e-01,-6.80514127e-02,
   5.09731881e-02,-7.77624026e-02,-1.02856234e-01,-1.18323900e-01,
  -1.14225158e-02,-1.27633065e-01,-9.32831913e-02,-5.21762995e-03,
  -1.12154298e-02, 3.47513868e-03, 5.96270431e-04,-7.51106218e-02,
  -8.09891671e-02,-1.19226940e-01,-9.73472074e-02,-1.83716640e-02,
  -7.10676089e-02, 2.79851202e-02,-6.44313097e-02,-7.54314959e-02,
   3.06686591e-02,-9.30978358e-02, 1.32631063e-02, 2.29593273e-03,
  -9.72427949e-02, 2.45789755e-02,-7.24589825e-02,-8.45390856e-02},
 { 1.03551388e+00,-4.80921459e+00, 1.29111922e+00, 8.06282043e+00,
   1.84291744e+00, 6.84134197e+00,-4.44582415e+00,-5.40569901e-01,
  -8.30670357e-01,-1.89815273e+01, 4.06472951e-01, 3.37236023e+00,
  -5.27312398e-01,-6.75582409e+00,-6.10600591e-01,-6.84421682e+00,
  -3.52034532e-02, 5.35088348e+00, 7.64287710e-01,-2.91773629e+00,
  -2.88271427e+00,-1.64271891e+00,-2.32895851e+00, 1.87268722e+00,
   5.72698593e+00, 1.50721626e+01, 1.09394236e+01, 4.45135403e+00,
   1.20247595e-01, 4.59944439e+00, 4.28455067e+00,-1.65188046e+01,
   2.29130840e+00,-5.44795656e+00,-3.62026542e-01,-2.39870882e+00,
   2.42805624e+00, 5.33872604e+00, 2.47832990e+00,-8.18182087e+00,
   5.91693258e+00, 5.86490250e+00,-1.69032121e+00,-6.98640168e-01,
   6.73388100e+00,-2.22907233e+00,-3.32892275e+00, 1.42293348e+01,
  -8.82751083e+00,-3.41175117e+01, 6.34809971e+00,-9.61565495e+00,
  -2.82078981e+00,-5.23052597e+00,-1.06347246e+01,-1.38616788e+00,
   5.72512197e+00, 2.89482570e+00,-1.03075848e+01, 2.91286373e+00,
  -7.04360187e-01,-3.60414720e+00,-4.34437656e+00,-2.79654074e+00,
  -1.08497772e+01,-1.64617240e+00, 1.97994864e+00,-1.86034858e+00,
  -5.32291412e+00,-8.58783245e+00, 1.65024340e+00, 2.02913165e+00,
  -1.70140421e+00,-5.90084076e+00, 1.02937450e+01,-1.28944173e-01,
  -4.43122292e+00,-5.47671378e-01,-8.50969970e-01, 1.87236042e+01,
  -4.91164589e+00, 2.32391143e+00,-4.29917145e+00, 5.37569809e+00,
  -3.49476433e+00, 2.82464256e+01,-6.66347408e+00,-6.36057377e+00,
  -2.89127517e+00,-5.35754681e+00,-9.47687626e+00, 1.03970420e+00,
  -7.50627398e-01,-1.05472112e+00, 2.09463549e+00, 1.39735532e+00,
   8.79999757e-01,-1.42060518e+00,-4.19609070e+00,-2.01664257e+00,
  -6.75741529e+00,-1.38423097e+00, 8.56773376e+00, 1.94130623e+00,
  -3.52685857e+00, 2.54019284e+00,-5.51016712e+00, 8.15951538e+00,
  -3.77613521e+00,-4.74582821e-01, 4.25032234e+00, 2.90486589e-02,
   1.25283957e+00, 9.71023738e-01,-1.34926605e+01,-4.25128031e+00,
   4.27786875e+00,-2.35445499e+00, 1.62478876e+00,-1.59465826e+00,
   1.11325848e+00,-1.01704130e+01,-1.96504429e-01, 5.46177089e-01,
  -1.03492498e+01,-3.85165310e+00,-3.70885253e+00, 1.02821980e+01},
 {-1.24885368e+00,-6.11018874e-02, 4.75838371e-02, 8.14923923e-03,
   1.24660480e+00,-2.00015176e-02,-5.53073660e-02,-1.38966107e+00,
   7.16203809e-01,-8.75951499e-02,-1.16678327e-02, 6.65653944e-02,
   1.99184895e-01,-3.84053558e-01, 6.14507675e-01,-4.33340740e+00,
  -2.53340473e+01,-2.24014587e+01,-9.88299120e-03,-1.98992622e+00,
  -3.93223703e-01,-1.04138112e+00, 4.66530609e+00,-2.00370622e+00,
   5.36516644e-02,-9.09612083e+00,-1.49802947e+00, 6.54785633e-01,
  -1.37166429e+00,-2.35239416e-01,-2.21183598e-01,-1.02642275e-01,
   4.34639513e-01, 2.89441735e-01,-8.57033432e-01, 4.88389330e-03,
  -1.12998441e-01, 1.52185655e+00, 3.62989865e-02, 2.59098744e+00,
  -2.53286570e-01,-4.56483662e-01,-6.71580853e-03,-4.23128039e-01,
  -3.50404572e+00,-5.03038883e-01,-1.35190055e-01,-1.01978505e+00,
   1.77458820e+01,-6.73115626e-02, 6.56517863e-01,-3.19300771e-01,
  -1.74526653e+01,-2.76282936e-01, 2.70997304e-02,-1.11096583e-01,
   4.62793493e+00,-3.39033914e+00, 5.55706859e-01,-1.42871228e-03,
  -4.54379654e+00,-3.34756231e+00,-9.33660641e-02,-1.81281224e-01,
   1.83299780e-01,-1.34460163e+00, 4.24134851e-01,-2.28029227e+00,
   3.33126664e-01, 2.00857833e-01, 8.10368824e+00,-4.10545826e-01,
   3.39156955e-01, 6.17830396e-01,-1.79764517e-02,-2.01664925e+00,
   8.90189052e-01, 1.34355917e+01, 8.10305923e-02, 2.40739775e+00,
   9.07786250e-01, 2.05791073e+01, 5.28732061e-01, 9.67796594e-02,
   6.22867632e+00,-1.54832900e+00, 5.99665821e-01, 2.97593951e-01,
  -8.24385738e+00,-2.13457870e+01, 4.20764029e-01,-1.85771484e+01,
   2.18655124e-01,-2.82138634e+00,-6.33332074e-01, 1.98126197e-01,
   3.04466691e-02,-3.72640163e-01,-1.14155300e-01,-2.92938976e+01,
   2.63952374e+00, 7.13025153e-01,-4.41873026e+00,-2.13041425e-01,
  -9.35549363e-02, 2.92532951e-01,-1.13235435e+01, 2.00779009e+00,
  -9.15991592e+00, 9.92645359e+00, 4.73881578e+00, 1.90376782e+00,
  -2.44713736e+00,-2.64532506e-01,-1.30011559e+00, 3.72742683e-01,
   8.90051425e-02,-1.83340639e-01,-4.53694701e-01, 7.06084907e-01,
  -2.81951465e-02,-4.98598032e-02,-1.72867131e+00, 6.20951748e+00,
  -2.26767921e+01, 3.18447411e-01,-2.34023333e-01, 2.73312211e-01},
 { 1.22071397e+00, 2.38746047e+00, 1.91919386e+00,-4.40987766e-01,
  -4.35046703e-01,-2.48264045e-01,-2.20503235e+00,-1.69897854e-01,
  -2.27467999e-01, 1.03623695e+01, 2.27256560e+00,-2.78261542e+00,
   2.93493676e+00, 8.73739338e+00,-5.74301004e-01, 2.30850625e+00,
  -9.07643512e-02,-5.53916097e-01, 3.51360083e+00,-8.01475048e-01,
  -6.63714838e+00, 1.92131490e-01,-6.38574436e-02, 3.86580133e+00,
  -7.21859217e-01,-8.14885497e-02,-6.87721193e-01, 5.78899324e-01,
  -6.44504884e-03, 5.83736002e-01,-4.89900410e-02,-3.20245838e+00,
   2.38955188e+00, 1.30120289e+00, 2.20848039e-01, 9.81677914e+00,
  -7.47581478e-03,-1.85291446e-03,-3.95822495e-01, 2.82351732e-01,
   1.97594374e-01, 7.81711197e+00,-2.34656549e+00,-6.25796938e+00,
   1.49624717e+00, 6.13670683e+00,-1.12335014e+01,-2.02089310e+00,
  -1.53953910e-01, 3.26782274e+00,-1.94993839e+01, 1.95806742e+00,
   2.66027808e-01,-2.68295145e+00,-2.43806314e+00, 1.21383421e-01,
  -9.06940401e-01, 3.02229673e-01,-2.02944264e-01,-2.19608858e-01,
  -1.82488814e-01,-6.37259293e+00, 1.46682799e+00,-3.03597116e+00,
  -1.81741583e+00, 1.31681633e+00,-2.77479887e+00, 3.31179559e-01,
   1.82639253e+00,-1.56161177e+00,-4.47456181e-01, 2.12611127e+00,
   3.01336026e+00,-1.24479389e+01, 2.21077800e+00,-1.90646961e-01,
   4.21030462e-01, 9.53313932e-02,-7.41941512e-01, 1.91498864e-02,
  -7.30647421e+00, 2.28169888e-01,-1.90701294e+00,-5.32650566e+00,
   9.33221206e-02,-1.93424034e+01, 9.84525144e-01, 2.78431582e+00,
   1.83388248e-01,-1.51792884e-01,-1.90594542e+00,-8.46326888e-01,
   1.72340870e+00,-3.46368968e-01,-1.62548625e+00,-2.21090794e+00,
   2.09702563e+00,-1.57383537e+00,-2.22851500e-01, 2.60407656e-01,
   1.94914907e-01, 8.32068539e+00,-5.71402788e-01,-1.15768747e+01,
  -3.88560563e-01,-8.06204975e-01, 8.35943460e-01,-1.64426975e+01,
  -5.61973631e-01,-1.96879640e-01,-2.35999689e-01, 1.61544994e-01,
   7.67865479e-01,-1.86636007e+00, 5.32947350e+00,-8.83245245e-02,
   3.14879990e+00,-8.46074760e-01, 3.14449859e+00, 1.65511739e+00,
  -1.32211101e+00, 2.14895773e+00, 4.28488046e-01,-4.18713480e-01,
   6.18521512e-01, 7.27453947e-01, 2.22091103e+00,-2.00083113e+00},
 {-1.22905850e+00, 2.49255762e-01, 3.02507848e-01, 4.39281911e-01,
   6.54363680e+00,-1.89852123e+01, 2.95155519e-03,-1.26813393e+01,
  -4.42774296e+00,-2.29645535e-01, 5.41435182e-02,-1.37422740e+00,
   1.28278649e+00,-9.52159786e+00,-4.07374907e+00,-3.37075138e+00,
  -3.77878761e+00,-9.65765297e-01, 4.07362366e+00,-3.71861041e-01,
   6.74207151e-01, 6.62025595e+00,-1.00904713e+01,-9.65063691e-01,
  -1.78729439e+00, 8.00372601e+00,-9.67012119e+00, 1.39696674e+01,
   1.76637125e+00, 9.13701952e-01, 1.43523192e+00,-1.57124400e+00,
  -2.32349917e-01,-8.23139906e-01,-6.08022094e-01,-1.15896416e+00,
   3.64650697e-01, 1.53326190e+00,-4.78962040e+00, 3.14370131e+00,
  -4.63120669e-01, 1.51022351e+00, 9.23870504e-02,-9.37313437e-01,
   4.19362605e-01, 6.32283747e-01, 1.59904528e-02,-3.50441448e-02,
   2.85396791e+00,-2.39822745e-01,-1.69778848e+00,-2.41623807e+00,
  -8.74632657e-01,-5.72654545e-01,-8.18340540e-01,-2.51606196e-01,
  -1.35412359e+01,-2.58967304e+00,-8.53669167e-01,-5.53937495e-01,
   2.90507102e+00,-5.35330832e-01,-1.04529679e+00,-1.31817508e+00,
  -2.47559279e-01, 7.01767087e-01, 1.25818253e+00,-4.00583649e+00,
  -9.34640646e-01,-2.23825622e+00,-1.46012044e+00,-1.06011081e+00,
  -6.06779695e-01, 1.30294728e+00, 5.43514192e-01, 4.46829826e-01,
  -3.88776398e+01,-3.53443432e+00,-5.70730782e+00, 3.81749225e+00,
   1.11634989e+01,-4.26505280e+00,-1.88746762e+00,-1.64477277e+00,
   1.66198051e+00, 1.18674672e+00,-3.96812290e-01, 8.29644024e-01,
   1.07628453e+00, 2.40328074e+00,-1.80768117e-01, 3.92754227e-01,
   5.17682493e-01, 1.66704178e+00,-2.17399573e+00, 2.71156847e-01,
  -1.28071263e-01, 2.58464170e+00, 3.10898602e-01,-9.80709136e-01,
  -1.53199472e+01,-2.85848547e-02,-1.91552830e+00, 5.19860387e-01,
  -1.20298481e+00, 1.04942369e+00, 2.81553864e+00, 1.10808265e+00,
   4.99350977e+00, 7.98574924e+00,-1.20386195e+00,-1.62199998e+00,
   8.04071844e-01,-3.51778775e-01,-2.86686087e+00,-4.20202980e+01,
   6.07456744e-01,-2.52639264e-01,-2.11925671e-01,-1.34895658e+00,
   1.29463172e+00, 2.05510044e+00, 3.15546060e+00, 2.66835999e+00,
   1.32189906e+00,-8.53859901e-01, 5.21996975e-01, 1.60670185e+00},
 {-3.56491590e+00, 7.62898475e-02, 3.93802591e-04, 1.61398090e-02,
  -3.79670334e+00,-8.22897243e+00, 3.36565450e-02, 4.66794819e-01,
   1.82764101e+00,-2.33786907e-02,-7.03556184e-03,-7.95176849e-02,
  -6.80638477e-02,-2.48523280e-02,-5.92326224e-02,-1.33475661e-02,
  -6.19417906e-01,-1.47543252e+00, 3.18606496e-02,-1.70409396e-01,
   3.06680165e-02, 1.55369365e+00, 5.91072857e-01, 1.41211748e-02,
  -4.96051041e-03,-1.75719070e+00,-3.43809009e-01, 6.47284842e+00,
   3.02643985e-01,-1.42769795e-02, 9.64070298e-03,-7.84392282e-03,
   7.39463866e-02, 5.03945127e-02, 2.04405713e+00, 2.99607366e-02,
   1.46678438e+01,-1.81960945e+01,-2.19242677e-01, 1.42759740e+00,
   2.38618636e+00,-1.45593119e+00, 1.11863539e-02, 2.40534395e-02,
   2.67247856e-01, 1.60816964e-02,-4.91768727e-03,-3.41713130e-02,
   1.16763496e+00, 1.38443522e-02, 9.81576517e-02,-1.07095698e-02,
   3.64096999e-01,-2.45393324e-03,-2.63392050e-02, 7.55301630e-03,
  -5.71313477e+00,-2.15294987e-01,-2.70341318e-02, 1.28797784e-01,
   1.02801728e+00, 1.87080577e-01,-2.11269432e-03,-2.56692860e-02,
  -3.63981016e-02, 1.13154383e+01,-3.52890417e-03, 5.47864139e-01,
   2.37068255e-03, 3.56075354e-02,-6.62038088e+00, 7.49493316e-02,
  -2.36782171e-02, 9.14819181e-01, 4.76069823e-02, 2.16402364e+00,
  -4.72424567e-01, 2.98946559e-01,-1.10150799e-02, 9.41389799e-02,
   4.77680191e-02, 2.73314881e+00, 2.53671706e-02,-3.87111641e-02,
   6.05163097e-01, 4.50977564e-01,-6.95374775e+00, 1.63148418e-02,
   4.47175533e-01,-4.95101976e+00,-4.12168773e-03,-5.44477999e-01,
  -8.86421744e-03,-1.06410049e-01,-5.53322062e-02,-5.45015633e-02,
  -2.03854986e-03, 5.07040098e-02, 9.76439044e-02,-1.57956147e+00,
  -4.85540867e+00, 1.06295753e+00, 1.80782229e-02, 1.28057122e-01,
  -2.17969567e-02, 2.13938374e-02, 4.76463461e+00, 1.71174332e-01,
  -2.47565413e+00,-2.31904364e+00,-1.27188969e+00,-2.88280606e-01,
  -1.54130149e+00, 2.93433610e-02, 1.56604052e+00,-3.28545761e+01,
  -1.89584203e-03, 1.68171763e-01,-2.21769586e-01, 3.15240249e-02,
   9.42600891e-03, 3.63013521e-02, 3.69250226e+00,-1.93411601e+00,
   4.30707663e-01, 3.93804193e-01, 5.00233732e-02,-5.64024691e-03},
 { 1.08513510e+00, 6.33183897e-01,-3.13839817e+00, 1.42958808e+00,
   7.08458900e+00,-8.55959237e-01, 1.12206614e+00,-1.60618687e+00,
   3.91420817e+00,-2.88841224e+00,-1.16693664e+00,-2.98063922e+00,
   2.13745666e+00,-6.92720985e+00,-4.97658920e+00, 8.29505920e+00,
  -1.26466882e+00,-1.74199402e-01,-2.18847871e+00,-2.42812514e+00,
  -1.47391677e+00, 4.92479992e+00, 1.92158437e+00, 6.04987860e-01,
   1.72405803e+00, 5.32964373e+00, 5.21714401e+00, 1.43054323e+01,
  -4.38130021e-01, 1.00863445e+00,-4.51627922e+00,-6.02921772e+00,
   3.00847083e-01,-2.57182598e+00,-2.58663988e+00,-4.79975080e+00,
   1.28980761e+01, 9.76245689e+00, 3.83068037e+00, 3.72327536e-01,
   1.22315445e+01, 1.91212606e+00, 1.48040280e-01, 2.28445244e+00,
   1.07336354e+00, 1.27832806e+00, 2.97332823e-01,-4.95923853e+00,
  -2.33035636e+00,-3.78179878e-01, 2.43252563e+00,-1.75760448e+00,
   1.39883232e+00, 1.13204169e+00,-9.67240572e-01, 6.16114855e-01,
   9.45025158e+00, 3.21948743e+00, 4.04097736e-01, 2.28172851e+00,
   5.22909462e-02, 1.80067897e+00, 8.94097507e-01,-2.21362567e+00,
  -2.35669374e+00,-4.55541325e+00, 2.20109105e+00,-7.46093512e+00,
  -1.00245476e+00, 1.39609003e+00, 2.66267514e+00, 1.84565496e+00,
   6.10555470e-01, 2.19558525e+00, 2.36364365e-01, 1.76010840e-02,
  -2.08898144e+01,-3.89806824e+01, 5.45288944e+00,-2.58891511e+00,
  -5.45049095e+00, 2.16303325e+00, 1.01140845e+00, 1.19097185e+00,
  -4.74813557e+00,-2.09393811e+00,-1.12942988e-02, 2.12251043e+00,
   1.03437481e+01, 5.37224722e+00, 2.09265009e-01, 1.05360723e+00,
  -4.73022610e-01,-4.59041548e+00,-5.33670521e+00,-1.80766737e+00,
  -1.03612411e+00,-3.79201102e+00, 6.17902994e-01,-4.48869181e+00,
  -3.58197594e+01, 6.53862059e-01, 3.89315414e+00,-1.42519259e+00,
  -1.78338075e+00, 3.46133184e+00, 4.53809500e+00, 1.72448647e+00,
   3.65110230e+00, 2.32586288e+00, 1.50381684e+00,-2.20865583e+00,
  -4.79163408e+00,-1.79356742e+00,-8.14791024e-01,-3.78655090e+01,
   2.88842678e+00,-5.44313371e-01, 2.27637455e-01, 4.03023386e+00,
  -1.56377986e-01,-6.96222186e-01,-1.40862668e+00, 7.27235174e+00,
  -1.12766104e+01,-1.02307057e+00,-1.31792939e+00, 2.65997982e+00},
 {-9.11575854e-01,-3.65219831e+00,-8.17753792e-01, 9.64773083e+00,
   5.64427137e+00, 4.17933321e+00, 5.62654257e-01,-5.02683759e-01,
  -2.91489530e+00,-1.94610298e+00,-3.12768173e+00, 4.15396404e+00,
  -8.07605535e-02, 4.27056789e+00, 5.11553717e+00, 8.73519230e+00,
   7.51856089e-01, 7.51456881e+00, 6.96710920e+00, 5.92510080e+00,
  -3.77062500e-01,-3.00832057e+00, 2.55422401e+00, 1.39696193e+00,
  -6.89818096e+00, 1.02167015e+01, 2.21756339e+00, 5.31387711e+00,
  -1.70204020e+00, 1.26638472e+00, 9.95241261e+00,-5.18367672e+00,
  -4.31906044e-01,-5.76198339e-01, 4.94909763e+00,-3.32121735e+01,
   3.63323092e+00, 3.69522667e+00,-2.96178043e-01,-7.01705027e+00,
   3.04712963e+00,-9.13372338e-01, 3.23724687e-01,-4.13996696e+00,
  -7.74113297e-01,-7.86196768e-01,-1.19229307e+01, 3.44115943e-01,
  -5.29860878e+00,-1.78857946e+00,-2.47715878e+00, 5.21945429e+00,
  -6.29738045e+00,-6.24191475e+00,-1.36869681e+00,-2.09850597e+00,
   8.39033127e+00,-3.32425404e+00, 1.08610287e-01,-1.08220184e+00,
   1.90730095e+00, 1.70218110e+00,-1.26179719e+00,-4.71487331e+00,
  -1.44578767e+00,-4.58209038e+00,-3.54794204e-01,-2.34760237e+00,
   6.72047997e+00,-4.41308355e+00, 2.96676207e+00,-3.33828139e+00,
   1.45017374e+00,-2.81107473e+00,-2.42901400e-01, 1.87018231e-01,
  -1.12055039e+00, 1.91244411e+00,-2.92794824e+00, 2.07904100e+00,
  -4.63280678e+00,-4.01028633e+00, 5.05327749e+00, 4.08503580e+00,
  -1.03161383e+00,-2.78583860e+00,-3.36266208e+00,-4.27078056e+00,
  -5.35370350e+00,-5.09121704e+00,-3.22218823e+00,-1.36703420e+00,
   2.42099613e-01, 3.67946005e+00,-2.86828971e+00, 1.22573011e-01,
  -5.00604010e+00, 4.06454802e+00, 1.88868093e+00, 1.25295448e+00,
  -5.48382616e+00, 2.79335952e+00, 7.06898928e+00, 1.31631160e+00,
  -1.33220792e+00, 4.74574685e-01,-6.22992229e+00,-4.67404509e+00,
  -8.52025986e+00,-4.13206720e+00, 2.55588698e+00,-4.16961551e-01,
   5.16663265e+00, 2.11865163e+00, 6.02432340e-02,-2.09386873e+00,
  -2.05529690e+00, 2.04121590e+00,-7.30361760e-01,-1.82001324e+01,
  -1.39519000e+00,-1.51370001e+01, 2.66352034e+00,-6.03291416e+00,
  -5.41700792e+00,-5.54169941e+00,-3.29143715e+00, 2.21152735e+00},
 { 2.00554013e+00,-2.14387488e+00,-1.13620734e+00,-4.49751109e-01,
  -1.13492370e+00,-1.50651371e+00,-1.57401040e-01, 4.01658773e-01,
  -1.03716564e+00, 6.20847559e+00, 9.30240870e-01, 1.43628907e+00,
   2.96483636e-01,-2.44723582e+00,-3.09170485e-02,-1.17933626e+01,
  -1.78006634e-01,-1.22812116e+00, 6.46232128e-01,-2.58276386e+01,
  -3.89301443e+00, 1.00932300e+00,-1.45309672e-01, 1.78233480e+00,
  -3.62400651e+00,-1.66524112e+00,-1.79607916e+00,-3.73093113e-02,
   4.65980023e-01, 9.81524408e-01, 3.22688174e+00,-2.60320282e+00,
   4.37159508e-01,-3.10631692e-01,-2.55665213e-01,-4.24780637e-01,
  -7.89336935e-02, 2.51461595e-01,-3.49585652e-01, 7.77445853e-01,
  -6.75977767e-02, 4.97386503e+00, 4.77860838e-01, 2.68987083e+00,
  -1.46590722e+00, 4.07071304e+00, 3.99195731e-01, 3.26253802e-01,
   1.23303676e+00, 1.97426748e+00, 4.69969845e+00, 1.44985116e+00,
   5.43697655e-01, 3.71537018e+00, 8.54577959e-01, 9.02429104e-01,
  -1.00794071e-02,-4.84556532e+00, 7.35335499e-02,-1.14362383e+00,
   2.73568451e-01, 1.25665748e+00,-4.82614905e-01,-5.02551377e-01,
   2.68110704e+00, 5.49378157e-01,-1.10034716e+00, 3.15769792e-01,
   3.04572582e+00, 3.15944910e+00,-4.67164218e-01,-1.67369628e+00,
   1.73575485e+00,-2.29321647e+00,-4.46233064e-01, 4.95452657e-02,
   1.25552285e+00,-1.65981993e-01, 3.11617184e+00,-1.74410880e+00,
   1.25961220e+00, 3.53192478e-01, 2.70673800e+00,-3.84392667e+00,
   3.40114444e-01,-1.42398520e+01,-2.13759586e-01, 2.26428175e+00,
   5.80598772e-01, 1.09184003e+00,-1.03907406e+00, 7.28447735e-01,
   4.36713362e+00, 4.32728112e-01,-1.83320415e+00,-6.51783109e-01,
   5.28250039e-01, 3.09050500e-01, 1.01051259e+00, 2.89020509e-01,
   1.12190044e+00, 3.45554280e+00,-1.10313523e+00,-2.21868205e+00,
   1.47748798e-01, 1.88124883e+00, 1.14648867e+00,-9.50397968e+00,
   2.26162457e+00,-8.86144519e-01,-6.24958217e-01,-3.02607477e-01,
  -7.98216462e-01,-3.27710652e+00, 2.60909104e+00, 8.94152462e-01,
  -7.14643776e-01,-2.22260332e+00, 1.71549106e+00, 1.78871298e+00,
  -2.36706066e+00, 1.36628568e-01, 4.04425740e-01, 9.52519953e-01,
   1.65643156e+00,-7.57819986e+00,-1.16026843e+00,-2.49082685e+00},
 { 9.77718532e-01, 1.58230162e+00,-7.21784019e+00,-2.53607583e+00,
   2.53346229e+00,-3.54238243e+01, 2.28220677e+00,-2.60362072e+01,
  -2.37413073e+00,-3.00969553e+00,-4.29954350e-01,-5.60833168e+00,
   2.66631460e+00,-4.02743673e+00,-6.36978292e+00,-3.86650014e+00,
  -4.49161196e+00,-1.00695029e-01, 2.89801693e+00,-6.21882856e-01,
   1.13192391e+00,-1.50226307e+00,-7.47221804e+00,-2.24642992e+00,
   1.33574843e+00,-3.23811412e+00,-6.89128685e+00, 3.38262260e-01,
   1.44352484e+01, 5.88970602e-01,-2.17038655e+00,-5.62534928e-01,
  -5.34930170e-01, 1.01144508e-01, 1.72451484e+00,-2.28415206e-01,
  -2.38103539e-01,-2.41576731e-01, 9.73766041e+00,-4.29713392e+00,
   2.04323349e+01, 8.72414947e-01, 4.76391077e-01,-1.30960293e+01,
  -9.08014178e-01, 1.87257516e+00,-1.25420582e+00,-1.89914727e+00,
  -1.33162928e+00,-6.76468790e-01,-4.16856050e-01,-9.24388123e+00,
   5.03412437e+00, 2.17944574e+00,-2.82713342e+00,-1.35980880e+00,
  -7.85141325e+00,-5.84373236e-01,-1.61003292e+00,-3.49419236e+00,
   7.45237494e+00,-2.01054215e+00, 7.61225939e-01,-1.66762090e+00,
  -1.84196699e+00,-2.84213543e-01, 3.13094234e+00,-1.53159542e+01,
  -2.76551574e-01,-9.98165011e-01,-1.27990997e+00,-2.76284218e+00,
  -1.34627354e+00,-9.09150028e+00,-5.34735918e-01,-5.00525713e+00,
  -9.35437317e+01,-1.03947992e+01,-8.36466312e+00,-6.35975170e+00,
   6.56008530e+00, 6.28211200e-01,-2.68789649e+00,-1.17144847e+00,
  -4.11870527e+00, 2.47603798e+00, 9.62743104e-01,-2.05995369e+00,
   8.16327572e+00,-8.88579667e-01, 1.81038642e+00,-1.43766618e+00,
  -4.54661734e-02, 3.63627911e-01,-6.48741055e+00,-3.41322422e+00,
  -7.90448725e-01, 2.93088818e+00, 1.56723034e+00,-2.72276001e+01,
  -2.35181675e+01, 1.01626563e+00,-1.25037026e+00,-3.76164079e-01,
   9.76056218e-01, 2.89434481e+00, 4.94332695e+00, 2.04296851e+00,
   4.96533728e+00,-1.47283137e+00, 4.87615496e-01,-5.91362667e+00,
   7.41122514e-02,-2.16143966e+00,-3.05729437e+00,-9.80647564e+00,
   2.72682500e+00, 2.68411100e-01,-2.96902800e+00,-4.59918797e-01,
   8.13005388e-01,-6.87081766e+00, 7.12251091e+00, 2.09641242e+00,
  -5.92426062e+00,-4.76509953e+00,-9.35214818e-01, 1.63047552e+00},
 {-4.37651873e+00,-6.90593524e-03,-1.04066348e-02, 1.59488786e-02,
  -1.09635794e+00,-1.06511164e+00, 3.23667191e-02,-1.10641623e+00,
   1.40040779e+00,-4.00910489e-02,-1.68007109e-02, 1.98965892e-02,
  -5.42793274e-02, 1.30612040e-02, 3.10377013e-02,-2.41445703e-03,
  -1.09711289e-01,-2.12437725e+00, 2.77596638e-02, 4.62701917e-01,
   4.52807359e-02, 3.30929642e+01, 1.92475593e+00, 5.13039855e-03,
  -2.74973325e-02,-4.25834417e+00,-7.80737686e+00, 2.57595658e+00,
  -6.22177696e+00,-9.54908039e-03,-6.23421855e-02,-4.24487740e-02,
   1.28954463e-02,-7.00015500e-02,-3.21576462e+01, 6.89100772e-02,
  -3.99181604e-01, 3.77029598e-01, 2.53465290e+01, 1.56879103e+00,
  -2.52202481e-01, 2.69228607e-01, 6.96811080e-03, 9.66786295e-02,
   1.25810608e-01, 3.61922830e-02,-1.62132606e-02,-1.81507051e-01,
   1.93743908e+00,-1.42766600e-02, 8.23690072e-02,-3.33639607e-02,
   6.39030266e+00, 1.47260900e-03,-8.85089952e-03,-8.31978861e-03,
  -5.38419867e+00,-3.17389131e-01,-1.20755611e-02, 7.23910630e-02,
  -1.08500779e+00, 2.17674211e-01,-2.16404302e-03,-2.77480502e-02,
   2.89555192e-02, 1.94415152e+00, 2.68809963e-05, 5.46350420e-01,
   5.87022351e-03, 1.00730276e-02, 2.45486602e-01, 1.32712033e-02,
  -4.04981486e-02, 1.96390462e+00,-4.82198484e-02, 2.16169930e+00,
   6.75465882e-01,-5.50089741e+00,-1.90538745e-02, 4.20921624e-01,
   1.19682215e-01,-3.20363379e+00, 9.74505171e-02,-1.18127346e-01,
   4.20390272e+00,-5.67304432e-01, 5.98225296e-01,-1.15026254e-02,
  -5.54918766e+00, 4.46041155e+00,-3.17377993e-03, 4.09480858e+00,
  -1.08960392e-02,-3.25086713e-01, 5.14776539e-03,-5.33284061e-03,
  -1.85164828e-02, 2.13775970e-02, 9.34154242e-02, 4.27737057e-01,
   6.02695584e-01,-1.51116228e+00,-1.43198013e+00, 3.59825671e-01,
   2.70902570e-02, 4.98625971e-02,-2.41044960e+01, 2.27165416e-01,
  -1.03382034e+01,-1.64134252e+00,-9.93346393e-01,-4.75901079e+00,
  -5.07852745e+01,-2.78211795e-02,-1.43253660e+00, 4.43734437e-01,
   3.54420505e-02, 3.77629697e-01, 4.39175591e-02,-4.05808464e-02,
  -1.95020773e-02,-2.20897086e-02,-9.96990740e-01,-3.44668174e+00,
  -3.56588221e+00,-3.75303686e-01, 5.97418705e-03, 1.15594799e-02},
 { 4.42801267e-01, 3.39709210e+00,-2.12530017e+00,-1.06000686e+00,
  -1.04491282e+00, 1.15296431e+01,-1.66869164e+00,-9.99047339e-01,
   4.76940185e-01,-4.29908991e-01, 1.12913191e+00,-2.31527519e+00,
  -4.99116611e+00,-6.62175465e+00,-4.07161140e+00,-7.34479713e+00,
   2.19378662e+00, 3.87363195e+00,-4.87046540e-01, 5.05924940e-01,
  -4.45942831e+00,-4.62218142e+00,-1.71343839e+00,-2.23483348e+00,
   5.89314699e+00, 8.34925365e+00, 1.26661177e+01, 4.61715841e+00,
  -1.17432201e+00, 8.98361266e-01, 3.39372706e+00,-6.90641356e+00,
  -2.37383842e+00,-3.62131327e-01,-7.28579760e-01,-5.83186197e+00,
   4.25050592e+00, 3.98963952e+00, 9.13396072e+00,-4.99501228e+00,
   5.07836485e+00, 7.08072186e+00, 6.75826073e-01, 4.49635315e+00,
   4.66849893e-01, 4.82686567e+00,-4.20138817e+01, 4.43045378e+00,
  -8.78052330e+00,-7.19078302e-01,-9.07247639e+00,-7.82981253e+00,
  -1.20283091e+00,-2.75694466e+01,-3.69078684e+00,-1.64146292e+00,
   6.77792454e+00, 6.28395700e+00,-3.08729792e+00,-2.94524461e-01,
  -1.40363729e+00,-2.67883241e-01, 2.34700370e+00, 1.12422705e+00,
  -1.55153364e-01,-6.72123909e+00, 5.64081001e+00,-1.14385211e+00,
   8.74124229e-01, 1.71992815e+00, 1.15015984e+00,-3.38321149e-01,
   1.03941357e+00,-1.78082287e+00, 1.27090240e+00, 2.78165340e-01,
  -5.15667772e+00, 2.69164026e-01,-8.91381931e+00,-6.28899193e+00,
   1.24257107e+01, 6.06432962e+00,-4.22187471e+00, 2.94909668e+00,
  -1.91141844e+00, 3.08389831e+00,-5.20581341e+00,-6.21799278e+00,
  -4.15272379e+00,-4.21632528e+00,-4.32925075e-01,-5.90570867e-01,
  -5.15069902e-01, 2.34176135e+00, 2.26271808e-01,-2.72774887e+00,
   3.52568126e+00, 8.96797657e+00,-5.99415970e+00,-4.17068720e+00,
  -9.08083344e+00, 3.85843897e+00, 4.33636904e+00,-1.08636069e+00,
  -2.51797497e-01, 1.36860764e+00,-4.74466848e+00,-8.88104534e+00,
  -6.77659464e+00,-5.53861214e-03, 3.93262029e+00, 1.72046638e+00,
   1.40267527e+00,-1.66843486e+00, 4.14784575e+00,-8.60239804e-01,
   5.27681494e+00, 6.60466611e-01,-1.01839833e-01,-4.41742468e+00,
  -2.39299551e-01, 1.72053623e+00,-1.36428285e+00, 1.22639373e-01,
  -1.04842243e+01, 2.97577918e-01,-8.47358322e+00, 3.29564428e+00},
 {-9.28407192e-01,-8.30909312e-02,-7.04917163e-02,-4.68198568e-01,
   6.48322678e+00, 3.79389834e+00, 4.64693546e-01,-2.02837777e+00,
  -2.52276063e+00, 5.27962923e-01,-5.72445877e-02, 1.86366886e-01,
  -2.47214258e-01,-5.96020520e-02,-1.60407066e+00,-2.72139859e+00,
   1.30664885e+00, 7.37270784e+00,-6.63479865e-02, 1.60860503e+00,
   1.99875981e-01,-6.08224154e+00,-3.25364161e+00, 2.49646783e-01,
   2.43635833e-01, 7.59834957e+00, 6.27437055e-01, 1.30348933e+00,
  -1.58248031e+00,-4.05545793e-02, 3.74596238e-01,-2.86788583e-01,
   1.19045891e-01,-6.30825162e-01, 6.65677667e-01,-1.86974704e-01,
   5.22234440e+00, 1.23735785e+00, 1.63679850e+00,-4.33051157e+00,
   7.47240305e-01, 9.41973984e-01,-4.27527465e-02,-3.60148132e-01,
   1.44168508e+00, 4.80340794e-03, 1.39945567e+00, 9.12521720e-01,
  -4.36554384e+00, 8.40828270e-02, 1.77873045e-01, 6.62392795e-01,
  -3.44624019e+00,-7.46088862e-01, 6.54250607e-02, 2.59459466e-01,
   2.89027977e+00, 1.53665555e+00,-4.29472327e-01,-8.93616021e-01,
  -6.12026691e-01,-1.02423735e-01,-4.61934328e-01, 7.21920803e-02,
   4.79655176e-01,-1.33301929e-01,-7.52293468e-02,-3.23182774e+00,
   1.03819646e-01,-8.82210016e-01, 1.49159503e+00, 1.03378445e-01,
   1.00617938e-01,-1.13821673e+00, 1.73532200e+00, 1.48793089e+00,
  -2.69844437e+00, 1.23032606e+00, 5.81124485e-01,-1.93330789e+00,
   2.07157731e-01,-1.00380681e-01,-1.69949806e+00,-1.02945559e-01,
  -1.38690186e+00,-3.12081754e-01, 3.66262770e+00, 1.44119203e-01,
  -3.20312500e+00,-8.66979027e+00,-8.38861406e-01, 1.82837676e-02,
   5.56078292e-02, 1.28378105e+00, 2.87955672e-01,-7.23003566e-01,
   2.30926409e-01, 6.87057793e-01, 8.29958841e-02,-3.53588748e+00,
  -5.82090950e+00,-1.67268431e+00, 4.59363222e+00, 6.93004802e-02,
   4.60749328e-01, 3.39366555e-01,-7.84965038e+00,-3.14061902e-02,
  -1.03561611e+01, 9.82028723e-01, 2.74169898e+00,-2.27422380e+00,
   7.01125383e+00, 1.94838285e-01,-9.70492586e-02,-1.27908599e+00,
  -1.72807932e-01, 2.89564699e-01,-3.94536316e-01,-1.11933720e+00,
  -6.62407428e-02,-3.99737626e-01, 5.08172989e+00, 1.10664785e+00,
  -6.18610668e+00,-3.06182116e-01,-3.67418200e-01, 5.64054288e-02},
 {-6.01373971e-01,-1.98335361e+01, 5.68737686e-01,-3.45354736e-01,
  -8.32286537e-01, 5.01407636e-03, 8.08325827e-01, 3.68495286e-01,
   6.47945702e-01,-8.04932237e-01,-1.73758602e+00, 1.40457230e+01,
  -8.05243015e+00, 4.27056283e-01, 5.93106937e+00,-2.09104862e+01,
   2.25019768e-01,-1.02678227e+00, 1.70035744e+00,-4.53776717e-01,
  -3.82317257e+00, 5.39591253e-01, 5.42897046e-01,-1.93142653e+00,
  -4.91225624e+00,-1.55871940e+00, 1.25366735e+00, 4.88794327e-01,
   4.47447240e-01, 3.66586089e+00,-7.87667322e+00, 8.47783625e-01,
   2.36320806e+00, 6.60391665e+00,-6.94016814e-02, 3.45874572e+00,
  -5.02332747e-01, 8.59839320e-02, 5.76428473e-02, 7.76070595e-01,
  -3.64115834e-02, 4.34897804e+00,-4.50725526e-01,-2.19674587e+00,
   6.01223335e-02, 5.12303591e+00,-2.21400309e+00, 1.07015145e+00,
   1.14900732e+00,-6.69532394e+01,-9.31762981e+00, 8.70625615e-01,
   7.54652321e-01,-2.38372993e+00,-2.95996737e+00,-5.04083014e+00,
   1.34243548e+00,-1.99814808e+00, 1.60980210e-01, 2.59226274e+00,
  -2.66690910e-01, 5.75467110e+00, 1.73922575e+00, 4.96896595e-01,
   1.69943655e+00, 5.84105253e-01, 5.97239780e+00, 3.29483211e-01,
  -1.39760244e+00, 8.09147060e-01, 5.18390596e-01, 5.57079411e+00,
  -3.92188430e+00,-1.14569483e+01,-2.27695203e+00,-1.68197647e-01,
  -4.41549182e-01,-2.29472592e-01,-4.21848917e+00,-6.98538399e+00,
   3.81501245e+00, 9.24061298e-01,-2.73253584e+00, 8.74094486e-01,
   4.00948167e-01, 6.04114008e+00,-6.50601745e-01,-7.74413705e-01,
   2.41591651e-02, 1.62918463e-01,-1.02157049e+01, 1.28984377e-01,
  -1.14253461e+00,-6.62440777e-01, 3.32273135e-04,-3.90424109e+00,
   7.20525265e-01,-4.82015753e+00, 1.01694964e-01, 5.44175565e-01,
  -3.96298580e-02, 4.64239091e-01,-2.12325478e+00,-4.29199409e+00,
  -2.74097133e+00, 4.61046362e+00, 1.46899879e+00, 3.52453876e+00,
   2.14641857e+00,-1.18611641e-01,-3.62808317e-01,-2.55060554e-01,
  -1.81840563e+00, 5.84337950e+00,-5.89446115e+00, 1.04631579e+00,
   1.12377000e+00,-1.38624334e+01, 1.28559279e+00,-1.15525303e+01,
  -4.12370987e+01,-2.52496147e+01, 8.90145004e-01, 3.38429511e-02,
   8.51101056e-02, 9.93829823e+00,-4.44020996e+01, 9.49667168e+00},
 {-4.72015381e+00,-6.48042187e-03,-2.24621677e+00,-1.11073637e+00,
   4.52145910e+00,-1.56179249e-01,-1.89720595e+00,-1.36204958e+01,
  -3.01224065e+00, 2.77850866e-01, 6.23338819e-01, 2.79029489e+00,
  -7.22453773e-01, 7.58508348e+00,-2.26933217e+00,-8.79300213e+00,
   4.40105867e+00,-5.52937698e+00, 8.47799599e-01, 1.17148554e+00,
  -1.23711497e-01, 6.65414333e+00, 1.07010250e+01,-7.61939585e-02,
  -4.51083755e+00,-1.04855309e+01, 1.65840518e+00,-5.03617108e-01,
   3.89773989e+00,-3.35272014e-01, 7.51640677e-01,-1.41557431e+00,
   6.56079292e-01,-5.46634197e-01,-4.56135750e+00,-1.77415991e+00,
   5.71577454e+00,-3.25026965e+00,-2.36499953e+00, 1.59151995e+00,
  -4.17225218e+00,-1.97436428e+00, 3.46611410e-01,-2.42281055e+01,
   4.15176362e-01, 4.45309162e-01, 2.71164393e+00,-2.45966530e+00,
   6.36586905e+00,-4.18312490e-01, 2.88410211e+00, 3.84462643e+00,
  -6.03834987e-01,-2.29143763e+00,-2.98510879e-01,-7.37430573e-01,
  -1.06956558e+01, 4.21618605e+00, 4.15593684e-01,-1.40073001e+00,
   8.19502175e-01,-1.68888152e+00,-6.17299378e-01, 8.85597110e-01,
   2.24349308e+00, 1.23092961e+00,-1.36340499e+00,-2.74681377e+00,
  -4.09355402e-01, 2.70062375e+00, 1.04885459e+00,-2.67588282e+00,
  -7.01913893e-01,-6.39441586e+00, 5.86675406e-01,-2.69605970e+00,
  -5.87178707e+00,-3.46617913e+00,-6.25447416e+00,-9.55687523e+00,
  -3.22852325e+01, 7.07997084e-01,-5.58743811e+00,-8.52221608e-01,
  -2.77737980e+01,-1.47608030e+00, 1.25783479e+00,-3.88517559e-01,
  -9.50546837e+00, 6.42172909e+00, 9.89738286e-01,-1.86754322e+00,
   1.41816163e+00,-2.07979560e+00, 3.79825211e+00,-6.52487659e+00,
   2.10030913e+00, 6.29655898e-01, 1.20801234e+00, 2.55775166e+00,
  -2.32129884e+00,-6.26094580e+00,-4.03697538e+00, 6.20912492e-01,
  -7.35418946e-02,-3.33930945e+00, 3.90504098e+00,-1.76945329e+00,
  -1.19609511e+00, 8.49789906e+00,-2.62694383e+00,-1.58320074e+01,
  -1.26607513e+01, 1.00819135e+00,-3.21093535e+00,-8.18144608e+00,
  -5.12328744e-01, 7.73221493e-01,-3.01090062e-01,-7.94053221e+00,
   5.43362379e-01,-1.00314445e+01, 1.06333637e+01, 8.85036087e+00,
   1.94640231e+00, 2.55729938e+00,-1.18431318e+00,-1.06380796e+00}};

const float b2[sz_hid_2] = { 1.4305557e+01,-1.1067080e+01,-1.5660195e+00,-1.7121500e+01,
 -1.4450991e-01,-2.0909836e+01, 2.2169735e-02, 6.1434360e+00,
 -1.6591569e+00, 4.0349850e-01,-1.9291481e+01,-3.3088375e+01,
 -1.1348268e+01,-2.0397495e+01,-2.1241690e+01,-7.0057988e+00,
 -3.4325163e+00,-1.4723706e-01, 3.5650465e+00,-2.2573935e+01,
 -1.2166098e+01, 5.9759083e+00, 1.9284530e+00,-1.8557305e+00,
 -1.8746349e+01,-2.5219536e+01,-1.4996300e+00,-1.2402328e+00,
 -2.5860407e+01, 3.9766631e+00, 3.2285428e+00,-1.3588753e+01};

const float w3[sz_act][sz_hid_2] = {{ 7.0521189e-04, 1.3043952e-01, 7.4129887e-03,-1.5391152e-03,
   9.1959156e-02,-1.9940232e-01, 2.7151379e-01,-2.1963792e-03,
   3.6679814e-03,-5.8022013e-04, 4.7805364e-04, 5.4992415e-02,
   8.0157809e-02,-1.5868044e-01,-1.0288974e-02,-1.1447212e-02,
  -9.5941179e-02, 1.8344484e-02, 4.3869395e-02, 1.2952165e-01,
  -5.5338739e-04, 2.1346782e-01, 1.0683675e-01,-6.9369078e-01,
   1.9286165e-01, 3.7268847e-03, 6.9237500e-01, 1.0764339e-01,
  -5.0765477e-02,-1.6720094e-01, 7.7158045e-03,-1.4020130e-01},
 {-7.8215130e-02, 1.0425492e-02, 8.2915612e-02,-7.1988024e-02,
   7.9458214e-02,-1.0710966e-02, 8.8411402e-03, 8.2590699e-02,
  -8.4597357e-02,-8.2506396e-02, 7.5638533e-02,-2.4134590e-01,
  -4.9650960e-02, 1.3705166e-02, 1.7718866e-01,-8.7106511e-02,
   2.2501377e-03,-7.3304251e-02,-1.3170870e-01,-7.9857111e-03,
   1.5017809e-01, 5.4716174e-03, 3.8789952e-04, 2.8890767e-03,
   1.3161323e-02,-1.3579410e-01,-3.9156433e-03, 3.1695240e-03,
  -1.4868125e-01, 4.5212387e-04, 1.2496218e-01, 9.9107474e-03}};

const float b3[sz_act] = {-0.21783149, 0.40880105};

