Epoch	AverageEpRet	StdEpRet	MaxEpRet	MinEpRet	AverageTestEpRet	StdTestEpRet	MaxTestEpRet	MinTestEpRet	EpLen	TestEpLen	TotalEnvInteracts	AverageQVals	StdQVals	MaxQVals	MinQVals	LossPi	LossQ	Time
1	4.4	7.525955	30.0	0.0	11.0	24.677925	80.0	0.0	58.44	34.0	1499	0.23506199	0.85838795	20.080133	-0.85822994	-0.43163908	0.5102278	19.722309827804565
2	4.285714	6.2269983	20.0	0.0	168.0	337.89938	920.0	0.0	53.892857	92.9	2999	2.2152252	3.0439203	52.832794	-1.9634144	-2.764302	0.7875563	46.22628378868103
3	8.0	14.6969385	60.0	0.0	1.0	3.0	10.0	0.0	76.5	84.7	4499	7.2630634	7.1285267	123.470245	-1.7185231	-8.259077	1.809638	90.34899997711182
4	5.909091	8.872373	30.0	0.0	30.0	83.42661	280.0	0.0	67.13636	92.9	5999	14.512662	14.142016	199.96625	-1.8849282	-15.959233	4.1034484	110.67719578742981
5	9.523809	18.892223	60.0	0.0	10.0	30.0	100.0	0.0	69.95238	91.6	7499	27.312292	23.683258	245.46004	-3.2329564	-29.758345	9.607214	142.82169485092163
6	6.3636365	12.264307	40.0	0.0	15.0	19.104973	50.0	0.0	66.13636	100.0	8999	44.294636	33.870518	287.50873	-15.788805	-47.57255	20.08786	162.8879086971283
7	14.705882	17.861443	60.0	0.0	52.0	156.0	520.0	0.0	88.35294	100.0	10499	65.00544	45.729683	339.6431	-17.753428	-68.79573	30.289307	181.44200491905212
8	15.625	36.73703	130.0	0.0	1.0	3.0	10.0	0.0	94.75	93.3	11999	83.64429	54.503647	362.65	-30.589521	-86.9865	35.32472	203.8414967060089
9	5.3333335	10.873004	30.0	0.0	8.0	11.661903	40.0	0.0	100.0	96.1	13499	101.84956	61.204727	402.301	-32.535843	-105.16236	36.005016	226.65447974205017
10	10.0	31.424513	130.0	0.0	7.0	10.049875	30.0	0.0	94.375	89.2	14999	119.81643	67.1667	444.03842	-44.272663	-123.035706	37.351723	260.82667684555054
11	8.75	15.7619	60.0	0.0	0.0	0.0	0.0	0.0	97.875	88.1	16499	137.4756	72.878494	463.83994	-76.220535	-140.70006	42.125687	286.5793516635895
12	33.75	125.6421	520.0	0.0	6.0	10.198039	30.0	0.0	90.6875	88.2	17999	162.84363	81.119545	486.19446	-60.86214	-166.18456	45.695683	316.32782793045044
13	3.75	9.921567	30.0	0.0	1.0	3.0	10.0	0.0	93.5625	100.0	19499	193.95325	94.97278	536.92487	-74.74134	-197.66743	57.142525	347.9265727996826
14	2.6666667	5.734884	20.0	0.0	8.0	20.880613	70.0	0.0	100.0	100.0	20999	222.29918	104.68538	579.40265	-96.74042	-226.23105	69.95507	371.7694079875946
15	21.333334	56.552826	230.0	0.0	3.0	6.4031243	20.0	0.0	100.0	100.0	22499	252.3236	119.182	631.3528	-78.78304	-256.55112	83.56256	400.4578366279602
16	56.666668	151.07025	600.0	0.0	173.0	331.8147	880.0	0.0	100.0	100.0	23999	282.34988	132.62294	709.90204	-113.93518	-287.08337	96.11698	424.73512864112854
17	71.17647	204.47586	840.0	0.0	1.0	3.0	10.0	0.0	90.29412	100.0	25499	314.33875	145.70334	774.35394	-98.19848	-319.2554	105.58225	452.0291237831116
18	75.0	201.43237	750.0	0.0	86.0	241.50362	810.0	0.0	94.4375	100.0	26999	344.09106	157.47075	831.7114	-166.16013	-348.887	124.721146	481.08370876312256
19	144.66667	283.28708	880.0	0.0	18.0	47.497368	160.0	0.0	100.0	100.0	28499	382.35492	173.55275	876.30945	-113.83139	-387.52176	132.32965	519.4139456748962
20	116.666664	269.70764	870.0	0.0	103.0	279.57288	940.0	0.0	100.0	100.0	29999	419.83884	190.32509	901.96655	-219.10106	-425.38113	142.6536	544.206723690033
21	98.666664	236.89285	900.0	0.0	25.0	53.898052	180.0	0.0	100.0	100.0	31499	460.5067	208.74933	965.7533	-249.53874	-466.2931	161.968	565.5337417125702
22	129.33333	298.5848	960.0	0.0	22.0	42.61455	140.0	0.0	100.0	100.0	32999	498.37488	226.737	1033.3162	-213.84145	-504.18558	156.05447	598.289068698883
23	44.0	106.820724	430.0	0.0	30.0	74.02702	250.0	0.0	100.0	100.0	34499	539.4219	242.34268	1097.7314	-318.74188	-544.96	177.80093	622.9367377758026
24	12.666667	23.513588	80.0	0.0	27.0	39.76179	100.0	0.0	97.933334	100.0	35999	573.8291	255.56622	1141.8757	-211.35857	-579.38947	190.442	644.3701827526093
25	8.666667	16.275408	60.0	0.0	53.0	95.608574	330.0	0.0	100.0	100.0	37499	608.7867	270.8152	1218.1975	-195.97327	-614.7092	210.21138	667.3280327320099
26	188.0	297.03424	890.0	0.0	14.0	27.276363	90.0	0.0	100.0	100.0	38999	644.3565	287.61264	1318.3596	-206.41515	-650.5685	221.89758	700.7189939022064
27	96.666664	195.43683	570.0	0.0	14.0	25.377155	80.0	0.0	100.0	100.0	40499	676.8973	306.41	1407.7324	-281.27707	-683.4318	247.80109	734.0414958000183
28	193.33333	262.28906	840.0	0.0	46.0	73.91888	210.0	0.0	100.0	100.0	41999	719.7653	325.3876	1472.2809	-278.00296	-726.5251	268.8371	772.982971906662
29	130.0	263.00824	820.0	0.0	27.0	38.483765	120.0	0.0	100.0	90.4	43499	761.6557	343.63626	1565.7537	-198.17859	-768.9595	287.71622	804.5567817687988
30	87.333336	199.04662	720.0	0.0	70.0	155.24174	500.0	0.0	100.0	100.0	44999	803.236	362.39236	1656.4316	-251.71965	-810.67865	323.29572	826.7649779319763
31	136.0	299.12762	940.0	0.0	115.0	277.35358	940.0	0.0	100.0	100.0	46499	837.34863	380.08392	1762.6024	-835.4815	-844.95074	360.262	845.2993927001953
32	23.333334	58.953842	240.0	0.0	5.0	9.219544	30.0	0.0	100.0	100.0	47999	877.2405	396.68652	1819.4641	-204.20004	-885.1123	355.7237	864.0893115997314
33	150.66667	262.9947	880.0	0.0	117.0	305.71393	1030.0	0.0	100.0	100.0	49499	912.6418	409.96225	1857.0864	-295.12537	-920.1437	338.81708	880.20228266716
34	48.666668	109.04839	410.0	0.0	92.0	225.91148	760.0	0.0	100.0	100.0	50999	947.8074	419.33176	1867.968	-355.31342	-954.631	343.989	896.9158418178558
35	22.666666	36.233807	100.0	0.0	4.0	8.0	20.0	0.0	100.0	100.0	52499	976.2575	430.55203	1916.9553	-457.5785	-983.07465	340.5557	914.4808478355408
36	92.0	195.65958	640.0	0.0	152.0	364.24716	1240.0	0.0	100.0	100.0	53999	999.58624	439.31555	1954.1713	-191.47473	-1006.36865	341.8064	929.0641186237335
37	106.0	213.31667	820.0	0.0	33.0	57.280014	190.0	0.0	100.0	100.0	55499	1025.7638	448.8168	1986.1858	-521.09985	-1032.8147	381.80157	943.9620587825775
38	100.0	219.90907	700.0	0.0	13.0	25.317978	80.0	0.0	100.0	100.0	56999	1051.8075	459.48773	2007.8367	-428.91495	-1058.6443	341.74136	961.7057688236237
39	8.666667	14.544949	40.0	0.0	7.0	14.866069	50.0	0.0	100.0	100.0	58499	1078.1769	469.67072	2057.2996	-403.77435	-1084.8663	374.0404	979.5819277763367
40	34.666668	57.488163	220.0	0.0	249.0	498.66724	1630.0	0.0	100.0	100.0	59999	1099.1611	475.97763	2118.7935	-354.19824	-1105.6813	354.7385	995.1961607933044
41	160.0	277.60883	950.0	0.0	81.0	204.57028	690.0	0.0	100.0	100.0	61499	1119.0792	482.33386	2183.2986	-286.12375	-1125.8909	349.34097	1009.904679775238
42	60.0	146.33296	590.0	0.0	76.0	133.50656	460.0	0.0	100.0	100.0	62999	1144.877	491.85483	2224.7197	-446.27405	-1151.9557	366.66867	1026.0260608196259
43	3.3333333	5.9628477	20.0	0.0	9.0	23.853722	80.0	0.0	100.0	95.7	64499	1164.1163	502.2046	2238.7422	-381.3833	-1171.2985	388.82968	1041.6441707611084
44	21.333334	19.618584	60.0	0.0	39.0	57.0	200.0	0.0	100.0	100.0	65999	1186.2505	508.49893	2279.3716	-368.4325	-1193.5734	376.9279	1057.269310951233
45	4.0	10.832051	40.0	0.0	16.0	17.435596	50.0	0.0	100.0	90.6	67499	1205.8225	517.1065	2293.6533	-584.2879	-1213.0526	389.29108	1076.7872939109802
46	61.25	165.07101	690.0	0.0	28.0	37.894592	120.0	0.0	93.9375	100.0	68999	1228.0165	521.0131	2340.9385	-371.57242	-1235.2545	408.105	1091.5253219604492
47	91.333336	221.59622	780.0	0.0	14.0	18.547237	60.0	0.0	100.0	100.0	70499	1246.9901	524.6217	2391.9377	-500.2519	-1254.0858	457.1096	1106.781899690628
48	74.0	158.31615	560.0	0.0	2.0	6.0	20.0	0.0	100.0	95.5	71999	1268.7051	524.78937	2413.986	-582.7977	-1275.9119	417.53284	1123.4098026752472
49	43.125	101.03952	420.0	0.0	10.0	26.832815	90.0	0.0	94.875	100.0	73499	1293.9802	522.43134	2438.1096	-345.87036	-1301.0393	441.27292	1139.4732177257538
50	125.333336	224.85156	890.0	0.0	10.0	20.976177	70.0	0.0	100.0	100.0	74999	1312.4117	522.4589	2434.2551	-719.0689	-1319.3116	487.48517	1157.0678327083588
51	18.0	40.529823	160.0	0.0	25.0	40.311287	130.0	0.0	100.0	100.0	76499	1329.4209	518.8757	2458.3203	-430.98413	-1336.5111	454.56625	1179.6270337104797
52	13.75	31.19996	120.0	0.0	18.0	54.0	180.0	0.0	94.0625	100.0	77999	1346.492	517.4414	2470.9436	-376.5372	-1353.2468	440.68555	1198.8489348888397
53	8.0	20.066555	80.0	0.0	32.0	86.46387	290.0	0.0	100.0	100.0	79499	1356.0497	516.3355	2494.6157	-355.71466	-1362.8226	471.109	1219.1871707439423
54	98.0	193.19075	660.0	0.0	124.0	206.21349	700.0	0.0	94.666664	100.0	80999	1371.0581	513.8328	2499.629	-482.8793	-1378.1228	412.64624	1235.5138998031616
55	120.666664	239.31755	710.0	0.0	212.0	309.21838	890.0	0.0	100.0	100.0	82499	1383.0298	513.1811	2512.6587	-416.34937	-1389.8665	401.22586	1254.3019289970398
56	6.0	11.430952	40.0	0.0	1.0	3.0	10.0	0.0	100.0	100.0	83999	1396.616	510.86398	2502.3994	-388.602	-1403.388	443.22113	1274.2376928329468
57	56.25	122.92655	460.0	0.0	157.0	431.67233	1450.0	0.0	95.3125	100.0	85499	1410.6614	510.88437	2527.2446	-621.7803	-1418.0104	417.42224	1294.258675813675
58	92.0	145.47394	430.0	0.0	19.0	47.423622	160.0	0.0	100.0	100.0	86999	1427.372	508.296	2555.0793	-399.25073	-1434.7386	425.22562	1314.6789638996124
59	25.333334	43.797516	170.0	0.0	144.0	319.25537	1050.0	0.0	100.0	90.6	88499	1445.3503	508.4237	2571.2236	-585.8429	-1452.8234	432.6906	1333.7031576633453
60	31.333334	58.863308	240.0	0.0	37.0	78.873314	270.0	0.0	100.0	90.7	89999	1459.0233	505.31204	2565.0115	-732.5794	-1466.4579	413.23688	1352.4925117492676
61	30.666666	63.50503	240.0	0.0	88.0	222.61177	750.0	0.0	100.0	100.0	91499	1477.89	500.59503	2560.7974	-710.1951	-1485.0366	451.83414	1371.6419157981873
62	21.25	51.584274	210.0	0.0	20.0	12.649111	40.0	0.0	93.875	100.0	92999	1491.8848	496.23807	2558.9758	-776.8911	-1498.9563	460.49667	1390.8803248405457
63	47.333332	102.98651	420.0	0.0	108.0	170.80983	570.0	0.0	98.26667	100.0	94499	1501.1702	490.85272	2545.4421	-370.97025	-1508.544	448.62796	1407.4016797542572
64	76.25	116.29031	390.0	0.0	75.0	208.53058	700.0	0.0	94.3125	94.3	95999	1518.5696	487.00995	2556.7556	-556.6214	-1525.9374	449.07245	1424.8799178600311
65	17.333334	20.154955	70.0	0.0	22.0	38.418747	130.0	0.0	100.0	100.0	97499	1530.4034	481.38354	2652.114	-541.46704	-1537.5063	440.40704	1443.6912317276
66	126.875	205.53949	630.0	0.0	57.0	86.02907	240.0	0.0	94.0625	100.0	98999	1545.0663	475.95813	2758.0193	-488.76877	-1552.5848	451.5277	1459.7848708629608
67	34.705883	93.81569	400.0	0.0	81.0	179.46866	610.0	0.0	91.23529	100.0	100499	1555.8314	468.87506	2789.4094	-430.45993	-1563.0333	531.4452	1476.8763546943665
68	86.666664	211.7126	830.0	0.0	21.0	34.770676	120.0	0.0	100.0	100.0	101999	1572.0583	462.9274	2876.111	-440.73672	-1579.1057	549.78235	1494.6208608150482
69	44.666668	100.788	390.0	0.0	108.0	275.60117	930.0	0.0	99.333336	100.0	103499	1586.9812	455.8989	3095.3708	-753.6127	-1594.8047	602.5947	1513.1234068870544
70	28.0	36.18471	120.0	0.0	93.0	228.08113	770.0	0.0	100.0	100.0	104999	1600.8909	446.32748	3019.4316	-423.34332	-1608.4023	472.38446	1531.6969096660614
71	80.666664	136.06207	510.0	0.0	84.0	206.35892	700.0	0.0	100.0	100.0	106499	1616.192	441.49405	3173.7192	-494.6758	-1623.4595	507.53943	1548.7520048618317
72	118.666664	230.56065	720.0	0.0	68.0	174.74553	590.0	0.0	100.0	100.0	107999	1634.8912	438.22028	3243.2031	-539.09814	-1642.6653	596.6315	1565.540578842163
73	28.666666	51.75154	160.0	0.0	30.0	33.16625	90.0	0.0	100.0	100.0	109499	1655.6182	438.34872	3263.098	-352.63336	-1663.263	572.0993	1581.8966488838196
74	19.375	37.494793	150.0	0.0	172.0	423.29187	1430.0	0.0	91.9375	100.0	110999	1668.8706	436.65814	3291.3298	-617.4065	-1676.4543	542.713	1598.9359276294708
75	66.666664	181.57336	730.0	0.0	131.0	229.23569	800.0	0.0	100.0	100.0	112499	1689.1437	437.82855	3390.6726	-357.86386	-1696.9673	538.9273	1615.7341849803925
76	10.666667	14.360439	40.0	0.0	76.0	214.76498	720.0	0.0	100.0	100.0	113999	1706.6334	436.8215	3443.1523	-1233.5414	-1714.1702	615.3761	1633.6849768161774
77	66.0	236.32745	950.0	0.0	105.0	295.27106	990.0	0.0	100.0	100.0	115499	1722.4363	440.43704	3483.5264	-736.3575	-1730.0637	583.02515	1650.8191738128662
78	66.666664	177.30075	710.0	0.0	21.0	37.802116	130.0	0.0	100.0	100.0	116999	1737.7953	442.94254	3555.7932	-645.2878	-1745.674	647.89233	1671.098492860794
79	134.0	267.1529	860.0	0.0	49.0	97.5141	330.0	0.0	100.0	100.0	118499	1757.139	445.22385	3750.449	-514.6849	-1765.205	654.326	1691.516676902771
80	38.0	102.51504	420.0	0.0	13.0	23.259407	80.0	0.0	100.0	100.0	119999	1776.0048	450.05237	3757.3457	-988.503	-1784.0675	732.565	1714.178202867508
81	160.625	288.86563	880.0	0.0	10.0	21.908903	70.0	0.0	96.875	100.0	121499	1800.7548	451.4336	3779.0884	-602.139	-1809.0017	573.2645	1732.1074497699738
82	26.0	81.63332	330.0	0.0	233.0	341.11728	780.0	0.0	100.0	100.0	122999	1821.3851	453.77994	3936.5798	-677.08484	-1829.9238	691.693	1750.8194136619568
83	148.0	265.2596	830.0	0.0	26.0	34.4093	110.0	0.0	100.0	90.7	124499	1843.6487	457.0355	3902.999	-967.9904	-1852.5365	727.359	1767.757628917694
84	95.625	225.52629	730.0	0.0	101.0	235.00851	800.0	0.0	94.625	100.0	125999	1868.5887	456.2199	4062.407	-649.72595	-1877.5127	770.50336	1786.6780247688293
85	30.666666	52.340763	190.0	0.0	184.0	476.17645	1610.0	0.0	100.0	85.6	127499	1893.3817	456.1364	4013.183	-494.13406	-1902.1958	689.56067	1804.541084766388
86	32.666668	86.75381	350.0	0.0	12.0	13.2664995	40.0	0.0	95.666664	100.0	128999	1919.389	457.49506	4108.1587	-820.9396	-1928.4963	749.425	1822.9727957248688
87	59.375	179.32054	750.0	0.0	28.0	40.1995	130.0	0.0	94.875	100.0	130499	1942.5967	458.00635	4139.9175	-606.65845	-1951.3517	801.6952	1842.1357069015503
88	16.0	33.226494	130.0	0.0	15.0	21.095022	60.0	0.0	100.0	90.8	131999	1960.385	458.75974	4170.6567	-788.15533	-1969.245	754.1563	1860.478614807129
89	86.666664	155.33478	520.0	0.0	222.0	444.9674	1440.0	0.0	100.0	100.0	133499	1984.0203	459.87097	4214.5806	-947.1547	-1993.104	988.0231	1878.7471947669983
90	35.333332	70.88645	220.0	0.0	25.0	49.0408	170.0	0.0	100.0	100.0	134999	2004.7993	460.68353	4258.474	-572.8361	-2014.007	917.166	1897.4218487739563
91	20.666666	21.74601	70.0	0.0	12.0	9.797959	30.0	0.0	100.0	100.0	136499	2028.0773	463.85962	4325.8135	-705.0939	-2037.5907	984.3274	1917.8232288360596
92	58.666668	201.05939	810.0	0.0	77.0	214.43181	720.0	0.0	100.0	100.0	137999	2052.7056	465.77603	4338.52	-624.72284	-2062.168	932.2392	1936.8502006530762
93	28.0	31.02687	100.0	0.0	12.0	13.2664995	40.0	0.0	100.0	100.0	139499	2073.1738	468.62204	4370.8696	-586.23236	-2082.5771	850.85486	1957.2287476062775
94	66.666664	188.87973	770.0	0.0	175.0	498.58298	1670.0	0.0	100.0	100.0	140999	2095.782	469.78076	4456.5796	-666.55164	-2105.722	992.73944	1976.707180738449
95	9.333333	19.821426	80.0	0.0	20.0	21.908903	80.0	0.0	100.0	100.0	142499	2125.1138	474.34195	4537.4155	-886.03204	-2135.6262	1025.0028	1998.7554318904877
96	7.3333335	8.537498	20.0	0.0	142.0	237.60472	630.0	0.0	100.0	100.0	143999	2157.174	481.49017	4654.8047	-1758.527	-2167.4287	1020.5109	2019.8039586544037
97	6.0	7.1180525	20.0	0.0	4.0	4.8989797	10.0	0.0	100.0	90.2	145499	2184.0103	485.88123	4606.4346	-1076.8722	-2194.2166	940.47284	2044.097095966339
98	74.0	198.82321	810.0	0.0	60.0	89.33085	310.0	0.0	100.0	100.0	146999	2211.2727	491.82516	4626.8164	-784.53613	-2221.71	1051.4327	2068.7452306747437
99	60.588234	187.78806	810.0	0.0	10.0	10.0	30.0	0.0	89.05882	100.0	148499	2239.3674	495.43445	4712.932	-658.00195	-2250.2583	1078.1525	2092.6252229213715
100	29.333334	47.11216	160.0	0.0	18.0	24.819347	90.0	0.0	100.0	100.0	149999	2267.586	497.42987	4797.45	-1285.3003	-2278.3853	1119.318	2118.5464248657227
101	18.666666	21.561285	60.0	0.0	5.0	8.062258	20.0	0.0	100.0	100.0	151499	2294.5325	501.6635	4822.3203	-570.0469	-2305.6074	903.866	2142.5071907043457
102	46.666668	139.98412	570.0	0.0	7.0	10.049875	30.0	0.0	100.0	100.0	152999	2327.9353	503.48062	4840.991	-545.0296	-2339.1357	1178.9155	2166.478598833084
103	75.333336	158.06607	570.0	0.0	95.0	255.11761	860.0	0.0	100.0	100.0	154499	2358.6956	507.5218	4911.8184	-1121.3097	-2370.0474	1079.9696	2189.0202848911285
104	22.0	35.06185	150.0	0.0	18.0	34.0	110.0	0.0	100.0	94.7	155999	2387.4802	511.1605	5079.4087	-1265.926	-2398.9778	1352.242	2213.9495458602905
105	6.0	14.96663	60.0	0.0	11.0	10.440307	30.0	0.0	100.0	100.0	157499	2421.6501	518.43866	4993.9277	-925.81506	-2432.8474	1086.5612	2235.411645889282
106	46.666668	117.3409	480.0	0.0	150.0	265.36768	760.0	0.0	100.0	100.0	158999	2449.1162	523.9519	5091.589	-1527.9722	-2459.8538	1273.2727	2255.19615483284
107	11.333333	12.036981	40.0	0.0	12.0	7.483315	20.0	0.0	100.0	100.0	160499	2474.7979	535.54517	5128.833	-721.57	-2485.5176	1102.9379	2284.9341037273407
108	16.0	15.405626	60.0	0.0	9.0	8.306623	20.0	0.0	100.0	100.0	161999	2503.7551	545.8188	5261.731	-1434.7678	-2514.971	1086.521	2322.457361936569
109	6.6666665	6.9920583	20.0	0.0	14.0	12.0	40.0	0.0	100.0	100.0	163499	2535.1047	553.25806	5218.3403	-1164.5011	-2546.6516	1117.682	2355.3390369415283
110	10.0	10.327955	30.0	0.0	104.0	269.00558	910.0	0.0	100.0	100.0	164999	2569.3071	564.64795	5234.341	-913.0654	-2581.0613	997.5803	2385.579828977585
111	28.666666	39.305077	130.0	0.0	159.0	423.8738	1430.0	0.0	100.0	100.0	166499	2598.3794	570.2493	5646.8394	-1067.3927	-2610.445	1322.9357	2411.3920435905457
112	10.0	8.944272	30.0	0.0	21.0	40.112343	140.0	0.0	100.0	100.0	167999	2630.5544	573.82715	5328.271	-683.9313	-2642.5186	1097.5852	2447.9948778152466
113	16.0	14.96663	60.0	0.0	32.0	63.05553	220.0	0.0	100.0	100.0	169499	2661.516	582.10114	5400.8345	-888.26276	-2673.1978	1314.7015	2483.370850801468
114	52.0	82.55907	310.0	0.0	11.0	9.433981	30.0	0.0	100.0	100.0	170999	2692.7715	588.87256	5375.7075	-743.2815	-2704.7786	1153.0537	2506.9732387065887
115	21.333334	33.638603	140.0	0.0	11.0	10.440307	30.0	0.0	100.0	100.0	172499	2728.5852	595.6489	5419.3364	-850.4657	-2740.871	1060.0613	2528.980465888977
116	16.666666	28.674417	120.0	0.0	6.0	9.165152	30.0	0.0	100.0	100.0	173999	2763.0776	603.1429	5598.232	-1029.6368	-2775.3872	1293.5173	2551.2465019226074
117	11.333333	8.844333	30.0	0.0	90.0	243.47484	820.0	0.0	100.0	100.0	175499	2794.7566	608.179	5654.8193	-949.2023	-2807.0186	1445.8344	2574.129463672638
118	34.666668	77.4482	300.0	0.0	77.0	201.19891	680.0	0.0	100.0	100.0	176999	2826.705	609.27936	5456.184	-973.0554	-2839.7996	1308.4329	2596.6077666282654
119	12.666667	12.89272	40.0	0.0	13.0	7.81025	20.0	0.0	100.0	100.0	178499	2860.46	606.1973	5648.488	-589.5807	-2873.6746	1452.15	2620.06339097023
120	10.0	9.354143	30.0	0.0	5.0	9.219544	30.0	0.0	93.8125	100.0	179999	2902.5444	604.0075	5627.979	-1464.5946	-2917.09	1104.8047	2643.123924970627
121	10.666667	8.537499	30.0	0.0	12.0	11.661903	40.0	0.0	100.0	100.0	181499	2951.3923	596.399	5500.364	-787.6353	-2967.1763	1539.6183	2665.3894789218903
122	9.375	8.267973	20.0	0.0	12.0	10.770329	30.0	0.0	94.125	100.0	182999	3002.5127	579.96106	5450.411	-1385.9232	-3018.0347	1109.9083	2687.68417263031
123	7.3333335	6.798692	20.0	0.0	7.0	7.81025	20.0	0.0	100.0	100.0	184499	3048.7146	569.39154	5532.038	-1285.7251	-3062.762	1513.413	2710.741236925125
124	17.333334	18.061623	80.0	0.0	10.0	7.745967	20.0	0.0	100.0	100.0	185999	3080.199	561.853	5564.279	-1284.8438	-3093.2944	1519.9526	2732.9616718292236
125	15.333333	8.055364	30.0	0.0	19.0	11.357817	40.0	10.0	100.0	100.0	187499	3105.2532	552.2835	5474.3643	-1155.4341	-3117.896	1478.8315	2755.0142159461975
126	8.666667	8.844333	20.0	0.0	10.0	11.83216	30.0	0.0	100.0	100.0	188999	3129.3164	549.3322	5540.626	-635.6002	-3142.8547	1324.5109	2775.360100746155
127	11.333333	10.873005	30.0	0.0	12.0	8.717798	30.0	0.0	100.0	100.0	190499	3157.24	541.30493	5544.822	-873.7761	-3170.1384	1351.5428	2805.7033228874207
128	4.6666665	4.9888763	10.0	0.0	9.0	5.3851647	20.0	0.0	100.0	100.0	191999	3176.5012	534.9408	5492.9614	-1180.7607	-3188.688	1761.2141	2829.556786775589
129	10.0	8.164966	30.0	0.0	8.0	9.797959	30.0	0.0	100.0	100.0	193499	3194.9001	531.39935	5397.105	-1487.4354	-3207.0996	1322.8312	2854.2445347309113
130	5.625	7.88095	30.0	0.0	9.0	9.433981	30.0	0.0	94.0625	100.0	194999	3202.567	525.8411	5464.824	-816.6765	-3213.4287	1291.2871	2882.421509742737
131	12.0	8.326664	30.0	0.0	7.0	6.4031243	20.0	0.0	100.0	100.0	196499	3207.438	524.4507	5380.966	-813.86444	-3218.516	1610.007	2910.4746828079224
132	10.0	8.944272	30.0	0.0	14.0	12.806249	40.0	0.0	100.0	100.0	197999	3215.913	522.66846	5337.4785	-1424.9679	-3227.34	1027.2766	2933.2674996852875
133	6.6666665	5.962848	20.0	0.0	16.0	14.282857	50.0	0.0	100.0	100.0	199499	3227.279	522.762	5428.202	-1426.0848	-3239.05	1061.1204	2955.5445907115936
134	6.6666665	7.8881063	20.0	0.0	11.0	11.357817	30.0	0.0	100.0	100.0	200999	3240.3853	517.2453	5347.6714	-1259.5071	-3251.606	1174.1104	2978.5471637248993
135	12.666667	11.813363	40.0	0.0	11.0	8.306623	30.0	0.0	100.0	100.0	202499	3244.6313	510.60715	5500.5264	-1396.7621	-3255.646	1850.181	3001.1604375839233
136	11.333333	8.844333	30.0	0.0	8.0	7.483315	20.0	0.0	100.0	100.0	203999	3248.9353	506.8507	5311.5947	-1084.328	-3259.664	1305.0096	3023.0418388843536
137	10.0	12.110601	50.0	0.0	13.0	7.81025	30.0	0.0	100.0	100.0	205499	3253.8767	500.62268	5311.936	-1193.4902	-3265.1863	1324.2947	3045.807686805725
138	4.0	4.8989797	10.0	0.0	4.0	6.6332498	20.0	0.0	100.0	90.5	206999	3263.3242	498.43497	5265.276	-1053.4226	-3274.0786	1597.855	3069.018605709076
139	11.25	10.532687	30.0	0.0	9.0	7.0	20.0	0.0	94.25	100.0	208499	3266.1624	494.12253	5208.9365	-1532.4998	-3276.6516	1687.7122	3092.207943916321
140	10.666667	8.537499	30.0	0.0	11.0	9.433981	30.0	0.0	100.0	100.0	209999	3268.1086	488.5754	5248.979	-1176.5925	-3278.2153	1586.5645	3114.914860725403
141	13.333333	24.94438	100.0	0.0	11.0	11.357817	30.0	0.0	100.0	90.3	211499	3265.4329	485.37564	5180.695	-1002.57654	-3275.4253	1492.6423	3137.1542637348175
142	9.375	9.662266	30.0	0.0	10.0	11.83216	40.0	0.0	93.875	100.0	212999	3259.4534	479.8144	5147.8745	-1461.4213	-3269.2634	1557.1715	3159.878650903702
143	11.333333	9.568467	30.0	0.0	13.0	10.049875	30.0	0.0	100.0	90.9	214499	3256.1406	474.0784	5166.381	-833.0667	-3265.5793	968.74176	3182.1279697418213
144	6.6666665	6.992059	20.0	0.0	10.0	10.0	30.0	0.0	95.13333	90.5	215999	3253.3923	472.9991	5148.6704	-1193.0098	-3262.3875	1240.8975	3204.522234916687
145	9.333333	8.537499	30.0	0.0	9.0	5.3851647	20.0	0.0	100.0	100.0	217499	3247.0522	471.56088	5156.546	-1557.8171	-3256.228	1313.7828	3227.1634969711304
146	10.0	10.954452	30.0	0.0	14.0	8.0	20.0	0.0	100.0	100.0	218999	3241.949	467.98016	5056.175	-1954.6599	-3251.3193	1144.2446	3249.9415669441223
147	10.0	7.905694	30.0	0.0	8.0	7.483315	20.0	0.0	94.1875	100.0	220499	3236.438	461.9067	4997.7905	-1745.3363	-3246.1326	867.95215	3272.8346376419067
148	7.3333335	7.717224	30.0	0.0	12.0	17.20465	60.0	0.0	100.0	100.0	221999	3234.1997	454.29422	5030.3096	-1035.7908	-3243.643	1294.6522	3295.6119697093964
149	44.666668	119.37988	490.0	0.0	10.0	7.745967	20.0	0.0	100.0	100.0	223499	3231.147	451.92545	4982.7153	-1605.0487	-3240.5732	1047.4963	3319.9184699058533
150	16.666666	31.552425	130.0	0.0	8.0	6.0	20.0	0.0	100.0	100.0	224999	3226.9502	443.90704	4926.0093	-964.21265	-3235.91	844.06274	3342.999111890793
151	67.333336	201.50986	820.0	0.0	30.0	41.47288	150.0	0.0	100.0	100.0	226499	3220.1633	442.7418	4881.991	-1371.7129	-3228.6558	997.7503	3365.1796617507935
152	14.0	13.063946	50.0	0.0	6.0	8.0	20.0	0.0	100.0	100.0	227999	3209.2603	438.02234	4887.168	-882.19666	-3218.2563	1174.2253	3388.115714788437
153	18.666666	17.461067	50.0	0.0	23.0	43.60046	150.0	0.0	100.0	100.0	229499	3199.9624	431.83	4728.919	-960.229	-3207.8962	1089.4321	3409.9359817504883
154	12.0	13.759845	50.0	0.0	11.0	10.440307	30.0	0.0	100.0	100.0	230999	3186.0127	429.1059	4858.3896	-1271.663	-3194.2192	1700.9207	3440.204585790634
155	14.666667	12.036981	40.0	0.0	7.0	9.0	20.0	0.0	100.0	100.0	232499	3176.4197	425.14474	4751.42	-1171.0852	-3184.6194	1009.393	3465.6118977069855
156	12.666667	11.813363	50.0	0.0	9.0	14.456832	50.0	0.0	100.0	100.0	233999	3166.412	422.75034	4750.166	-1541.1775	-3173.9788	1553.1766	3487.6203117370605
157	16.0	14.51436	50.0	0.0	7.0	10.049875	30.0	0.0	100.0	100.0	235499	3155.641	418.76968	4685.5435	-1487.7069	-3163.8936	1016.986	3510.700637817383
158	11.333333	13.097922	50.0	0.0	9.0	9.433981	30.0	0.0	100.0	100.0	236999	3144.6265	411.7479	4663.3594	-1316.5056	-3153.4207	1137.9418	3533.513879776001
159	60.0	147.52118	580.0	0.0	9.0	12.206555	40.0	0.0	94.125	100.0	238499	3138.486	405.2945	4562.5493	-1755.9901	-3146.7776	1222.7878	3558.139148712158
160	10.0	12.110601	40.0	0.0	24.0	30.397367	110.0	0.0	100.0	100.0	239999	3127.1975	398.87802	4556.126	-1503.0735	-3135.1313	1104.038	3580.3765938282013
161	10.666667	12.892719	40.0	0.0	12.0	13.2664995	40.0	0.0	100.0	100.0	241499	3115.412	393.53802	4450.364	-1313.7903	-3123.3853	1078.2742	3603.336817741394
162	44.666668	96.7379	300.0	0.0	8.0	8.717798	20.0	0.0	100.0	100.0	242999	3100.098	387.62405	4569.7573	-1232.722	-3107.9087	1172.3192	3624.9718527793884
163	17.333334	23.513588	100.0	0.0	9.0	11.357817	30.0	0.0	100.0	100.0	244499	3088.2942	382.7096	4421.1606	-1265.8646	-3095.8086	1070.599	3646.55903172493
164	10.0	13.662601	40.0	0.0	6.0	8.0	20.0	0.0	100.0	100.0	245999	3072.7393	376.95844	4435.2544	-1341.771	-3080.212	1172.4308	3670.3929097652435
165	7.3333335	12.89272	50.0	0.0	77.0	194.88715	660.0	0.0	100.0	100.0	247499	3058.1565	373.35367	4322.7554	-1574.1901	-3065.3552	1241.2346	3690.6398169994354
166	52.0	132.42357	500.0	0.0	30.0	54.589375	190.0	0.0	100.0	100.0	248999	3037.6846	367.13654	4269.0703	-2230.855	-3044.6658	795.88214	3711.542462825775
167	63.333332	184.16177	750.0	0.0	23.0	28.653097	100.0	0.0	100.0	100.0	250499	3020.093	367.27634	4248.5283	-2353.009	-3027.6262	1274.1913	3731.8824677467346
168	70.666664	214.27292	870.0	0.0	27.0	71.281136	240.0	0.0	100.0	81.5	251999	3006.8374	362.79547	4364.7446	-1452.18	-3014.706	1131.9165	3759.7358667850494
169	4.0	6.1101007	20.0	0.0	59.0	163.79561	550.0	0.0	100.0	100.0	253499	2995.5303	361.49796	4208.107	-725.83185	-3004.0317	1321.9745	3784.348665714264
170	40.0	125.96296	510.0	0.0	17.0	26.476404	90.0	0.0	100.0	100.0	254999	2983.781	359.22763	4118.212	-1222.6357	-2991.738	1183.9248	3819.489376783371
171	82.666664	147.84978	470.0	0.0	6.0	10.198039	30.0	0.0	100.0	100.0	256499	2974.5244	358.1012	4097.479	-986.5173	-2982.62	1094.8247	3841.769539833069
172	62.666668	139.83167	550.0	0.0	5.0	5.0	10.0	0.0	100.0	100.0	257999	2962.0579	353.41397	4040.1216	-1883.8077	-2970.038	1099.8422	3864.7069597244263
173	2.0	4.0	10.0	0.0	19.0	33.896904	100.0	0.0	100.0	100.0	259499	2949.175	349.1156	3957.6462	-1132.2177	-2957.2866	1083.3738	3901.105280637741
174	10.0	12.110601	50.0	0.0	3.0	4.582576	10.0	0.0	100.0	96.2	260999	2938.6753	345.3491	3982.4749	-2001.4515	-2946.7827	1273.525	3922.4888768196106
175	64.666664	202.08467	820.0	0.0	11.0	13.747727	40.0	0.0	100.0	100.0	262499	2926.5698	343.94376	3960.6084	-1638.6259	-2934.3906	1228.0854	3950.7045238018036
176	12.666667	18.785336	50.0	0.0	6.0	10.198039	30.0	0.0	100.0	99.3	263999	2912.1733	342.78278	3829.2905	-1326.6251	-2920.071	1135.7864	3974.1347007751465
177	3.125	4.635124	10.0	0.0	29.0	29.816103	70.0	0.0	95.3125	100.0	265499	2898.1548	342.49484	3793.5425	-1380.242	-2906.3333	1238.5656	4007.9405858516693
178	21.333334	47.73073	190.0	0.0	60.0	156.84387	530.0	0.0	99.6	100.0	266999	2877.555	340.54425	3753.1006	-1037.1223	-2884.644	1035.8491	4030.5677268505096
179	2.6666667	4.4221663	10.0	0.0	15.0	29.068884	100.0	0.0	100.0	100.0	268499	2853.977	339.0064	3777.78	-1385.1353	-2860.7224	838.75885	4053.4592609405518
180	16.0	47.017727	190.0	0.0	3.0	4.582576	10.0	0.0	100.0	100.0	269999	2830.346	338.2862	3703.2593	-1548.9965	-2836.632	1242.107	4090.9581639766693
181	7.3333335	9.977753	30.0	0.0	13.0	15.524175	50.0	0.0	100.0	100.0	271499	2802.7852	333.61707	3666.4387	-2750.5967	-2808.791	1261.2843	4111.508752822876
182	7.3333335	11.813364	40.0	0.0	30.0	45.825756	130.0	0.0	100.0	100.0	272999	2771.7073	329.8182	3619.6873	-993.9918	-2777.518	887.06165	4129.02889084816
183	14.666667	19.275778	70.0	0.0	113.0	181.0	540.0	0.0	100.0	100.0	274499	2743.9924	329.77893	3610.0696	-1171.5438	-2749.9333	841.58624	4146.6546268463135
184	36.0	66.61331	250.0	0.0	7.0	11.874342	40.0	0.0	100.0	100.0	275999	2715.5425	325.57706	3599.133	-1304.3811	-2721.532	710.3845	4164.899055719376
185	13.333333	18.856182	70.0	0.0	7.0	7.81025	20.0	0.0	100.0	100.0	277499	2686.1443	324.49976	3510.0347	-873.806	-2691.4773	1007.9737	4183.445974826813
186	51.333332	111.46699	460.0	0.0	40.0	61.967735	190.0	0.0	100.0	100.0	278999	2656.5461	321.16687	3486.6375	-1255.0905	-2662.0098	663.0929	4202.744938611984
187	10.0	10.954452	30.0	0.0	34.0	80.64738	270.0	0.0	100.0	100.0	280499	2627.1125	318.0972	3440.5425	-899.96173	-2632.0417	811.553	4217.75775885582
188	10.0	20.976177	80.0	0.0	4.0	6.6332498	20.0	0.0	100.0	100.0	281999	2595.6873	316.60065	3425.24	-1213.0806	-2600.737	707.4892	4231.949120759964
189	26.666666	49.080425	180.0	0.0	35.0	60.7042	210.0	0.0	100.0	100.0	283499	2564.9526	314.66986	3429.0442	-1193.8224	-2569.8608	843.56366	4247.135605573654
190	17.333334	32.957886	130.0	0.0	14.0	35.832947	120.0	0.0	100.0	100.0	284999	2535.5518	310.27957	3396.2505	-983.1959	-2540.739	503.9705	4262.889663934708
191	11.333333	17.074999	70.0	0.0	5.0	9.219544	30.0	0.0	100.0	100.0	286499	2507.9648	306.19083	3375.2341	-1512.7494	-2512.756	811.80383	4279.063323736191
192	111.333336	239.4401	950.0	0.0	67.0	177.87917	600.0	0.0	100.0	100.0	287999	2478.2712	303.73688	3334.4478	-1472.1713	-2483.2664	683.33417	4295.968737602234
193	74.0	116.26407	400.0	0.0	105.0	282.17902	950.0	0.0	99.8	100.0	289499	2449.2073	300.6856	3305.9934	-1263.8188	-2453.664	573.0891	4312.158265829086
194	13.333333	19.88858	60.0	0.0	11.0	15.779734	40.0	0.0	100.0	100.0	290999	2424.9265	299.03424	3270.557	-1335.7896	-2430.0103	486.54376	4327.077202796936
195	27.333334	38.378235	120.0	0.0	6.0	9.165152	30.0	0.0	100.0	100.0	292499	2398.0352	296.89316	3229.3071	-1051.9384	-2403.0208	856.09564	4344.336945772171
196	16.0	26.78308	90.0	0.0	88.0	221.66641	750.0	0.0	100.0	100.0	293999	2373.5315	296.64474	3166.5925	-1636.7218	-2378.6448	624.6663	4359.505792617798
197	5.3333335	7.1802197	20.0	0.0	11.0	15.779734	50.0	0.0	100.0	100.0	295499	2350.2712	295.83527	3134.1125	-1336.9222	-2354.9822	537.8515	4374.9595856666565
198	20.625	33.997932	100.0	0.0	5.0	12.0415945	40.0	0.0	94.3125	100.0	296999	2326.3044	296.33005	3110.6477	-1236.217	-2331.169	808.8299	4390.893659830093
199	70.666664	152.16075	570.0	0.0	19.0	17.0	60.0	0.0	100.0	100.0	298499	2304.2776	294.4261	3079.5137	-782.184	-2309.0012	322.5221	4407.28071975708
200	19.333334	29.769484	120.0	0.0	53.0	136.16534	460.0	0.0	100.0	100.0	299999	2280.6965	294.86847	3076.6228	-2200.7961	-2285.309	507.4986	4423.266932964325
201	51.333332	123.01038	500.0	0.0	86.0	241.42079	810.0	0.0	100.0	90.1	301499	2255.2842	292.34583	3058.498	-1091.9136	-2259.9487	474.11533	4439.044480800629
202	52.0	117.14379	400.0	0.0	18.0	13.2664995	40.0	0.0	100.0	100.0	302999	2231.5486	290.8814	3060.9897	-1367.8295	-2235.9326	494.20184	4454.804329872131
203	18.0	16.812693	60.0	0.0	102.0	215.39731	710.0	0.0	100.0	100.0	304499	2204.934	291.03247	3059.3096	-1642.9417	-2209.0825	506.63116	4470.981064796448
204	6.0	8.0	20.0	0.0	160.0	292.0274	830.0	0.0	100.0	100.0	305999	2180.0457	290.57034	3055.219	-1219.8801	-2184.339	478.59216	4486.986620903015
205	30.666666	96.365036	390.0	0.0	186.0	304.83438	950.0	0.0	100.0	100.0	307499	2154.272	289.65335	3041.5237	-789.32916	-2158.526	704.2528	4502.637115716934
206	10.666667	17.688665	60.0	0.0	91.0	201.76471	690.0	0.0	100.0	100.0	308999	2131.419	289.86017	3023.8232	-1624.292	-2135.961	570.0268	4518.36314868927
207	21.333334	35.75223	140.0	0.0	91.0	215.79852	730.0	0.0	99.333336	100.0	310499	2108.64	286.98837	2999.0728	-771.04016	-2112.828	489.62582	4535.054130792618
208	30.666666	50.92042	190.0	0.0	10.0	23.66432	80.0	0.0	100.0	100.0	311999	2083.3171	284.6615	2977.8394	-2160.7437	-2087.2556	529.0563	4550.968460798264
209	21.333334	44.100895	170.0	0.0	97.0	215.45534	740.0	0.0	100.0	100.0	313499	2058.2034	284.07343	2941.3203	-1203.8098	-2062.1426	586.9734	4566.26896572113
210	44.0	94.43163	370.0	0.0	124.0	258.9672	890.0	0.0	100.0	100.0	314999	2030.4585	282.81357	2913.8525	-705.3618	-2034.478	456.8003	4580.82163977623
211	25.333334	34.227993	140.0	0.0	117.0	171.5838	460.0	0.0	100.0	100.0	316499	2006.5056	282.46222	2872.9365	-1629.4904	-2010.7906	572.9256	4595.286885738373
212	161.33333	262.09073	880.0	0.0	60.0	138.34738	470.0	0.0	100.0	100.0	317999	1982.9199	281.07007	2845.9678	-779.15906	-1987.2766	436.2915	4609.384523630142
213	12.0	21.969675	80.0	0.0	54.0	113.331375	380.0	0.0	100.0	100.0	319499	1961.4484	282.24783	2823.1333	-685.562	-1965.6746	369.13446	4623.54466176033
214	11.333333	21.561281	80.0	0.0	119.0	212.57704	690.0	0.0	100.0	100.0	320999	1939.2312	283.70767	2791.2598	-1180.2308	-1943.7446	404.80408	4638.246877908707
215	58.0	87.80281	310.0	0.0	60.0	113.49009	380.0	0.0	100.0	100.0	322499	1918.9777	285.13803	2744.5093	-776.7302	-1923.213	454.69095	4651.947169780731
216	63.333332	145.26605	580.0	0.0	23.0	33.18132	90.0	0.0	100.0	100.0	323999	1896.6124	287.53864	2710.795	-1122.5347	-1901.0033	500.46347	4666.304487943649
217	94.666664	186.75713	750.0	0.0	11.0	13.0	40.0	0.0	100.0	100.0	325499	1877.9379	288.7737	2683.0466	-1774.359	-1882.9337	517.2558	4680.422571659088
218	104.0	231.53978	840.0	0.0	159.0	203.54115	570.0	0.0	100.0	90.8	326999	1860.6766	291.9418	2656.5928	-1062.9901	-1865.247	339.44708	4694.520625829697
219	77.333336	115.5547	470.0	0.0	169.0	483.99277	1620.0	0.0	100.0	91.9	328499	1841.6775	295.72525	2651.8047	-1199.5679	-1846.4973	463.17868	4708.943359851837
220	196.25	274.97443	800.0	0.0	31.0	32.695564	90.0	0.0	93.375	100.0	329999	1825.687	298.50867	2652.6912	-542.8179	-1830.6267	300.59753	4722.842030763626
221	72.5	197.87938	830.0	0.0	17.0	28.653097	90.0	0.0	94.125	100.0	331499	1810.892	302.52646	2650.2395	-1190.9153	-1815.6687	399.80188	4737.138063907623
222	16.666666	22.410316	70.0	0.0	12.0	18.867962	60.0	0.0	100.0	90.1	332999	1794.3853	305.71353	2602.1306	-1271.7014	-1798.8026	496.85287	4750.69113779068
223	52.666668	106.987015	360.0	0.0	171.0	276.6749	920.0	0.0	100.0	100.0	334499	1774.8975	311.62137	2571.634	-1169.6804	-1779.5127	387.68787	4764.557590723038
224	56.666668	80.38795	250.0	0.0	20.0	20.0	60.0	0.0	100.0	100.0	335999	1759.0499	317.04602	2598.0212	-1534.9191	-1763.7025	387.42255	4778.7685697078705
225	57.333332	134.88103	420.0	0.0	56.0	84.166504	220.0	0.0	100.0	100.0	337499	1741.0879	322.23294	2563.0166	-1508.0192	-1745.461	318.56497	4793.791291713715
226	126.666664	209.43307	600.0	0.0	178.0	296.06757	870.0	0.0	100.0	100.0	338999	1725.0857	327.01926	2550.5205	-896.7634	-1730.1364	289.40314	4807.9092009067535
227	53.333332	94.28091	310.0	0.0	19.0	36.728737	110.0	0.0	100.0	100.0	340499	1714.698	333.29208	2522.1426	-1527.4429	-1719.415	321.99536	4821.768008947372
228	56.0	78.21339	280.0	0.0	252.0	479.37042	1530.0	0.0	100.0	100.0	341999	1701.9148	339.8065	2491.8584	-1076.0193	-1706.7103	338.68936	4836.816417694092
229	31.333334	52.51878	180.0	0.0	8.0	9.797959	30.0	0.0	100.0	100.0	343499	1688.385	347.30066	2466.3142	-687.8041	-1693.2704	323.187	4850.428565740585
230	12.0	31.453669	120.0	0.0	80.0	163.34013	560.0	0.0	100.0	100.0	344999	1676.8107	354.89484	2477.576	-1045.467	-1681.1683	354.77567	4864.424744844437
231	74.666664	122.901955	340.0	0.0	96.0	206.26196	710.0	0.0	100.0	100.0	346499	1664.1538	359.00317	2466.949	-1273.8912	-1669.0143	359.8589	4877.975910902023
232	22.0	51.01634	200.0	0.0	254.0	384.2187	910.0	0.0	100.0	100.0	347999	1654.8086	364.49323	2441.8018	-1168.3535	-1659.2946	294.62308	4891.721208810806
233	41.333332	69.461426	260.0	0.0	113.0	316.0079	1060.0	0.0	100.0	100.0	349499	1643.3593	368.70892	2427.1921	-1087.1986	-1648.284	305.3182	4905.231346845627
234	87.333336	203.77985	750.0	0.0	19.0	28.089144	90.0	0.0	100.0	90.3	350999	1633.8914	372.7911	2430.9048	-883.84503	-1638.3276	311.46634	4918.434537887573
235	180.0	325.22812	960.0	0.0	90.0	243.96721	820.0	0.0	100.0	100.0	352499	1622.4102	377.4656	2433.3389	-1324.8867	-1627.1285	297.506	4932.623393774033
236	105.333336	253.50522	840.0	0.0	153.0	419.6439	1410.0	0.0	100.0	100.0	353999	1612.7972	380.75058	2438.3022	-1051.4146	-1617.1183	334.65036	4946.498387813568
237	92.666664	175.51701	710.0	0.0	33.0	51.58488	150.0	0.0	100.0	100.0	355499	1600.5962	384.1185	2443.878	-1046.8259	-1604.719	354.30554	4960.226316690445
238	14.666667	28.487816	90.0	0.0	148.0	295.96622	850.0	0.0	100.0	100.0	356999	1589.3849	387.43457	2454.0737	-1412.0411	-1593.5712	317.68546	4974.001886844635
239	26.0	86.93292	350.0	0.0	43.0	60.835846	180.0	0.0	100.0	100.0	358499	1579.8724	390.25613	2450.2278	-976.35364	-1584.5077	328.9487	4987.538386821747
240	78.666664	199.99556	810.0	0.0	7.0	12.688578	40.0	0.0	100.0	100.0	359999	1572.6288	392.35745	2446.5002	-864.3387	-1576.8057	236.14056	5002.748846769333
241	79.333336	195.87297	780.0	0.0	103.0	277.27423	930.0	0.0	100.0	90.7	361499	1562.8982	396.27338	2451.3052	-942.362	-1567.4165	343.97653	5016.696049928665
242	76.0	234.54353	950.0	0.0	32.0	74.0	250.0	0.0	100.0	100.0	362999	1551.7589	399.31323	2448.707	-1899.4557	-1556.103	292.2608	5030.540385723114
243	102.0	231.34967	910.0	0.0	17.0	30.347982	90.0	0.0	100.0	100.0	364499	1542.9392	402.66187	2455.4336	-1285.8167	-1547.3859	298.12656	5044.359051704407
244	58.666668	101.1182	380.0	0.0	226.0	403.51456	1240.0	0.0	100.0	100.0	365999	1535.7155	403.7003	2454.3594	-1383.7184	-1540.0338	280.7464	5057.73419380188
245	112.0	225.03926	800.0	0.0	21.0	38.327538	130.0	0.0	100.0	100.0	367499	1528.1984	405.8594	2453.9834	-1291.5864	-1532.7797	304.41476	5071.060363769531
246	14.666667	25.263062	70.0	0.0	12.0	18.330303	40.0	0.0	100.0	100.0	368999	1521.3656	407.37808	2445.2258	-952.50653	-1525.3933	263.3965	5084.791952848434
247	138.66667	254.18803	820.0	0.0	63.0	153.16985	520.0	0.0	100.0	100.0	370499	1507.9491	411.27658	2474.3994	-1551.6958	-1512.105	291.74057	5098.5766887664795
248	92.0	166.58131	660.0	0.0	30.0	52.153618	150.0	0.0	100.0	100.0	371999	1499.7606	415.10007	2454.2605	-1029.6818	-1504.244	259.93246	5111.989218711853
249	80.0	184.57158	670.0	0.0	86.0	216.66563	730.0	0.0	100.0	93.0	373499	1489.2827	420.09274	2457.5693	-667.50525	-1493.7021	238.62231	5125.6217086315155
250	130.66667	296.36612	890.0	0.0	61.0	127.78497	420.0	0.0	100.0	100.0	374999	1481.9396	423.49368	2470.1465	-1231.4901	-1486.6776	231.2232	5139.038078784943
251	146.66667	263.02512	960.0	0.0	26.0	28.7054	70.0	0.0	100.0	100.0	376499	1471.9645	427.04962	2473.5552	-1422.4812	-1476.541	261.18518	5152.47177863121
252	37.333332	86.676926	340.0	0.0	34.0	63.435005	210.0	0.0	100.0	100.0	377999	1470.9835	430.2247	2498.5059	-912.92413	-1475.869	290.12296	5165.790275812149
253	168.66667	281.3507	830.0	0.0	296.0	426.4317	1380.0	0.0	100.0	100.0	379499	1461.9156	432.44437	2498.6907	-1850.132	-1466.639	311.5394	5179.146103620529
254	106.666664	206.22531	830.0	0.0	35.0	56.78908	180.0	0.0	100.0	100.0	380999	1453.4597	435.9502	2491.8062	-565.8279	-1458.0957	287.98666	5192.538861751556
255	18.666666	23.626728	80.0	0.0	244.0	382.96738	1050.0	0.0	100.0	100.0	382499	1444.7823	438.94995	2477.147	-1308.6788	-1449.5724	262.79813	5205.778683900833
256	60.0	112.19403	370.0	0.0	138.0	240.74052	770.0	0.0	93.8125	100.0	383999	1437.3013	442.5775	2480.6013	-1287.7571	-1442.4933	270.17487	5218.951135635376
257	74.0	170.87227	610.0	0.0	152.0	273.5617	780.0	0.0	100.0	100.0	385499	1432.9457	442.90176	2477.1128	-548.6481	-1438.188	239.58347	5232.279757738113
258	73.333336	212.34143	860.0	0.0	43.0	73.62744	250.0	0.0	100.0	100.0	386999	1426.5562	445.35077	2469.4998	-925.64886	-1431.7892	281.02884	5245.867667913437
259	41.333332	106.26173	410.0	0.0	113.0	242.15904	830.0	0.0	100.0	100.0	388499	1424.5612	447.54437	2460.487	-766.7545	-1429.223	227.69775	5259.165062904358
260	211.33333	298.54907	870.0	0.0	76.0	173.62027	590.0	0.0	100.0	100.0	389999	1414.4292	451.6904	2458.047	-1360.3225	-1419.1547	265.24118	5272.865298986435
261	81.333336	216.483	880.0	0.0	37.0	84.8587	290.0	0.0	100.0	100.0	391499	1405.6687	457.2394	2432.8108	-729.9308	-1410.5881	307.4005	5286.692012786865
262	90.666664	178.11856	650.0	0.0	22.0	32.496155	80.0	0.0	100.0	90.1	392999	1398.4535	461.29926	2409.2212	-767.86224	-1402.9142	315.955	5299.871768712997
263	77.333336	222.96387	900.0	0.0	4.0	6.6332498	20.0	0.0	100.0	100.0	394499	1388.5227	469.02652	2389.3186	-1105.0887	-1393.0361	314.5016	5313.195977926254
264	65.333336	223.39403	900.0	0.0	154.0	295.20163	810.0	0.0	100.0	100.0	395999	1376.3673	477.10193	2394.3494	-695.58276	-1381.5934	282.90503	5326.728363752365
265	131.33333	216.23651	720.0	0.0	180.0	301.264	830.0	0.0	100.0	100.0	397499	1372.2202	476.81747	2362.3542	-755.8899	-1377.8187	207.621	5340.2885546684265
266	196.66667	262.39072	740.0	0.0	15.0	28.01785	80.0	0.0	100.0	100.0	398999	1367.8832	479.9749	2350.8674	-646.3969	-1373.753	231.99112	5353.804037809372
267	168.66667	283.02808	860.0	0.0	54.0	111.373245	380.0	0.0	100.0	100.0	400499	1365.8762	480.58615	2334.8145	-836.1066	-1371.353	282.51788	5369.93860578537
268	6.6666665	18.499249	70.0	0.0	78.0	230.68593	770.0	0.0	100.0	100.0	401999	1359.848	483.36575	2318.878	-859.4714	-1365.7545	231.97658	5385.884135961533
269	174.0	303.64014	930.0	0.0	114.0	257.72855	880.0	0.0	100.0	100.0	403499	1360.5098	484.6572	2311.3445	-617.4212	-1366.4727	203.02855	5401.465419769287
270	124.0	276.08694	860.0	0.0	100.0	214.19617	710.0	0.0	100.0	100.0	404999	1358.743	487.36038	2289.8862	-1154.3354	-1364.6014	289.92554	5417.785196781158
271	106.666664	174.30498	580.0	0.0	14.0	20.09975	60.0	0.0	100.0	100.0	406499	1353.8623	488.1192	2283.0618	-625.68335	-1359.8391	231.17188	5433.045878648758
272	199.33333	328.25735	830.0	0.0	101.0	240.89209	820.0	0.0	100.0	100.0	407999	1350.0062	488.26675	2261.742	-807.77795	-1356.3704	268.20947	5449.171791791916
273	206.0	253.68747	790.0	0.0	59.0	89.157166	270.0	0.0	100.0	100.0	409499	1354.9169	485.2694	2253.5107	-699.862	-1361.1771	242.82246	5464.3607296943665
274	96.875	224.51945	800.0	0.0	35.0	105.0	350.0	0.0	93.8125	100.0	410999	1355.6862	485.54816	2234.0864	-843.35876	-1361.7688	317.30475	5480.453687667847
275	137.33333	257.87506	870.0	0.0	35.0	46.09772	130.0	0.0	100.0	100.0	412499	1353.3246	486.77448	2233.7883	-1357.4899	-1358.993	343.56702	5495.856405735016
276	176.66667	312.80807	940.0	0.0	152.0	298.05368	810.0	0.0	100.0	100.0	413999	1348.6791	488.36688	2215.9053	-894.7237	-1354.6136	211.77017	5511.460728645325
277	180.0	302.47867	930.0	0.0	127.0	265.48257	910.0	0.0	100.0	100.0	415499	1347.8074	491.14288	2229.8445	-706.33673	-1354.0557	229.994	5527.410804986954
278	89.333336	217.7603	710.0	0.0	16.0	28.0	80.0	0.0	100.0	100.0	416999	1346.9243	491.57095	2221.783	-896.8537	-1353.0726	274.11343	5543.825706720352
279	42.666668	82.41898	310.0	0.0	169.0	270.20178	680.0	0.0	100.0	100.0	418499	1347.7211	492.45303	2212.207	-1029.1748	-1354.1226	227.96791	5559.817701816559
280	87.333336	206.2512	780.0	0.0	253.0	297.75998	840.0	0.0	100.0	100.0	419999	1344.3734	493.72598	2219.4985	-1538.8175	-1350.5013	290.75494	5575.305507659912
281	82.666664	148.61435	540.0	0.0	124.0	248.44315	860.0	0.0	100.0	100.0	421499	1342.4436	495.47147	2217.0452	-758.2703	-1348.7299	239.00159	5591.194276809692
282	111.333336	272.418	890.0	0.0	107.0	250.88045	850.0	0.0	100.0	100.0	422999	1343.1166	497.2107	2208.953	-448.38593	-1349.302	253.63443	5608.489998817444
283	102.666664	211.26495	760.0	0.0	87.0	238.58122	800.0	0.0	100.0	100.0	424499	1341.1567	497.9867	2201.4678	-1079.5842	-1347.4768	246.91801	5623.705057621002
284	54.0	131.74724	500.0	0.0	76.0	214.99768	720.0	0.0	100.0	100.0	425999	1336.264	497.38315	2189.8298	-533.84247	-1342.6008	216.7614	5640.220677852631
285	48.0	169.00493	680.0	0.0	123.0	246.53802	810.0	0.0	100.0	100.0	427499	1340.5947	496.32034	2200.3013	-649.0388	-1347.4901	268.635	5656.743313789368
286	21.333334	35.938217	100.0	0.0	0.0	0.0	0.0	0.0	100.0	100.0	428999	1341.5704	493.05457	2209.206	-805.65857	-1348.0664	242.64713	5673.789670944214
287	26.666666	41.739937	160.0	0.0	162.0	293.86392	890.0	0.0	100.0	100.0	430499	1343.3145	490.76532	2230.1204	-691.161	-1349.6254	203.96562	5691.180660009384
288	57.333332	110.30059	370.0	0.0	117.0	267.3219	910.0	0.0	100.0	100.0	431999	1342.6035	492.71948	2244.044	-1058.8169	-1349.1897	272.75436	5707.774335861206
289	88.666664	153.61714	580.0	0.0	184.0	264.9604	710.0	0.0	100.0	100.0	433499	1343.7909	493.89642	2295.0269	-637.8254	-1350.3341	232.72897	5725.190430879593
290	144.66667	211.11977	730.0	0.0	104.0	257.8449	870.0	0.0	100.0	83.0	434999	1342.9929	492.8733	2270.153	-1025.6656	-1349.4542	304.3532	5742.541740655899
291	25.0	65.76473	270.0	0.0	92.0	238.23518	800.0	0.0	94.75	100.0	436499	1347.287	492.36655	2274.9932	-892.8943	-1353.8279	247.66754	5759.234575748444
292	109.333336	246.88638	940.0	0.0	104.0	244.26216	830.0	0.0	100.0	100.0	437999	1352.3223	492.81763	2295.4236	-966.12384	-1358.5886	266.12576	5776.114297866821
293	261.33334	321.86676	920.0	0.0	177.0	346.729	890.0	0.0	100.0	100.0	439499	1354.1796	494.4497	2306.54	-859.7029	-1360.7576	253.75224	5790.755817890167
294	28.666666	57.835014	200.0	0.0	63.0	81.24654	250.0	0.0	97.4	100.0	440999	1357.5433	496.3918	2318.8625	-878.2185	-1364.1311	323.76767	5805.323129892349
295	170.66667	313.9738	900.0	0.0	10.0	16.7332	50.0	0.0	100.0	100.0	442499	1362.7264	498.33844	2321.176	-812.2067	-1369.079	256.47476	5819.298680782318
296	53.333332	121.362625	490.0	0.0	202.0	325.10922	860.0	0.0	100.0	100.0	443999	1361.8036	500.32092	2329.8582	-788.2017	-1368.3617	279.89874	5833.319978713989
297	69.333336	161.05765	640.0	0.0	83.0	179.1117	590.0	0.0	100.0	100.0	445499	1363.8832	502.50748	2335.016	-701.89636	-1370.341	293.5822	5847.7965977191925
298	128.66667	196.8372	690.0	0.0	43.0	77.33692	260.0	0.0	100.0	100.0	446999	1370.3436	504.4439	2333.4312	-802.156	-1376.7976	246.69887	5861.880308866501
299	82.0	94.53042	260.0	0.0	164.0	300.70584	890.0	0.0	100.0	100.0	448499	1370.6168	503.95056	2339.5652	-237.06256	-1376.9602	205.12384	5875.895962715149
300	173.33333	256.66232	800.0	0.0	65.0	151.73991	500.0	0.0	100.0	100.0	449999	1373.2253	504.76154	2348.4585	-811.5586	-1379.4125	266.102	5889.902119874954
301	68.0	182.90982	740.0	0.0	174.0	202.88913	760.0	0.0	100.0	100.0	451499	1372.3973	505.46182	2336.431	-1052.3994	-1378.7086	275.64114	5903.843235731125
302	82.666664	178.30562	580.0	0.0	27.0	43.13931	140.0	0.0	100.0	100.0	452999	1375.7966	505.8061	2338.87	-413.7302	-1382.2466	276.33563	5917.687961816788
303	14.666667	30.739046	120.0	0.0	394.0	368.3531	1190.0	0.0	100.0	100.0	454499	1379.2253	505.7213	2333.6182	-799.2865	-1385.2493	226.7947	5931.549712896347
304	86.666664	192.51552	770.0	0.0	13.0	27.221315	90.0	0.0	100.0	100.0	455999	1378.2993	506.318	2341.263	-844.5749	-1384.3092	243.7931	5945.447402000427
305	103.333336	168.0344	640.0	0.0	42.0	69.685005	210.0	0.0	100.0	100.0	457499	1380.3102	507.8768	2336.2563	-1022.9386	-1386.571	262.3264	5966.077507734299
306	86.0	158.27402	480.0	0.0	94.0	230.9632	770.0	0.0	100.0	100.0	458999	1384.1819	508.65295	2350.4353	-761.797	-1390.2404	252.09882	5987.320103883743
307	142.66667	250.55847	930.0	0.0	217.0	508.6659	1730.0	0.0	100.0	100.0	460499	1384.0133	508.93967	2362.3035	-1263.6835	-1389.6954	290.55908	6006.4786376953125
308	82.0	218.08867	880.0	0.0	145.0	293.5728	980.0	0.0	100.0	100.0	461999	1384.7499	508.16962	2354.2642	-1036.405	-1390.848	228.42348	6024.55529499054
309	20.0	32.24903	110.0	0.0	56.0	114.90866	370.0	0.0	100.0	100.0	463499	1388.57	505.02286	2377.3284	-1301.21	-1394.7441	302.31876	6042.667492866516
310	126.0	222.97383	670.0	0.0	102.0	218.02753	730.0	0.0	100.0	100.0	464999	1391.3276	501.3518	2372.971	-679.16425	-1397.214	290.40155	6060.750642776489
311	124.666664	227.12305	740.0	0.0	24.0	30.397367	70.0	0.0	100.0	100.0	466499	1392.1252	498.57614	2377.677	-901.54315	-1397.494	283.4434	6079.137585878372
312	130.66667	250.50526	770.0	0.0	140.0	260.11536	820.0	0.0	100.0	100.0	467999	1384.3732	498.64844	2378.459	-569.2214	-1390.0792	215.62067	6097.584760665894
313	170.0	314.04883	860.0	0.0	24.0	46.946777	150.0	0.0	100.0	100.0	469499	1388.5043	495.49088	2394.121	-1265.3503	-1393.9298	233.47908	6115.76891875267
314	142.5	257.45145	890.0	0.0	153.0	227.68619	700.0	0.0	94.4375	100.0	470999	1385.6116	494.26465	2394.6926	-403.00848	-1391.292	368.4667	6133.803776741028
315	113.333336	254.209	910.0	0.0	158.0	301.65543	960.0	0.0	100.0	100.0	472499	1386.9271	492.06198	2396.657	-502.1316	-1392.4832	290.27655	6151.61700463295
316	100.625	180.12039	740.0	0.0	140.0	278.3523	930.0	0.0	94.3125	100.0	473999	1389.0732	489.56982	2409.8567	-750.8129	-1394.6958	287.76553	6169.8713285923
317	134.66667	221.38554	640.0	0.0	104.0	232.12927	790.0	0.0	100.0	100.0	475499	1389.768	488.1848	2408.0703	-769.32916	-1395.189	210.56729	6187.997656822205
318	94.0	155.72626	500.0	0.0	37.0	92.20087	310.0	0.0	100.0	100.0	476999	1391.7323	484.47137	2373.4856	-1050.9989	-1397.4769	243.40955	6207.00533080101
319	72.0	104.95713	370.0	0.0	46.0	96.04166	320.0	0.0	100.0	100.0	478499	1399.428	477.36072	2368.4736	-1750.0215	-1405.6843	273.6217	6226.145921707153
320	173.33333	286.46506	890.0	0.0	233.0	303.8108	880.0	0.0	100.0	100.0	479999	1406.8314	468.94284	2345.9329	-624.1443	-1412.1947	246.55005	6244.431490659714
321	132.0	231.6952	770.0	0.0	155.0	310.97427	830.0	0.0	100.0	100.0	481499	1410.7566	464.87802	2341.458	-958.7842	-1415.773	251.21936	6262.635578870773
322	207.33333	300.2547	910.0	0.0	24.0	50.239426	170.0	0.0	100.0	100.0	482999	1411.8319	460.65793	2314.9722	-1040.0656	-1416.7062	217.31354	6281.735318660736
323	205.33333	337.0631	970.0	0.0	254.0	322.8684	900.0	0.0	100.0	100.0	484499	1410.1161	460.8022	2312.499	-509.1106	-1414.9476	238.48009	6300.1641438007355
324	167.33333	246.481	790.0	0.0	14.0	28.0	70.0	0.0	100.0	100.0	485999	1409.9286	459.90497	2329.0276	-373.38647	-1414.729	215.33063	6318.351321697235
325	122.666664	247.93727	760.0	0.0	194.0	316.17084	850.0	0.0	100.0	100.0	487499	1412.2554	459.66626	2338.7832	-1091.5713	-1417.0293	222.92534	6337.58683681488
326	90.666664	188.55473	590.0	0.0	7.0	21.0	70.0	0.0	100.0	100.0	488999	1408.6736	459.58887	2345.4563	-1146.0804	-1413.2086	284.2568	6356.09170794487
327	245.33333	308.36917	880.0	0.0	92.0	253.13237	850.0	0.0	100.0	100.0	490499	1403.826	459.3042	2347.9043	-665.7433	-1408.8462	175.06845	6374.6350038051605
328	91.333336	207.938	800.0	0.0	41.0	71.05631	180.0	0.0	100.0	100.0	491999	1402.1736	460.5111	2349.894	-460.0427	-1406.9006	220.75392	6392.675435781479
329	170.0	258.66324	810.0	0.0	84.0	232.34457	780.0	0.0	100.0	100.0	493499	1401.1752	461.8383	2353.188	-640.1041	-1406.0356	242.24669	6411.124005794525
330	119.333336	227.7562	760.0	0.0	31.0	36.180103	110.0	0.0	100.0	94.3	494999	1399.4135	462.20535	2340.6045	-749.412	-1404.34	214.34682	6429.333971977234
331	222.0	338.23462	1010.0	0.0	71.0	174.83992	590.0	0.0	100.0	100.0	496499	1398.4027	464.20068	2352.4321	-658.10004	-1403.557	263.80463	6448.417162656784
332	142.0	263.7979	830.0	0.0	188.0	298.1208	790.0	0.0	100.0	100.0	497999	1395.0087	464.77002	2351.4062	-877.583	-1400.1747	222.31131	6466.432421922684
333	168.0	239.17079	800.0	0.0	299.0	363.02756	920.0	0.0	100.0	100.0	499499	1392.4352	464.81238	2345.0994	-452.35614	-1398.0542	216.2646	6484.75143289566
334	126.0	250.72694	980.0	0.0	289.0	496.1542	1650.0	0.0	100.0	92.5	500999	1397.6652	463.72986	2342.1272	-866.9134	-1403.1855	219.95357	6502.713104724884
335	97.333336	225.57973	790.0	0.0	425.0	446.43588	1360.0	0.0	100.0	100.0	502499	1397.5205	464.4859	2339.3843	-1192.2332	-1403.2299	254.11148	6521.039038896561
336	196.0	325.4699	960.0	0.0	103.0	246.29454	830.0	0.0	100.0	100.0	503999	1399.0901	465.6342	2337.335	-912.7815	-1404.7024	243.54703	6539.156224012375
337	198.66667	319.83054	880.0	0.0	33.0	46.054317	130.0	0.0	100.0	100.0	505499	1400.9387	465.3619	2332.39	-1253.4796	-1406.6986	275.03598	6557.435007810593
338	251.33333	327.73703	950.0	0.0	563.0	586.908	1800.0	0.0	100.0	100.0	506999	1403.791	461.76297	2327.615	-755.4236	-1409.7076	192.37	6576.375044822693
339	246.66667	344.4158	830.0	0.0	184.0	467.80765	1580.0	0.0	100.0	100.0	508499	1406.2148	460.8604	2331.5132	-628.52606	-1412.1456	199.26875	6594.612376689911
340	366.0	352.3218	870.0	0.0	220.0	329.363	910.0	0.0	100.0	100.0	509999	1409.2689	461.86017	2332.6877	-1085.6082	-1415.077	196.90569	6612.776305913925
341	141.25	282.77365	960.0	0.0	98.0	250.83063	840.0	0.0	93.8125	100.0	511499	1412.1987	464.8552	2328.9573	-722.9789	-1417.9567	243.5768	6630.930709600449
342	308.66666	335.59634	980.0	0.0	89.0	146.38647	450.0	0.0	100.0	100.0	512999	1413.3239	467.9948	2335.5742	-924.8465	-1419.4	211.78627	6649.698080778122
343	276.66666	317.02084	900.0	0.0	365.0	543.5117	1470.0	0.0	100.0	92.2	514499	1419.5042	468.01788	2340.386	-1136.8444	-1425.5328	231.21133	6667.814297676086
344	138.0	189.95439	590.0	0.0	243.0	262.68042	810.0	0.0	100.0	100.0	515999	1422.1152	466.08948	2331.8784	-1498.0731	-1428.1039	230.22874	6686.556733846664
345	197.33333	313.16592	840.0	0.0	177.0	319.50116	940.0	0.0	100.0	100.0	517499	1426.5762	466.1292	2340.583	-1045.8147	-1432.7047	278.86728	6705.9726185798645
346	374.0	298.03357	950.0	0.0	402.0	392.8562	970.0	0.0	100.0	90.1	518999	1429.6716	463.56378	2350.4233	-533.269	-1435.6682	209.39879	6723.991707801819
347	259.375	350.52582	930.0	0.0	189.0	360.7617	930.0	0.0	93.8125	100.0	520499	1436.7842	459.51605	2333.861	-794.00336	-1443.027	236.80858	6742.754771947861
348	113.333336	150.45117	480.0	0.0	91.0	157.50873	520.0	0.0	100.0	100.0	521999	1440.5023	455.91702	2332.4966	-1318.0181	-1446.7506	287.81378	6761.097441673279
349	186.66667	294.27124	940.0	0.0	325.0	469.98404	1460.0	0.0	100.0	100.0	523499	1443.3794	453.43008	2327.6443	-1069.069	-1449.3112	218.80763	6779.382782936096
350	6.0	12.0	30.0	0.0	294.0	463.53424	1560.0	0.0	100.0	100.0	524999	1448.2961	450.6773	2323.0593	-644.11615	-1454.223	215.51266	6797.861711740494
351	147.33333	274.11594	850.0	0.0	189.0	351.0399	890.0	0.0	100.0	100.0	526499	1448.8689	447.39362	2327.0762	-1526.3594	-1454.4694	248.27213	6817.6017417907715
352	332.0	362.035	940.0	0.0	369.0	541.9308	1560.0	0.0	100.0	100.0	527999	1449.9048	448.5268	2315.571	-352.55374	-1455.2877	201.27756	6836.217825651169
353	222.0	295.07513	900.0	0.0	170.0	390.0769	1320.0	0.0	100.0	95.8	529499	1452.0094	447.90353	2316.7114	-713.46533	-1457.669	303.96146	6854.930459737778
354	88.0	139.29346	500.0	0.0	210.0	443.89188	1520.0	0.0	100.0	100.0	530999	1451.633	447.62628	2319.6543	-910.90576	-1457.171	252.16638	6874.320199966431
355	154.66667	277.70166	870.0	0.0	217.0	296.58218	800.0	0.0	98.333336	100.0	532499	1452.2283	447.44287	2321.8733	-579.2244	-1457.8015	176.8798	6892.771638631821
356	120.0	240.18222	720.0	0.0	2.0	6.0	20.0	0.0	94.3125	100.0	533999	1449.1587	450.08627	2337.1404	-689.69775	-1454.4684	249.21344	6910.890274763107
357	100.0	189.91226	590.0	0.0	84.0	190.79832	650.0	0.0	100.0	100.0	535499	1451.7006	451.62393	2338.1453	-859.5258	-1457.2062	270.32114	6929.684741735458
358	161.33333	300.52994	830.0	0.0	235.0	448.06808	1370.0	0.0	100.0	100.0	536999	1450.0486	453.18454	2343.9124	-787.9272	-1455.3491	260.14743	6947.559277772903
359	172.0	264.58017	830.0	0.0	219.0	335.2745	780.0	0.0	100.0	100.0	538499	1452.2393	453.86032	2348.646	-467.0997	-1457.9387	220.65254	6965.718336582184
360	174.0	282.20087	830.0	0.0	29.0	44.373417	140.0	0.0	100.0	100.0	539999	1451.587	454.36157	2347.4836	-471.40088	-1457.0033	237.37927	6983.95911192894
361	176.0	297.07013	880.0	0.0	85.0	196.58331	650.0	0.0	100.0	100.0	541499	1452.8739	456.28006	2350.8254	-547.83545	-1458.3423	223.79315	7002.232221841812
362	238.125	322.78513	910.0	0.0	254.0	357.46887	920.0	0.0	96.25	100.0	542999	1453.4164	458.57608	2344.4375	-748.418	-1458.9832	210.94913	7020.250737905502
363	230.0	350.40927	1060.0	0.0	62.0	112.498886	360.0	0.0	100.0	100.0	544499	1455.014	460.52112	2343.5645	-1429.652	-1460.5232	232.52338	7038.465354681015
364	114.666664	232.69054	800.0	0.0	75.0	118.76447	410.0	0.0	100.0	100.0	545999	1454.1793	462.3115	2344.125	-483.97104	-1459.6427	267.328	7058.121049880981
365	368.0	399.90332	980.0	0.0	164.0	298.20126	820.0	0.0	100.0	100.0	547499	1454.1497	461.1486	2340.2651	-941.665	-1459.4247	310.40536	7076.64000582695
366	64.0	83.80931	260.0	0.0	109.0	272.4133	920.0	0.0	100.0	90.7	548999	1454.8424	462.97427	2339.5076	-1298.4109	-1460.4043	222.9497	7094.646934747696
367	190.66667	334.97195	960.0	0.0	135.0	231.3547	740.0	0.0	100.0	100.0	550499	1457.1536	464.6032	2340.084	-929.1995	-1462.8687	191.2298	7113.544088840485
368	362.0	357.0845	940.0	0.0	285.0	433.22626	1110.0	0.0	100.0	100.0	551999	1463.248	464.91583	2338.4536	-1425.3807	-1468.8035	242.68916	7132.8229949474335
369	125.333336	264.69772	840.0	0.0	297.0	427.55234	1280.0	0.0	100.0	100.0	553499	1461.0718	465.6565	2335.9678	-1178.1312	-1466.8087	233.36125	7153.356128692627
370	84.0	183.51384	640.0	0.0	297.0	399.6511	950.0	0.0	100.0	100.0	554999	1464.6211	464.11246	2338.4119	-537.61005	-1470.4166	228.86963	7170.4201447963715
371	178.0	308.46286	950.0	0.0	122.0	220.12724	730.0	0.0	100.0	100.0	556499	1472.2827	465.11502	2356.5525	-1057.2717	-1478.2494	380.5049	7185.061877012253
372	262.0	297.93063	780.0	0.0	154.0	294.31955	920.0	0.0	100.0	100.0	557999	1476.3401	463.18637	2362.531	-798.363	-1482.2823	469.46704	7199.342481851578
373	114.0	230.73216	760.0	0.0	58.0	80.09994	260.0	0.0	100.0	100.0	559499	1482.3147	464.07388	2359.819	-929.32056	-1487.8933	235.33383	7212.528039932251
374	262.66666	293.60898	750.0	0.0	241.0	267.86005	770.0	0.0	100.0	100.0	560999	1481.4023	465.9903	2370.6436	-400.95502	-1486.722	239.0774	7225.810423851013
375	149.33333	205.08427	730.0	0.0	304.0	407.01843	1160.0	0.0	100.0	100.0	562499	1484.5837	465.52097	2372.4778	-870.7406	-1489.7919	261.2476	7238.933939933777
376	140.0	243.66644	900.0	0.0	21.0	28.442924	80.0	0.0	100.0	100.0	563999	1482.5436	467.4566	2381.2336	-1227.1935	-1487.6057	260.40833	7252.257027864456
377	195.33333	297.11652	780.0	0.0	110.0	232.46506	790.0	0.0	100.0	100.0	565499	1484.2836	469.0516	2391.1982	-683.41736	-1489.4357	208.58662	7265.431017875671
378	241.33333	340.01697	950.0	0.0	206.0	344.50543	1190.0	0.0	100.0	100.0	566999	1483.181	471.87012	2388.5076	-584.73	-1488.367	203.82362	7278.771124839783
379	284.0	370.83328	870.0	0.0	86.0	175.56766	600.0	0.0	100.0	100.0	568499	1485.805	472.09537	2397.1487	-585.0024	-1490.9153	226.83467	7292.287870883942
380	106.666664	176.35822	610.0	0.0	238.0	370.0216	930.0	0.0	100.0	100.0	569999	1484.8342	474.54327	2401.454	-1188.1515	-1490.2797	272.81345	7305.57009267807
381	176.0	293.36667	790.0	0.0	385.0	421.00476	1230.0	0.0	100.0	100.0	571499	1488.8402	473.99326	2398.8965	-347.9233	-1494.243	202.14825	7318.845621585846
382	125.333336	248.69972	790.0	0.0	193.0	142.90207	440.0	0.0	100.0	100.0	572999	1489.9917	470.73557	2402.9055	-1033.697	-1495.3005	194.8368	7332.047100782394
383	240.0	329.5249	870.0	0.0	106.0	191.8958	660.0	0.0	100.0	100.0	574499	1495.0675	469.10547	2401.057	-605.585	-1500.2747	229.26056	7345.4342567920685
384	255.33333	322.50824	960.0	0.0	233.0	389.5138	1100.0	0.0	100.0	100.0	575999	1494.649	467.50543	2404.4	-487.11465	-1499.3755	195.34392	7358.66556763649
385	349.33334	404.13635	1020.0	0.0	522.0	555.3881	1670.0	0.0	100.0	100.0	577499	1494.684	468.66833	2410.077	-271.76312	-1499.6815	189.34602	7372.094119787216
386	331.33334	346.34985	870.0	0.0	242.0	319.83746	770.0	0.0	100.0	100.0	578999	1495.4098	470.64282	2409.9976	-1428.8984	-1500.3495	240.17192	7385.315772771835
387	361.33334	353.85245	970.0	0.0	196.0	411.9272	1400.0	0.0	100.0	100.0	580499	1499.1772	472.4947	2416.798	-591.84406	-1504.4807	256.5242	7398.729408025742
388	179.33333	325.83163	960.0	0.0	332.0	509.99606	1430.0	0.0	100.0	100.0	581999	1501.3496	474.4467	2425.9932	-858.6204	-1506.3544	219.68762	7412.082848787308
389	224.66667	317.17224	850.0	0.0	236.0	320.6618	890.0	0.0	100.0	100.0	583499	1504.9683	476.47385	2431.6416	-732.08606	-1510.1346	226.54817	7425.482806682587
390	418.0	433.66962	1020.0	0.0	408.0	395.5452	950.0	0.0	100.0	100.0	584999	1506.0642	477.6868	2432.3804	-422.33487	-1511.0823	245.18184	7438.760991573334
391	130.0	212.85364	790.0	0.0	294.0	336.48773	900.0	0.0	100.0	100.0	586499	1508.7478	481.92047	2439.3582	-1538.8746	-1513.898	271.0673	7452.202523946762
392	232.0	311.83755	780.0	0.0	579.0	550.735	1550.0	0.0	100.0	100.0	587999	1511.8168	482.60922	2444.3557	-642.2268	-1517.011	210.21996	7465.519766807556
393	361.33334	364.0305	860.0	0.0	310.0	329.87875	850.0	0.0	100.0	100.0	589499	1512.3995	485.15927	2452.1113	-367.41818	-1517.64	271.4374	7478.918705940247
394	172.66667	284.28778	800.0	0.0	397.0	518.2866	1530.0	0.0	100.0	100.0	590999	1514.8975	487.67517	2458.6738	-1282.8997	-1520.0553	276.634	7492.2542116642
395	206.66667	292.95428	820.0	0.0	347.0	605.162	1640.0	0.0	100.0	100.0	592499	1521.2566	487.02432	2463.4375	-649.28516	-1526.8042	209.58005	7505.63368678093
396	293.33334	304.5142	750.0	0.0	92.0	233.61507	790.0	0.0	100.0	90.1	593999	1523.4989	488.10092	2478.4854	-478.29037	-1528.7246	187.36363	7518.732350826263
397	357.33334	417.50797	1020.0	0.0	276.0	395.53003	960.0	0.0	100.0	100.0	595499	1528.321	492.11453	2479.78	-688.7738	-1533.678	191.43008	7532.165864944458
398	290.0	337.0262	950.0	0.0	262.0	377.22144	910.0	0.0	100.0	100.0	596999	1533.4272	495.0399	2491.1536	-789.6136	-1538.572	249.75674	7545.660329818726
399	122.666664	236.79715	790.0	0.0	206.0	243.77039	800.0	0.0	100.0	100.0	598499	1535.7494	496.88528	2499.3015	-1023.30005	-1540.6819	218.90958	7558.891392707825
400	81.333336	192.41853	780.0	0.0	332.0	519.0337	1450.0	0.0	100.0	100.0	599999	1535.7812	500.8799	2503.6592	-1133.9144	-1540.9524	192.176	7572.377009868622
401	294.0	363.86444	980.0	0.0	327.0	362.82364	840.0	0.0	100.0	100.0	601499	1540.3109	502.1679	2513.9016	-1564.1202	-1545.7865	286.93286	7585.863682746887
402	168.0	218.1498	720.0	0.0	220.0	322.39728	880.0	0.0	100.0	100.0	602999	1543.3534	502.5157	2519.3865	-880.5687	-1548.6577	235.7447	7598.968102931976
403	326.0	357.8044	990.0	0.0	365.0	405.46887	940.0	0.0	100.0	100.0	604499	1545.2467	501.6208	2515.5488	-1099.097	-1550.3193	209.88533	7612.366978645325
404	300.0	315.57355	850.0	0.0	306.0	477.91632	1500.0	0.0	100.0	100.0	605999	1547.1437	504.72653	2514.5146	-818.0068	-1552.1495	225.34067	7625.814278841019
405	348.66666	388.24164	990.0	0.0	549.0	651.00616	1670.0	0.0	100.0	100.0	607499	1548.7072	505.37192	2530.857	-945.0007	-1554.007	200.24338	7639.311335802078
406	398.66666	370.79855	920.0	0.0	409.0	334.40845	1060.0	0.0	100.0	100.0	608999	1553.8292	505.94382	2524.0613	-656.3945	-1559.2638	193.27414	7652.882129907608
407	240.0	332.0241	990.0	0.0	256.0	385.44	890.0	0.0	100.0	100.0	610499	1559.3982	509.30978	2531.212	-773.67633	-1564.5214	298.49832	7666.600309610367
408	222.0	293.6029	750.0	0.0	239.0	350.5838	910.0	0.0	100.0	100.0	611999	1560.0095	511.28476	2528.878	-1280.8444	-1565.1577	216.52939	7679.950531721115
409	220.66667	329.04846	890.0	0.0	433.0	407.26035	1000.0	0.0	100.0	100.0	613499	1561.7455	512.9529	2537.9207	-425.04346	-1567.0242	198.19429	7693.430013895035
410	329.33334	378.76053	990.0	0.0	340.0	570.9641	1490.0	0.0	100.0	100.0	614999	1564.3835	514.7705	2540.2874	-454.93677	-1569.6495	213.26292	7706.662398815155
411	120.666664	239.48462	900.0	0.0	321.0	503.1789	1580.0	0.0	100.0	100.0	616499	1565.5001	515.5234	2547.1384	-330.5402	-1570.859	232.4283	7719.788740873337
412	326.66666	380.74783	950.0	0.0	372.0	433.93088	1210.0	0.0	100.0	100.0	617999	1566.404	516.6331	2557.7075	-400.49878	-1571.9946	181.27205	7733.096539735794
413	311.33334	388.75644	960.0	0.0	261.0	459.48776	1360.0	0.0	100.0	100.0	619499	1572.8193	515.26715	2567.1218	-746.2385	-1578.1516	212.71217	7746.534003973007
414	266.66666	348.66733	830.0	0.0	334.0	510.8072	1650.0	0.0	100.0	100.0	620999	1575.548	517.247	2576.5464	-673.01	-1580.9486	266.04678	7760.085444688797
415	224.66667	316.24603	860.0	0.0	458.0	541.21716	1630.0	0.0	100.0	100.0	622499	1579.6027	517.6047	2580.726	-1025.5033	-1585.3247	255.13481	7773.736009836197
416	260.66666	345.53278	1050.0	0.0	380.0	391.58652	930.0	0.0	100.0	100.0	623999	1582.6082	516.5381	2583.7085	-554.5593	-1588.3445	198.35435	7787.973516702652
417	363.33334	381.36014	840.0	0.0	321.0	388.41858	910.0	0.0	100.0	100.0	625499	1587.0416	516.7728	2599.3184	-1129.5867	-1592.5947	249.12573	7801.900604963303
418	336.66666	372.10513	940.0	0.0	546.0	380.87268	980.0	10.0	100.0	100.0	626999	1594.6251	514.90564	2604.8567	-1355.9858	-1600.454	243.02457	7815.513769865036
419	202.66667	318.10828	900.0	0.0	78.0	234.0	780.0	0.0	100.0	100.0	628499	1598.9478	513.80084	2603.9314	-902.44293	-1604.493	255.70673	7828.879061698914
420	161.25	246.87738	660.0	0.0	144.0	263.06653	870.0	0.0	95.8125	100.0	629999	1601.9447	512.9872	2603.729	-552.2855	-1607.4052	242.13498	7842.484531879425
421	443.33334	375.405	940.0	0.0	87.0	231.56209	780.0	0.0	100.0	100.0	631499	1606.409	512.65704	2607.6492	-687.7427	-1611.9525	246.73471	7855.791219949722
422	236.0	340.2313	980.0	0.0	187.0	310.83917	810.0	0.0	100.0	100.0	632999	1609.7451	511.36304	2610.2097	-1003.1644	-1615.2654	206.59654	7869.1250586509705
423	198.66667	316.22498	840.0	0.0	239.0	340.04263	880.0	0.0	100.0	100.0	634499	1613.3833	510.25146	2617.182	-1466.5748	-1619.0962	303.94672	7882.613034725189
424	252.0	351.1353	980.0	0.0	317.0	512.27045	1490.0	0.0	100.0	100.0	635999	1622.3445	508.83646	2621.992	-457.74142	-1627.8014	270.00946	7896.135669708252
425	216.0	236.75023	740.0	0.0	309.0	358.98328	840.0	0.0	100.0	100.0	637499	1622.1006	509.6133	2626.955	-782.77966	-1627.4476	231.0853	7909.621627807617
426	255.33333	293.39093	850.0	0.0	182.0	287.22116	880.0	0.0	100.0	100.0	638999	1624.6423	511.30478	2632.6665	-710.5178	-1629.8849	243.34119	7922.817155838013
427	200.66667	296.63596	990.0	0.0	280.0	407.48007	950.0	0.0	100.0	100.0	640499	1629.7754	511.2431	2634.8054	-1037.5171	-1635.4875	238.49338	7936.135249853134
428	99.333336	197.66864	800.0	0.0	268.0	475.32727	1540.0	0.0	100.0	100.0	641999	1638.0021	510.98108	2635.3328	-415.9065	-1643.359	262.66586	7949.702496767044
429	321.33334	372.57422	880.0	0.0	398.0	425.48325	950.0	0.0	100.0	100.0	643499	1641.9655	509.41852	2640.3618	-636.441	-1647.5931	275.11084	7963.0412628650665
430	302.66666	346.72693	1090.0	0.0	343.0	493.78235	1410.0	0.0	100.0	100.0	644999	1644.9407	510.27905	2656.0298	-518.55206	-1650.0674	249.33337	7976.462889909744
431	408.0	397.83078	960.0	0.0	114.0	281.04092	940.0	0.0	100.0	100.0	646499	1650.0212	511.5647	2655.8948	-434.41333	-1655.3157	222.65459	7990.085650920868
432	258.0	357.8305	1030.0	0.0	398.0	361.5467	890.0	0.0	100.0	100.0	647999	1649.5916	511.2245	2646.9248	-835.1899	-1654.683	237.87944	8003.447956800461
433	278.0	320.44135	950.0	0.0	438.0	418.82693	920.0	0.0	100.0	100.0	649499	1652.8754	508.55374	2654.8242	-598.89136	-1657.75	199.2752	8016.950370788574
434	234.0	328.26413	1040.0	0.0	376.0	352.511	890.0	0.0	100.0	100.0	650999	1648.9167	507.76486	2650.4766	-733.2242	-1653.4547	217.67244	8030.472215652466
435	173.33333	269.7571	690.0	0.0	268.0	478.99478	1520.0	0.0	100.0	90.1	652499	1650.5631	505.11728	2628.662	-1002.50366	-1655.4855	255.65778	8043.725870847702
436	501.33334	392.30713	990.0	0.0	425.0	574.58246	1620.0	0.0	100.0	92.7	653999	1648.2211	502.5631	2623.5762	-626.22614	-1653.2216	223.12473	8056.886954784393
437	241.33333	281.44547	890.0	0.0	196.0	315.56934	820.0	0.0	100.0	100.0	655499	1653.7595	499.15564	2611.8843	-170.81712	-1658.584	220.3373	8070.2218408584595
438	248.66667	324.71252	850.0	0.0	332.0	510.3293	1500.0	0.0	100.0	100.0	656999	1651.5066	496.48785	2604.278	-846.08276	-1656.1418	262.4975	8083.528995752335
439	183.33333	300.68073	940.0	0.0	391.0	386.66394	1180.0	10.0	100.0	100.0	658499	1654.3645	493.66553	2591.9807	-527.64886	-1659.2625	202.06969	8096.862228870392
440	160.0	279.3564	850.0	0.0	380.0	399.9	940.0	0.0	100.0	100.0	659999	1655.1268	490.05182	2582.5215	-767.53094	-1660.2769	251.13092	8110.395411968231
441	252.66667	345.26257	940.0	0.0	213.0	316.13446	850.0	0.0	100.0	100.0	661499	1658.068	486.112	2569.1426	-513.5961	-1663.0306	221.89221	8123.708895683289
442	325.33334	241.46404	780.0	0.0	205.0	452.68643	1510.0	0.0	100.0	100.0	662999	1657.9943	483.36945	2560.8035	-838.68085	-1663.0005	265.73633	8137.649369716644
443	258.66666	338.16895	900.0	0.0	402.0	493.79752	1550.0	0.0	100.0	100.0	664499	1664.1453	479.20004	2559.0823	-559.49994	-1669.0516	273.76315	8151.304697751999
444	246.66667	250.90945	700.0	0.0	158.0	277.58963	950.0	0.0	100.0	100.0	665999	1666.0569	478.92938	2553.7146	-708.65094	-1671.369	285.62674	8164.824070930481
445	172.5	260.4923	780.0	0.0	427.0	587.0954	1800.0	0.0	93.9375	100.0	667499	1670.6643	477.17914	2554.2903	-892.8318	-1675.952	299.41437	8178.236069917679
446	300.0	351.54895	980.0	0.0	335.0	483.61658	1530.0	0.0	100.0	100.0	668999	1675.7648	476.6957	2556.1208	-438.48578	-1681.1094	226.70659	8191.7023668289185
447	284.66666	336.70694	900.0	0.0	424.0	347.74127	880.0	0.0	100.0	100.0	670499	1683.0486	474.5504	2557.3652	-581.8769	-1688.2897	255.70084	8205.286983966827
448	352.66666	401.53818	940.0	0.0	262.0	339.61154	1090.0	0.0	100.0	100.0	671999	1688.1859	473.8085	2562.6821	-1259.5487	-1693.7587	273.29446	8218.600937843323
449	458.66666	378.27444	980.0	0.0	116.0	288.17355	970.0	0.0	100.0	100.0	673499	1695.6255	472.66208	2580.3572	-660.867	-1701.2537	296.31647	8232.072564840317
450	226.0	248.02687	730.0	0.0	184.0	348.861	910.0	0.0	100.0	100.0	674999	1701.7776	471.88837	2582.4678	-1016.2767	-1707.3726	280.53543	8245.365151643753
451	225.33333	252.05467	780.0	0.0	238.0	480.87006	1600.0	0.0	100.0	100.0	676499	1709.3552	468.08804	2588.5823	-748.98553	-1715.0457	255.92313	8259.076105833054
452	246.66667	284.94833	1020.0	0.0	426.0	654.816	1670.0	0.0	100.0	100.0	677999	1717.5164	465.5662	2607.1423	-577.2079	-1723.2213	286.38226	8272.998349666595
453	151.33333	244.26396	760.0	0.0	264.0	486.0288	1650.0	0.0	100.0	100.0	679499	1725.189	462.39682	2608.0098	-692.0166	-1731.0333	286.30032	8286.530547857285
454	408.66666	347.96298	950.0	0.0	399.0	533.60004	1680.0	0.0	100.0	100.0	680999	1732.4332	459.21625	2609.6821	-349.456	-1738.3142	256.9862	8300.390851736069
455	128.66667	215.86623	760.0	0.0	165.0	292.44656	900.0	0.0	93.6	92.3	682499	1740.7476	455.94955	2612.9485	-678.6571	-1746.7094	288.44882	8313.653406858444
456	370.0	367.76804	980.0	0.0	258.0	334.4787	870.0	0.0	100.0	100.0	683999	1745.8947	453.73495	2610.9814	-739.13885	-1751.4363	340.56924	8327.095258712769
457	434.66666	375.2842	970.0	0.0	309.0	363.413	910.0	0.0	100.0	100.0	685499	1750.8202	451.06744	2616.749	-471.7663	-1756.4082	284.70126	8340.698995828629
458	247.33333	247.34502	760.0	0.0	273.0	514.04376	1670.0	0.0	100.0	100.0	686999	1755.0394	445.50696	2619.5247	-639.9027	-1760.6989	299.89905	8354.021522760391
459	136.0	202.47798	630.0	0.0	102.0	126.3962	340.0	0.0	100.0	100.0	688499	1757.6104	443.95276	2631.286	-656.4358	-1763.1783	242.34154	8367.505104780197
460	320.0	331.21997	870.0	0.0	347.0	390.41132	930.0	0.0	100.0	100.0	689999	1760.5967	441.7823	2650.0947	-1418.8373	-1766.408	303.92142	8381.058317661285
461	330.0	373.70218	980.0	0.0	196.0	257.4568	880.0	0.0	100.0	100.0	691499	1765.8907	439.9495	2652.7007	-1282.5486	-1771.844	296.09195	8394.570118904114
462	204.66667	283.26355	820.0	0.0	265.0	407.6089	950.0	0.0	100.0	100.0	692999	1771.546	440.52914	2656.3738	-703.8873	-1777.5293	271.01257	8407.88372373581
463	228.0	339.86664	950.0	0.0	373.0	389.64215	970.0	0.0	100.0	100.0	694499	1776.668	441.14944	2662.332	-1140.3585	-1782.705	330.3172	8421.314034938812
464	386.66666	338.93298	880.0	0.0	371.0	502.90057	1620.0	0.0	100.0	100.0	695999	1778.4856	443.4318	2662.0325	-557.45526	-1784.6411	301.4251	8434.68010878563
465	252.0	323.69122	870.0	0.0	252.0	317.48386	790.0	0.0	100.0	100.0	697499	1786.432	443.5957	2653.836	-568.38055	-1792.8347	270.25677	8448.12191581726
466	286.66666	273.60962	790.0	0.0	351.0	360.98337	880.0	0.0	100.0	96.2	698999	1792.4668	443.62198	2664.1208	-946.2978	-1798.6719	288.41455	8461.462588787079
467	255.33333	366.93082	970.0	0.0	228.0	279.52817	750.0	0.0	100.0	100.0	700499	1797.2915	443.50632	2659.3542	-1277.671	-1803.7047	296.77338	8474.79938173294
468	498.0	401.7329	940.0	0.0	156.0	247.11131	750.0	0.0	100.0	100.0	701999	1800.9642	442.1491	2653.4983	-130.03719	-1807.1824	318.69208	8488.063001871109
469	337.33334	368.8083	950.0	0.0	352.0	536.3544	1640.0	0.0	100.0	100.0	703499	1807.1038	440.25455	2655.2166	-870.4208	-1813.4867	280.58066	8501.917685747147
470	286.0	326.32907	840.0	0.0	223.0	411.97208	1270.0	0.0	100.0	100.0	704999	1812.7002	437.26666	2660.2976	-486.01303	-1818.8965	238.3146	8515.281035661697
471	218.66667	287.35266	820.0	0.0	171.0	306.34784	820.0	0.0	100.0	100.0	706499	1819.4208	434.83563	2656.4685	169.89952	-1825.8076	274.47067	8528.554097890854
472	478.66666	372.30573	890.0	0.0	595.0	614.93494	1620.0	0.0	100.0	100.0	707999	1825.2599	431.76147	2655.5059	-671.00885	-1831.6249	276.20657	8542.656722784042
473	361.33334	347.21494	1010.0	0.0	267.0	359.91806	890.0	0.0	100.0	100.0	709499	1831.0681	428.16574	2645.6416	-191.45074	-1837.4784	253.8	8556.286484956741
474	141.875	263.9654	950.0	0.0	425.0	493.0365	1260.0	0.0	94.125	100.0	710999	1833.3047	426.67416	2666.269	-332.18756	-1839.4707	295.55045	8570.40966463089
475	247.5	317.3031	1000.0	0.0	184.0	304.63748	840.0	0.0	93.8125	100.0	712499	1837.6655	425.1058	2662.8752	-375.36792	-1843.8947	253.63863	8584.374290943146
476	318.66666	319.87222	900.0	0.0	355.0	385.4413	1020.0	0.0	100.0	100.0	713999	1840.4697	423.5625	2665.4807	-1181.565	-1846.839	309.5712	8598.327352762222
477	454.0	375.33627	990.0	0.0	284.0	401.82584	910.0	0.0	100.0	100.0	715499	1847.7758	418.8887	2674.1187	-66.340645	-1854.1838	265.8505	8612.49260687828
478	236.66667	288.55194	840.0	0.0	395.0	466.91006	1320.0	0.0	100.0	90.9	716999	1848.8179	413.81906	2673.671	-86.155975	-1854.9795	181.99716	8626.422394752502
479	356.0	348.88013	930.0	0.0	300.0	342.02338	860.0	0.0	100.0	100.0	718499	1851.6875	411.3357	2675.2776	-553.13855	-1857.561	219.08153	8639.689137935638
480	518.6667	401.5946	1030.0	0.0	273.0	357.74432	890.0	0.0	100.0	100.0	719999	1851.7238	410.71912	2670.7412	129.80269	-1857.7654	181.67001	8653.163131713867
481	583.3333	400.2777	1030.0	0.0	934.0	544.54016	1770.0	0.0	100.0	100.0	721499	1855.8582	407.27448	2676.7551	-1123.6294	-1861.7927	220.0665	8666.400748729706
482	332.0	337.52432	890.0	0.0	190.0	349.6284	940.0	0.0	100.0	100.0	722999	1856.86	405.29736	2660.6165	-684.3709	-1862.8663	225.01227	8679.590391635895
483	224.0	218.56502	800.0	0.0	545.0	538.6325	1270.0	0.0	100.0	100.0	724499	1856.2985	401.86563	2645.9915	-392.83218	-1862.0903	226.18263	8692.997828722
484	229.33333	265.66815	950.0	0.0	434.0	452.61905	1200.0	0.0	100.0	100.0	725999	1858.47	397.72302	2644.7842	-1049.206	-1864.6115	253.68362	8706.313889741898
485	448.0	371.73825	920.0	0.0	478.0	563.80493	1490.0	0.0	100.0	100.0	727499	1859.2264	392.74985	2628.0576	-386.48776	-1865.362	241.10158	8719.637000799179
486	341.33334	349.66397	930.0	0.0	439.0	403.04962	950.0	0.0	100.0	100.0	728999	1860.3898	390.21594	2627.3882	-139.08287	-1866.1173	294.3085	8733.0161049366
487	478.66666	378.3273	930.0	0.0	751.0	656.9087	1700.0	0.0	100.0	100.0	730499	1861.7869	386.78873	2625.342	-69.6845	-1867.4567	216.21742	8746.743992805481
488	636.0	351.29855	990.0	0.0	662.0	701.55255	1690.0	0.0	100.0	100.0	731999	1863.2465	386.2884	2619.5322	188.31992	-1869.1787	204.72578	8760.115194797516
489	426.0	319.87082	920.0	0.0	349.0	481.2785	1460.0	0.0	100.0	100.0	733499	1865.4453	381.84042	2621.815	158.78958	-1871.435	265.32434	8773.506039619446
490	505.33334	389.57867	980.0	0.0	283.0	448.57663	1450.0	0.0	100.0	100.0	734999	1869.8927	379.9609	2616.3274	-614.98706	-1876.0562	206.61475	8786.919497966766
491	519.3333	351.5009	960.0	0.0	364.0	363.68118	850.0	0.0	100.0	100.0	736499	1875.247	376.8411	2614.0627	-100.11563	-1881.3577	266.52225	8800.454671859741
492	474.0	320.2249	990.0	0.0	566.0	453.54602	1200.0	0.0	100.0	100.0	737999	1880.1943	375.53122	2613.3364	-48.003338	-1886.0895	224.2862	8813.991644859314
493	378.0	372.22214	920.0	0.0	495.0	617.7904	1690.0	0.0	100.0	100.0	739499	1880.5453	374.5834	2610.0557	-1695.2318	-1886.4279	229.66809	8827.446692705154
494	494.0	314.61722	920.0	0.0	479.0	561.95105	1570.0	0.0	100.0	100.0	740999	1886.0708	373.58722	2616.1086	-296.4458	-1892.2026	212.49396	8841.120286941528
495	496.66666	325.61057	940.0	0.0	397.0	392.60794	950.0	0.0	100.0	100.0	742499	1887.9714	372.94214	2613.171	-614.5049	-1894.306	232.1543	8854.477064847946
496	296.0	298.07828	810.0	0.0	148.0	234.9383	800.0	0.0	100.0	100.0	743999	1897.7521	370.42337	2615.4272	-736.20703	-1904.2081	280.2375	8868.417532920837
497	316.66666	359.6418	910.0	0.0	356.0	509.90588	1620.0	0.0	100.0	100.0	745499	1903.0543	368.9682	2627.4783	628.1168	-1909.4951	193.205	8881.74716591835
498	421.33334	380.82135	1000.0	0.0	534.0	586.2969	1710.0	0.0	100.0	100.0	746999	1908.7479	368.91843	2619.2483	-221.20518	-1914.8822	293.55078	8895.10481262207
499	464.0	403.28317	980.0	0.0	255.0	365.10956	970.0	0.0	100.0	100.0	748499	1915.4972	370.18472	2627.813	-1224.0902	-1921.948	238.69228	8908.489081859589
500	333.125	360.44623	920.0	0.0	493.0	531.828	1600.0	0.0	94.0625	100.0	749999	1924.5284	368.63913	2632.5793	-181.14026	-1931.3936	307.68195	8921.69008898735
