Epoch	AverageEpRet	StdEpRet	MaxEpRet	MinEpRet	AverageTestEpRet	StdTestEpRet	MaxTestEpRet	MinTestEpRet	EpLen	TestEpLen	TotalEnvInteracts	AverageQ1Vals	StdQ1Vals	MaxQ1Vals	MinQ1Vals	AverageQ2Vals	StdQ2Vals	MaxQ2Vals	MinQ2Vals	LossPi	LossQ	Time
1	-492.13315	3.3456547	-486.19397	-498.45563	-478.97256	20.49499	-431.6636	-500.59912	100.0	100.0	1499	-6.019245	1.9659239	0.023974575	-10.319974	-6.0804696	1.8612574	-0.07859849	-10.161344	5.7882814	3.4402242	5.504014015197754
2	-493.42535	4.912059	-485.57712	-502.40536	-474.78345	14.483238	-447.0665	-495.82346	100.0	100.0	2999	-14.8067665	3.9156878	-7.1412096	-23.758087	-14.807756	3.9137728	-7.222184	-24.05373	14.631024	0.14581586	14.936676025390625
3	-490.37234	6.397976	-472.6708	-499.7429	-477.21997	16.764643	-446.83823	-494.10675	100.0	100.0	4499	-27.899666	3.6518223	-19.982172	-36.890644	-27.89974	3.6516178	-20.029978	-36.823784	27.76424	0.16288511	24.83562707901001
4	-490.15585	6.0092616	-476.48373	-500.72818	-481.62018	12.821618	-447.799	-494.46573	100.0	100.0	5999	-39.47673	3.1904407	-32.05567	-47.62429	-39.4768	3.1911068	-31.977083	-47.441685	39.343754	0.20268257	34.495765924453735
5	-490.91504	3.6835697	-483.12094	-497.80038	-482.5125	18.472914	-430.54794	-495.66354	100.0	100.0	7499	-49.349705	2.746893	-42.28139	-60.025837	-49.3496	2.7486486	-41.8991	-60.13217	49.215027	0.24523267	44.010128021240234
6	-492.45215	4.8172984	-477.96347	-499.30692	-483.03677	9.817341	-461.58585	-495.82617	100.0	100.0	8999	-57.66609	2.3613613	-51.28426	-67.28919	-57.666065	2.3632576	-51.525738	-67.21997	57.5345	0.27080545	53.7203152179718
7	-486.4791	10.054235	-459.08908	-498.34756	-479.29474	11.583535	-454.25424	-496.0168	100.0	100.0	10499	-64.64556	2.0468953	-59.06026	-73.42501	-64.64575	2.0484807	-58.92898	-73.60888	64.520325	0.2914877	63.33184099197388
8	-472.78528	19.91621	-419.89932	-495.3252	-463.31436	12.875499	-447.6787	-487.96655	100.0	100.0	11999	-70.4226	1.7345067	-65.25669	-78.483376	-70.42249	1.7377759	-64.92922	-78.82934	70.307976	0.28795508	73.81617498397827
9	-476.74854	19.250988	-424.94757	-497.26318	-469.30502	15.678404	-427.0982	-486.47903	100.0	100.0	13499	-75.11412	1.5362787	-70.57282	-83.50282	-75.11399	1.5424032	-70.32578	-82.85464	75.00651	0.29665178	84.05327010154724
10	-472.94858	13.453195	-438.66592	-486.7196	-474.44354	11.887474	-453.1704	-496.02264	100.0	100.0	14999	-78.973015	1.438877	-74.611916	-87.071594	-78.97305	1.4445039	-74.549034	-87.3003	78.86045	0.31131244	93.70403504371643
11	-476.23026	11.650343	-455.7676	-497.16013	-472.4039	18.142065	-429.24054	-491.67102	100.0	100.0	16499	-82.16545	1.3941653	-77.245255	-90.26478	-82.16547	1.4027023	-77.2155	-90.51595	82.0534	0.33207032	102.83727502822876
12	-470.3367	16.626167	-445.31625	-498.03207	-464.52237	19.612103	-430.49203	-490.46085	100.0	100.0	17999	-84.77399	1.4081291	-79.437035	-92.43946	-84.77374	1.4200335	-79.27457	-93.147675	84.658264	0.35730383	112.47247409820557
13	-477.79895	15.7992935	-449.3182	-498.02194	-458.05038	15.806866	-435.67056	-492.17734	100.0	100.0	19499	-86.899956	1.4485986	-80.9316	-96.1745	-86.89994	1.4576491	-80.79618	-95.46699	86.77889	0.3766316	121.64190697669983
14	-461.2538	19.7939	-420.4505	-489.99048	-472.88275	16.63078	-444.3369	-491.20016	100.0	100.0	20999	-88.62127	1.5160159	-82.30703	-96.932205	-88.62125	1.5235401	-82.194885	-96.64315	88.49797	0.40009132	130.83085012435913
15	-461.93588	26.296577	-396.94452	-496.0078	-457.85303	20.421757	-426.22546	-491.0512	100.0	100.0	22499	-89.95507	1.6342312	-83.59539	-98.42544	-89.95507	1.6427573	-83.09833	-98.93617	89.82923	0.42820013	140.06672620773315
16	-459.86765	14.63674	-426.31833	-482.8231	-448.0652	28.98755	-405.45297	-494.78278	100.0	100.0	23999	-91.016685	1.7691069	-84.5452	-99.54468	-91.01656	1.777497	-84.399864	-100.43516	90.89479	0.45702058	149.5168011188507
17	-464.37195	20.658382	-402.16302	-497.68655	-436.9048	25.708746	-372.4673	-472.70908	100.0	100.0	25499	-91.85268	1.8786589	-85.30419	-100.66119	-91.85271	1.8859415	-85.00884	-101.071724	91.71535	0.48745605	158.39539194107056
18	-448.76913	22.665222	-414.8031	-483.362	-424.36823	39.19097	-357.1429	-474.3061	100.0	100.0	26999	-92.45608	2.0379229	-85.707664	-101.704704	-92.456055	2.045731	-85.389435	-101.56286	92.30309	0.51768845	167.41289114952087
19	-454.21262	15.000087	-427.13388	-472.1227	-427.57123	39.048813	-356.93997	-474.27054	100.0	100.0	28499	-92.87706	2.198045	-85.639854	-103.008354	-92.8771	2.2032645	-85.38373	-102.60994	92.7324	0.54630804	176.390221118927
20	-448.5086	26.716297	-395.1911	-481.1109	-405.97412	58.075096	-307.15347	-477.17615	100.0	100.0	29999	-93.2031	2.326105	-85.59985	-103.66559	-93.20313	2.3319604	-85.42382	-103.55861	93.04703	0.5680193	185.9227330684662
21	-457.2503	21.980505	-403.61194	-493.99512	-413.32257	49.4255	-332.41113	-472.84436	100.0	100.0	31499	-93.43768	2.442096	-85.59547	-104.06182	-93.437645	2.4477208	-85.52499	-103.72816	93.277664	0.5921677	195.97686123847961
22	-443.3	24.387396	-396.2323	-480.6327	-416.9257	52.064163	-313.33774	-473.204	100.0	100.0	32999	-93.607864	2.539892	-85.7488	-104.434395	-93.60782	2.5465858	-85.53156	-104.36443	93.43615	0.6160214	205.42268705368042
23	-440.55652	30.999165	-362.3798	-482.2129	-419.91147	22.471336	-380.26932	-451.54257	100.0	100.0	34499	-93.69942	2.6618142	-85.65631	-105.62997	-93.69937	2.6678646	-85.33869	-105.54001	93.52535	0.63480353	215.28628087043762
24	-437.63763	27.79534	-359.5265	-473.92374	-414.33926	33.51241	-351.37427	-469.1709	100.0	100.0	35999	-93.69268	2.7710104	-85.4892	-104.99826	-93.69255	2.7783182	-85.17504	-104.72084	93.531685	0.6643033	225.05007886886597
25	-430.289	20.912304	-383.5575	-461.86896	-387.16293	68.63581	-212.02261	-460.86807	100.0	100.0	37499	-93.68114	2.8650572	-85.388054	-106.455376	-93.68113	2.8723505	-85.04821	-106.04589	93.48888	0.6926541	234.8134262561798
26	-441.68103	20.595043	-391.36032	-473.3367	-396.7051	29.2325	-345.1354	-432.52655	100.0	100.0	38999	-93.59758	2.9610355	-85.005005	-106.42531	-93.59747	2.9690356	-84.98191	-105.59609	93.42573	0.72027147	244.17062187194824
27	-425.74026	27.824375	-351.15033	-465.69946	-403.56128	47.84494	-344.7176	-477.43756	100.0	100.0	40499	-93.49227	3.067491	-84.669266	-106.18336	-93.492134	3.0741203	-84.27112	-106.17854	93.30658	0.74696136	253.43099308013916
28	-422.4779	33.37602	-357.9643	-479.2552	-418.63492	33.220203	-370.69083	-471.38483	100.0	100.0	41999	-93.35167	3.1810625	-84.05547	-106.82705	-93.35169	3.18838	-84.17139	-106.72695	93.16908	0.79053223	262.7688660621643
29	-429.03748	30.527264	-373.86047	-483.57144	-409.3095	33.634262	-360.99353	-463.05157	100.0	100.0	43499	-93.16076	3.3036683	-83.58432	-106.791176	-93.16069	3.3125885	-83.93964	-106.58086	92.97621	0.81913704	272.0783281326294
30	-433.8294	29.40152	-352.48444	-472.25677	-387.92075	43.60024	-317.28885	-455.47522	100.0	100.0	44999	-92.97215	3.4137335	-83.70792	-106.97104	-92.97208	3.4219403	-83.6733	-107.372795	92.78233	0.85678387	281.3787922859192
31	-418.25882	36.169468	-336.18527	-458.84262	-416.16547	34.82339	-345.5753	-453.93527	100.0	100.0	46499	-92.72493	3.520604	-83.40703	-107.516	-92.72509	3.52884	-83.4215	-107.011284	92.5275	0.90325534	290.7141239643097
32	-412.65146	26.008389	-379.61984	-469.63373	-402.79956	33.939682	-338.83383	-470.4115	100.0	100.0	47999	-92.481995	3.625501	-83.220314	-107.08312	-92.481804	3.6334574	-83.2207	-107.463684	92.27427	0.9368645	300.04976892471313
33	-425.02228	27.951315	-372.44473	-487.2885	-377.68585	50.652107	-294.22693	-443.39288	100.0	100.0	49499	-92.245384	3.761046	-83.053566	-107.38668	-92.24555	3.7696574	-82.9892	-107.84029	92.03515	0.9794737	309.3824508190155
34	-439.85953	31.26626	-398.3439	-493.49356	-411.74976	37.68718	-364.94016	-476.39737	100.0	100.0	50999	-91.97713	3.872191	-82.44012	-107.66723	-91.9771	3.8800468	-82.4381	-108.0327	91.75675	0.9862487	318.529128074646
35	-425.95645	29.629597	-373.58884	-472.26956	-405.58292	35.07438	-347.731	-469.64798	100.0	100.0	52499	-91.73818	3.9804683	-82.242294	-108.28588	-91.738174	3.989728	-82.00448	-108.82529	91.51132	1.0210124	327.88319516181946
36	-421.15808	28.94964	-350.70395	-454.2663	-396.27094	48.534843	-317.44812	-461.72684	100.0	100.0	53999	-91.49331	4.0627046	-81.61386	-108.9701	-91.493195	4.0699816	-81.66401	-108.06245	91.2705	1.0316238	337.1875581741333
37	-424.4606	30.44962	-355.9878	-469.52582	-380.16913	52.5023	-304.67108	-456.44113	100.0	100.0	55499	-91.19345	4.132863	-81.132614	-109.22096	-91.193634	4.141288	-81.37103	-108.62468	90.94864	1.0606201	346.0977430343628
38	-426.88248	25.70851	-379.82376	-462.7376	-403.44354	32.639946	-349.30582	-438.74893	100.0	100.0	56999	-90.962296	4.2018557	-81.07986	-108.79055	-90.962395	4.21077	-80.95468	-108.877945	90.71077	1.0613377	354.93415808677673
39	-427.5825	25.79157	-373.63278	-461.44443	-411.75943	34.554893	-348.50827	-465.3556	100.0	100.0	58499	-90.727325	4.23531	-80.70306	-108.54102	-90.7272	4.2444496	-80.69568	-108.49597	90.49013	1.050231	363.7587151527405
40	-419.75592	27.279606	-374.64853	-462.38824	-396.32187	43.66593	-327.44537	-488.65305	100.0	100.0	59999	-90.50309	4.2810907	-80.588936	-109.04966	-90.502975	4.291683	-80.36662	-108.25015	90.26224	1.0757	372.44813990592957
41	-413.20374	39.784378	-357.3648	-495.33496	-392.28192	50.8603	-304.1528	-463.48492	100.0	100.0	61499	-90.24596	4.3359375	-80.39053	-108.587296	-90.24593	4.347534	-80.14502	-108.40484	89.97192	1.0676584	381.1912188529968
42	-414.291	28.64941	-345.00574	-460.84033	-429.01068	41.72259	-349.55112	-480.61777	100.0	100.0	62999	-90.04651	4.401964	-80.01409	-108.768616	-90.04626	4.4150357	-80.043205	-108.21118	89.79627	1.0852062	389.87286400794983
43	-426.00827	28.772919	-378.18414	-478.3133	-413.72235	51.38814	-344.0207	-486.14746	100.0	100.0	64499	-89.85977	4.457177	-80.118286	-108.54565	-89.85979	4.4715705	-79.858116	-109.06559	89.636375	1.104119	398.63465118408203
44	-427.59534	25.387558	-386.85776	-493.50674	-391.78842	44.337414	-330.29257	-455.2177	100.0	100.0	65999	-89.66892	4.5168233	-79.623215	-109.05323	-89.66879	4.531739	-79.35206	-108.88176	89.4101	1.1217899	407.43733191490173
45	-413.56213	28.441828	-363.29895	-457.26285	-375.99847	32.386887	-311.05853	-432.0242	100.0	100.0	67499	-89.48281	4.56928	-79.29656	-109.1732	-89.48254	4.586141	-79.00225	-109.01307	89.233955	1.1242087	416.13758301734924
46	-413.3495	39.874043	-326.99762	-462.55292	-383.64185	36.407753	-299.23395	-434.24237	100.0	100.0	68999	-89.306526	4.6125655	-79.258286	-108.92879	-89.30618	4.6291966	-78.89389	-108.67337	89.05494	1.1285739	424.8859529495239
47	-423.63953	28.092995	-371.1144	-456.9275	-417.28638	41.96255	-313.18503	-458.0787	100.0	100.0	70499	-89.144646	4.646363	-79.11414	-110.58324	-89.1444	4.6639833	-78.49897	-109.49947	88.90949	1.1465889	433.7271680831909
48	-415.43915	29.343443	-377.5868	-473.03842	-395.57782	48.000233	-327.5022	-470.16544	100.0	100.0	71999	-88.98109	4.6706076	-78.73056	-110.299355	-88.98068	4.6899524	-78.46854	-108.494545	88.75744	1.1469518	442.4850149154663
49	-407.0859	45.74592	-313.51678	-490.59073	-385.58075	40.313263	-298.78754	-439.67725	100.0	100.0	73499	-88.84597	4.728185	-78.429306	-110.12346	-88.8457	4.7474394	-78.25834	-108.9817	88.601456	1.1592028	451.1892900466919
50	-423.10355	22.814335	-381.96722	-465.8412	-380.84045	54.802666	-253.7972	-433.79294	100.0	100.0	74999	-88.71729	4.7622223	-77.807655	-110.29569	-88.71685	4.781527	-78.06944	-108.418175	88.46362	1.1925659	459.9199960231781
51	-415.88913	37.794083	-351.34113	-471.7453	-379.33362	44.388092	-305.87393	-465.48904	100.0	100.0	76499	-88.6013	4.7969227	-77.93313	-109.976	-88.60103	4.816369	-77.62475	-108.98005	88.34931	1.1895773	468.6754620075226
52	-398.04926	28.889597	-333.5092	-431.64386	-382.57184	48.184006	-321.6935	-487.63312	100.0	100.0	77999	-88.435486	4.8439546	-77.68351	-110.01766	-88.43533	4.8639445	-77.590164	-109.660736	88.20154	1.1815022	477.91116523742676
53	-428.3667	29.318493	-370.6239	-489.85663	-381.85373	68.43547	-281.01395	-482.52383	100.0	100.0	79499	-88.34608	4.884328	-77.384865	-111.18961	-88.34552	4.903901	-77.12604	-108.820724	88.1245	1.1901513	486.92198610305786
54	-425.12277	42.191666	-340.1169	-486.0685	-388.96793	45.568615	-310.18106	-459.3695	100.0	100.0	80999	-88.216995	4.9080453	-77.03226	-110.153854	-88.21671	4.928658	-76.990005	-109.90421	87.975	1.19446	495.97134709358215
55	-413.90134	44.96004	-322.85562	-477.7517	-398.30704	54.883762	-305.54626	-469.13873	100.0	100.0	82499	-88.155464	4.9604845	-76.91467	-110.86301	-88.15532	4.981626	-76.73358	-108.97973	87.89948	1.2313486	505.2982439994812
56	-412.4871	41.127728	-351.2218	-473.3243	-377.84506	66.08078	-229.37163	-467.29108	100.0	100.0	83999	-88.03232	5.0107584	-76.690926	-111.292854	-88.03199	5.0308065	-76.50804	-109.75316	87.78342	1.2240165	514.2833960056305
57	-390.3867	37.854675	-318.48862	-452.99377	-396.83417	54.903595	-332.77393	-471.74173	100.0	100.0	85499	-87.90033	5.079606	-76.03003	-111.78208	-87.89988	5.1005383	-76.1527	-110.794	87.67703	1.2478571	523.0289368629456
58	-392.27908	48.435417	-294.66513	-467.56485	-400.1009	64.25211	-293.56784	-479.72702	100.0	100.0	86999	-87.7507	5.1731195	-76.10595	-111.690285	-87.75023	5.192714	-76.1012	-111.02865	87.50669	1.2359802	531.8692679405212
59	-417.47882	32.4914	-361.2823	-472.0426	-391.28784	45.453876	-313.3039	-462.5658	100.0	100.0	88499	-87.563545	5.1941166	-75.67017	-112.020706	-87.5634	5.2152367	-75.79036	-109.74891	87.30172	1.2466668	540.8117020130157
60	-439.4145	25.361311	-387.30478	-485.16492	-393.79132	41.00802	-328.68808	-448.78677	100.0	100.0	89999	-87.42727	5.2455516	-75.25048	-111.84891	-87.42691	5.2645288	-75.66413	-109.4429	87.18167	1.2566926	550.184531211853
61	-412.14368	35.529324	-350.2076	-482.07916	-393.7251	51.259686	-308.3765	-474.65338	100.0	100.0	91499	-87.30455	5.272469	-75.30216	-112.00936	-87.30409	5.290114	-75.38154	-111.02783	87.05575	1.2580873	559.5072271823883
62	-407.5243	38.45498	-310.91202	-462.88525	-393.52094	40.766087	-318.36322	-437.944	100.0	100.0	92999	-87.17854	5.2967196	-75.13886	-112.08144	-87.17833	5.3144636	-75.18788	-109.57666	86.90419	1.2712432	569.1778390407562
63	-415.63278	29.213202	-359.29602	-457.8393	-408.62476	41.98443	-333.4927	-488.5039	100.0	100.0	94499	-87.085976	5.3161783	-74.94478	-112.78341	-87.08573	5.3337407	-75.076126	-112.10936	86.86092	1.2667731	578.6454350948334
64	-424.70425	30.058208	-369.7475	-469.08405	-410.48984	49.8962	-316.66745	-464.932	100.0	100.0	95999	-86.95892	5.345286	-74.69137	-111.89511	-86.9585	5.360992	-74.95181	-110.54305	86.69762	1.2663727	588.1004250049591
65	-419.5053	40.623745	-347.1916	-487.13074	-356.81015	40.213215	-269.4767	-427.64673	100.0	100.0	97499	-86.85956	5.358575	-74.71215	-112.08413	-86.859146	5.3739195	-74.826805	-110.646965	86.62414	1.2387242	597.1169819831848
66	-401.28445	38.093803	-310.82217	-444.93597	-392.23065	45.843994	-273.8756	-458.58215	100.0	100.0	98999	-86.7677	5.399744	-74.69311	-112.13502	-86.767685	5.4163485	-74.72845	-110.566734	86.54129	1.2476128	606.3240439891815
67	-404.98788	43.770893	-306.01874	-464.99484	-373.9006	47.147827	-310.53134	-458.95364	100.0	100.0	100499	-86.70327	5.4109464	-74.270615	-112.706184	-86.70276	5.4259934	-74.310524	-109.97759	86.48737	1.2588356	615.3565402030945
68	-402.29257	30.628376	-349.38263	-458.99802	-397.3244	43.710644	-311.97992	-468.31207	100.0	100.0	101999	-86.627365	5.4340954	-74.12611	-113.2586	-86.627235	5.4509883	-73.95099	-109.623344	86.39756	1.2531807	624.3351831436157
69	-411.46307	29.554491	-356.34042	-461.58984	-342.7433	51.53765	-257.05655	-432.48267	100.0	100.0	103499	-86.50992	5.4534526	-73.69667	-112.820175	-86.50977	5.470978	-73.70863	-110.296036	86.30038	1.231895	633.4372820854187
70	-402.36508	30.321968	-354.7786	-482.02966	-360.4092	48.49183	-272.0501	-439.5143	100.0	100.0	104999	-86.393105	5.496404	-73.73214	-113.47019	-86.3925	5.511886	-73.80385	-111.20304	86.18051	1.2419649	642.5154149532318
71	-407.41785	44.18034	-337.16373	-470.81366	-409.30832	32.513554	-378.7659	-480.21616	100.0	100.0	106499	-86.26966	5.5263343	-73.43258	-113.28258	-86.26973	5.5416813	-73.38656	-110.578804	86.02251	1.2468749	651.4720010757446
72	-407.52966	41.641815	-361.0112	-492.93393	-378.5618	29.73652	-321.91623	-424.02295	100.0	100.0	107999	-86.17767	5.55636	-73.13318	-112.722435	-86.17714	5.574517	-73.40871	-110.058205	85.946815	1.233922	660.5093171596527
73	-414.39783	35.19568	-340.84973	-466.59406	-368.731	69.7573	-251.34679	-464.8549	100.0	100.0	109499	-86.09589	5.5645843	-73.17216	-110.09854	-86.09529	5.583185	-73.244415	-109.46694	85.87701	1.2314311	669.3065860271454
74	-407.09702	25.36729	-357.69696	-447.7702	-391.05228	41.629486	-335.77454	-456.55798	100.0	100.0	110999	-86.004295	5.578846	-73.09991	-113.41564	-86.004	5.5961213	-73.00523	-111.27184	85.761	1.2437232	678.4538850784302
75	-414.85202	34.728878	-341.21512	-479.78555	-366.96072	47.537853	-260.85196	-440.0867	100.0	100.0	112499	-85.911934	5.603772	-72.67046	-111.82315	-85.911385	5.61872	-72.83577	-110.337326	85.677826	1.2228428	687.5524499416351
76	-416.67227	24.81549	-375.42035	-456.36603	-406.007	38.833916	-347.92624	-487.81165	100.0	100.0	113999	-85.82078	5.640198	-72.4923	-113.66676	-85.82043	5.6575494	-72.283676	-110.87827	85.59975	1.2209662	697.0359470844269
77	-407.61496	37.42035	-345.68475	-469.19992	-375.5941	51.79482	-293.00262	-454.29614	100.0	100.0	115499	-85.69049	5.646287	-72.45656	-112.08675	-85.690475	5.662607	-72.178894	-110.8315	85.449974	1.2369395	706.3172810077667
78	-404.27533	38.984394	-326.46652	-453.26672	-371.1341	38.534298	-326.88254	-448.50534	100.0	100.0	116999	-85.58662	5.6334553	-72.28605	-112.259865	-85.58617	5.649454	-72.11052	-110.08961	85.34584	1.2268143	715.589681148529
79	-393.41782	47.594723	-269.15344	-455.65347	-372.67828	34.968544	-321.69717	-433.78482	100.0	100.0	118499	-85.46829	5.6607	-71.94534	-112.50762	-85.46812	5.67681	-72.08016	-110.89833	85.22524	1.2230383	724.7773869037628
80	-405.60492	25.300323	-368.19098	-455.21283	-377.78537	34.585396	-330.72812	-438.8032	100.0	100.0	119999	-85.384995	5.6592336	-71.99672	-112.43457	-85.38468	5.6755824	-72.10277	-111.150154	85.151535	1.2249254	734.093061208725
81	-424.22363	31.66888	-383.59357	-490.404	-396.92474	29.572441	-352.7754	-450.0543	100.0	100.0	121499	-85.25898	5.662648	-71.858734	-113.17947	-85.25858	5.6793075	-71.93695	-111.69629	85.02797	1.2407401	743.4320838451385
82	-412.7331	37.349113	-318.04135	-484.39658	-372.17535	46.27312	-286.39218	-438.91132	100.0	100.0	122999	-85.14122	5.657476	-71.90109	-112.08843	-85.14144	5.6717043	-71.887215	-110.18131	84.881615	1.2355798	752.7026989459991
83	-391.89853	31.098833	-326.68542	-432.70532	-364.42328	66.50199	-240.15353	-439.24423	100.0	100.0	124499	-85.04007	5.657015	-71.69067	-111.1423	-85.03971	5.671907	-71.8194	-112.93649	84.80472	1.2248962	762.0466101169586
84	-391.84647	39.077118	-337.31943	-466.50653	-369.6593	37.79097	-301.32837	-440.85196	100.0	100.0	125999	-84.93282	5.664883	-71.45692	-111.764336	-84.93254	5.6806736	-71.595955	-112.36314	84.69822	1.2147088	771.732987165451
85	-386.8374	39.957687	-321.89444	-452.8645	-362.8098	43.228653	-295.53232	-432.2656	100.0	100.0	127499	-84.85144	5.675246	-71.57299	-115.0203	-84.85157	5.68917	-71.422806	-114.17524	84.61777	1.225568	781.7789859771729
86	-406.80432	31.9071	-366.60745	-462.94376	-349.5445	40.2931	-273.6248	-411.00378	100.0	100.0	128999	-84.760864	5.6769695	-71.51845	-113.58231	-84.76082	5.691039	-71.421265	-114.324844	84.49826	1.2175204	791.5635869503021
87	-384.46448	36.381233	-305.30756	-433.85907	-409.62793	43.56213	-333.23972	-478.7953	100.0	100.0	130499	-84.65677	5.69053	-71.39633	-112.22423	-84.65665	5.7040167	-71.34622	-111.04053	84.39318	1.2162808	801.0979261398315
88	-400.28552	35.284718	-347.6241	-460.56778	-349.4956	38.03416	-278.1081	-418.83063	100.0	100.0	131999	-84.57696	5.6949387	-70.94939	-111.13871	-84.57688	5.7076902	-71.36334	-110.7247	84.33849	1.2412362	810.8225190639496
89	-382.2332	36.886063	-324.97293	-455.83746	-360.71164	58.98678	-281.38467	-471.66544	100.0	100.0	133499	-84.46131	5.71847	-70.99812	-112.6213	-84.46158	5.7283773	-71.14409	-111.35774	84.22963	1.2133806	820.6579160690308
90	-406.0245	42.57904	-298.09082	-448.71817	-361.11926	57.570267	-258.63486	-460.31186	100.0	100.0	134999	-84.34227	5.698031	-70.69097	-109.519684	-84.342384	5.710201	-70.800644	-110.29354	84.10093	1.2139181	830.2582759857178
91	-400.9398	32.355762	-334.27408	-454.8678	-378.21216	45.019604	-298.1169	-443.70914	100.0	100.0	136499	-84.312485	5.7113595	-70.73671	-111.21646	-84.312454	5.723786	-70.50782	-113.0612	84.080185	1.2234775	839.6641380786896
92	-394.26276	49.550274	-306.62808	-471.64725	-352.7994	35.37144	-290.0004	-401.979	100.0	100.0	137999	-84.23428	5.7197433	-70.44273	-111.81007	-84.23412	5.7329044	-70.4443	-110.76513	83.99946	1.2234644	849.5589318275452
93	-392.58075	30.598507	-313.18802	-438.67334	-375.1568	55.714672	-317.36353	-471.7028	100.0	100.0	139499	-84.17337	5.7289853	-70.411736	-110.604774	-84.17336	5.7412257	-70.24584	-108.55966	83.88925	1.2215675	859.0014162063599
94	-399.1336	38.099438	-306.87302	-451.79996	-375.77847	43.92538	-279.36517	-447.43604	100.0	100.0	140999	-84.117096	5.7447963	-70.57842	-110.25032	-84.117256	5.7584796	-70.289986	-108.44864	83.86038	1.231284	868.347785949707
95	-405.67078	41.768173	-332.9208	-468.5552	-350.8828	43.985157	-259.82837	-417.5762	100.0	100.0	142499	-84.03743	5.7741327	-70.4473	-108.66377	-84.03732	5.787477	-70.164856	-108.681206	83.78813	1.2173127	877.6596059799194
96	-390.20773	38.218925	-335.2302	-462.8901	-368.83722	34.133774	-303.9647	-414.33862	100.0	100.0	143999	-83.95558	5.805026	-70.06057	-109.4159	-83.95552	5.816652	-70.098755	-110.79646	83.71806	1.213082	886.7436590194702
97	-378.96503	29.433252	-331.15573	-443.97452	-372.97333	39.04124	-306.52686	-455.72104	100.0	100.0	145499	-83.88681	5.8261275	-70.22194	-111.065956	-83.88707	5.838448	-69.8504	-109.49452	83.64729	1.2432966	895.9995849132538
98	-382.22885	44.046993	-272.7115	-447.02005	-375.4016	35.40811	-319.3312	-442.96582	100.0	100.0	146999	-83.792076	5.866224	-70.11369	-111.077515	-83.791695	5.8780174	-69.988464	-110.83932	83.56328	1.2253011	904.8451261520386
99	-388.15045	37.620914	-284.0265	-447.04626	-389.60477	58.38903	-262.85046	-468.77258	100.0	100.0	148499	-83.745636	5.9041367	-69.81626	-111.21194	-83.74584	5.917145	-69.71336	-112.04665	83.50906	1.2332516	913.7029480934143
100	-388.86835	37.552505	-320.16486	-445.8979	-375.3121	39.87798	-286.10892	-428.29523	100.0	100.0	149999	-83.674	5.9388	-69.91602	-112.30435	-83.67406	5.95086	-69.706566	-113.09004	83.43767	1.2442079	922.5928161144257
101	-395.01794	28.194115	-336.15744	-443.02347	-364.2457	47.14489	-300.5727	-424.25735	100.0	100.0	151499	-83.57874	5.971134	-69.86386	-112.84354	-83.57868	5.9821672	-69.65799	-114.09189	83.324646	1.2122422	931.4547641277313
102	-401.4097	29.072968	-350.4105	-449.01422	-337.90613	60.247868	-234.56374	-434.21048	100.0	100.0	152999	-83.458435	6.0030603	-69.54759	-111.532326	-83.45856	6.0125713	-69.65718	-112.64919	83.20396	1.2440764	940.2116222381592
103	-403.58246	35.217125	-314.80838	-442.55344	-371.48624	39.55201	-321.11642	-430.24457	100.0	100.0	154499	-83.39113	6.0294204	-69.734566	-111.771194	-83.39109	6.0411763	-69.701065	-111.71397	83.131165	1.2326019	949.2109920978546
104	-382.54193	35.78892	-329.46933	-451.04483	-377.78143	39.548546	-335.49567	-471.43497	100.0	100.0	155999	-83.32372	6.0437346	-69.5979	-111.69403	-83.32357	6.0553784	-69.37132	-112.68105	83.082466	1.2183385	958.0120050907135
105	-376.34	20.79696	-333.2507	-405.65088	-342.0627	43.313316	-264.12207	-408.1649	100.0	100.0	157499	-83.23674	6.0631022	-69.8352	-112.91921	-83.23692	6.0746264	-69.27075	-111.64976	82.98328	1.2196597	967.2109160423279
106	-379.74408	39.427486	-308.75763	-457.00806	-372.27823	41.36274	-295.48132	-438.9549	100.0	100.0	158999	-83.2067	6.0734887	-69.63857	-111.93048	-83.20661	6.0850825	-69.6113	-110.10612	82.96296	1.2299159	976.4134440422058
107	-401.5887	35.92299	-321.94647	-462.01703	-351.7816	43.964634	-263.57846	-413.28308	100.0	100.0	160499	-83.115036	6.1181564	-69.668274	-113.27586	-83.11496	6.129659	-69.53983	-110.253395	82.86539	1.2323849	985.5793881416321
108	-392.98544	37.451637	-333.4933	-454.58865	-345.88608	46.155632	-256.16306	-411.33493	100.0	100.0	161999	-83.032646	6.144247	-69.64662	-112.59392	-83.03266	6.1550846	-69.560036	-113.38091	82.75443	1.2187709	994.9007458686829
109	-390.297	28.639719	-335.85583	-438.7529	-382.5693	29.564512	-333.48618	-440.48993	100.0	100.0	163499	-82.96764	6.1262755	-69.27599	-112.089165	-82.96762	6.138744	-69.47114	-111.13729	82.696144	1.2249901	1004.2207551002502
110	-397.3692	29.770693	-329.60178	-442.8569	-361.3746	45.66854	-276.10144	-432.91827	100.0	100.0	164999	-82.86187	6.1703463	-69.571815	-112.7412	-82.86196	6.1806254	-69.5902	-112.00465	82.59304	1.2227776	1013.6972110271454
111	-388.64212	39.76298	-313.87	-432.09137	-357.49677	44.099533	-277.655	-423.87933	100.0	100.0	166499	-82.83438	6.1767306	-69.494225	-113.48704	-82.83437	6.1874175	-69.428505	-112.196785	82.57281	1.2245451	1023.0457980632782
112	-401.00256	30.362883	-350.1892	-447.72064	-365.2773	35.64174	-303.75278	-424.07275	100.0	100.0	167999	-82.78633	6.183353	-69.31573	-112.55878	-82.78634	6.194388	-69.31615	-113.53674	82.55077	1.2441386	1032.3697080612183
113	-384.08255	29.727821	-334.1699	-432.93924	-350.69824	36.151615	-294.90405	-406.49347	100.0	100.0	169499	-82.72662	6.198976	-69.211914	-115.28932	-82.72676	6.208575	-69.235504	-112.142715	82.45537	1.2233727	1041.6153740882874
114	-386.28427	42.995335	-287.7979	-449.97986	-357.6966	44.17779	-294.9985	-432.58795	100.0	100.0	170999	-82.63641	6.227762	-69.15158	-113.42186	-82.63623	6.2393713	-69.05364	-113.26314	82.36133	1.2114635	1050.8553562164307
115	-390.36658	40.077408	-340.13788	-474.4331	-345.6829	53.423332	-270.45947	-445.23282	100.0	100.0	172499	-82.5959	6.245473	-69.26204	-117.01729	-82.595634	6.2571883	-69.092865	-111.66143	82.3555	1.2339028	1060.2202899456024
116	-398.99792	42.661312	-288.43253	-452.7466	-350.24475	52.522415	-262.31894	-414.8774	100.0	100.0	173999	-82.51222	6.2268014	-69.11511	-111.5647	-82.5126	6.2353983	-69.23722	-110.656235	82.27394	1.2030202	1069.4645328521729
117	-392.68082	41.381893	-301.2458	-464.85507	-345.66742	52.361736	-278.569	-435.9369	100.0	100.0	175499	-82.485214	6.264124	-69.116	-112.475494	-82.48548	6.272968	-69.096344	-112.93547	82.236404	1.2110318	1078.8191931247711
118	-400.97412	38.19377	-303.95093	-443.69498	-347.05157	45.909977	-248.49048	-410.92972	100.0	100.0	176999	-82.455956	6.275055	-68.97355	-113.66631	-82.45576	6.2845907	-68.90624	-113.805275	82.20189	1.1949338	1088.2323031425476
119	-376.95938	32.56057	-308.29922	-427.30362	-361.51218	43.169216	-286.0022	-443.50735	100.0	100.0	178499	-82.32783	6.2768064	-68.97921	-114.03676	-82.32784	6.2847776	-69.03716	-112.019135	82.08003	1.1910046	1097.6303160190582
120	-398.08395	39.90946	-293.2443	-442.51645	-352.1518	32.552074	-316.80573	-424.02252	100.0	100.0	179999	-82.23594	6.2821183	-68.87716	-110.69419	-82.23628	6.2901325	-68.94713	-112.97602	81.94662	1.1926678	1107.063481092453
121	-397.8657	30.554281	-347.0682	-449.0036	-365.94083	22.144007	-329.17502	-401.37167	100.0	100.0	181499	-82.19746	6.306236	-68.92996	-110.67602	-82.19744	6.3153577	-68.84574	-111.404816	81.94268	1.1700267	1116.4163041114807
122	-368.4008	21.259338	-327.98676	-403.26273	-378.74915	52.471043	-322.63547	-462.0087	100.0	100.0	182999	-82.093506	6.2883816	-68.933365	-109.31616	-82.09352	6.2956533	-68.88095	-109.921394	81.84748	1.1757634	1125.761929988861
123	-382.92004	34.385326	-284.4515	-428.19357	-357.68048	36.36062	-301.57483	-410.16455	100.0	100.0	184499	-82.00291	6.297445	-68.690414	-111.85539	-82.003	6.3058357	-68.705826	-111.56519	81.76158	1.1729561	1135.1234061717987
124	-400.73486	37.391598	-316.79697	-443.49072	-355.22565	38.382816	-269.96692	-412.1482	100.0	100.0	185999	-81.93657	6.2875614	-68.65934	-110.10983	-81.93646	6.297271	-68.60158	-112.49442	81.6817	1.1567705	1144.3599050045013
125	-376.03796	35.931778	-335.02655	-448.6333	-374.093	57.58147	-254.12833	-456.371	100.0	100.0	187499	-81.923904	6.2867503	-68.49164	-110.144135	-81.9239	6.2955203	-68.4749	-109.12763	81.666016	1.1766418	1153.59246301651
126	-385.0405	34.26538	-319.87808	-448.64737	-346.35892	68.68047	-215.00136	-441.1313	100.0	100.0	188999	-81.85274	6.3063655	-68.40915	-111.27649	-81.852844	6.31675	-68.05027	-111.696335	81.60175	1.1818765	1162.4069092273712
127	-390.79422	20.163063	-345.08994	-420.89886	-369.45273	39.788723	-312.95227	-458.74292	100.0	100.0	190499	-81.785446	6.3005776	-68.24432	-110.72985	-81.7853	6.3101187	-68.32185	-109.91605	81.5449	1.1584734	1171.329038143158
128	-393.1655	29.558056	-332.8685	-444.3529	-357.625	49.45647	-278.6294	-428.6	100.0	100.0	191999	-81.74589	6.283155	-68.39053	-111.64333	-81.74613	6.290533	-68.33347	-109.25879	81.481674	1.1836601	1180.3433001041412
129	-403.72498	43.483364	-309.1063	-457.7149	-367.84857	38.306145	-313.0578	-417.05923	100.0	100.0	193499	-81.70874	6.291886	-68.21596	-110.165405	-81.70882	6.300764	-68.19057	-110.70164	81.45267	1.1749446	1189.547226190567
130	-393.2292	33.472507	-338.51926	-440.65695	-356.3943	34.50078	-297.83902	-411.93442	100.0	100.0	194999	-81.643105	6.283014	-68.47454	-110.8337	-81.64271	6.29051	-68.305595	-109.8325	81.3717	1.1415797	1199.0821559429169
131	-377.1112	36.267334	-307.72137	-451.31555	-357.1753	44.831215	-281.8825	-443.102	100.0	100.0	196499	-81.60216	6.263142	-68.22554	-113.16795	-81.60204	6.272076	-68.37635	-111.32824	81.359375	1.1540354	1208.852115869522
132	-388.72177	30.367052	-338.7971	-442.30255	-379.85114	19.916658	-341.0296	-402.5407	100.0	100.0	197999	-81.603424	6.2738695	-68.01044	-111.295746	-81.60355	6.2832503	-68.16849	-110.7056	81.346664	1.1799605	1218.900633096695
133	-388.208	41.394142	-314.77747	-456.0498	-353.23706	47.241997	-273.43762	-433.39496	100.0	100.0	199499	-81.594185	6.280506	-68.32058	-109.95969	-81.59428	6.289346	-68.282005	-110.42773	81.32741	1.1652163	1228.7505490779877
134	-381.09738	31.360296	-343.29385	-456.2174	-389.0262	28.515518	-344.02594	-433.8779	100.0	100.0	200999	-81.565186	6.2950883	-68.07637	-112.19249	-81.56511	6.3028274	-68.16795	-111.50056	81.32127	1.16748	1238.9049360752106
135	-396.1965	32.0757	-347.0521	-470.03665	-358.67712	49.251724	-280.54306	-418.9369	100.0	100.0	202499	-81.52796	6.2702374	-68.411255	-109.51765	-81.52794	6.2813563	-68.2797	-110.98303	81.27712	1.1427691	1248.958734035492
136	-386.76907	43.56216	-276.03796	-449.31073	-368.69873	52.035435	-274.6355	-422.30243	100.0	100.0	203999	-81.49888	6.2910953	-68.18799	-109.36081	-81.49865	6.301251	-68.0553	-109.21388	81.22028	1.167197	1259.9603950977325
137	-397.02554	33.82829	-327.37653	-442.64795	-349.8672	37.6166	-300.71188	-413.60504	100.0	100.0	205499	-81.45783	6.278884	-68.13034	-114.02292	-81.4581	6.2883506	-68.1181	-110.63856	81.2104	1.1421937	1269.7091510295868
138	-383.37988	47.475296	-298.79895	-456.02173	-357.06763	35.496468	-277.08545	-409.09488	100.0	100.0	206999	-81.426025	6.2847056	-68.210335	-109.69434	-81.42583	6.2920876	-68.21217	-110.0948	81.18065	1.1581769	1279.5398261547089
139	-377.70096	25.215292	-334.62268	-425.64105	-363.00058	37.953915	-321.52417	-440.20682	100.0	100.0	208499	-81.38948	6.288168	-67.86083	-113.76431	-81.389656	6.2968216	-68.00297	-111.75478	81.131065	1.1487046	1289.393042087555
140	-369.63278	35.246246	-301.50723	-422.3338	-346.91776	46.66572	-284.98834	-407.0326	100.0	100.0	209999	-81.2952	6.309504	-68.04274	-113.01004	-81.29512	6.3184247	-68.152954	-114.48361	81.03911	1.1482797	1299.3587141036987
141	-382.61615	32.89093	-337.28217	-469.33353	-369.60733	30.597795	-319.322	-427.2893	100.0	100.0	211499	-81.23897	6.340651	-67.90185	-112.736145	-81.23895	6.3504515	-67.882095	-113.675964	80.97419	1.1492006	1308.8971309661865
142	-383.47617	44.0834	-310.9525	-455.44995	-344.9174	43.73844	-259.6495	-405.8045	100.0	100.0	212999	-81.16592	6.352939	-67.8677	-111.044426	-81.16583	6.362428	-67.850365	-110.927345	80.89471	1.1373366	1319.4779901504517
143	-396.36072	26.723469	-352.37622	-435.77774	-340.75677	56.295788	-260.0523	-463.24356	100.0	100.0	214499	-81.12472	6.3708405	-67.82671	-109.51679	-81.124664	6.3801074	-68.01046	-110.22697	80.84902	1.1415491	1329.6815779209137
144	-382.52747	41.53256	-318.4039	-458.53485	-356.5081	41.1782	-285.39706	-405.66327	100.0	100.0	215999	-81.02262	6.354293	-67.901276	-108.80813	-81.02251	6.3639174	-67.898926	-111.224434	80.76175	1.138077	1338.7565019130707
145	-373.51468	31.236023	-313.45584	-424.76306	-370.88055	40.10502	-286.23013	-440.2733	100.0	100.0	217499	-81.0241	6.377233	-68.08894	-108.37697	-81.024055	6.388213	-67.98544	-109.73231	80.73939	1.1487832	1347.919224023819
146	-371.09906	50.914104	-296.13336	-464.07755	-367.29828	60.280727	-227.5459	-441.2516	100.0	100.0	218999	-80.96528	6.3848844	-68.25756	-110.81672	-80.96537	6.3963027	-67.942024	-110.02743	80.70398	1.1346818	1357.4812290668488
147	-384.51956	44.194786	-313.50296	-470.13904	-376.80682	33.460423	-319.85028	-429.18024	100.0	100.0	220499	-80.90558	6.409412	-67.91171	-114.84229	-80.90535	6.421046	-67.68498	-112.2178	80.632706	1.1321628	1367.8188889026642
148	-379.05087	37.226067	-301.76157	-432.14874	-322.06512	54.748997	-241.54694	-416.01306	100.0	100.0	221999	-80.876434	6.406623	-68.06789	-109.238106	-80.87605	6.4184318	-67.96807	-108.35985	80.64777	1.1520605	1378.0240540504456
149	-367.04202	34.636692	-309.12097	-452.59915	-363.16913	50.41421	-307.03766	-450.07202	100.0	100.0	223499	-80.854805	6.447762	-67.73554	-111.01194	-80.85474	6.460824	-67.77211	-110.246376	80.61477	1.1454586	1387.4263570308685
150	-360.0745	44.71168	-266.0807	-445.86105	-313.5074	36.42139	-263.11392	-381.56973	100.0	100.0	224999	-80.78225	6.4613886	-67.87866	-112.92889	-80.781845	6.472784	-67.627884	-115.8866	80.51647	1.1389918	1396.8949511051178
151	-391.43582	35.757896	-329.04483	-499.116	-378.15192	49.865433	-264.09335	-453.80188	100.0	100.0	226499	-80.72753	6.47205	-67.55989	-111.62197	-80.72766	6.4849596	-67.76149	-113.928925	80.49558	1.1474614	1406.432058095932
152	-371.08887	26.266777	-323.72867	-417.77448	-340.82498	36.56496	-269.19263	-390.7606	100.0	100.0	227999	-80.65317	6.4643884	-67.70006	-112.55281	-80.652596	6.4782557	-67.7715	-115.27074	80.36955	1.1407894	1415.8207120895386
153	-373.521	35.6821	-300.44217	-439.19635	-357.3792	44.119465	-269.64575	-420.15356	100.0	100.0	229499	-80.613045	6.4639983	-67.711716	-115.314705	-80.613014	6.4754314	-67.52173	-115.95547	80.388535	1.1215892	1425.7645602226257
154	-377.76736	42.78838	-298.38916	-429.288	-355.98303	69.039345	-224.25398	-447.59256	100.0	100.0	230999	-80.58277	6.447784	-67.67592	-116.0743	-80.58258	6.46221	-67.57916	-119.321266	80.333336	1.1164004	1435.3522500991821
155	-377.58698	36.69003	-285.56424	-449.214	-365.41888	39.85307	-307.2701	-430.4097	100.0	100.0	232499	-80.51251	6.48373	-67.700134	-116.18048	-80.51226	6.4953527	-67.89143	-115.62192	80.27351	1.1326634	1445.0727841854095
156	-387.25403	35.786903	-328.22516	-456.54385	-316.46298	61.96795	-239.49641	-440.53418	100.0	100.0	233999	-80.46416	6.470354	-67.76116	-115.242134	-80.4637	6.4854097	-67.885765	-116.45722	80.20477	1.1253805	1454.6326379776
157	-378.8387	39.284122	-296.2185	-455.39346	-354.44196	28.742445	-306.42166	-402.52747	100.0	100.0	235499	-80.42768	6.457586	-67.89728	-114.213486	-80.427246	6.474168	-67.73877	-113.67452	80.17801	1.1313299	1463.7539749145508
158	-374.50925	30.650547	-313.96722	-437.30206	-349.8466	45.891266	-238.92238	-395.14963	100.0	100.0	236999	-80.31693	6.428716	-67.80918	-112.61658	-80.31648	6.4428444	-67.87692	-110.37052	80.04884	1.1061844	1473.4995901584625
159	-357.22784	41.09612	-267.17545	-411.02426	-352.00583	57.630848	-257.30093	-456.23322	100.0	100.0	238499	-80.29395	6.4533796	-67.77555	-112.314186	-80.29365	6.4692035	-67.73194	-113.31117	80.052155	1.1309246	1483.4567420482635
160	-387.10904	32.622566	-352.57227	-452.6365	-345.40958	46.35193	-268.91168	-415.34378	100.0	100.0	239999	-80.231384	6.468888	-67.37795	-110.43893	-80.23116	6.482363	-67.82381	-110.00923	79.99991	1.0991131	1493.4409329891205
161	-385.8619	31.23245	-318.014	-428.47687	-347.77243	47.001034	-259.4017	-420.1849	100.0	100.0	241499	-80.17422	6.4427767	-67.30698	-113.86069	-80.17366	6.4585247	-67.715675	-113.023834	79.911835	1.1178385	1503.2232580184937
162	-385.80945	30.785852	-328.6732	-437.5291	-340.4853	45.09864	-263.32507	-416.8895	100.0	100.0	242999	-80.177414	6.4389477	-67.823944	-111.94371	-80.17738	6.453406	-67.68738	-113.53538	79.922646	1.1215593	1513.0595140457153
163	-399.9301	43.650085	-304.8611	-457.99823	-343.2129	52.333023	-252.13313	-409.76434	100.0	100.0	244499	-80.12296	6.434273	-67.638115	-114.23753	-80.122536	6.4497857	-67.534546	-112.22169	79.878	1.1154633	1522.4467890262604
164	-380.2762	38.201004	-319.24896	-443.22714	-361.62488	17.193022	-335.6767	-384.7182	100.0	100.0	245999	-80.094574	6.4662657	-67.448265	-114.67649	-80.09415	6.482019	-67.75538	-115.7906	79.82078	1.1291517	1532.040636062622
165	-381.62073	37.87627	-295.39102	-429.04767	-326.1289	32.33692	-273.79517	-381.61166	100.0	100.0	247499	-80.071175	6.4760547	-67.64568	-116.044266	-80.07088	6.4920816	-67.8284	-116.96697	79.82721	1.1178209	1541.5234780311584
166	-378.47028	25.536793	-322.30634	-418.252	-365.82037	23.48764	-324.75662	-398.85153	100.0	100.0	248999	-80.05883	6.4690685	-67.53041	-114.878426	-80.05825	6.4862723	-67.671326	-113.217094	79.78369	1.0995493	1551.2804470062256
167	-348.23563	31.355743	-285.8204	-413.46548	-334.44073	27.065475	-300.1199	-381.56845	100.0	100.0	250499	-80.02929	6.482825	-67.41563	-110.2916	-80.028915	6.498	-67.61536	-111.04095	79.78144	1.0978181	1560.862725019455
168	-380.27606	45.198715	-299.35263	-452.8288	-341.9127	69.09409	-191.05011	-429.851	100.0	100.0	251999	-79.98801	6.4779696	-67.64638	-114.56109	-79.98772	6.4948964	-67.52765	-114.30645	79.728	1.1130122	1570.71799492836
169	-358.19962	39.443413	-295.66687	-435.19995	-365.4661	59.737686	-239.28725	-428.6939	100.0	100.0	253499	-79.99254	6.506271	-67.71919	-114.21961	-79.992134	6.5223756	-67.57563	-116.34769	79.73044	1.1144319	1581.3036751747131
170	-385.19818	38.876793	-282.68063	-454.48248	-350.65717	48.451473	-290.7856	-434.74588	100.0	100.0	254999	-79.96471	6.5118217	-67.77592	-111.27447	-79.96463	6.5260844	-67.84373	-112.68523	79.746315	1.1231978	1592.0020639896393
171	-389.27322	36.669224	-313.4667	-457.84708	-339.30438	42.70573	-275.11606	-395.73694	100.0	100.0	256499	-79.96898	6.5188146	-67.891975	-112.27806	-79.96864	6.534451	-67.98426	-112.21795	79.747444	1.1239479	1601.9426112174988
172	-380.24942	45.02836	-312.1776	-472.43692	-370.94537	33.34596	-330.6362	-438.1762	100.0	100.0	257999	-79.94417	6.529831	-67.71952	-112.1956	-79.94371	6.545424	-67.74493	-113.15016	79.700966	1.1197141	1612.317708015442
173	-381.13715	28.72729	-323.3393	-433.80838	-341.5606	58.846226	-226.59291	-428.15512	100.0	100.0	259499	-79.94175	6.543176	-68.063896	-111.6433	-79.94126	6.5604067	-67.91183	-111.282486	79.70443	1.1267986	1622.6962139606476
174	-370.91098	45.497272	-309.21832	-472.9613	-355.57455	36.267685	-279.70517	-419.9561	100.0	100.0	260999	-79.91792	6.5630836	-68.10052	-113.69883	-79.9175	6.579523	-67.787056	-114.729195	79.714966	1.1048205	1632.331423997879
175	-376.67694	43.76888	-292.9512	-442.01553	-346.4272	45.17524	-252.67632	-422.08725	100.0	100.0	262499	-79.87899	6.591905	-67.84326	-116.73673	-79.87848	6.6101584	-67.8926	-115.41189	79.63146	1.1364743	1641.5749571323395
176	-383.09573	38.809547	-306.04092	-455.2313	-346.80096	38.21924	-267.1536	-398.51733	100.0	100.0	263999	-79.880775	6.607136	-67.78931	-114.37671	-79.880684	6.6230636	-67.95358	-115.4529	79.64404	1.1127512	1650.8711700439453
177	-381.94922	25.908815	-340.33902	-429.5913	-343.1888	37.85199	-294.5439	-391.26358	100.0	100.0	265499	-79.84691	6.606489	-67.8487	-113.65736	-79.8463	6.6236105	-67.86072	-112.83792	79.61183	1.1397034	1660.20152592659
178	-375.7749	32.550243	-312.8088	-449.3004	-352.60004	70.50616	-208.33345	-453.99164	100.0	100.0	266999	-79.835236	6.6479526	-67.86917	-112.72654	-79.83474	6.6644716	-67.65454	-113.685074	79.56551	1.1480255	1669.6563420295715
179	-376.46768	47.219498	-309.663	-447.5446	-365.3182	51.032166	-283.56842	-455.98734	100.0	100.0	268499	-79.74342	6.6307096	-67.818695	-112.42199	-79.74284	6.6465764	-67.625885	-112.71438	79.49121	1.1174074	1679.0053548812866
180	-377.51297	33.06076	-317.31735	-426.95163	-356.72687	40.337234	-296.3594	-411.27045	100.0	100.0	269999	-79.71131	6.6084	-67.74024	-115.1972	-79.711	6.6248617	-67.887215	-112.841576	79.49744	1.1134809	1688.3730118274689
181	-377.42538	31.698893	-339.0787	-449.8666	-316.20355	62.58212	-222.76167	-418.37567	100.0	100.0	271499	-79.67775	6.605256	-68.03548	-111.86338	-79.67743	6.622319	-67.865974	-114.78441	79.42754	1.1203781	1697.6875240802765
182	-359.0728	37.813305	-278.44373	-415.13297	-356.9599	55.017345	-245.34247	-423.36188	100.0	100.0	272999	-79.68954	6.632048	-67.78092	-114.51143	-79.68904	6.6490617	-67.808945	-116.275635	79.43244	1.1252254	1706.9615750312805
183	-339.50558	37.34855	-263.84537	-425.88486	-333.3753	44.754234	-245.70981	-392.20105	100.0	100.0	274499	-79.61847	6.645481	-67.55684	-115.23472	-79.617714	6.6619415	-67.64206	-113.20882	79.384	1.1301451	1716.0862710475922
184	-377.2999	38.254883	-291.4517	-443.8826	-328.65292	33.24224	-289.22485	-383.67334	100.0	100.0	275999	-79.56758	6.6267567	-67.6123	-113.04069	-79.56744	6.6428237	-67.49101	-112.0189	79.3068	1.1496521	1725.2117371559143
185	-362.38467	38.75711	-291.9534	-430.74957	-361.9579	34.80755	-315.9245	-416.73648	100.0	100.0	277499	-79.54323	6.6446385	-67.82667	-111.41329	-79.54282	6.6614194	-67.630165	-112.032555	79.32227	1.1268287	1734.4499151706696
186	-363.64948	44.924725	-273.84988	-441.33487	-347.89368	66.421295	-174.93466	-429.28156	100.0	100.0	278999	-79.450386	6.6281962	-67.89108	-114.02693	-79.44991	6.6469727	-67.57842	-111.97644	79.24118	1.1188691	1743.3849132061005
187	-358.5126	30.548779	-310.76233	-422.37476	-334.62738	58.35874	-239.5528	-422.1365	100.0	100.0	280499	-79.47103	6.6843743	-67.90983	-112.418976	-79.47057	6.7024956	-67.64794	-114.51067	79.21889	1.1591783	1752.3032460212708
188	-359.6119	42.165615	-271.82913	-425.105	-330.4616	46.892345	-263.96393	-430.1674	100.0	100.0	281999	-79.38325	6.684228	-67.604904	-110.60638	-79.3828	6.7026243	-67.568405	-111.64941	79.13288	1.1373839	1761.1544089317322
189	-391.96835	30.15204	-317.54413	-437.4931	-342.859	66.520134	-180.083	-420.4082	100.0	100.0	283499	-79.33855	6.698544	-67.76454	-111.559616	-79.33804	6.7160516	-67.35917	-111.15124	79.10616	1.1555853	1770.0861191749573
190	-379.16473	46.328915	-285.88205	-453.39087	-343.20996	50.316	-249.09128	-441.42996	100.0	100.0	284999	-79.281944	6.7248077	-67.690445	-110.61453	-79.28136	6.742467	-67.32976	-110.75278	79.06068	1.1467453	1778.9748530387878
191	-371.19254	29.041927	-332.1201	-418.75757	-365.69864	62.861248	-218.66092	-447.41815	100.0	100.0	286499	-79.24448	6.7349935	-67.728905	-113.63714	-79.24402	6.7513027	-67.29383	-115.16819	79.02018	1.1554074	1788.0027339458466
192	-350.63934	32.186535	-281.33035	-402.04376	-329.30878	45.240704	-252.1166	-397.74814	100.0	100.0	287999	-79.17335	6.726279	-67.59203	-113.890015	-79.17325	6.742116	-67.3752	-113.76722	78.89848	1.148339	1796.914433002472
193	-352.1779	36.244457	-277.29544	-401.68463	-366.90424	45.94774	-300.66025	-441.76508	100.0	100.0	289499	-79.13736	6.6912527	-67.72461	-110.70059	-79.13674	6.708445	-67.325584	-111.779594	78.90527	1.1503574	1805.8308770656586
194	-371.16757	44.72309	-290.63422	-480.02548	-319.70044	24.191366	-291.19455	-385.4446	100.0	100.0	290999	-79.0722	6.718664	-67.5603	-111.4247	-79.07188	6.736847	-67.24852	-110.537025	78.82185	1.1481224	1814.7502059936523
195	-368.8385	32.0876	-329.07333	-424.87827	-306.41104	48.838055	-235.13985	-379.4966	100.0	100.0	292499	-79.008095	6.754397	-67.30069	-113.53277	-79.00753	6.772487	-67.09405	-114.02224	78.78522	1.1514308	1823.7895300388336
196	-355.7414	50.505505	-278.53622	-460.06152	-304.08087	52.83761	-231.32597	-406.91074	100.0	100.0	293999	-78.94842	6.754662	-67.346695	-112.78513	-78.948235	6.772345	-67.073166	-113.267166	78.705246	1.1616472	1833.0188331604004
197	-359.1952	33.645412	-311.14124	-428.16986	-341.84955	39.788826	-268.1611	-401.402	100.0	100.0	295499	-78.88153	6.758001	-67.22359	-112.7899	-78.88053	6.776601	-67.17053	-115.400665	78.61903	1.135094	1842.2819380760193
198	-372.1038	50.95239	-250.69684	-436.21268	-338.0395	52.6306	-266.35538	-437.59454	100.0	100.0	296999	-78.84337	6.7648153	-66.999954	-114.012695	-78.84307	6.7829485	-66.910286	-115.90161	78.596725	1.1594017	1852.462317943573
199	-353.2819	42.733597	-292.8919	-414.21762	-316.7813	59.832466	-226.3074	-409.51007	100.0	100.0	298499	-78.79082	6.768119	-67.06568	-113.11825	-78.790504	6.7847624	-66.7609	-113.98869	78.51414	1.1396048	1862.6004989147186
200	-377.1182	40.007755	-305.0513	-441.0425	-331.9969	35.284744	-268.07175	-387.90454	100.0	100.0	299999	-78.71018	6.7906456	-66.88623	-111.95778	-78.70952	6.8069024	-66.688995	-112.80319	78.45261	1.150499	1872.1326372623444
201	-374.14316	36.27771	-273.516	-419.78506	-328.55777	37.005943	-261.77927	-377.25143	100.0	100.0	301499	-78.64649	6.806849	-66.81777	-115.21672	-78.646164	6.82424	-66.51625	-115.49883	78.39482	1.1507502	1881.7689900398254
202	-371.18317	46.318176	-291.29233	-478.31778	-301.446	59.899956	-201.71437	-416.82816	100.0	100.0	302999	-78.56605	6.823209	-66.99807	-117.90892	-78.56547	6.8399477	-66.60029	-118.76603	78.31119	1.1523393	1891.2648730278015
203	-379.80777	34.49335	-317.50027	-428.06012	-337.68854	57.624752	-259.17072	-433.29675	100.0	100.0	304499	-78.51637	6.8359275	-66.739655	-113.971405	-78.51582	6.8536158	-66.57708	-113.43206	78.25551	1.159306	1900.5644490718842
204	-366.78452	50.294415	-291.10925	-486.26685	-376.28586	45.329174	-311.75418	-466.66165	100.0	100.0	305999	-78.417175	6.8602657	-66.44105	-115.0727	-78.41698	6.8768916	-66.168304	-110.0642	78.15146	1.1521338	1909.7013239860535
