Epoch	AverageEpRet	StdEpRet	MaxEpRet	MinEpRet	AverageTestEpRet	StdTestEpRet	MaxTestEpRet	MinTestEpRet	EpLen	TestEpLen	TotalEnvInteracts	AverageQ1Vals	StdQ1Vals	MaxQ1Vals	MinQ1Vals	AverageQ2Vals	StdQ2Vals	MaxQ2Vals	MinQ2Vals	AverageLogPi	StdLogPi	MaxLogPi	MinLogPi	LossPi	LossQ	Time
1	-492.3969	5.562383	-478.59988	-498.40524	-484.48785	8.437336	-465.7245	-494.1621	100.0	100.0	1499	-8.439566	2.9274466	0.38087195	-16.01411	-8.485706	2.8271255	-0.024556458	-16.115911	-0.7652051	0.73030686	1.3584228	-10.234488	8.3680725	1.7927212	3.5984504222869873
2	-490.40247	6.9981594	-471.7157	-503.25812	-474.32657	16.03529	-444.69318	-492.82993	100.0	100.0	2999	-29.002487	9.421216	-12.038018	-49.319027	-29.002663	9.421114	-11.996329	-48.5637	-0.9200555	0.72732985	2.424282	-8.563375	28.930391	0.20384589	10.95045280456543
3	-491.4826	4.2168775	-484.26224	-497.18484	-474.57285	11.536739	-452.86856	-491.3206	100.0	100.0	4499	-62.284485	9.739188	-43.216087	-82.77874	-62.2844	9.73932	-43.330944	-83.17633	-0.8954256	0.80495113	4.2558746	-9.368884	62.271603	0.4060218	18.281763076782227
4	-490.99655	6.0744867	-479.0388	-501.82077	-467.4935	28.993696	-389.57605	-494.22107	100.0	100.0	5999	-95.35947	9.503244	-75.68482	-116.56335	-95.359695	9.502785	-75.859604	-116.31365	-0.8463451	0.8370839	3.272089	-9.982865	95.378395	0.56934893	26.334206581115723
5	-491.13934	3.4938226	-485.05673	-496.874	-474.82574	16.331493	-433.0036	-493.07944	100.0	100.0	7499	-127.47409	9.2291565	-108.313194	-148.39049	-127.47393	9.228151	-108.17418	-147.91173	-0.7993824	0.88993067	3.6381276	-7.5116367	127.51018	0.71349674	34.07969045639038
6	-494.45908	2.298125	-490.91794	-499.1703	-443.952	28.281607	-384.05878	-486.14124	100.0	100.0	8999	-158.69835	9.032321	-139.4532	-181.11244	-158.69858	9.030462	-139.40004	-180.60988	-0.7732101	0.9214892	4.738107	-8.839853	158.75757	0.86566913	41.591946601867676
7	-489.26862	8.177359	-467.1125	-500.5694	-467.6879	12.626146	-445.28302	-485.61142	100.0	100.0	10499	-189.021	8.760849	-170.12187	-211.26468	-189.02084	8.75988	-169.87033	-211.24776	-0.744911	0.937029	4.251603	-8.314624	189.09659	1.0109043	49.10669994354248
8	-481.03726	12.137405	-448.37335	-495.63712	-474.62485	13.385314	-446.09406	-489.84506	100.0	100.0	11999	-218.18169	8.457007	-199.06792	-239.5503	-218.18181	8.45624	-199.74062	-240.75421	-0.7618564	0.93950117	4.5530777	-9.348415	218.27606	1.0381035	56.78737998008728
9	-483.21643	9.991177	-463.06296	-497.5857	-466.2964	21.593967	-421.5029	-491.69998	100.0	100.0	13499	-246.29283	8.200066	-227.78244	-268.70312	-246.29253	8.200661	-227.44124	-268.3663	-0.7801932	0.92273945	5.221657	-8.029301	246.40678	1.1316713	64.32271218299866
10	-482.90533	8.297689	-466.26526	-492.9713	-469.53754	12.863715	-445.1584	-487.9933	100.0	100.0	14999	-273.4534	7.961173	-254.37534	-295.43445	-273.4533	7.9611006	-254.49678	-295.6883	-0.7863319	0.9266058	4.482884	-9.169783	273.5794	1.2308954	71.81271076202393
11	-478.01422	11.793519	-450.98148	-497.5829	-460.62167	33.111477	-394.37607	-490.85397	100.0	100.0	16499	-299.60703	7.7111316	-280.4991	-321.72092	-299.60706	7.710102	-278.58438	-321.39188	-0.7736788	0.9429325	4.335543	-8.089008	299.7455	1.3439751	79.3459689617157
12	-478.05817	11.188805	-459.70355	-497.22855	-472.82974	25.10318	-401.62512	-490.82816	100.0	100.0	17999	-324.73386	7.4477997	-306.03363	-346.93353	-324.7343	7.447312	-305.28397	-346.08365	-0.76465756	0.96781576	4.772502	-8.017318	324.87717	1.4051892	86.9939284324646
13	-471.31332	13.599769	-447.43008	-496.14114	-453.58438	27.500856	-410.88907	-486.50482	100.0	100.0	19499	-348.99725	7.251123	-329.92477	-371.49863	-348.99686	7.2517104	-329.3252	-370.75522	-0.7243927	1.0002928	5.22186	-9.332654	349.13394	1.4905761	94.42764782905579
14	-472.47382	13.932046	-443.35046	-497.2134	-429.4913	30.629463	-371.44043	-470.47263	100.0	100.0	20999	-372.25644	7.0192795	-353.9315	-394.02322	-372.2564	7.0200386	-353.7584	-394.5558	-0.7217662	1.0119238	5.199929	-9.616079	372.40692	1.5783505	101.89146637916565
15	-467.22586	18.734377	-415.33658	-491.70584	-423.8694	45.939613	-351.24658	-477.5254	100.0	100.0	22499	-394.618	6.8564134	-376.39978	-418.67194	-394.61816	6.8578935	-376.04367	-418.0611	-0.6722772	1.0527333	5.3432846	-8.486166	394.7785	1.628577	109.50782608985901
16	-463.90506	10.790312	-440.82773	-477.70334	-428.2979	38.3177	-364.58755	-485.0129	100.0	100.0	23999	-416.00818	6.6842556	-398.24982	-438.10672	-416.00858	6.685548	-398.28116	-439.96967	-0.58988404	1.1090168	6.6071377	-9.420367	416.14816	1.789945	117.04161047935486
17	-465.14804	6.711805	-453.79456	-477.36313	-404.44922	31.118273	-354.65808	-446.61963	100.0	100.0	25499	-436.37558	6.5655074	-418.04672	-459.32382	-436.37543	6.568208	-417.8769	-458.50998	-0.5045602	1.1614159	6.2224402	-9.766956	436.50757	1.8216197	124.75974655151367
18	-450.01007	13.838653	-420.0115	-466.84708	-402.3094	34.683773	-313.1343	-449.52734	100.0	100.0	26999	-455.8203	6.5052867	-437.61417	-480.144	-455.81995	6.507988	-436.98312	-480.1073	-0.41239902	1.2129782	7.276707	-9.300516	455.95007	1.977082	132.09744596481323
19	-460.31293	15.536258	-426.41434	-484.5999	-406.3371	39.45143	-327.1306	-454.85553	100.0	100.0	28499	-474.37616	6.501395	-455.29843	-499.1455	-474.37622	6.5051355	-454.82065	-498.53632	-0.31966433	1.2588131	6.40027	-8.677108	474.5045	2.081528	139.52774906158447
20	-450.64047	25.02042	-393.09225	-478.65164	-411.3399	36.377583	-328.2435	-463.16327	100.0	100.0	29999	-492.1743	6.5492043	-472.09756	-518.8001	-492.1743	6.5484743	-472.3361	-520.15753	-0.24940875	1.2974871	7.5167813	-8.264375	492.2857	2.2777567	146.92526173591614
21	-452.44836	23.466528	-399.44113	-488.14856	-378.46143	29.760777	-334.33783	-423.3923	100.0	100.0	31499	-509.10623	6.643754	-489.66904	-535.90173	-509.10608	6.6438146	-489.77957	-536.20715	-0.16553634	1.3262111	7.4079156	-9.788914	509.22318	2.36464	154.3683009147644
22	-456.44388	12.499211	-432.20288	-475.50104	-389.9257	38.799595	-317.49173	-434.15985	100.0	100.0	32999	-525.25684	6.79259	-505.7045	-553.2031	-525.2565	6.794569	-506.04657	-554.1139	-0.11406251	1.338946	7.4262924	-8.019844	525.3724	2.552015	161.84982585906982
23	-447.4961	25.035103	-394.21054	-485.28015	-411.85223	45.687607	-323.80014	-478.28787	100.0	100.0	34499	-540.67053	6.9491706	-520.8757	-569.86273	-540.6714	6.949607	-519.9653	-568.91455	-0.048216198	1.3643916	7.174709	-9.796171	540.78156	2.798576	169.3424096107483
24	-446.1608	27.008612	-377.80023	-476.15384	-395.7876	39.03959	-329.04816	-455.9156	100.0	100.0	35999	-555.4045	7.14709	-534.87305	-585.1626	-555.40466	7.1472473	-534.3397	-586.42755	-0.019110946	1.3806156	7.6425366	-9.371324	555.5231	2.9177961	176.7756862640381
25	-442.51596	25.065622	-392.57233	-478.80417	-404.06332	38.68597	-321.0986	-463.77756	100.0	100.0	37499	-569.4516	7.344657	-548.3429	-601.2891	-569.4514	7.3477535	-548.3096	-600.9545	0.03989749	1.4045774	7.14763	-10.225644	569.5504	3.0381503	184.2702260017395
26	-446.30795	25.082077	-405.19006	-480.68594	-379.73193	28.70217	-331.2357	-420.32474	100.0	100.0	38999	-582.9196	7.531567	-560.83594	-618.35315	-582.9196	7.532353	-561.6464	-616.98627	0.066280745	1.4159516	8.26784	-9.227125	583.02264	3.2668393	191.71539306640625
27	-447.2453	20.35065	-398.28558	-472.8329	-412.0818	13.798532	-395.1643	-444.64984	100.0	100.0	40499	-595.68036	7.78712	-573.52875	-630.0491	-595.6801	7.7878313	-573.6995	-632.2008	0.11383437	1.4354019	6.82772	-9.37572	595.7787	3.4419162	199.17642378807068
28	-451.63547	15.165529	-418.2973	-470.90015	-389.29852	23.784174	-335.57474	-426.55872	100.0	100.0	41999	-607.9731	8.12477	-584.2485	-643.36865	-607.97345	8.12537	-584.2985	-644.4757	0.13501255	1.4451035	7.4670315	-10.342385	608.09894	3.5448554	206.56107354164124
29	-446.0142	21.121166	-406.61154	-475.5161	-395.76212	30.13474	-357.92563	-468.4601	100.0	100.0	43499	-619.77344	8.332135	-595.3729	-658.8311	-619.7734	8.330604	-595.62213	-660.291	0.16306442	1.4635713	8.580551	-8.8929615	619.88293	3.6861627	214.3222839832306
30	-454.95087	17.830486	-416.70285	-476.2545	-400.56815	40.658577	-340.31018	-459.3384	100.0	100.0	44999	-631.06824	8.689074	-605.5571	-669.75806	-631.0682	8.6889305	-605.76	-672.7928	0.1610026	1.4570353	7.7859454	-11.646726	631.18304	3.8888927	221.8012351989746
31	-447.03574	19.081741	-419.3846	-484.09372	-372.5477	40.98291	-300.38974	-441.28052	100.0	100.0	46499	-641.9453	9.014947	-616.23676	-679.24005	-641.9448	9.007591	-615.528	-681.5396	0.18621011	1.4738904	7.09844	-11.597359	642.0623	3.9061718	229.32955765724182
32	-452.64847	24.569239	-378.90744	-478.08463	-402.18008	45.975735	-310.65897	-468.10876	100.0	100.0	47999	-652.2492	9.348913	-625.0317	-690.2093	-652.24994	9.347911	-625.6351	-689.8848	0.21238998	1.4833523	8.815877	-9.628512	652.3664	4.0652356	236.94130873680115
33	-438.43716	27.753443	-375.72137	-476.52417	-379.59506	28.7366	-316.54156	-413.0983	100.0	100.0	49499	-662.2238	9.667665	-634.377	-702.62366	-662.2231	9.667135	-634.2211	-702.81177	0.21711688	1.4761139	7.8261685	-13.13081	662.3401	4.3235626	244.82600927352905
34	-440.908	34.47515	-375.6839	-481.58923	-386.39325	65.78122	-282.14844	-470.06223	100.0	100.0	50999	-671.6524	9.954979	-643.5775	-714.9733	-671.65283	9.953914	-644.6486	-714.7237	0.25981337	1.5055825	8.082262	-9.627825	671.75336	4.2513757	252.56106901168823
35	-447.07465	22.43361	-396.83466	-483.62598	-409.14786	55.86361	-300.09537	-471.7107	100.0	100.0	52499	-680.5962	10.309573	-651.7187	-722.68353	-680.5961	10.309115	-652.20496	-721.85925	0.2769634	1.5096369	7.838921	-10.190782	680.699	4.3492503	260.9202404022217
36	-456.86115	18.11088	-417.74753	-481.57846	-399.07587	49.063656	-293.15088	-455.94727	100.0	100.0	53999	-689.101	10.664733	-659.4095	-737.48883	-689.1011	10.662213	-659.9408	-731.3194	0.2952784	1.5033497	9.624771	-9.656431	689.21106	4.4586434	268.8126471042633
37	-441.3485	34.46034	-360.7687	-478.15695	-425.68945	32.895382	-383.44064	-480.613	100.0	100.0	55499	-697.3922	11.022383	-666.9161	-741.43024	-697.3919	11.021194	-667.37384	-747.94574	0.28390953	1.5164198	8.609828	-10.639641	697.49274	4.6685076	276.87924575805664
38	-448.297	24.615362	-370.8219	-479.32416	-418.2254	28.061985	-352.08826	-452.9812	100.0	100.0	56999	-705.1325	11.419728	-673.15826	-752.0659	-705.1325	11.418061	-674.73175	-755.7761	0.324121	1.5247114	8.279855	-10.543349	705.237	4.645447	285.203266620636
39	-436.94888	31.636091	-388.32913	-491.41656	-403.13132	32.234245	-343.66766	-451.18417	100.0	100.0	58499	-712.5574	11.804021	-681.3411	-759.1122	-712.55774	11.805172	-681.9216	-758.6331	0.33186117	1.5275619	9.132061	-10.210941	712.64716	4.744222	293.3891968727112
40	-434.733	26.496374	-364.22577	-463.34122	-386.83386	48.96378	-309.283	-470.58914	100.0	100.0	59999	-719.68854	12.17656	-686.57446	-766.9351	-719.6882	12.176797	-687.80066	-766.0873	0.3361282	1.5227544	7.9870644	-9.669517	719.78015	4.859589	301.58173751831055
41	-453.22916	21.94694	-406.84995	-482.50262	-411.21655	51.030457	-337.38132	-479.97467	100.0	100.0	61499	-726.3016	12.604419	-693.5342	-772.86127	-726.30096	12.60017	-693.7436	-775.5348	0.38421676	1.5275289	10.157169	-8.172595	726.373	5.0949454	309.6196460723877
42	-429.14874	38.618168	-354.65103	-480.20264	-421.72787	27.499535	-387.57617	-458.00375	100.0	100.0	62999	-732.659	13.03276	-698.9115	-782.5308	-732.65906	13.034222	-698.85254	-784.2721	0.41024426	1.5563121	9.083577	-12.246085	732.7373	5.301869	317.54652738571167
43	-450.10117	24.18888	-414.2114	-485.3843	-388.9131	50.659416	-269.1485	-464.07376	100.0	100.0	64499	-738.9312	13.550463	-704.05206	-790.7154	-738.9316	13.548247	-704.24786	-791.8388	0.39799774	1.5496117	8.52972	-11.355855	739.0306	5.286219	326.7025408744812
44	-428.86496	44.736427	-301.71793	-471.07544	-376.8127	61.040092	-229.52011	-426.61798	100.0	100.0	65999	-745.0019	14.008682	-709.53394	-796.1386	-745.00116	14.006175	-709.56555	-796.86365	0.40742946	1.5330738	9.117126	-10.785496	745.08936	5.255491	334.975510597229
45	-432.9961	27.699083	-380.365	-470.03653	-405.33722	34.499413	-351.2439	-448.36722	100.0	100.0	67499	-750.5433	14.410294	-713.4256	-804.8837	-750.5431	14.411772	-713.0449	-804.9904	0.43760255	1.551323	9.590429	-11.5125885	750.63416	5.3431687	342.99179553985596
46	-435.28067	28.739038	-383.35635	-476.92407	-394.7582	41.807854	-352.96274	-496.13968	100.0	100.0	68999	-755.9128	14.853956	-717.3787	-814.2368	-755.9131	14.849849	-717.6232	-810.4534	0.42100647	1.5591545	9.872277	-11.260629	756.0044	5.551056	350.72881603240967
47	-420.43848	35.62631	-348.47202	-468.1675	-354.61728	42.245895	-277.36136	-430.86438	100.0	100.0	70499	-760.94885	15.308968	-721.8277	-818.8492	-760.9486	15.308981	-722.77075	-821.1256	0.40034884	1.551953	11.818459	-11.136585	761.04065	5.689181	358.41061878204346
48	-447.61765	31.103647	-393.529	-492.21698	-358.99677	73.4382	-254.37643	-455.47052	100.0	100.0	71999	-765.9187	15.626447	-726.34155	-824.24866	-765.9182	15.629172	-726.2821	-826.89825	0.4109822	1.5505595	10.363799	-8.952577	766.00616	5.61283	366.2714114189148
49	-450.2746	18.393038	-405.04034	-476.4279	-384.18835	60.533863	-270.2962	-446.04443	100.0	100.0	73499	-770.791	15.988043	-729.01324	-833.73224	-770.791	15.985516	-729.584	-833.19666	0.44270858	1.5650405	10.943942	-10.344043	770.8851	5.495647	375.2162890434265
50	-435.84943	26.73936	-376.06296	-472.40494	-424.08575	29.838459	-377.80008	-482.56796	100.0	100.0	74999	-775.2565	16.409588	-732.9822	-835.701	-775.2564	16.41101	-733.3481	-840.77325	0.4107411	1.5630786	10.387837	-10.1152725	775.3533	5.5237384	384.0973846912384
51	-450.82565	24.43155	-404.69293	-482.7099	-372.1346	28.921228	-321.4564	-408.0201	100.0	100.0	76499	-779.5223	16.842123	-735.27136	-841.0214	-779.52216	16.841791	-735.72314	-840.65485	0.43746912	1.5681096	14.741586	-10.408208	779.60266	5.5005546	392.454701423645
52	-430.09125	30.611942	-378.12393	-480.1092	-384.1994	58.230267	-281.11377	-465.96405	100.0	100.0	77999	-783.68115	17.277657	-738.6732	-846.24115	-783.6809	17.279387	-738.0204	-848.9495	0.4432851	1.5607058	12.658866	-10.92587	783.75616	5.5620866	400.9996647834778
53	-431.19098	28.259922	-357.14563	-473.78876	-406.81735	45.922523	-329.52704	-467.12094	100.0	100.0	79499	-787.41736	17.72155	-741.8892	-851.04865	-787.41815	17.720913	-742.9694	-852.08325	0.43173546	1.5694883	11.779534	-8.6747465	787.5203	5.621905	410.15723419189453
54	-425.30115	37.166996	-359.1908	-491.5125	-390.82233	43.067635	-335.2423	-468.29532	100.0	100.0	80999	-791.0885	18.109934	-744.756	-855.8074	-791.0874	18.10941	-744.79156	-857.5509	0.4695855	1.5704093	9.54283	-10.39868	791.177	5.636655	418.86502599716187
55	-428.44577	32.034763	-361.58044	-472.93503	-372.54092	36.19243	-306.76993	-415.49713	100.0	100.0	82499	-794.61176	18.667175	-747.3469	-859.69556	-794.612	18.667406	-747.9393	-860.20874	0.48949754	1.5712754	10.228052	-13.666018	794.70233	5.6982512	427.7595462799072
56	-425.18054	30.379854	-365.96597	-481.63208	-400.73212	53.305584	-292.06223	-478.31097	100.0	100.0	83999	-798.05457	19.133194	-749.61224	-869.36523	-798.0543	19.132244	-749.91455	-868.8874	0.48276803	1.5843428	10.385702	-9.821891	798.14264	5.8133035	436.58293867111206
57	-431.51227	24.969189	-387.36288	-476.90155	-411.03253	27.16019	-345.56888	-440.3588	100.0	100.0	85499	-801.174	19.498951	-751.6222	-867.5475	-801.17395	19.49786	-752.5352	-867.92706	0.48363093	1.5900506	10.763829	-9.303399	801.2675	5.6526914	444.8975667953491
58	-420.40997	32.896408	-363.53107	-477.22147	-359.27313	58.99116	-243.80296	-459.32333	100.0	100.0	86999	-804.138	19.923563	-753.8181	-873.8243	-804.1382	19.921255	-753.5571	-871.91327	0.48780957	1.5890211	12.097017	-10.094198	804.2124	5.8576016	453.1794641017914
59	-425.40625	36.580597	-333.38666	-466.3294	-348.73257	71.064186	-248.30524	-484.92697	100.0	100.0	88499	-806.997	20.347593	-756.14215	-878.21497	-806.99695	20.347992	-756.1497	-876.3418	0.5346627	1.5984714	9.677831	-10.256941	807.0675	5.978082	461.4366796016693
60	-418.2546	29.704544	-368.57233	-472.7232	-397.39145	48.35773	-299.47107	-461.91653	100.0	100.0	89999	-809.45056	20.769838	-757.45074	-879.9711	-809.4504	20.766588	-757.702	-877.55096	0.5036406	1.5987782	11.166837	-9.173805	809.5506	5.948392	469.82308769226074
61	-408.87387	32.690777	-343.484	-450.58936	-400.0822	53.131145	-306.95056	-488.39163	100.0	100.0	91499	-811.8607	21.140938	-758.28174	-880.0853	-811.8606	21.1359	-758.4044	-880.0111	0.522905	1.6063857	10.440226	-9.747065	811.9332	5.9610286	478.2755677700043
62	-422.21542	37.85685	-338.5255	-474.3535	-371.06308	68.71224	-264.59326	-461.6968	100.0	100.0	92999	-814.2986	21.571774	-760.9557	-884.22046	-814.29895	21.566423	-761.018	-883.45575	0.5349259	1.5966614	10.191813	-8.795342	814.3698	5.980806	486.65589594841003
63	-425.76938	31.18617	-372.6001	-474.05975	-409.81476	41.414646	-344.49277	-469.2466	100.0	100.0	94499	-816.43054	21.878504	-761.82245	-887.312	-816.43005	21.877176	-762.0436	-888.51794	0.5535556	1.5984144	12.964054	-10.579674	816.4822	6.079613	494.97904753685
64	-434.5082	26.298416	-391.68137	-472.2581	-422.61792	34.917755	-349.28445	-469.9426	100.0	100.0	95999	-818.34143	22.063076	-763.66235	-889.2489	-818.34186	22.059845	-763.82776	-891.20013	0.54302466	1.5881255	10.293977	-11.523826	818.41565	6.230418	503.3638377189636
65	-420.44775	28.089943	-368.34134	-463.70474	-386.2337	37.534107	-339.6054	-468.30463	100.0	100.0	97499	-820.4397	22.407011	-764.935	-897.0775	-820.4393	22.402657	-764.3973	-894.17334	0.5325907	1.593587	11.006424	-9.421341	820.5201	6.2545767	512.0543196201324
66	-421.4435	32.63253	-358.95618	-471.22333	-379.6936	51.760292	-312.44202	-468.3594	100.0	100.0	98999	-822.1986	22.833725	-765.98535	-894.0328	-822.1996	22.8295	-766.2705	-892.57825	0.5109107	1.5833892	11.620753	-10.790195	822.2992	6.1295323	519.9572174549103
67	-434.44562	23.052485	-392.45273	-474.0035	-393.04544	63.003647	-258.9851	-471.9359	100.0	100.0	100499	-823.8297	23.026962	-768.39606	-895.4373	-823.82904	23.023357	-767.7778	-896.736	0.5576591	1.5942367	10.967042	-9.053986	823.91016	6.1982813	527.8320782184601
68	-425.0537	40.119827	-365.95663	-489.5082	-396.86853	50.87751	-324.57935	-472.55246	100.0	100.0	101999	-825.5019	23.245298	-768.39465	-900.0007	-825.50195	23.240137	-768.3736	-898.77484	0.5482054	1.5980861	16.833548	-11.708658	825.56635	6.258577	536.1152584552765
69	-408.9453	47.50017	-328.82935	-471.37506	-382.72626	69.250854	-223.61696	-460.7082	100.0	100.0	103499	-827.0256	23.666904	-768.8206	-900.6381	-827.0256	23.660181	-769.20044	-902.68066	0.5519388	1.5904363	11.023935	-9.890973	827.105	6.41887	544.1120707988739
70	-437.32318	29.997776	-380.76447	-480.85138	-411.3628	58.344604	-329.3817	-487.49255	100.0	100.0	104999	-828.3795	23.842648	-769.6639	-898.66724	-828.3798	23.836962	-768.9571	-902.6728	0.55107903	1.582907	11.641939	-9.2837715	828.44885	6.2036414	552.224545955658
71	-433.16815	31.62448	-387.00037	-498.08813	-384.44308	39.277378	-333.4405	-463.062	100.0	100.0	106499	-830.0133	24.158833	-769.3984	-900.70966	-830.0134	24.153654	-770.01953	-904.5951	0.5589058	1.5881752	10.071531	-11.134378	830.09485	6.5953736	560.4610183238983
72	-421.78952	31.329733	-367.40952	-457.7718	-366.2611	35.4001	-280.7369	-418.71793	100.0	100.0	107999	-831.34625	24.338133	-769.4382	-903.0063	-831.3457	24.334583	-770.5126	-903.42194	0.5328982	1.5778021	10.765162	-11.367511	831.41266	6.287197	569.3778941631317
73	-428.5889	31.108837	-368.12506	-477.35336	-378.77576	52.957085	-294.26886	-460.64008	100.0	100.0	109499	-832.4575	24.56236	-771.19385	-903.8899	-832.45764	24.554384	-771.3432	-906.17413	0.5484926	1.5899853	12.702832	-9.808407	832.5305	6.209418	578.4905512332916
74	-444.5358	26.341175	-377.91425	-482.69293	-379.3414	36.514908	-314.99673	-437.9507	100.0	100.0	110999	-833.72107	24.844006	-770.6081	-908.54846	-833.72156	24.837053	-771.5104	-907.2063	0.5360399	1.5891132	11.693224	-9.947719	833.8096	6.2833533	587.3889381885529
75	-432.5113	27.196854	-372.52454	-481.90964	-407.1918	62.79189	-303.79153	-474.33514	100.0	100.0	112499	-834.7599	25.023308	-772.02826	-906.7157	-834.7601	25.015907	-772.09674	-907.07086	0.53884745	1.5897152	15.789122	-10.7232685	834.8442	6.1330886	595.5204126834869
76	-436.17807	31.07325	-377.76355	-475.9121	-396.03873	53.57296	-303.1813	-459.5095	100.0	100.0	113999	-835.9423	25.251303	-773.14014	-908.7013	-835.9417	25.24678	-772.1193	-913.6113	0.55091	1.5952917	12.871828	-10.819466	836.0073	6.3394475	604.5404658317566
77	-419.16687	43.01721	-332.237	-473.23166	-385.82556	30.12388	-312.98666	-420.7825	100.0	100.0	115499	-836.95636	25.50879	-773.0571	-909.9086	-836.9566	25.502539	-772.3604	-911.41266	0.51008314	1.5810999	14.370132	-10.630466	837.0233	6.0961785	613.08784532547
78	-425.7475	34.79114	-368.92706	-471.36728	-386.17612	59.455635	-291.20532	-468.93396	100.0	100.0	116999	-837.9091	25.757235	-773.14734	-913.32324	-837.9082	25.751331	-773.0958	-914.54504	0.5146536	1.591691	12.407625	-9.606356	837.9637	6.252263	621.7585463523865
79	-417.39514	36.701935	-361.24246	-465.5707	-370.18692	60.423542	-298.82965	-462.5672	100.0	100.0	118499	-838.7707	25.967829	-772.7084	-920.39343	-838.7708	25.961748	-772.05005	-920.65845	0.5192972	1.5894175	10.500873	-12.515144	838.8165	6.06752	630.4064438343048
80	-429.513	38.605824	-362.59967	-482.21985	-356.1439	71.615776	-200.0085	-465.2151	100.0	100.0	119999	-839.45807	26.268555	-772.9294	-916.08154	-839.4581	26.26056	-772.90906	-919.797	0.5453465	1.6006515	13.942652	-9.811889	839.5041	6.1202173	639.0097613334656
81	-427.8999	40.094772	-341.6889	-483.23502	-384.12964	47.12177	-310.6396	-475.06656	100.0	100.0	121499	-840.136	26.738163	-771.7838	-918.1283	-840.1361	26.732315	-773.0386	-920.7055	0.5270976	1.5940822	10.895676	-9.186756	840.1909	6.080901	646.9671075344086
82	-426.58182	29.557756	-374.21503	-475.28412	-382.57477	41.195507	-312.41986	-442.20123	100.0	100.0	122999	-840.7581	27.03012	-772.0696	-920.69666	-840.758	27.024845	-772.2641	-923.37573	0.54369754	1.5914345	11.053857	-9.323411	840.8202	6.230134	656.3194444179535
83	-415.33176	34.51243	-347.09232	-466.18408	-370.54666	55.259445	-290.9086	-465.75803	100.0	100.0	124499	-841.29987	27.489637	-772.4599	-923.7479	-841.2999	27.483109	-772.1609	-926.9194	0.5617618	1.5990113	11.033245	-9.322817	841.33484	5.9733515	665.1639387607574
84	-412.34143	41.155365	-338.88248	-462.93744	-372.7167	60.660156	-264.11655	-468.65326	100.0	100.0	125999	-841.7083	27.825083	-771.5688	-924.72455	-841.70844	27.819654	-771.6127	-925.7818	0.58863145	1.606012	11.142754	-9.889115	841.73816	6.1864557	673.2050697803497
85	-416.4432	39.2967	-339.11966	-471.96613	-346.02545	41.46786	-270.38284	-408.6674	100.0	100.0	127499	-841.9341	28.308369	-770.27655	-925.8527	-841.9342	28.302612	-771.1328	-925.715	0.60278815	1.5938694	14.073125	-11.282148	841.9537	6.2386665	681.5691792964935
86	-409.25647	34.433796	-347.1286	-464.2258	-390.87918	37.406815	-321.6072	-439.376	100.0	100.0	128999	-842.2255	28.70215	-768.63837	-927.6222	-842.22534	28.696133	-769.7238	-926.55444	0.6140575	1.5977248	13.696869	-9.556861	842.2607	6.0053606	689.6383531093597
87	-424.20477	29.657589	-355.17984	-481.02988	-388.4726	58.77983	-306.2317	-471.98712	100.0	100.0	130499	-842.5292	29.090761	-767.3638	-929.6703	-842.5296	29.08477	-768.2828	-928.71735	0.6133594	1.6030474	11.650205	-8.458464	842.5535	6.4196076	698.1734232902527
88	-421.7858	34.15191	-342.84204	-469.40164	-385.50543	48.610188	-309.31177	-475.00235	100.0	100.0	131999	-842.6158	29.588564	-767.768	-929.70544	-842.6156	29.583735	-767.9591	-931.7479	0.59046656	1.5980611	12.189465	-10.373291	842.64685	6.200087	706.9181709289551
89	-419.42804	38.102352	-341.53232	-469.11203	-400.68686	32.400684	-349.83243	-462.3408	100.0	100.0	133499	-842.6201	30.074442	-765.2343	-931.4417	-842.62006	30.071264	-765.2647	-932.7821	0.616872	1.58908	11.568848	-10.182246	842.6327	6.20848	715.7365589141846
90	-414.58914	39.019382	-335.46503	-486.86234	-355.72125	61.617184	-236.27393	-419.8749	100.0	100.0	134999	-842.70703	30.38524	-764.79974	-932.82153	-842.7069	30.380445	-764.4004	-933.76245	0.6225469	1.5867354	12.341004	-11.159149	842.73236	6.2470484	724.0642628669739
91	-428.80365	30.069798	-351.13095	-467.15082	-373.96436	64.34733	-244.5387	-464.23944	100.0	100.0	136499	-842.78546	30.843287	-762.63403	-934.0029	-842.7855	30.839005	-762.87146	-935.2678	0.6333823	1.5891967	11.171349	-9.908944	842.8253	6.426228	732.9682924747467
92	-418.913	31.298477	-342.26755	-452.0025	-379.35883	44.491764	-317.5613	-444.5446	100.0	100.0	137999	-842.5656	31.117205	-762.75256	-935.2754	-842.5659	31.113544	-763.0581	-936.9849	0.6665269	1.5984639	11.031791	-10.0484495	842.56805	6.333952	741.4408779144287
93	-419.3289	34.338432	-347.7649	-477.1754	-387.69437	34.33513	-343.28717	-457.1265	100.0	100.0	139499	-842.56793	31.440401	-761.15466	-935.6384	-842.56793	31.436321	-761.57526	-935.9611	0.6465626	1.5884203	10.6407585	-9.018418	842.582	6.367332	750.1210017204285
94	-416.68948	31.77192	-353.6296	-485.83606	-372.50592	44.486526	-283.8715	-444.32156	100.0	100.0	140999	-842.5	31.799189	-759.4581	-937.9544	-842.4997	31.796606	-759.97125	-938.0663	0.642407	1.5850843	10.905524	-9.971535	842.52594	6.1327133	759.418231010437
95	-411.89206	44.867718	-332.2897	-477.94553	-379.98224	51.319344	-297.9509	-462.49057	100.0	100.0	142499	-842.4075	32.183605	-758.96674	-936.6036	-842.40735	32.179604	-759.4246	-938.31384	0.67131454	1.5926054	11.102623	-10.697889	842.4118	6.2542057	768.606404542923
96	-427.22025	28.007156	-382.36993	-472.15933	-387.19052	40.7919	-324.4185	-442.8	100.0	100.0	143999	-842.2276	32.42332	-757.74097	-939.55615	-842.22754	32.41895	-758.06415	-939.4853	0.65765476	1.5819544	12.65055	-10.457474	842.2293	6.0228934	778.0691976547241
97	-422.27313	22.97507	-376.05038	-466.23392	-345.65887	34.435463	-303.22424	-396.35287	100.0	100.0	145499	-842.05634	32.808258	-756.3249	-939.3936	-842.0562	32.806255	-757.3153	-940.6951	0.70545274	1.5932825	10.777993	-10.561643	842.0499	6.1976953	787.3722569942474
98	-413.85593	40.123024	-304.10995	-472.35126	-386.4728	40.82432	-325.18756	-450.9994	100.0	100.0	146999	-841.89795	33.206173	-754.6908	-942.3121	-841.8982	33.203075	-754.9608	-941.2129	0.6894002	1.5928811	10.088074	-10.152649	841.91614	6.105134	795.7604393959045
99	-418.72653	33.826996	-352.18427	-462.48483	-371.04974	55.056118	-293.39017	-467.8109	100.0	100.0	148499	-841.43243	33.47496	-752.236	-942.859	-841.4324	33.469753	-752.978	-942.77686	0.69391453	1.6024145	11.923068	-9.910432	841.44	6.0461593	803.9986763000488
100	-407.7878	33.945347	-357.26288	-483.0005	-354.4483	52.9862	-284.25812	-455.85056	100.0	100.0	149999	-841.1405	33.916954	-751.12573	-948.1174	-841.14075	33.913265	-750.8935	-943.04565	0.7024084	1.6003343	13.655265	-10.193169	841.1554	6.1432877	812.8862526416779
101	-406.19217	29.796482	-336.49713	-473.1103	-352.43124	34.649006	-272.9179	-398.72723	100.0	100.0	151499	-841.1501	34.200108	-751.2734	-946.09485	-841.1501	34.196095	-751.0483	-945.42255	0.715821	1.5989898	10.257164	-10.450273	841.1466	6.200077	821.8870968818665
102	-414.0621	36.049347	-329.80057	-484.1451	-374.06815	51.439144	-279.66632	-469.3417	100.0	100.0	152999	-840.79755	34.43725	-749.2001	-947.535	-840.7977	34.430023	-749.91766	-946.6548	0.7277081	1.597767	11.43701	-10.285152	840.8165	6.232837	830.7726881504059
103	-397.9096	37.003487	-313.01196	-463.37976	-366.5658	64.49923	-240.37907	-460.03128	100.0	100.0	154499	-840.33514	34.741505	-749.10657	-946.3874	-840.3352	34.737278	-749.18445	-946.1869	0.71907985	1.5847006	10.807349	-10.0367	840.3565	6.343237	839.5903189182281
104	-416.95502	24.961391	-379.33078	-470.96667	-382.1473	33.520897	-328.7059	-442.89047	100.0	100.0	155999	-839.70984	35.1127	-746.95886	-949.10077	-839.70996	35.109867	-747.0577	-948.6724	0.73510677	1.599581	11.591111	-9.805288	839.72833	5.9727564	848.502712726593
105	-416.4587	34.144978	-363.85883	-485.4267	-354.78918	39.361053	-288.55032	-407.56775	100.0	100.0	157499	-839.7247	35.287857	-745.6332	-950.0532	-839.7243	35.28439	-745.86127	-949.10834	0.73020405	1.5885348	11.094784	-9.828326	839.7299	6.2806106	856.926988363266
106	-399.37616	34.996815	-353.44757	-470.79193	-341.74066	52.74158	-257.08475	-430.8566	100.0	100.0	158999	-839.2509	35.525665	-745.6354	-949.3348	-839.2516	35.523396	-745.4138	-949.401	0.729771	1.5921204	11.351943	-10.527495	839.2365	6.340587	865.7722508907318
107	-396.90485	34.49265	-291.66446	-427.81064	-376.52005	40.63892	-307.01617	-426.60483	100.0	100.0	160499	-838.87476	35.837982	-743.55774	-949.1088	-838.8745	35.834984	-743.6771	-948.149	0.7494134	1.596323	10.505623	-9.699673	838.8495	6.548183	874.7433683872223
108	-409.35056	37.554417	-333.40265	-469.08517	-345.11	44.067513	-271.5448	-403.03326	100.0	100.0	161999	-838.05115	35.902813	-743.9358	-949.4613	-838.05054	35.902546	-741.79926	-949.7105	0.78408086	1.6090481	11.618583	-8.950318	838.02136	6.1917214	883.7906210422516
109	-399.78497	31.159042	-312.9975	-438.21298	-372.0429	60.248516	-290.67227	-485.5428	100.0	100.0	163499	-837.5732	36.11868	-742.37103	-951.5242	-837.5738	36.11737	-741.83905	-950.5732	0.7416315	1.585121	11.435227	-14.218436	837.5689	6.374906	892.4608361721039
110	-398.78	42.417034	-297.53366	-457.43094	-360.95032	50.189186	-309.2672	-477.55264	100.0	100.0	164999	-836.87146	36.211197	-741.248	-951.7673	-836.87103	36.209084	-740.2717	-952.3686	0.70898265	1.574427	13.424987	-9.519839	836.8613	6.0110517	901.3567879199982
111	-394.70813	31.28039	-340.60037	-458.31192	-371.21265	57.399033	-269.13605	-468.8856	100.0	100.0	166499	-836.57874	36.43578	-739.3568	-954.05493	-836.5788	36.430058	-738.69446	-951.8028	0.7246784	1.582946	9.910583	-13.41203	836.58185	6.283901	910.2000093460083
112	-397.08563	30.609995	-340.9312	-454.35593	-363.45483	45.122433	-268.599	-438.5611	100.0	100.0	167999	-836.2743	36.57545	-738.4376	-952.2571	-836.2745	36.57298	-737.74646	-951.8863	0.73878753	1.5828873	11.124239	-9.155714	836.262	6.0728292	918.9119000434875
113	-399.43076	40.13388	-346.31107	-470.78314	-373.22375	43.917915	-313.18372	-435.19333	100.0	100.0	169499	-835.65137	36.93811	-737.0961	-953.6326	-835.6512	36.93313	-736.3224	-954.36	0.74588203	1.5833364	10.348785	-9.822443	835.6491	6.0301394	927.5504784584045
114	-414.21198	48.193157	-320.7429	-481.96698	-369.4354	61.201538	-255.44412	-475.469	100.0	100.0	170999	-835.23645	37.084564	-735.6433	-951.7035	-835.237	37.080036	-735.02484	-953.959	0.7353101	1.5771888	12.070883	-10.597787	835.22473	6.093962	936.2756357192993
115	-404.88632	34.904385	-325.21222	-454.997	-356.20258	34.321922	-296.81393	-430.70822	100.0	100.0	172499	-834.61816	37.258247	-734.4935	-953.056	-834.6176	37.253685	-732.9564	-950.546	0.71757925	1.5747454	13.160706	-9.80372	834.6262	6.0418353	946.0622293949127
116	-394.16873	32.869392	-342.506	-461.86984	-352.9726	51.87559	-234.93654	-422.4444	100.0	100.0	173999	-833.9283	37.54661	-733.66724	-950.8938	-833.92847	37.539974	-732.9592	-949.93286	0.72945344	1.5937486	11.654388	-10.614058	833.91235	6.2354407	954.4382660388947
117	-404.0316	37.54759	-318.8123	-458.03925	-343.49405	49.90027	-282.6825	-446.47098	100.0	100.0	175499	-833.6092	37.849197	-732.8729	-951.5107	-833.60956	37.845776	-731.9473	-953.23175	0.7058268	1.584354	10.485195	-9.4944725	833.6113	6.0207424	962.974481344223
118	-409.2663	39.386375	-331.7102	-476.75076	-335.0553	50.00943	-238.09525	-418.5942	100.0	100.0	176999	-833.28595	38.069733	-731.2828	-952.60333	-833.2859	38.06241	-730.7961	-953.90564	0.70522773	1.5836159	10.379942	-9.983421	833.2899	5.895017	971.727162361145
119	-395.1416	25.145586	-358.36865	-441.0056	-358.06223	47.638817	-279.00363	-418.1816	100.0	100.0	178499	-832.5857	38.44261	-730.113	-951.8911	-832.58594	38.436745	-730.3073	-952.5676	0.7690438	1.5844091	11.337649	-13.911059	832.5648	6.0340495	980.531492471695
120	-409.733	30.789688	-352.797	-467.83862	-357.18677	33.63328	-292.45218	-410.2302	100.0	100.0	179999	-832.00726	38.468708	-728.91455	-953.34235	-832.0077	38.46273	-728.75183	-954.38794	0.75215334	1.5901268	11.477774	-13.498621	831.9866	5.989737	989.3730626106262
121	-408.60928	29.459358	-371.25333	-466.72556	-356.01312	34.40319	-276.064	-410.6613	100.0	100.0	181499	-831.602	38.6595	-727.67426	-952.9759	-831.6016	38.65525	-728.1955	-953.5728	0.83434355	1.5924613	11.591791	-8.599761	831.591	6.141965	998.2671895027161
122	-394.27402	33.52273	-301.48987	-440.37357	-343.69107	49.26815	-272.75616	-435.7859	100.0	100.0	182999	-831.029	38.850636	-726.4219	-954.9445	-831.0296	38.84642	-725.7833	-954.8188	0.8160906	1.597706	11.359532	-11.273926	830.98584	5.854423	1006.7898726463318
123	-402.33807	24.911873	-358.25537	-442.49246	-337.19525	53.96938	-235.99759	-411.37906	100.0	100.0	184499	-829.976	39.02265	-725.5117	-954.56805	-829.9758	39.018936	-725.0224	-954.2858	0.8125397	1.5950851	12.097137	-11.364377	829.9503	5.965678	1015.9722187519073
124	-392.86853	20.256124	-345.9946	-423.13153	-350.88672	38.441	-305.26437	-433.40118	100.0	100.0	185999	-829.3189	39.189198	-723.51746	-956.8061	-829.31934	39.18492	-723.1814	-957.76764	0.80720633	1.5806106	14.250133	-11.884089	829.28986	5.8910503	1024.2996265888214
125	-386.86798	38.134537	-324.79584	-464.21942	-358.8438	52.249763	-281.38147	-443.73502	100.0	100.0	187499	-828.3699	39.37989	-722.67426	-956.85754	-828.3696	39.37796	-722.2929	-955.5121	0.80231655	1.5729278	11.9295225	-15.418288	828.3419	6.194754	1032.9565818309784
126	-398.86575	29.116364	-366.13156	-448.4233	-345.58826	58.405678	-246.28809	-423.31485	100.0	100.0	188999	-827.42804	39.352737	-722.0296	-956.9114	-827.42834	39.34896	-721.6751	-956.24286	0.8446553	1.5893074	11.574233	-10.822626	827.3827	5.965056	1041.7387158870697
127	-399.11795	34.456604	-341.02356	-438.8912	-338.8045	54.017586	-279.10736	-437.31076	100.0	100.0	190499	-826.91455	39.691498	-721.02924	-957.849	-826.9144	39.689407	-720.9481	-958.06134	0.8201361	1.5836242	11.080099	-10.115484	826.87573	6.0770493	1050.3114883899689
128	-379.3788	39.661068	-314.426	-440.02545	-351.48465	49.416214	-279.24857	-423.91464	100.0	100.0	191999	-826.02765	39.71248	-720.0484	-957.9175	-826.02826	39.706654	-719.26935	-957.1627	0.8330871	1.58955	13.284271	-9.0711975	825.9776	5.9712696	1058.9221658706665
129	-398.05893	43.259563	-321.72235	-461.93716	-351.94632	56.76713	-227.72525	-435.6676	100.0	100.0	193499	-825.13873	39.77417	-719.2071	-959.81213	-825.1389	39.771313	-718.0648	-959.3832	0.8455823	1.5939227	13.290722	-9.988041	825.09125	5.8786964	1067.4506981372833
130	-412.0192	26.688452	-349.31967	-451.5839	-343.93408	56.44951	-196.72498	-408.1749	100.0	100.0	194999	-824.27936	39.893837	-718.9854	-958.8817	-824.2792	39.892708	-718.7467	-959.2243	0.8251712	1.5815117	10.390427	-10.36361	824.22	6.0590234	1076.0412430763245
131	-389.5909	44.657654	-323.40076	-470.76736	-359.30338	64.96854	-207.79362	-436.2429	100.0	100.0	196499	-823.4365	40.05469	-718.61176	-958.7705	-823.4366	40.052135	-718.00885	-958.6437	0.88111174	1.587995	11.095112	-9.923068	823.38727	5.8528566	1084.4527914524078
132	-395.41537	19.146027	-360.29877	-430.3855	-344.28833	52.326214	-258.1032	-423.44574	100.0	100.0	197999	-822.5649	40.155502	-717.8585	-960.2378	-822.56476	40.152874	-716.67596	-959.0954	0.8788952	1.587484	11.048736	-11.473669	822.50464	5.756234	1092.6282634735107
133	-406.20703	26.59849	-341.68695	-461.83054	-346.912	43.945377	-264.00003	-434.84607	100.0	100.0	199499	-821.5856	40.226627	-716.7947	-962.5234	-821.5853	40.225643	-716.3429	-962.3152	0.8645106	1.5868311	19.63121	-10.543918	821.5137	5.939272	1100.7237241268158
134	-401.51355	35.537292	-336.572	-461.4221	-339.41998	51.122814	-249.76271	-425.0968	100.0	100.0	200999	-820.8003	40.35856	-716.20166	-964.07025	-820.7999	40.35887	-715.3068	-963.19916	0.8374261	1.5757235	13.826348	-10.440675	820.74066	5.939703	1108.8445310592651
135	-394.27045	33.10307	-347.1917	-463.21622	-328.39224	53.932297	-251.39531	-417.68207	100.0	100.0	202499	-820.17004	40.18977	-714.34735	-963.3854	-820.1706	40.189888	-714.20337	-961.5409	0.85087	1.5800617	11.524231	-9.660325	820.10583	5.7503633	1117.1859865188599
136	-387.71054	41.75289	-305.9683	-458.61664	-352.80133	65.08302	-229.34203	-442.71796	100.0	100.0	203999	-818.9814	40.279152	-714.1201	-961.31213	-818.9813	40.279217	-713.3738	-959.98047	0.86556286	1.5751556	13.247923	-11.111212	818.90533	5.802157	1125.391462802887
137	-425.915	25.843649	-390.09036	-483.19955	-365.30786	50.190285	-293.75256	-441.29144	100.0	100.0	205499	-818.2189	40.490852	-713.8122	-964.463	-818.2189	40.4877	-712.7403	-962.59894	0.8610191	1.5621405	10.662132	-9.763752	818.1387	5.5852723	1133.5060849189758
138	-407.54422	34.58844	-323.51697	-457.4508	-358.29526	67.78959	-279.23352	-455.5105	100.0	100.0	206999	-817.3395	40.604115	-712.3736	-965.2412	-817.33954	40.60145	-711.50604	-963.5198	0.8738288	1.5749624	12.130657	-11.9012165	817.2735	5.8631744	1141.5413982868195
139	-402.03018	30.99104	-357.9905	-462.6362	-349.13055	50.082306	-260.9495	-456.51065	100.0	100.0	208499	-816.322	40.698917	-712.52734	-961.9762	-816.32184	40.699448	-711.84296	-961.5345	0.85052866	1.571183	16.071278	-9.646974	816.25507	5.77621	1149.7856893539429
140	-400.6403	29.635092	-348.3049	-472.73972	-350.57782	46.00092	-286.9187	-410.37314	100.0	100.0	209999	-815.7997	40.66081	-711.85223	-965.5166	-815.7998	40.659733	-711.08673	-964.6487	0.8554013	1.5501468	11.1213455	-9.991763	815.72015	5.6481223	1157.969518661499
141	-400.18723	42.169895	-324.73816	-463.96503	-346.65546	57.02544	-269.36536	-442.2485	100.0	100.0	211499	-814.86127	40.876846	-710.3781	-959.49335	-814.86127	40.877457	-709.1395	-958.84314	0.8560521	1.548754	16.0937	-8.734477	814.79565	5.5120025	1166.481510400772
142	-385.928	42.356823	-297.54962	-458.42902	-353.37564	33.811256	-306.14197	-419.89673	100.0	100.0	212999	-814.0484	40.919548	-710.15076	-961.1521	-814.04803	40.92061	-709.88934	-960.89606	0.83126026	1.5598625	12.679568	-13.803085	814.0003	5.5874777	1174.7364633083344
143	-391.08582	29.049522	-335.8776	-437.35345	-341.76407	49.148724	-275.14307	-427.84073	100.0	100.0	214499	-813.175	41.046955	-708.92474	-956.8259	-813.17474	41.04873	-708.49603	-956.6144	0.8498197	1.5514134	11.364901	-11.667908	813.1122	5.5766435	1183.0932488441467
144	-405.95404	39.940083	-305.5291	-471.86954	-348.03003	46.82997	-258.64847	-440.0789	100.0	100.0	215999	-812.6754	41.16553	-709.1041	-961.15814	-812.6761	41.16556	-709.2255	-960.72595	0.835443	1.5638157	10.871598	-11.610773	812.623	5.5937357	1191.393001794815
145	-414.05344	34.268837	-341.63876	-471.72675	-329.57315	50.15739	-256.20233	-438.41412	100.0	100.0	217499	-811.836	41.248253	-709.2246	-961.4403	-811.83624	41.24717	-708.5298	-959.20465	0.7913126	1.5562516	12.063389	-10.3183565	811.79034	5.624389	1199.8474464416504
146	-407.5757	48.474823	-318.38492	-491.24948	-340.2715	57.62109	-269.7584	-476.0035	100.0	100.0	218999	-811.3197	41.370396	-709.0668	-961.71265	-811.31885	41.372276	-707.3229	-958.9401	0.8071149	1.5492219	14.92226	-9.57003	811.2849	5.5085073	1208.112690448761
147	-389.8876	34.503147	-332.6847	-472.05115	-364.961	55.09055	-249.31412	-446.72586	100.0	100.0	220499	-810.7597	41.438663	-708.3354	-961.8524	-810.7593	41.439693	-708.08185	-960.6446	0.84458655	1.5739125	14.462131	-9.7624445	810.6955	5.574968	1216.2912645339966
148	-393.84567	25.124958	-339.14252	-434.44373	-371.87485	60.812088	-294.34784	-468.9466	100.0	100.0	221999	-810.0385	41.350674	-707.4653	-961.2985	-810.0381	41.352467	-706.5239	-960.6014	0.8732324	1.5743741	12.277607	-11.870319	809.978	5.727011	1224.379552602768
149	-399.14124	26.474974	-353.15744	-438.42242	-344.1594	60.454807	-253.29095	-433.42368	100.0	100.0	223499	-809.32465	41.271236	-707.4574	-957.3094	-809.32556	41.271465	-706.0744	-956.2214	0.8543005	1.5689403	12.488167	-15.300741	809.26874	5.4944544	1232.3903758525848
150	-408.0226	33.949833	-335.8382	-471.02087	-360.76935	45.05967	-303.19104	-437.94757	100.0	100.0	224999	-808.5928	41.31098	-707.3399	-959.81976	-808.5924	41.311142	-706.422	-958.01025	0.816865	1.5434713	14.30522	-8.690776	808.5586	5.785194	1240.4405648708344
151	-403.77374	24.092617	-370.9629	-466.73798	-346.50092	31.399448	-284.85635	-386.28162	100.0	100.0	226499	-807.8964	41.441643	-707.30023	-962.7943	-807.8962	41.445316	-706.41016	-961.9887	0.84781605	1.5485367	11.35802	-10.544983	807.83386	5.5900664	1248.4891958236694
152	-378.292	45.86338	-272.2319	-432.40665	-358.2564	61.665073	-257.55603	-425.8862	100.0	100.0	227999	-807.1393	41.436913	-705.8384	-961.3374	-807.13916	41.43603	-705.52594	-957.58826	0.8381105	1.5363321	15.151272	-13.609011	807.06616	5.4533453	1256.5490417480469
153	-383.8466	42.390305	-309.4986	-464.3305	-355.4894	37.65841	-265.66983	-402.079	100.0	100.0	229499	-806.79785	41.57239	-705.1496	-960.6257	-806.7977	41.575443	-704.59033	-960.8846	0.83673775	1.5315766	12.132466	-10.903418	806.73517	5.631346	1264.8756973743439
154	-389.4445	39.194324	-324.33603	-436.66602	-348.4944	53.494297	-246.58322	-438.57162	100.0	100.0	230999	-806.0743	41.65779	-703.537	-957.28485	-806.0748	41.659748	-703.6527	-956.51776	0.81888485	1.5354583	13.065856	-8.540199	806.01044	5.581716	1273.3361630439758
155	-402.98444	35.442524	-328.2922	-464.3083	-352.44415	55.30659	-251.73492	-468.74152	100.0	100.0	232499	-805.4586	41.642498	-703.2586	-960.2679	-805.458	41.64596	-702.28735	-958.3511	0.8191047	1.5399005	14.959109	-10.552975	805.3998	5.752509	1281.5416038036346
156	-381.335	29.510862	-316.43378	-431.11435	-339.96677	42.189587	-282.81705	-409.31894	100.0	100.0	233999	-804.9673	41.747696	-703.0082	-960.70825	-804.9672	41.746784	-701.5401	-958.5288	0.8399927	1.5363892	15.017095	-9.508605	804.90576	5.5367928	1290.4967455863953
157	-408.08368	27.771563	-341.53168	-453.087	-367.80573	41.47994	-318.16147	-451.4624	100.0	100.0	235499	-804.27295	41.698063	-702.28094	-961.35223	-804.27325	41.697037	-701.38763	-960.324	0.8340109	1.5279742	11.310902	-10.201564	804.23694	5.5335345	1300.797179698944
158	-378.38983	24.647234	-335.80157	-415.5594	-341.55664	62.393005	-227.70749	-451.34662	100.0	100.0	236999	-803.82605	41.982567	-701.04565	-963.7962	-803.8258	41.982277	-699.591	-961.4861	0.8077682	1.5243899	19.390474	-10.98814	803.787	5.5722623	1310.9665546417236
159	-383.49414	43.080967	-315.85413	-444.0588	-372.04205	50.98228	-310.5136	-490.81235	100.0	100.0	238499	-803.0648	41.72567	-700.45245	-961.65704	-803.0645	41.727142	-699.863	-959.2033	0.844025	1.530949	13.404372	-12.582422	803.00244	5.4491286	1320.4697530269623
160	-383.3792	35.832775	-309.35614	-431.74496	-334.3265	55.923588	-267.0381	-478.9053	100.0	100.0	239999	-802.6824	41.897846	-699.4946	-964.11115	-802.6825	41.899055	-699.4017	-962.5572	0.8328361	1.5418471	13.900009	-10.284844	802.623	5.5141973	1330.2705245018005
161	-394.23743	36.708744	-302.53708	-448.24887	-349.20468	61.840336	-268.78635	-447.83426	100.0	100.0	241499	-801.6655	41.861305	-698.8431	-960.1908	-801.66595	41.860954	-698.4312	-959.7298	0.84437346	1.5281999	12.674574	-8.884399	801.6145	5.364735	1339.929484128952
162	-395.21066	28.219286	-349.4143	-456.6466	-362.5039	55.3725	-276.04773	-437.8844	100.0	100.0	242999	-801.11615	42.131382	-698.3849	-962.79266	-801.1156	42.131977	-698.09515	-961.15485	0.82621866	1.53162	13.204448	-10.0437975	801.05176	5.5136786	1350.652125120163
163	-390.94168	48.414906	-305.30753	-457.74252	-347.68298	52.218502	-236.12129	-427.84436	100.0	100.0	244499	-800.509	42.18002	-696.89026	-961.9982	-800.5094	42.178905	-696.7241	-961.07587	0.8511985	1.541654	12.882381	-12.80348	800.4316	5.2682567	1361.0650396347046
164	-404.83466	25.168692	-358.93234	-443.36496	-350.37875	52.30399	-260.3059	-451.58478	100.0	100.0	245999	-799.55945	42.11027	-696.60455	-964.0258	-799.5595	42.10683	-696.0562	-963.7729	0.8756259	1.5277185	12.7283535	-9.313684	799.491	5.3521743	1371.0087039470673
165	-391.77258	26.65011	-326.26804	-435.6272	-369.99838	47.958286	-272.61862	-446.14926	100.0	100.0	247499	-798.6509	42.151375	-695.6328	-963.62396	-798.65094	42.15001	-695.48724	-964.45966	0.87162906	1.5067452	12.094896	-10.64923	798.54816	5.3307123	1381.2653226852417
166	-397.4008	29.112522	-351.36166	-442.43347	-347.27847	41.833767	-290.0687	-418.22507	100.0	100.0	248999	-797.999	42.194542	-694.88245	-963.8253	-797.99927	42.192104	-694.9243	-963.39545	0.94592595	1.5312326	11.788137	-9.866774	797.8794	5.3612	1390.0218732357025
167	-399.81982	28.501976	-364.70816	-448.86465	-343.1739	50.306187	-265.27267	-421.61432	100.0	100.0	250499	-797.1296	42.153194	-693.6247	-966.4811	-797.1294	42.15219	-693.9673	-964.7218	0.9389376	1.5147272	15.042604	-9.552144	797.021	5.4693627	1398.7621138095856
168	-408.1707	22.645285	-357.1235	-445.57202	-351.90717	50.154667	-240.95578	-419.1506	100.0	100.0	251999	-796.26587	42.131683	-693.6896	-966.8101	-796.2658	42.130707	-693.91156	-966.57196	0.9330768	1.516781	10.323963	-11.50342	796.1441	5.2042828	1407.1629004478455
169	-398.65247	30.746199	-335.76212	-449.9446	-357.75296	32.88355	-303.67798	-422.10712	100.0	100.0	253499	-795.2786	41.939327	-693.7964	-966.20386	-795.2788	41.9371	-693.476	-964.7362	0.9133551	1.5309578	14.967931	-9.122759	795.1633	5.2688875	1415.3961687088013
170	-399.0483	25.871433	-353.39456	-439.44907	-333.57883	63.316013	-233.38077	-454.0736	100.0	100.0	254999	-794.4739	41.82045	-692.9308	-965.75104	-794.47375	41.819397	-692.4229	-965.4766	0.94111377	1.5327973	14.078852	-9.971298	794.3632	5.3624554	1423.8235926628113
171	-373.98206	26.709398	-319.4571	-415.2637	-373.59686	28.31412	-339.33133	-432.75922	100.0	100.0	256499	-793.4162	41.723244	-692.1221	-967.7233	-793.41675	41.722008	-692.4096	-968.53143	0.98007834	1.5412703	11.921294	-9.707319	793.2615	5.222237	1432.6457252502441
172	-397.18387	31.38394	-319.8845	-450.175	-364.25565	42.225395	-296.47726	-427.52203	100.0	100.0	257999	-792.27905	41.696598	-690.97876	-965.8168	-792.2788	41.69371	-691.39404	-964.53784	0.9873349	1.5317807	13.153837	-10.212004	792.1344	5.300872	1441.4760024547577
173	-388.37985	23.051702	-340.17334	-424.67572	-330.33954	48.46325	-248.52489	-395.82535	100.0	100.0	259499	-791.0932	41.53242	-690.2189	-965.4376	-791.0936	41.52653	-690.346	-964.9054	1.0130786	1.5370575	15.337093	-10.644536	790.9498	5.432525	1449.7342867851257
174	-393.7216	35.948532	-334.55594	-450.24005	-369.87686	37.18686	-292.33942	-428.8819	100.0	100.0	260999	-789.9926	41.49798	-689.89966	-967.407	-789.9933	41.49305	-690.0599	-964.65674	1.0208975	1.5488111	18.621286	-10.648575	789.8363	5.3660717	1457.8779237270355
175	-403.35287	31.450003	-347.13892	-460.15436	-351.27216	31.433805	-315.07407	-402.33295	100.0	100.0	262499	-789.2434	41.23961	-689.2313	-966.72644	-789.2433	41.23303	-689.3675	-966.04205	1.043517	1.531362	11.585911	-11.61012	789.097	5.4166503	1466.1794712543488
176	-388.93954	46.065422	-309.0619	-488.13498	-368.24084	42.615307	-312.6421	-454.38156	100.0	100.0	263999	-788.04626	41.29451	-688.86346	-970.6249	-788.04675	41.288124	-689.1228	-967.97394	1.0356503	1.5390744	16.398592	-10.24178	787.8665	5.36033	1475.4265780448914
177	-402.05655	33.084766	-328.88385	-454.56177	-380.55206	46.34314	-300.69617	-443.42322	100.0	100.0	265499	-786.82605	41.541573	-688.29626	-964.84766	-786.8265	41.53588	-688.32214	-964.2794	0.99757636	1.5466622	12.231132	-11.928127	786.67633	5.281347	1484.04687833786
178	-415.38876	36.32598	-336.66684	-471.4665	-348.36963	47.99375	-273.79352	-420.1908	100.0	100.0	266999	-786.1336	41.525627	-686.8753	-966.09503	-786.13403	41.519733	-687.5929	-964.0147	1.020174	1.5379782	11.393738	-9.727296	785.98016	5.280357	1492.3875803947449
179	-399.79974	33.980186	-340.4684	-451.49695	-358.49323	43.613358	-269.16043	-419.78793	100.0	100.0	268499	-785.0877	41.495895	-687.3948	-964.19617	-785.08777	41.49203	-687.3195	-966.34357	1.0318356	1.5509529	13.9828005	-9.991441	784.9224	5.346959	1500.8091106414795
180	-388.917	44.783577	-308.13943	-449.03058	-345.2261	40.458748	-258.49258	-397.65042	100.0	100.0	269999	-783.8469	41.25423	-686.1788	-965.7119	-783.8477	41.24834	-686.5254	-963.2489	1.0187103	1.5338669	11.105918	-10.237278	783.6906	5.2051344	1508.9826443195343
181	-403.25772	38.20855	-331.9235	-458.66748	-374.28717	38.466694	-305.10153	-417.0232	100.0	100.0	271499	-782.9744	41.464226	-686.05383	-967.9826	-782.9746	41.45669	-686.43256	-968.33295	1.0027744	1.5271227	12.453213	-9.513304	782.82117	5.2283015	1517.3270576000214
182	-408.17853	28.59392	-328.11694	-445.6486	-340.47778	32.235886	-299.07193	-387.43384	100.0	100.0	272999	-782.1728	41.376102	-684.8891	-969.29004	-782.1733	41.369183	-685.2109	-966.7741	1.0040311	1.5272044	11.719008	-12.591267	782.0258	5.180773	1525.4822044372559
183	-404.1511	33.279472	-343.66016	-478.6263	-374.22784	25.77622	-339.03857	-432.74765	100.0	100.0	274499	-781.56665	41.400085	-684.9028	-965.9195	-781.5671	41.394165	-684.13184	-969.38776	0.9868622	1.5098628	17.765911	-11.238153	781.4215	5.104388	1533.6746952533722
184	-391.6366	30.389666	-325.322	-453.25626	-346.72345	37.419395	-296.42838	-421.4521	100.0	100.0	275999	-780.76965	41.453156	-684.52313	-964.83124	-780.7696	41.447624	-685.1753	-966.4792	0.9952817	1.514192	9.976256	-11.761346	780.6239	4.9586053	1542.0386760234833
185	-416.32214	37.33113	-331.7047	-469.13132	-357.8421	52.927147	-237.09814	-413.29474	100.0	100.0	277499	-779.773	41.437775	-683.5163	-965.93414	-779.77325	41.432625	-683.28357	-965.2235	1.0388128	1.5192351	12.21125	-13.379259	779.61334	5.26422	1550.4911251068115
186	-389.3382	35.77068	-309.90552	-441.85004	-335.045	42.042778	-241.88567	-376.068	100.0	100.0	278999	-779.12634	41.767452	-683.1149	-964.8319	-779.12634	41.763332	-682.6102	-965.49243	1.0256155	1.5202864	10.9604435	-9.482233	778.9788	5.139121	1558.8257689476013
187	-401.38937	34.65823	-312.68054	-441.4231	-365.84802	39.611797	-257.4288	-416.71207	100.0	100.0	280499	-778.2131	41.534004	-682.8233	-967.31226	-778.21356	41.528828	-682.4367	-965.77716	1.0183736	1.5256505	13.764606	-10.938666	778.0495	4.9674673	1566.9994599819183
188	-402.93292	35.182083	-342.49185	-462.50735	-392.50504	41.3618	-317.2379	-456.9804	100.0	100.0	281999	-777.4148	41.525467	-681.65576	-966.6813	-777.41486	41.52367	-681.68085	-964.9061	1.0058835	1.5177754	11.203294	-11.645001	777.26733	4.929818	1575.2235090732574
189	-391.3568	32.964645	-317.11215	-435.37866	-353.8996	24.030268	-314.01166	-385.04172	100.0	100.0	283499	-776.8241	41.489323	-681.5875	-963.921	-776.8244	41.484974	-681.2471	-963.55237	1.0281929	1.5125642	11.805275	-10.723549	776.68066	4.809399	1583.7947614192963
190	-402.2861	30.44281	-336.6839	-445.00223	-364.5457	53.344616	-284.9273	-437.53415	100.0	100.0	284999	-776.3288	41.47092	-680.57263	-966.6431	-776.32886	41.468002	-680.7231	-965.4166	0.98034436	1.5094664	14.907437	-10.649181	776.18567	4.8871174	1591.9844019412994
191	-389.93808	39.193447	-311.0341	-448.66968	-328.4667	58.632923	-219.05467	-410.59232	100.0	100.0	286499	-775.7008	41.521824	-680.42694	-965.70514	-775.701	41.51737	-679.7613	-964.2619	0.98451656	1.5100297	11.020557	-9.695136	775.5637	4.9219675	1600.120144367218
192	-388.73416	35.461277	-313.52246	-442.40808	-337.9378	28.546223	-284.29764	-373.2825	100.0	100.0	287999	-775.2186	41.541454	-679.4059	-964.8163	-775.219	41.53949	-678.70917	-965.03595	0.98654896	1.5051987	13.014816	-11.433296	775.07465	4.923408	1608.2884783744812
193	-390.08328	38.747734	-324.83127	-439.18008	-360.0448	27.077042	-310.18747	-404.7709	100.0	100.0	289499	-774.74915	41.412292	-679.0364	-964.6054	-774.74927	41.409565	-677.9173	-965.6375	0.9579263	1.5094998	11.082968	-9.740986	774.6095	4.5765376	1616.6397068500519
194	-384.036	30.618736	-332.56885	-430.96976	-336.31818	53.313854	-237.04028	-405.1543	100.0	100.0	290999	-774.2732	41.393543	-678.6706	-964.3219	-774.2733	41.39126	-678.26965	-962.7731	0.92627925	1.513939	11.820251	-11.292771	774.1515	4.6881866	1624.7777979373932
195	-387.96915	38.965866	-305.04657	-450.7171	-340.35062	48.691933	-255.43846	-417.2303	100.0	100.0	292499	-773.8367	41.22757	-678.43256	-965.25415	-773.8366	41.223946	-678.4208	-965.1099	0.8973975	1.5156828	13.361768	-9.332434	773.713	4.9063854	1632.9955809116364
196	-403.09305	26.74545	-354.59097	-448.5053	-352.86154	55.49288	-251.79187	-419.6116	100.0	100.0	293999	-773.515	41.18936	-678.2495	-963.2345	-773.5152	41.184	-678.25183	-964.03973	0.93393373	1.5142584	14.068131	-11.99273	773.3754	4.694484	1641.1197600364685
197	-402.23886	33.89746	-341.26666	-450.34818	-354.6702	59.488373	-262.75134	-448.99088	100.0	100.0	295499	-772.9334	41.014736	-677.2956	-964.2731	-772.93384	41.011406	-676.60046	-963.94635	0.9587355	1.5145286	11.286085	-10.420929	772.78674	4.8255963	1649.6988248825073
198	-398.06152	37.767963	-330.6875	-446.9457	-345.6618	50.737396	-268.3589	-409.8046	100.0	100.0	296999	-772.6975	40.961334	-677.7956	-964.7127	-772.6973	40.9586	-677.0671	-961.6443	0.91607	1.506927	11.396922	-10.503617	772.57526	4.6877704	1657.895255804062
199	-390.63028	37.91844	-304.4942	-457.97006	-360.5572	42.886177	-306.66397	-433.13544	100.0	100.0	298499	-772.15704	41.0265	-677.2146	-965.4977	-772.15704	41.022327	-676.5973	-962.5623	0.9120669	1.5117596	11.555441	-11.972525	772.03107	4.69818	1665.9898862838745
200	-395.11862	28.83799	-341.80865	-432.61093	-329.84064	24.363655	-290.67242	-368.06714	100.0	100.0	299999	-771.66003	40.691853	-677.5684	-962.39026	-771.66077	40.688225	-677.2809	-961.5573	0.9249453	1.5165626	12.330661	-10.171022	771.54114	4.5436296	1674.1478333473206
