Epoch	AverageEpRet	StdEpRet	MaxEpRet	MinEpRet	AverageTestEpRet	StdTestEpRet	MaxTestEpRet	MinTestEpRet	EpLen	TestEpLen	TotalEnvInteracts	AverageQVals	StdQVals	MaxQVals	MinQVals	LossPi	LossQ	Time
1	4.2105265	6.740131	20.0	0.0	12.0	14.0	50.0	0.0	74.1579	67.9	1499	9.01883	5.6065526	39.108006	-0.16535853	-9.49962	14.74646	8.08480715751648
2	6.8421054	10.786264	40.0	0.0	5.0	8.062258	20.0	0.0	83.10526	92.8	2999	38.268635	28.666517	249.20288	0.06525969	-41.542126	25.916542	25.172120094299316
3	5.5	11.169154	50.0	0.0	27.0	63.56886	210.0	0.0	75.4	90.8	4499	97.97397	51.84444	397.1797	3.1454575	-106.43777	87.612564	40.36513710021973
4	10.833333	18.911343	90.0	0.0	10.0	18.973665	60.0	0.0	59.708332	100.0	5999	174.19846	68.140724	465.25742	18.85328	-187.60716	212.78929	55.33218812942505
5	20.0	43.889812	200.0	0.0	119.0	226.69142	760.0	0.0	79.8421	100.0	7499	274.86743	86.17611	599.4922	49.987606	-291.93903	448.4124	70.23922824859619
6	5.8333335	8.122329	30.0	0.0	44.0	84.87638	280.0	0.0	63.791668	100.0	8999	386.5257	103.95649	753.8016	92.62245	-408.07355	836.14844	84.870845079422
7	31.25	78.49164	370.0	0.0	27.0	63.56886	210.0	0.0	62.375	100.0	10499	517.8769	117.11274	952.3238	121.70421	-542.7235	1489.3407	99.97991609573364
8	20.0	29.888681	80.0	0.0	40.0	95.07891	320.0	0.0	100.0	100.0	11999	655.17725	128.00052	1124.7844	169.20702	-680.30286	1977.2698	115.43173813819885
9	100.666664	214.77017	650.0	0.0	25.0	71.72865	240.0	0.0	100.0	100.0	13499	786.03296	132.75352	1287.0189	196.90314	-809.57684	2493.314	131.16808915138245
10	8.666667	15.860502	50.0	0.0	46.0	99.719604	340.0	0.0	100.0	100.0	14999	899.97485	139.30156	1474.9545	209.4995	-922.9318	2753.0256	146.76582407951355
11	26.0	43.787365	180.0	0.0	13.0	26.476404	90.0	0.0	100.0	100.0	16499	1007.65356	146.39334	1568.9846	231.56488	-1029.2173	3091.758	162.00498294830322
12	29.333334	44.040386	150.0	0.0	2.0	4.0	10.0	0.0	100.0	100.0	17999	1109.8235	157.20181	1734.1837	237.95174	-1131.6754	3494.2366	177.3404688835144
13	20.666666	34.34466	120.0	0.0	14.0	20.59126	60.0	0.0	100.0	100.0	19499	1208.26	170.48465	1814.6646	226.71642	-1230.8745	3862.2537	192.64164233207703
14	25.333334	35.75223	110.0	0.0	7.0	14.866069	50.0	0.0	100.0	100.0	20999	1307.564	184.03802	1929.6235	262.68	-1330.8129	4122.096	207.74127197265625
15	24.0	20.912516	60.0	0.0	10.0	26.832815	90.0	0.0	100.0	100.0	22499	1412.9143	197.06036	2067.5205	346.84476	-1436.434	4482.4644	222.94219613075256
16	14.666667	28.487816	110.0	0.0	2.0	4.0	10.0	0.0	100.0	100.0	23999	1512.9707	209.66893	2214.7346	350.1223	-1536.0583	4697.481	238.09483098983765
17	30.0	45.31372	170.0	0.0	21.0	32.38827	100.0	0.0	100.0	100.0	25499	1609.2732	215.51051	2312.3738	358.5241	-1632.1632	5142.7524	253.51225805282593
18	17.333334	44.79087	150.0	0.0	23.0	62.61789	210.0	0.0	95.666664	100.0	26999	1705.3295	215.68521	2412.5652	386.83496	-1728.97	5293.817	269.21706223487854
19	8.0	20.066555	80.0	0.0	27.0	62.136944	210.0	0.0	100.0	100.0	28499	1799.2937	218.78644	2584.2236	332.9526	-1823.2766	5653.259	284.2764141559601
20	27.333334	96.985664	390.0	0.0	27.0	41.725292	130.0	0.0	100.0	100.0	29999	1890.2151	221.90802	2742.308	407.24377	-1913.849	5703.4253	299.3665289878845
21	8.0	22.568415	90.0	0.0	9.0	23.853722	80.0	0.0	100.0	100.0	31499	1979.2205	225.73805	2903.0583	513.6693	-2002.7563	5923.929	314.59476113319397
22	21.333334	51.880203	210.0	0.0	31.0	47.423622	140.0	0.0	100.0	100.0	32999	2068.2285	231.03488	3029.913	418.11243	-2092.8005	6374.093	330.0125548839569
23	46.666668	67.692116	270.0	0.0	18.0	27.12932	90.0	0.0	100.0	100.0	34499	2149.58	234.01598	3101.5378	318.54095	-2172.9736	6351.869	345.3041191101074
24	24.666666	53.149685	210.0	0.0	9.0	13.747727	40.0	0.0	100.0	100.0	35999	2230.408	240.46478	3242.143	335.76843	-2254.338	6998.374	360.516086101532
25	12.0	21.969675	70.0	0.0	23.0	52.924473	180.0	0.0	100.0	100.0	37499	2313.27	244.7543	3455.1345	418.31607	-2337.3806	7069.2827	376.0174250602722
26	8.666667	12.578641	30.0	0.0	9.0	12.206555	30.0	0.0	100.0	100.0	38999	2391.7576	250.30934	3478.6106	551.01324	-2416.2915	7034.869	391.31915307044983
27	16.666666	28.205595	90.0	0.0	5.0	9.219544	30.0	0.0	100.0	100.0	40499	2471.3806	256.20743	3691.0505	478.44885	-2495.9104	7145.8647	406.79429292678833
28	28.666666	86.78454	350.0	0.0	67.0	168.70389	570.0	0.0	100.0	100.0	41999	2553.698	262.71857	3750.003	589.2345	-2580.0833	7401.889	422.096097946167
29	29.333334	67.475105	240.0	0.0	54.0	102.68398	350.0	0.0	100.0	100.0	43499	2639.299	265.5379	3768.9934	539.3818	-2666.0544	7781.7505	437.45429015159607
30	47.333332	116.07278	470.0	0.0	8.0	17.776388	60.0	0.0	100.0	100.0	44999	2727.6128	272.00076	3843.704	424.7335	-2755.3965	8030.636	452.718631029129
31	38.666668	81.801926	300.0	0.0	8.0	15.362291	50.0	0.0	100.0	100.0	46499	2816.8228	279.33368	4018.3596	450.66605	-2845.574	9029.577	468.20042514801025
32	8.666667	13.597385	40.0	0.0	2.0	4.0	10.0	0.0	100.0	100.0	47999	2907.9624	283.3332	4115.2676	405.97757	-2937.2415	8571.417	483.7124011516571
33	54.666668	140.70616	560.0	0.0	9.0	16.40122	50.0	0.0	100.0	100.0	49499	2998.6067	287.99902	4180.65	424.4489	-3028.39	9453.479	499.7962291240692
34	42.666668	93.77041	360.0	0.0	41.0	77.12976	250.0	0.0	100.0	100.0	50999	3089.6255	292.44025	4313.214	481.02988	-3120.1687	9911.189	514.8864109516144
35	8.0	18.330303	70.0	0.0	9.0	27.0	90.0	0.0	100.0	100.0	52499	3176.4226	301.53473	8848.607	558.4444	-3206.339	9724.134	530.5561170578003
36	56.666668	163.6935	660.0	0.0	8.0	15.362291	50.0	0.0	100.0	100.0	53999	3265.7153	321.7137	10008.293	426.275	-3296.41	9922.942	545.8732059001923
37	5.3333335	14.996295	60.0	0.0	5.0	8.062258	20.0	0.0	100.0	100.0	55499	3369.936	394.70575	14455.191	547.63916	-3403.6724	10744.742	561.6500451564789
38	12.0	25.086517	100.0	0.0	12.0	26.758177	90.0	0.0	100.0	88.9	56999	3497.111	501.38785	17496.746	737.4616	-3533.3713	10333.149	576.9416790008545
39	8.666667	14.079141	50.0	0.0	8.0	14.0	40.0	0.0	100.0	85.2	58499	3640.2854	608.0761	20194.64	589.38464	-3677.47	11165.017	592.6220910549164
40	6.875	9.164299	30.0	0.0	4.0	4.8989797	10.0	0.0	94.625	84.6	59999	3825.6584	957.8476	23988.467	729.2169	-3864.02	12735.234	610.0090751647949
41	5.625	13.2139845	50.0	0.0	8.0	14.0	40.0	0.0	92.875	96.4	61499	4027.0093	1331.1406	26856.695	831.6627	-4066.8503	16992.588	627.5234181880951
42	9.444445	13.933263	50.0	0.0	12.0	9.797959	30.0	0.0	88.0	76.0	62999	4249.1987	1695.993	28820.848	678.31775	-4293.764	18007.834	646.3393850326538
43	9.375	11.439378	40.0	0.0	6.0	4.8989797	10.0	0.0	94.1875	83.1	64499	4695.256	2393.644	30941.695	823.18207	-4767.255	22303.129	666.3361971378326
44	11.333333	11.469768	40.0	0.0	9.0	14.456832	50.0	0.0	100.0	81.3	65999	5396.948	3043.7322	31893.695	605.86847	-5494.412	26890.234	686.4891550540924
45	6.0	7.1180525	20.0	0.0	10.0	7.745967	20.0	0.0	100.0	94.3	67499	6318.7124	3767.268	34916.96	1374.8914	-6431.5615	31828.225	707.5825431346893
46	6.0	7.1180525	20.0	0.0	12.0	7.483315	20.0	0.0	100.0	100.0	68999	7304.4053	4260.626	36033.305	1316.1205	-7437.967	40773.3	728.8760621547699
47	11.333333	8.055365	30.0	0.0	7.0	6.4031243	20.0	0.0	100.0	90.6	70499	8461.617	4755.762	38064.664	2008.2032	-8610.691	53754.91	750.367819070816
48	8.0	9.092121	30.0	0.0	13.0	9.0	20.0	0.0	100.0	100.0	71999	9682.196	5156.1323	39217.75	2297.3396	-9845.433	69430.85	772.0413861274719
49	11.875	10.135797	40.0	0.0	10.0	6.3245554	20.0	0.0	92.9375	100.0	73499	11039.121	5554.9053	41140.71	2693.6147	-11217.196	82276.52	793.4193289279938
50	11.333333	13.597385	40.0	0.0	14.0	16.852299	60.0	0.0	100.0	91.4	74999	12476.283	5867.667	42488.656	3979.686	-12666.021	107860.266	814.2093451023102
51	5.3333335	7.1802197	20.0	0.0	8.0	7.483315	20.0	0.0	94.8	95.0	76499	13885.894	6062.622	43698.277	4471.247	-14083.704	121919.68	835.24196600914
52	3.75	5.9947896	20.0	0.0	12.0	11.661903	30.0	0.0	94.875	100.0	77999	15304.192	6274.8745	45226.176	4511.8237	-15498.904	151252.42	856.9441521167755
53	8.666667	7.1802197	20.0	0.0	14.0	11.135529	30.0	0.0	100.0	100.0	79499	16689.83	6515.0537	47610.957	3831.6194	-16887.334	173349.11	878.6997270584106
54	8.666667	7.1802197	20.0	0.0	11.0	13.747727	50.0	0.0	100.0	100.0	80999	18067.654	6727.7046	48163.434	5646.5205	-18264.922	208846.3	900.2282280921936
55	6.6666665	7.888106	30.0	0.0	6.0	8.0	20.0	0.0	100.0	100.0	82499	19375.314	6962.329	50326.656	6411.198	-19559.16	213211.14	921.6431820392609
56	12.0	11.661903	40.0	0.0	11.0	11.357817	30.0	0.0	100.0	100.0	83999	20564.805	7201.4976	51531.92	6265.3853	-20740.639	240413.19	943.0589301586151
57	8.0	11.075499	40.0	0.0	6.0	8.0	20.0	0.0	100.0	100.0	85499	21695.668	7466.3755	53533.348	6772.543	-21874.414	271521.94	964.4824612140656
58	10.0	8.944272	30.0	0.0	11.0	7.0	20.0	0.0	100.0	100.0	86999	22784.307	7682.626	54675.63	7703.6133	-22962.205	276268.47	986.8012800216675
59	10.0	10.327955	30.0	0.0	11.0	9.433981	30.0	0.0	100.0	92.3	88499	23955.252	8026.6787	56679.277	6927.097	-24129.482	279389.1	1007.9916331768036
60	10.0	10.289915	30.0	0.0	9.0	9.433981	30.0	0.0	89.29412	90.9	89999	25071.455	8322.397	58185.324	8465.204	-25252.465	332130.62	1029.351184129715
61	10.0	6.3245554	20.0	0.0	12.0	9.797959	30.0	0.0	100.0	100.0	91499	26287.951	8627.729	58478.703	7637.007	-26478.355	330719.38	1050.7367742061615
62	6.0	8.0	20.0	0.0	8.0	9.797959	30.0	0.0	100.0	100.0	92999	27436.422	8859.77	62879.28	8894.261	-27620.148	384758.34	1071.862550020218
63	8.666667	8.055365	20.0	0.0	9.0	7.0	20.0	0.0	100.0	100.0	94499	28567.348	9167.24	64231.016	7835.622	-28744.357	397735.62	1093.221027135849
64	10.0	10.954452	30.0	0.0	7.0	7.81025	20.0	0.0	100.0	100.0	95999	29648.021	9432.535	65325.758	10967.7	-29829.81	412679.1	1114.3681120872498
65	12.0	10.456258	30.0	0.0	13.0	12.688578	40.0	0.0	100.0	90.8	97499	30802.668	9736.251	65632.42	10887.481	-30994.469	398634.25	1135.9911541938782
66	8.125	9.499178	30.0	0.0	15.0	14.3178215	40.0	0.0	94.5	93.1	98999	32010.82	9988.735	69832.734	10801.584	-32208.97	474351.53	1156.9148800373077
67	7.5	8.291562	20.0	0.0	3.0	4.582576	10.0	0.0	95.0625	92.0	100499	33203.797	10177.96	69941.28	13028.94	-33404.67	484317.3	1178.1933841705322
68	12.0	9.797959	30.0	0.0	8.0	6.0	20.0	0.0	100.0	100.0	101999	34390.965	10457.874	73659.875	9980.716	-34590.05	549905.75	1199.553117275238
69	8.75	6.9597054	30.0	0.0	9.0	7.0	20.0	0.0	94.0625	90.5	103499	35598.367	10740.825	74036.055	12846.353	-35803.316	576501.7	1221.0690500736237
70	12.0	11.075499	30.0	0.0	7.0	6.4031243	20.0	0.0	95.0	100.0	104999	36863.07	11031.711	76102.9	11892.865	-37068.477	588993.7	1242.651614189148
71	12.666667	10.624918	40.0	0.0	13.0	10.049875	30.0	0.0	100.0	100.0	106499	38056.773	11301.473	78717.04	14147.601	-38261.793	601923.25	1263.6566712856293
72	9.444445	10.786938	40.0	0.0	4.0	6.6332498	20.0	0.0	85.111115	100.0	107999	39326.652	11621.2	81846.81	13113.928	-39527.03	567299.44	1284.7448329925537
73	8.0	9.797959	30.0	0.0	7.0	10.049875	30.0	0.0	100.0	100.0	109499	40553.887	11968.086	82780.84	9906.657	-40772.047	730848.25	1305.748603105545
74	9.333333	9.285592	30.0	0.0	10.0	10.954452	30.0	0.0	100.0	100.0	110999	41848.094	12308.71	85436.22	13171.8955	-42061.812	738045.25	1327.1008381843567
75	6.6666665	7.8881063	20.0	0.0	5.0	9.219544	30.0	0.0	100.0	100.0	112499	43078.504	12607.338	87397.48	10710.929	-43299.832	851080.56	1348.5962171554565
76	8.0	10.456258	30.0	0.0	10.0	10.0	30.0	0.0	100.0	100.0	113999	44420.316	12966.559	90359.91	16544.691	-44643.93	733480.44	1369.999167919159
77	9.375	11.439378	40.0	0.0	8.0	9.797959	30.0	0.0	94.1875	100.0	115499	45817.926	13340.051	91334.07	8925.691	-46052.23	911322.3	1391.2342782020569
78	6.470588	7.624401	20.0	0.0	8.0	8.717798	30.0	0.0	90.05882	100.0	116999	47189.547	13592.625	93013.9	13151.466	-47424.89	962208.6	1412.6138501167297
79	10.0	8.164966	20.0	0.0	3.0	4.582576	10.0	0.0	100.0	100.0	118499	48717.51	13933.859	96640.04	19211.482	-48955.797	916846.9	1433.5123310089111
80	6.0	7.1180525	20.0	0.0	9.0	8.306623	30.0	0.0	100.0	100.0	119999	50082.016	14290.03	99434.2	13831.065	-50325.2	1042020.5	1455.22829413414
81	10.588235	12.112506	50.0	0.0	13.0	10.049875	30.0	0.0	86.23529	91.2	121499	51476.02	14576.241	99856.37	17734.723	-51725.2	1100378.2	1475.485965013504
82	9.333333	9.285592	30.0	0.0	8.0	10.770329	30.0	0.0	100.0	100.0	122999	52960.5	14983.376	104129.16	14482.002	-53217.44	1178636.1	1495.868324995041
83	10.0	10.0	30.0	0.0	11.0	12.206555	40.0	0.0	93.0	100.0	124499	54508.203	15248.179	104596.2	13632.385	-54761.957	1148244.9	1516.4269301891327
84	9.333333	9.285592	30.0	0.0	8.0	6.0	20.0	0.0	100.0	100.0	125999	56051.043	15617.797	106515.53	15002.272	-56310.793	1325771.2	1537.0077271461487
85	9.333333	11.813365	40.0	0.0	11.0	8.306623	30.0	0.0	100.0	100.0	127499	57444.543	15895.802	109109.75	14419.414	-57705.49	1216129.0	1557.7208070755005
86	15.333333	12.578642	40.0	0.0	10.0	15.491934	50.0	0.0	100.0	100.0	128999	58979.184	16146.331	111679.5	16167.814	-59250.188	1258475.0	1578.5511012077332
87	10.0	11.18034	30.0	0.0	5.0	5.0	10.0	0.0	94.9375	90.6	130499	60677.633	16436.78	113363.945	17537.926	-60957.96	1406320.5	1599.014837026596
88	19.333334	24.07396	90.0	0.0	10.0	7.745967	30.0	0.0	100.0	100.0	131999	62102.48	16677.982	116057.95	13707.239	-62380.34	1606457.0	1619.6471600532532
89	9.333333	8.537499	30.0	0.0	13.0	11.874342	30.0	0.0	100.0	100.0	133499	63758.812	16949.701	117309.99	14208.241	-64040.438	1496901.0	1640.697564125061
90	11.333333	8.055364	30.0	0.0	11.0	12.206555	40.0	0.0	100.0	100.0	134999	65372.734	17146.738	122052.64	11174.919	-65659.69	1445147.0	1661.9089851379395
91	9.333333	9.285592	30.0	0.0	10.0	8.944272	30.0	0.0	100.0	100.0	136499	66911.19	17334.643	122897.555	19681.059	-67200.84	1754823.0	1682.2816271781921
92	9.333333	6.7986927	20.0	0.0	6.0	6.6332498	20.0	0.0	100.0	100.0	137999	68474.34	17510.732	125365.86	21921.102	-68778.8	1790885.9	1703.0804471969604
93	6.0	6.1101007	20.0	0.0	6.0	6.6332498	20.0	0.0	100.0	100.0	139499	70160.37	17578.998	127045.46	18469.879	-70465.99	1742138.0	1724.2290380001068
94	16.0	28.7054	120.0	0.0	20.0	28.284271	100.0	0.0	100.0	100.0	140999	71655.875	17710.38	127891.89	17186.842	-71951.21	1712422.2	1744.5522232055664
95	10.666667	9.285592	30.0	0.0	7.0	6.4031243	20.0	0.0	100.0	100.0	142499	73249.516	17840.6	130555.2	19222.662	-73554.01	1751146.9	1765.3863830566406
96	10.666667	11.813363	40.0	0.0	12.0	8.717798	20.0	0.0	100.0	100.0	143999	74723.62	17823.818	132244.31	21879.95	-75042.695	2014201.9	1786.2387702465057
97	10.0	8.944272	30.0	0.0	9.0	7.0	20.0	0.0	100.0	100.0	145499	76198.11	17832.367	134079.2	18315.162	-76507.266	1942716.4	1807.0791568756104
98	5.3333335	6.1824126	20.0	0.0	9.0	10.440307	30.0	0.0	100.0	100.0	146999	77712.62	17894.768	134729.23	15487.926	-78020.81	1928585.2	1827.18865609169
99	10.0	9.660918	30.0	0.0	11.0	7.0	20.0	0.0	100.0	100.0	148499	79066.88	17773.89	134666.08	22239.764	-79384.12	2134725.8	1846.7408649921417
100	6.6666665	9.428091	30.0	0.0	11.0	15.779734	50.0	0.0	100.0	100.0	149999	80474.3	17741.645	136671.69	23630.111	-80797.195	2207651.8	1866.499545097351
101	10.0	11.547005	40.0	0.0	10.0	10.954452	30.0	0.0	100.0	100.0	151499	81831.25	17680.447	137087.23	20911.494	-82144.56	2045153.2	1886.3691391944885
102	8.666667	9.568466	30.0	0.0	6.0	9.165152	30.0	0.0	100.0	100.0	152999	83114.016	17730.951	140638.81	29164.49	-83419.2	2344415.5	1905.2614431381226
103	8.0	8.326664	30.0	0.0	9.0	7.0	20.0	0.0	100.0	100.0	154499	84238.27	17644.125	140582.5	20760.43	-84564.56	2580333.2	1924.8104691505432
104	8.0	8.326664	20.0	0.0	21.0	35.057095	120.0	0.0	100.0	100.0	155999	85367.805	17498.488	142399.75	23776.744	-85702.516	2689220.5	1942.4937291145325
105	14.0	11.430952	40.0	0.0	6.0	12.0	40.0	0.0	100.0	100.0	157499	86394.94	17341.441	140603.0	28694.871	-86713.73	2312462.0	1961.843824148178
106	2.6666667	5.734884	20.0	0.0	8.0	8.717798	20.0	0.0	100.0	100.0	158999	87654.06	17330.787	141761.19	26506.73	-87989.75	3038135.2	1979.834084033966
107	6.0	9.521904	30.0	0.0	13.0	27.221315	90.0	0.0	100.0	100.0	160499	88671.3	17107.275	144012.3	27206.166	-89004.516	2694660.2	1997.8548121452332
108	10.666667	17.688665	70.0	0.0	12.0	13.2664995	30.0	0.0	100.0	100.0	161999	89713.5	16940.035	142650.28	28924.076	-90066.3	2934592.8	2015.3955392837524
109	28.666666	35.752235	130.0	0.0	5.0	6.708204	20.0	0.0	100.0	100.0	163499	90762.125	16598.898	142804.83	25920.338	-91104.36	2645309.0	2033.8303501605988
110	13.333333	27.48737	90.0	0.0	8.0	18.330303	60.0	0.0	100.0	100.0	164999	91730.78	16372.195	145937.17	29472.78	-92090.22	3107218.8	2049.858425140381
111	3.3333333	6.992058	20.0	0.0	10.0	16.124516	40.0	0.0	100.0	100.0	166499	92509.86	15989.136	145686.45	28861.61	-92861.73	2621803.2	2066.168440103531
112	9.333333	15.260698	60.0	0.0	11.0	15.132746	40.0	0.0	100.0	100.0	167999	93349.36	15715.072	145642.8	20583.525	-93711.3	3152899.8	2082.469105243683
113	7.3333335	9.285592	30.0	0.0	9.0	23.853722	80.0	0.0	100.0	100.0	169499	94144.266	15473.355	146812.78	32621.646	-94502.68	3022495.5	2097.898852109909
114	10.0	15.055453	50.0	0.0	9.0	15.132746	50.0	0.0	100.0	100.0	170999	94756.13	15276.478	146475.03	26968.076	-95098.71	3203662.5	2114.3736679553986
115	14.0	20.912516	60.0	0.0	5.0	6.708204	20.0	0.0	100.0	100.0	172499	95242.016	15005.863	146815.33	30143.654	-95596.04	3231441.0	2130.285891056061
116	7.3333335	12.364826	40.0	0.0	1.0	3.0	10.0	0.0	100.0	100.0	173999	95738.56	14731.273	151451.12	26184.406	-96090.98	2916880.5	2146.782753944397
117	12.666667	17.688663	60.0	0.0	23.0	44.28318	150.0	0.0	100.0	100.0	175499	96207.695	14515.257	144509.62	33684.24	-96553.625	3244283.2	2163.471410036087
118	10.666667	15.260698	50.0	0.0	17.0	25.70992	80.0	0.0	100.0	100.0	176999	96687.95	14394.44	151226.2	30540.057	-97035.914	3166697.8	2179.494730949402
119	6.0	8.0	20.0	0.0	5.0	6.708204	20.0	0.0	100.0	100.0	178499	97081.305	14065.25	150030.55	27629.672	-97454.42	3091359.8	2196.8498532772064
120	2.6666667	5.734884	20.0	0.0	25.0	36.67424	120.0	0.0	100.0	100.0	179999	97488.125	13860.062	151950.12	30270.922	-97863.016	3865746.0	2213.034977912903
121	4.6666665	8.055365	30.0	0.0	57.0	106.77547	350.0	0.0	100.0	100.0	181499	97903.36	13634.197	157652.42	31513.453	-98259.234	3129290.8	2230.1902792453766
122	6.0	9.521904	30.0	0.0	23.0	32.572994	100.0	0.0	100.0	100.0	182999	98169.76	13467.817	147628.36	30598.787	-98537.195	3693364.5	2245.9251680374146
123	4.6666665	10.2415285	30.0	0.0	11.0	13.747727	40.0	0.0	100.0	100.0	184499	98494.086	13295.561	147028.6	29968.498	-98856.36	3532028.0	2262.484496116638
124	11.25	16.15356	50.0	0.0	7.0	10.049875	30.0	0.0	95.625	100.0	185999	98717.234	13101.1875	151083.64	31911.926	-99101.234	3877969.5	2278.4180901050568
125	11.333333	23.626724	90.0	0.0	4.0	6.6332498	20.0	0.0	100.0	100.0	187499	99080.79	12874.143	153303.66	30809.877	-99460.87	3186406.8	2295.2198741436005
126	11.333333	15.860502	50.0	0.0	11.0	13.747727	40.0	0.0	100.0	100.0	188999	99463.65	12639.024	157060.23	34362.594	-99848.81	3100108.8	2312.992389202118
127	4.0	6.1101007	20.0	0.0	4.0	4.8989797	10.0	0.0	100.0	100.0	190499	99602.06	12438.861	152533.23	33902.453	-99967.33	3567785.0	2329.199406147003
128	7.3333335	20.154955	80.0	0.0	13.0	17.349352	60.0	0.0	100.0	100.0	191999	99662.09	12392.109	149641.03	23855.447	-100028.12	3930355.2	2345.037729024887
129	4.6666665	8.055365	20.0	0.0	12.0	18.867962	60.0	0.0	100.0	100.0	193499	99678.6	12187.623	149946.53	28531.162	-100041.35	3400396.0	2361.1950073242188
130	15.333333	18.208668	40.0	0.0	23.0	32.572994	110.0	0.0	100.0	100.0	194999	99719.52	12138.344	153374.39	27081.24	-100091.69	3476349.0	2377.289824962616
131	13.333333	11.925695	30.0	0.0	9.0	16.40122	50.0	0.0	100.0	100.0	196499	99749.18	12025.607	145121.6	29999.172	-100111.69	3469527.5	2392.785469055176
132	19.333334	29.99259	110.0	0.0	13.0	11.874342	30.0	0.0	100.0	100.0	197999	99660.83	11938.29	155767.28	24571.396	-100017.836	3391315.2	2409.8309092521667
133	8.666667	13.597384	50.0	0.0	5.0	12.0415945	40.0	0.0	100.0	100.0	199499	99577.64	11907.633	148890.78	28728.027	-99933.26	3011317.0	2426.1397202014923
134	6.0	13.063946	50.0	0.0	16.0	22.0	70.0	0.0	100.0	100.0	200999	99520.516	11854.429	150285.62	30427.566	-99888.63	3708296.5	2442.204558134079
135	9.333333	16.918102	50.0	0.0	16.0	44.76606	150.0	0.0	100.0	100.0	202499	99340.5	11725.864	153121.27	29557.72	-99720.8	2863409.8	2458.657235145569
136	3.3333333	6.9920583	20.0	0.0	7.0	12.688578	40.0	0.0	100.0	100.0	203999	99345.08	11696.724	146956.05	33199.21	-99719.91	3473334.2	2474.321652173996
137	7.3333335	19.821423	80.0	0.0	11.0	27.0	90.0	0.0	100.0	100.0	205499	99283.2	11601.334	155612.42	26803.137	-99659.39	3218669.5	2490.3137941360474
138	43.333332	112.763275	460.0	0.0	29.0	60.737137	200.0	0.0	100.0	100.0	206999	99095.92	11598.405	150690.03	28813.47	-99457.984	3479015.5	2506.717901945114
139	28.0	51.277023	200.0	0.0	7.0	11.0	30.0	0.0	100.0	100.0	208499	98901.18	11588.597	150070.03	26845.256	-99260.125	3275935.0	2523.773789167404
140	50.666668	147.4434	600.0	0.0	12.0	18.867962	60.0	0.0	100.0	100.0	209999	98735.875	11577.257	149613.23	26037.03	-99096.43	2988217.8	2540.288454055786
141	9.333333	16.11073	60.0	0.0	6.0	12.0	30.0	0.0	100.0	100.0	211499	98650.74	11451.319	141949.22	22039.941	-99024.17	3277045.0	2556.727616071701
142	8.0	12.2202015	40.0	0.0	16.0	21.540659	60.0	0.0	100.0	100.0	212999	98610.43	11262.283	148104.77	24423.16	-98988.08	3325486.8	2573.049438238144
143	5.3333335	9.568467	30.0	0.0	11.0	22.113344	60.0	0.0	100.0	100.0	214499	98656.15	11204.575	148647.58	28379.344	-99036.46	3075703.5	2589.3035912513733
144	12.666667	13.399835	40.0	0.0	4.0	4.8989797	10.0	0.0	100.0	100.0	215999	98762.91	11027.014	147920.97	28885.127	-99149.78	2586495.8	2605.757276058197
145	4.0	7.1180525	20.0	0.0	6.0	12.806249	40.0	0.0	100.0	100.0	217499	98836.14	10890.551	144145.42	27876.977	-99228.31	3422700.5	2622.3154389858246
146	16.0	19.595919	60.0	0.0	12.0	24.41311	80.0	0.0	100.0	100.0	218999	98970.06	10638.174	148473.84	29602.846	-99369.086	3263706.0	2638.0879232883453
147	11.333333	29.634811	120.0	0.0	14.0	21.540659	60.0	0.0	100.0	100.0	220499	99130.59	10421.287	144339.45	28531.416	-99544.91	3537720.2	2653.406324863434
148	10.0	14.605935	40.0	0.0	11.0	23.43075	80.0	0.0	100.0	100.0	221999	99446.234	10234.285	148622.31	26049.902	-99857.555	3556685.2	2669.115918159485
149	8.0	14.236105	50.0	0.0	6.0	8.0	20.0	0.0	100.0	100.0	223499	99536.07	10060.082	142100.25	22116.371	-99963.77	3119712.2	2685.242670059204
150	10.0	12.110601	40.0	0.0	8.0	10.770329	30.0	0.0	100.0	100.0	224999	99893.67	10085.366	148469.34	15389.201	-100362.05	3660445.0	2700.6025681495667
151	13.333333	16.996733	70.0	0.0	14.0	12.0	30.0	0.0	100.0	100.0	226499	100331.7	9962.18	142618.42	24347.5	-100808.58	3219902.0	2716.237268924713
152	3.3333333	5.9628477	20.0	0.0	29.0	83.71977	280.0	0.0	100.0	100.0	227999	100924.2	9969.232	140746.98	40437.746	-101421.4	3330784.5	2731.7183871269226
153	14.0	23.607908	90.0	0.0	10.0	15.491934	40.0	0.0	100.0	100.0	229499	101307.68	9993.393	136266.61	31344.938	-101784.64	3264903.2	2747.0143752098083
154	8.0	11.661903	30.0	0.0	1.0	3.0	10.0	0.0	100.0	100.0	230999	101511.54	10074.7	136498.2	20984.172	-101995.41	3640602.0	2762.6212520599365
155	4.6666665	7.1802197	20.0	0.0	9.0	9.433981	20.0	0.0	100.0	100.0	232499	101712.86	10178.585	141283.1	27927.352	-102219.07	3480770.5	2778.2980031967163
156	6.6666665	14.907118	60.0	0.0	6.0	14.96663	50.0	0.0	100.0	100.0	233999	101882.07	10280.098	146364.88	30993.752	-102380.8	3314090.8	2794.165323972702
157	13.333333	17.763885	50.0	0.0	5.0	12.0415945	40.0	0.0	100.0	100.0	235499	102016.48	10480.197	141518.25	20516.184	-102513.516	3729456.2	2809.8340442180634
158	9.333333	22.647049	90.0	0.0	5.0	8.062258	20.0	0.0	100.0	100.0	236999	102141.734	10606.925	136773.75	25186.723	-102673.96	3374034.2	2825.287271261215
159	14.666667	39.305073	160.0	0.0	2.0	4.0	10.0	0.0	96.53333	100.0	238499	102469.8	10727.008	138159.62	21730.695	-102992.2	3416580.0	2840.764069080353
160	4.6666665	10.2415285	40.0	0.0	11.0	11.357817	30.0	0.0	100.0	100.0	239999	102475.31	10884.145	138496.92	27696.002	-102979.07	3321582.2	2856.6435840129852
161	10.666667	18.785336	60.0	0.0	12.0	21.354156	70.0	0.0	100.0	100.0	241499	102283.766	10992.024	139857.1	18085.611	-102782.04	3449799.2	2872.1967148780823
162	9.333333	13.888444	40.0	0.0	5.0	12.0415945	40.0	0.0	100.0	100.0	242999	102036.11	11133.431	140813.77	31294.543	-102537.625	3757910.0	2887.9263150691986
163	13.333333	19.888578	60.0	0.0	27.0	42.906876	140.0	0.0	100.0	100.0	244499	101785.625	11349.608	142666.08	26471.574	-102282.195	3287880.2	2903.8474459648132
164	3.3333333	8.692269	30.0	0.0	4.0	6.6332498	20.0	0.0	100.0	100.0	245999	101329.42	11331.733	142428.3	42113.645	-101772.76	3508889.0	2919.6808631420135
165	8.0	16.411379	60.0	0.0	4.0	6.6332498	20.0	0.0	100.0	100.0	247499	100712.33	11462.718	143155.08	26076.324	-101189.77	3607092.5	2935.0453350543976
166	6.6666665	12.995725	50.0	0.0	12.0	23.579653	80.0	0.0	100.0	100.0	248999	100468.016	11614.077	144156.31	29382.684	-100972.55	3670824.2	2950.5307409763336
167	8.666667	17.074999	60.0	0.0	6.0	14.96663	50.0	0.0	100.0	100.0	250499	100112.48	11747.372	143308.6	30307.049	-100629.23	3456065.5	2966.084601163864
168	4.6666665	10.241528	40.0	0.0	6.0	14.96663	50.0	0.0	100.0	100.0	251999	99980.375	11893.593	145082.36	32009.195	-100490.16	3277851.2	2981.5347850322723
169	4.0	8.0	20.0	0.0	5.0	8.062258	20.0	0.0	100.0	100.0	253499	99612.02	11916.612	144458.45	21311.762	-100085.82	3025125.5	2996.9404141902924
170	10.0	20.0	80.0	0.0	4.0	12.0	40.0	0.0	100.0	100.0	254999	99130.26	11967.196	144400.97	29486.047	-99620.875	3287134.5	3013.1190509796143
171	3.3333333	10.1105	40.0	0.0	16.0	26.532999	90.0	0.0	100.0	100.0	256499	98664.46	12004.609	144783.23	28460.477	-99113.94	2851593.0	3028.6951138973236
172	11.333333	24.997774	100.0	0.0	32.0	89.53212	300.0	0.0	100.0	100.0	257999	97965.414	12165.491	146869.33	29103.656	-98419.03	2953265.8	3044.3728733062744
173	6.0	7.1180525	20.0	0.0	9.0	20.712315	70.0	0.0	100.0	100.0	259499	97273.64	12413.004	146040.58	32821.42	-97700.35	3114776.2	3060.2033252716064
174	4.0	8.0	30.0	0.0	12.0	21.354156	70.0	0.0	100.0	100.0	260999	96421.85	12871.03	146680.02	21828.16	-96851.71	3225566.5	3076.134355068207
175	2.0	4.0	10.0	0.0	13.0	27.221315	90.0	0.0	100.0	100.0	262499	95498.82	13120.586	146825.83	24299.516	-95936.08	3555033.8	3091.6556351184845
176	8.666667	10.873004	40.0	0.0	6.0	12.0	40.0	0.0	100.0	100.0	263999	94749.54	13535.636	146925.33	29826.129	-95164.18	2574546.2	3107.093823194504
177	4.6666665	8.055364	20.0	0.0	4.0	8.0	20.0	0.0	100.0	100.0	265499	93987.74	13952.146	146684.47	25316.37	-94463.234	2995751.5	3122.6033051013947
178	1.3333334	3.399346	10.0	0.0	11.0	22.113344	60.0	0.0	100.0	100.0	266999	93543.48	14326.049	146517.66	24309.87	-94045.12	3090547.2	3138.0918209552765
179	30.0	73.84669	290.0	0.0	10.0	12.649111	40.0	0.0	100.0	100.0	268499	93212.945	14650.644	144860.36	23032.184	-93726.57	3117401.5	3153.562543153763
180	8.666667	13.597384	40.0	0.0	7.0	9.0	20.0	0.0	100.0	100.0	269999	92905.4	14946.484	145505.2	6969.5703	-93407.0	2766200.8	3169.3433361053467
181	11.333333	23.626724	90.0	0.0	5.0	6.708204	20.0	0.0	100.0	100.0	271499	92452.6	15256.999	145556.73	35667.07	-92954.305	3050929.2	3184.81223487854
182	3.3333333	5.9628477	20.0	0.0	14.0	28.0	90.0	0.0	100.0	100.0	272999	92099.04	15455.286	147264.08	23022.162	-92617.75	2829475.2	3200.4584181308746
183	22.666666	39.066895	100.0	0.0	7.0	15.524175	50.0	0.0	100.0	100.0	274499	91755.72	15796.438	147202.22	14473.478	-92293.0	2739270.0	3216.000743150711
184	15.333333	29.181423	120.0	0.0	8.0	9.797959	30.0	0.0	100.0	100.0	275999	91585.11	15947.91	146690.3	23913.508	-92157.13	2676530.8	3231.5309731960297
185	9.333333	19.136934	70.0	0.0	5.0	6.708204	20.0	0.0	100.0	100.0	277499	91426.5	16274.006	146639.38	21252.99	-92012.8	2636304.5	3246.9213931560516
186	4.0	8.793938	30.0	0.0	3.0	9.0	30.0	0.0	100.0	100.0	278999	91604.64	16443.857	147829.94	27617.064	-92205.54	2719964.8	3262.382383108139
187	3.3333333	6.992059	20.0	0.0	4.0	12.0	40.0	0.0	100.0	100.0	280499	91639.055	16743.648	149082.3	32087.098	-92244.875	2748309.5	3277.9245731830597
188	0.6666667	2.494438	10.0	0.0	11.0	29.816103	100.0	0.0	100.0	100.0	281999	92014.18	17157.79	150239.0	24264.982	-92665.37	2959709.5	3293.709892988205
189	4.0	8.0	20.0	0.0	5.0	10.246951	30.0	0.0	100.0	100.0	283499	92440.16	17444.67	151343.1	25268.72	-93093.67	2778543.0	3309.2320811748505
190	4.0	8.793938	30.0	0.0	1.0	3.0	10.0	0.0	100.0	100.0	284999	92819.88	17741.938	151903.66	22734.547	-93472.44	2752712.2	3324.964257955551
191	14.666667	28.487816	90.0	0.0	2.0	6.0	20.0	0.0	100.0	100.0	286499	93290.195	18164.75	153637.97	20303.578	-93963.64	2983671.2	3340.4930551052094
192	14.0	36.842007	140.0	0.0	11.0	23.0	70.0	0.0	100.0	100.0	287999	93732.695	18503.6	153690.47	29567.492	-94403.12	3213963.0	3355.8654770851135
193	7.3333335	11.813365	30.0	0.0	8.0	17.776388	60.0	0.0	100.0	100.0	289499	94119.7	18838.496	155633.1	31458.521	-94804.766	2891558.5	3371.711569070816
194	4.0	12.543259	50.0	0.0	10.0	30.0	100.0	0.0	100.0	100.0	290999	94826.18	19062.93	155992.4	21628.623	-95549.805	3212569.0	3387.2167580127716
195	8.0	13.759845	40.0	0.0	4.0	8.0	20.0	0.0	100.0	100.0	292499	95504.49	19465.621	160537.5	25255.89	-96252.78	3037413.8	3402.912439107895
196	16.0	29.393877	90.0	0.0	0.0	0.0	0.0	0.0	100.0	100.0	293999	96249.47	20007.264	161835.22	30567.408	-97013.87	2886882.8	3418.649104118347
197	12.666667	24.07396	90.0	0.0	9.0	19.209373	60.0	0.0	100.0	100.0	295499	97450.9	20622.717	163708.4	25256.758	-98248.414	3070222.8	3434.2334430217743
198	12.0	37.629776	150.0	0.0	9.0	18.138357	50.0	0.0	100.0	100.0	296999	98232.9	21083.295	164650.06	20171.06	-99012.82	2919582.8	3449.8486120700836
199	14.666667	33.239872	130.0	0.0	10.0	17.888544	50.0	0.0	100.0	100.0	298499	98906.72	21670.428	167740.36	20546.803	-99683.3	3143153.8	3465.231817960739
200	11.333333	20.28683	60.0	0.0	10.0	26.832815	90.0	0.0	100.0	100.0	299999	99521.414	22139.08	170125.69	13130.729	-100304.53	3202713.5	3480.609938144684
201	13.333333	26.24669	100.0	0.0	16.0	33.226494	100.0	0.0	100.0	100.0	301499	100430.305	22499.225	169798.16	17643.107	-101231.44	2860893.8	3495.9717450141907
202	5.3333335	13.597385	40.0	0.0	9.0	18.138357	50.0	0.0	100.0	100.0	302999	101125.38	22667.059	170039.61	37633.992	-101877.99	3320353.0	3511.3824141025543
203	10.0	27.325203	110.0	0.0	1.0	3.0	10.0	0.0	100.0	100.0	304499	101205.586	23156.41	173124.58	36137.293	-101906.04	3119499.0	3527.0022251605988
204	3.3333333	6.992059	20.0	0.0	2.0	6.0	20.0	0.0	100.0	100.0	305999	101244.44	23361.166	170483.44	28616.02	-101960.36	2935629.8	3542.9260079860687
205	10.0	17.126978	60.0	0.0	8.0	20.880613	70.0	0.0	100.0	100.0	307499	101328.41	23427.092	171364.62	18899.25	-102052.516	3357216.8	3558.202653169632
206	8.666667	18.571186	60.0	0.0	2.0	6.0	20.0	0.0	100.0	100.0	308999	101449.32	23461.82	171246.64	34256.652	-102139.44	2990839.5	3573.4196741580963
207	2.6666667	7.7172236	30.0	0.0	2.0	6.0	20.0	0.0	100.0	100.0	310499	101439.59	23700.479	171393.33	31643.736	-102132.055	2715757.2	3588.8829391002655
208	26.0	31.580584	110.0	0.0	31.0	65.337585	220.0	0.0	100.0	100.0	311999	101198.586	23985.652	171318.48	29438.068	-101881.55	3106657.5	3604.2628180980682
209	4.0	12.543259	50.0	0.0	3.0	9.0	30.0	0.0	100.0	100.0	313499	100953.57	24243.035	169828.39	23020.19	-101645.2	2956089.2	3619.896404981613
210	6.0	17.435596	70.0	0.0	6.0	10.198039	30.0	0.0	100.0	100.0	314999	100588.234	24384.818	168777.67	27802.912	-101296.01	3277298.8	3635.245005130768
211	12.666667	28.39405	110.0	0.0	2.0	4.0	10.0	0.0	100.0	100.0	316499	100516.88	24538.91	168032.66	24177.826	-101240.766	3372276.5	3650.9477128982544
212	12.666667	32.754982	110.0	0.0	7.0	21.0	70.0	0.0	100.0	100.0	317999	100585.484	24771.943	165327.33	27254.752	-101324.96	2984996.8	3666.5032172203064
213	18.0	31.241	110.0	0.0	0.0	0.0	0.0	0.0	100.0	100.0	319499	100724.9	24814.51	164078.75	20588.334	-101499.76	3033974.8	3682.1194920539856
214	3.3333333	12.47219	50.0	0.0	20.0	30.983868	90.0	0.0	100.0	100.0	320999	100819.22	24725.336	163259.72	19336.617	-101567.09	3333658.0	3697.4979832172394
215	0.6666667	2.4944382	10.0	0.0	9.0	23.853722	80.0	0.0	100.0	100.0	322499	100818.31	24779.912	163431.2	19277.527	-101548.78	2661194.8	3713.0889151096344
216	15.0	28.284271	90.0	0.0	16.0	48.0	160.0	0.0	93.8125	100.0	323999	100910.836	24780.875	162245.25	20477.037	-101671.32	3279115.5	3728.6261591911316
217	3.3333333	12.47219	50.0	0.0	13.0	19.51922	60.0	0.0	100.0	100.0	325499	100812.32	24859.096	160651.19	22328.639	-101532.14	2452095.8	3744.146296977997
218	2.6666667	7.7172236	30.0	0.0	5.0	15.0	50.0	0.0	100.0	100.0	326999	100782.9	24893.96	159987.33	19130.625	-101544.17	3232759.8	3759.644786119461
219	4.0	10.832051	40.0	0.0	21.0	35.902645	110.0	0.0	100.0	100.0	328499	101087.78	24670.455	158836.3	19855.668	-101859.88	2677234.2	3775.7801489830017
220	8.0	20.066555	80.0	0.0	27.0	71.561165	240.0	0.0	100.0	100.0	329999	101004.36	24764.332	159452.33	15989.841	-101709.25	3011355.2	3791.1796431541443
221	6.0	19.933222	80.0	0.0	5.0	15.0	50.0	0.0	100.0	100.0	331499	100855.76	24735.574	156333.64	2434.0486	-101574.87	3282283.8	3806.8104219436646
222	10.0	23.94438	90.0	0.0	2.0	4.0	10.0	0.0	100.0	100.0	332999	100612.17	24779.209	157010.08	19930.201	-101346.89	3321875.8	3822.3640151023865
223	6.6666665	17.384539	60.0	0.0	3.0	6.4031243	20.0	0.0	100.0	100.0	334499	100621.555	24705.469	153986.42	18872.078	-101333.43	3507388.5	3837.8598482608795
224	8.0	16.411379	60.0	0.0	0.0	0.0	0.0	0.0	100.0	100.0	335999	100314.99	24571.594	151930.28	9526.283	-101031.53	3512489.2	3854.016040086746
225	2.6666667	6.7986927	20.0	0.0	11.0	21.656408	70.0	0.0	100.0	100.0	337499	100179.77	24618.045	150430.38	17013.623	-100892.65	2935629.8	3869.6593079566956
226	0.0	0.0	0.0	0.0	6.0	14.96663	50.0	0.0	100.0	100.0	338999	100093.055	24347.787	149817.5	23004.922	-100825.195	3367005.2	3885.6084949970245
227	6.0	22.449944	90.0	0.0	15.0	36.124783	120.0	0.0	100.0	100.0	340499	100091.805	24239.904	150669.06	23015.193	-100808.43	2461219.5	3901.2191610336304
228	5.3333335	7.1802197	20.0	0.0	6.0	12.806249	40.0	0.0	100.0	100.0	341999	100198.08	24078.285	150115.86	13748.915	-100909.91	3467845.2	3916.953859090805
229	10.666667	23.51359	90.0	0.0	7.0	17.916473	60.0	0.0	100.0	100.0	343499	99988.89	23921.094	150179.88	12904.595	-100694.625	3032392.2	3932.5396962165833
230	6.6666665	13.498969	40.0	0.0	0.0	0.0	0.0	0.0	100.0	100.0	344999	99850.48	23774.18	149558.52	19804.982	-100545.23	2748308.5	3948.1734409332275
231	15.333333	43.18436	170.0	0.0	2.0	6.0	20.0	0.0	100.0	100.0	346499	99801.05	23725.506	149729.83	21153.285	-100518.19	3126896.8	3963.5818390846252
232	18.666666	31.80496	90.0	0.0	14.0	29.732138	100.0	0.0	100.0	100.0	347999	99919.59	23391.463	148928.5	21341.82	-100641.0	3095184.0	3979.1464869976044
233	5.3333335	14.996295	60.0	0.0	9.0	13.0	40.0	0.0	100.0	100.0	349499	100018.63	23108.424	149461.56	12855.157	-100713.26	2707370.2	3994.745125055313
234	6.6666665	12.47219	40.0	0.0	0.0	0.0	0.0	0.0	100.0	100.0	350999	99838.62	22646.4	149041.6	23396.148	-100502.46	2991820.8	4010.462413072586
235	5.3333335	10.873004	30.0	0.0	14.0	20.09975	60.0	0.0	100.0	100.0	352499	99509.9	22226.965	149755.83	24103.854	-100162.69	2837373.0	4025.8386669158936
236	7.3333335	18.78534	60.0	0.0	29.0	30.149628	80.0	0.0	100.0	100.0	353999	99252.555	21905.773	146064.66	14077.404	-99876.67	2627235.5	4041.595929145813
237	19.333334	32.75498	100.0	0.0	3.0	6.4031243	20.0	0.0	100.0	100.0	355499	98741.06	21577.584	145888.95	24317.41	-99354.75	2345168.5	4057.0132069587708
238	1.3333334	3.399346	10.0	0.0	4.0	12.0	40.0	0.0	100.0	100.0	356999	98336.33	21107.502	142356.95	9232.093	-98945.44	2869972.8	4072.477424144745
239	5.3333335	13.09792	50.0	0.0	20.0	35.77709	120.0	0.0	100.0	100.0	358499	97913.375	20714.791	140117.98	17901.734	-98535.38	2617940.8	4087.920823097229
240	1.3333334	4.988876	20.0	0.0	22.0	35.15679	110.0	0.0	100.0	100.0	359999	97502.3	20319.188	141334.36	16362.59	-98089.98	2367265.8	4103.572383880615
241	14.666667	27.292654	100.0	0.0	14.0	27.276363	90.0	0.0	100.0	100.0	361499	97019.414	20033.648	140016.55	16559.148	-97632.38	2343167.2	4119.061755180359
242	10.0	18.973665	60.0	0.0	10.0	30.0	100.0	0.0	100.0	100.0	362999	96869.375	19771.992	141254.28	27586.809	-97463.06	1890067.5	4134.834598064423
243	1.3333334	4.988876	20.0	0.0	0.0	0.0	0.0	0.0	100.0	100.0	364499	96416.06	19780.14	146197.53	29491.291	-96981.82	2312028.8	4150.466965913773
244	9.333333	17.307676	60.0	0.0	14.0	42.0	140.0	0.0	100.0	100.0	365999	95970.12	19881.21	144673.98	33024.902	-96526.69	1943154.5	4165.946640014648
245	7.3333335	24.890871	100.0	0.0	7.0	12.688578	40.0	0.0	100.0	100.0	367499	95525.61	19750.238	144807.1	22144.977	-96086.375	1950779.0	4181.517816066742
246	5.3333335	10.873004	40.0	0.0	15.0	26.551836	80.0	0.0	100.0	100.0	368999	94954.79	19726.463	145801.27	29080.92	-95521.96	2823448.2	4197.175487279892
247	8.0	11.661903	30.0	0.0	6.0	14.96663	50.0	0.0	100.0	100.0	370499	94612.33	19723.135	145152.08	14859.365	-95179.945	1853659.2	4212.878968954086
248	3.3333333	8.692269	30.0	0.0	14.0	30.066593	100.0	0.0	100.0	100.0	371999	94304.5	19637.424	143814.2	16689.535	-94859.37	2631497.8	4228.277705192566
249	8.666667	20.612833	80.0	0.0	13.0	20.518284	70.0	0.0	100.0	100.0	373499	93915.49	19480.31	144329.78	19813.691	-94459.734	2097283.2	4243.717225313187
250	1.3333334	3.399346	10.0	0.0	2.0	4.0	10.0	0.0	100.0	100.0	374999	93395.63	19449.63	146735.72	17819.945	-93950.4	2278415.2	4259.6386840343475
251	16.0	27.51969	90.0	0.0	8.0	10.770329	30.0	0.0	100.0	100.0	376499	92941.34	19481.547	146969.53	21444.463	-93464.29	2210742.8	4276.248130083084
252	8.666667	14.079141	40.0	0.0	9.0	18.138357	50.0	0.0	100.0	100.0	377999	92397.78	19393.898	143146.94	22282.986	-92919.06	2336903.2	4291.646367311478
253	5.3333335	10.873005	40.0	0.0	11.0	23.0	70.0	0.0	100.0	100.0	379499	91945.63	19510.992	142099.03	20123.822	-92471.83	2074369.5	4307.10556101799
254	4.0	8.0	30.0	0.0	26.0	28.354895	90.0	0.0	100.0	100.0	380999	91366.28	19426.697	142205.89	18055.158	-91873.02	2122325.0	4322.364634037018
255	0.6666667	2.494438	10.0	0.0	6.0	14.96663	50.0	0.0	100.0	100.0	382499	90736.89	19295.299	140512.52	19984.22	-91239.73	1837911.8	4338.193927049637
256	6.6666665	10.1105	30.0	0.0	20.0	26.076809	90.0	0.0	100.0	100.0	383999	90086.57	18963.15	139903.11	19463.717	-90577.05	1530409.0	4353.936158180237
257	11.333333	17.074997	60.0	0.0	1.0	3.0	10.0	0.0	100.0	100.0	385499	89297.555	18731.826	138115.83	19439.346	-89760.11	2112585.2	4369.700980901718
258	3.3333333	6.992058	20.0	0.0	5.0	8.062258	20.0	0.0	100.0	100.0	386999	88518.266	18247.799	137943.72	21044.887	-88994.08	2082874.4	4385.200145244598
259	2.0	5.4160256	20.0	0.0	7.0	9.0	20.0	0.0	100.0	100.0	388499	87709.586	17957.215	133720.66	12144.266	-88174.01	2038256.0	4400.6865611076355
260	15.333333	31.804962	120.0	0.0	8.0	20.880613	70.0	0.0	100.0	100.0	389999	86960.805	17759.227	135123.53	13803.384	-87414.25	1881450.0	4416.116190195084
261	4.6666665	10.873005	40.0	0.0	2.0	6.0	20.0	0.0	100.0	100.0	391499	86183.08	17389.531	134390.52	15533.327	-86662.84	2060921.5	4431.709030151367
262	8.666667	17.461067	70.0	0.0	14.0	23.748684	70.0	0.0	100.0	100.0	392999	85482.15	16976.168	130557.75	17261.434	-85960.16	1768340.1	4447.212665081024
263	31.333334	82.45134	330.0	0.0	26.0	40.04997	140.0	0.0	100.0	100.0	394499	84856.62	16463.766	127708.33	15790.696	-85305.93	1609820.5	4463.0829491615295
264	10.666667	22.050447	70.0	0.0	7.0	12.688578	40.0	0.0	100.0	100.0	395999	84289.555	16078.839	124156.58	14731.49	-84759.625	1827932.9	4479.268837213516
265	13.333333	24.129278	80.0	0.0	6.0	10.198039	30.0	0.0	100.0	100.0	397499	83529.12	15779.845	124697.28	27612.613	-83999.72	1545959.1	4495.300323963165
266	9.333333	14.817408	40.0	0.0	1.0	3.0	10.0	0.0	100.0	100.0	398999	83098.94	15500.089	122403.195	21518.145	-83578.22	1575026.5	4510.92343711853
267	14.666667	23.05549	90.0	0.0	4.0	12.0	40.0	0.0	100.0	100.0	400499	82582.49	15294.4	125389.36	13609.129	-83057.69	1750288.4	4526.495355129242
268	4.0	8.0	30.0	0.0	1.0	3.0	10.0	0.0	100.0	100.0	401999	82203.47	15061.672	121434.38	15267.55	-82676.93	1576955.9	4542.106574058533
269	12.666667	19.136934	70.0	0.0	26.0	55.35341	180.0	0.0	100.0	100.0	403499	81788.51	14890.156	121688.15	12490.277	-82264.695	1649100.0	4557.5634689331055
270	2.0	5.4160256	20.0	0.0	7.0	10.049875	30.0	0.0	100.0	100.0	404999	81539.984	14718.945	120655.47	11429.409	-82037.86	1536310.5	4573.3967180252075
271	20.0	38.643673	110.0	0.0	10.0	20.976177	70.0	0.0	100.0	100.0	406499	81362.58	14612.291	120096.75	24747.8	-81840.51	1355694.9	4590.069786071777
272	10.0	24.765568	100.0	0.0	4.0	9.165152	30.0	0.0	100.0	100.0	407999	81011.95	14385.573	119345.79	14127.348	-81478.48	1732210.4	4605.70648598671
273	5.3333335	14.996295	60.0	0.0	11.0	18.681541	60.0	0.0	100.0	100.0	409499	80598.31	14357.213	119440.27	19647.924	-81056.64	1354120.5	4622.2001740932465
274	1.3333334	3.3993464	10.0	0.0	3.0	9.0	30.0	0.0	100.0	100.0	410999	80132.75	14330.613	118337.91	22382.822	-80585.96	1600659.1	4638.013184070587
275	3.3333333	5.962848	20.0	0.0	1.0	3.0	10.0	0.0	100.0	100.0	412499	79629.71	14118.624	118350.77	24820.355	-80063.34	1453087.8	4653.678640127182
276	6.6666665	17.763882	70.0	0.0	11.0	13.0	40.0	0.0	100.0	100.0	413999	79072.45	13852.129	117937.4	14262.917	-79505.09	1341445.2	4669.44615316391
277	12.0	17.20465	60.0	0.0	7.0	10.049875	30.0	0.0	100.0	100.0	415499	78525.2	13608.639	117747.8	12714.363	-78940.23	1227508.0	4685.006083011627
278	14.666667	24.458582	90.0	0.0	13.0	14.177447	40.0	0.0	100.0	100.0	416999	77901.78	13425.865	115855.93	18769.58	-78313.78	1284868.2	4701.116590023041
279	10.666667	16.110727	50.0	0.0	1.0	3.0	10.0	0.0	100.0	100.0	418499	77195.5	13244.743	115500.555	9774.198	-77589.95	1340617.5	4716.62700510025
280	20.666666	31.721008	100.0	0.0	3.0	4.582576	10.0	0.0	100.0	100.0	419999	76552.63	12987.564	114756.24	15257.75	-76935.19	1184167.1	4732.500159263611
281	6.0	8.793938	30.0	0.0	1.0	3.0	10.0	0.0	100.0	100.0	421499	75719.17	12786.269	113903.83	10137.141	-76087.5	1224285.4	4748.0166981220245
282	13.333333	15.347819	50.0	0.0	9.0	27.0	90.0	0.0	100.0	100.0	422999	74891.95	12595.351	112276.52	14918.892	-75257.195	1528038.0	4763.609791278839
283	0.6666667	2.4944382	10.0	0.0	2.0	6.0	20.0	0.0	100.0	100.0	424499	74184.26	12402.884	111431.375	11554.984	-74558.62	1200215.2	4779.161830186844
284	2.6666667	4.4221663	10.0	0.0	43.0	77.5951	250.0	0.0	100.0	100.0	425999	73398.016	12241.496	109449.98	13466.376	-73745.875	1125193.0	4795.055559158325
285	14.0	15.405626	50.0	0.0	2.0	4.0	10.0	0.0	100.0	100.0	427499	72561.375	12182.9375	108879.36	12834.58	-72917.76	1234922.0	4810.784871101379
286	19.333334	28.15828	90.0	0.0	6.0	12.806249	40.0	0.0	100.0	100.0	428999	71822.734	11952.476	106620.21	11848.827	-72172.79	1166233.4	4826.611003160477
287	10.666667	22.939535	90.0	0.0	17.0	29.342802	90.0	0.0	100.0	100.0	430499	71228.96	11783.434	105089.06	17024.176	-71594.11	921623.1	4842.297716856003
288	4.0	10.198039	30.0	0.0	8.0	17.776388	60.0	0.0	100.0	100.0	431999	70698.73	11579.371	104466.07	16751.488	-71056.914	1022901.94	4858.085895061493
289	17.333334	24.621578	80.0	0.0	38.0	114.0	380.0	0.0	100.0	100.0	433499	70125.03	11453.336	104252.84	13518.357	-70469.266	1245193.9	4873.727993011475
290	13.333333	29.135698	110.0	0.0	6.0	18.0	60.0	0.0	100.0	100.0	434999	69448.79	11141.478	103710.6	7490.3604	-69772.06	1114868.2	4889.233964920044
291	7.3333335	11.813364	40.0	0.0	9.0	21.189621	70.0	0.0	100.0	100.0	436499	68689.83	10930.384	103216.57	15154.324	-68992.76	811406.06	4904.805139064789
292	8.666667	14.079141	50.0	0.0	17.0	26.095976	60.0	0.0	100.0	100.0	437999	67803.24	10696.335	102749.56	8876.444	-68103.945	828626.5	4920.34969997406
293	9.333333	21.437248	80.0	0.0	3.0	9.0	30.0	0.0	100.0	100.0	439499	67023.4	10609.441	100721.984	12955.584	-67320.0	937091.56	4935.927006244659
294	14.666667	23.342855	80.0	0.0	21.0	28.79236	90.0	0.0	100.0	100.0	440999	66218.984	10474.923	100439.92	22451.217	-66508.02	881057.44	4951.518347024918
295	7.3333335	12.364825	40.0	0.0	12.0	21.817425	60.0	0.0	100.0	100.0	442499	65383.86	10314.3545	99742.1	10636.094	-65658.375	931305.8	4967.074504137039
296	26.666666	99.77752	400.0	0.0	32.0	37.894592	100.0	0.0	100.0	100.0	443999	64620.44	10092.295	99390.59	11736.794	-64902.0	700587.2	4982.886013269424
297	10.0	20.65591	70.0	0.0	8.0	11.661903	30.0	0.0	100.0	100.0	445499	63843.24	9915.562	95352.59	8254.416	-64137.61	996144.1	4998.561429977417
298	2.6666667	7.717224	30.0	0.0	13.0	14.177447	40.0	0.0	100.0	100.0	446999	63240.227	9722.419	95029.98	13991.139	-63533.566	715760.7	5014.0865161418915
299	2.6666667	5.734884	20.0	0.0	13.0	21.470911	60.0	0.0	100.0	100.0	448499	62596.52	9563.922	95021.04	9033.402	-62880.0	838222.5	5029.856568098068
300	8.0	16.411379	60.0	0.0	6.0	9.165152	30.0	0.0	100.0	100.0	449999	62068.785	9472.572	94083.03	11051.579	-62355.863	685471.2	5045.370718240738
301	6.0	12.0	40.0	0.0	15.0	24.186773	80.0	0.0	100.0	100.0	451499	61540.72	9363.288	93632.82	6386.5684	-61821.75	746446.5	5061.300762176514
302	13.333333	17.763885	50.0	0.0	8.0	20.880613	70.0	0.0	100.0	100.0	452999	61038.66	9270.4	92978.33	7869.069	-61322.6	695444.94	5076.8973751068115
303	18.666666	29.408995	100.0	0.0	25.0	32.01562	90.0	0.0	100.0	100.0	454499	60497.35	9108.525	91973.13	7301.888	-60778.535	628436.25	5092.406356096268
304	16.666666	28.440971	100.0	0.0	6.0	12.0	30.0	0.0	100.0	100.0	455999	60055.137	8971.302	89684.35	7999.8545	-60335.383	718482.06	5108.408239126205
305	4.6666665	14.996295	60.0	0.0	22.0	26.381811	80.0	0.0	100.0	100.0	457499	59738.7	8841.461	90960.37	12660.298	-60031.66	708980.75	5124.154242992401
306	10.0	12.649111	50.0	0.0	8.0	9.797959	20.0	0.0	100.0	100.0	458999	59412.508	8656.153	94555.38	6383.714	-59704.656	882223.6	5139.663952112198
307	9.333333	20.805984	70.0	0.0	14.0	27.276363	90.0	0.0	100.0	100.0	460499	59167.62	8488.535	90824.66	14378.576	-59457.855	850184.0	5155.262465953827
308	9.333333	20.483055	80.0	0.0	7.0	7.81025	20.0	0.0	100.0	100.0	461999	58981.867	8319.699	89595.06	4846.97	-59263.508	709538.5	5170.9325659275055
309	15.333333	30.521395	110.0	0.0	18.0	24.0	60.0	0.0	100.0	100.0	463499	58601.965	8234.996	88263.77	10250.363	-58865.035	610670.3	5186.612722158432
310	7.3333335	20.154955	80.0	0.0	6.0	14.96663	50.0	0.0	100.0	100.0	464999	58309.918	8208.047	93544.25	10746.716	-58560.63	622809.94	5202.424767255783
311	9.333333	20.154955	80.0	0.0	9.0	12.206555	30.0	0.0	100.0	100.0	466499	57772.113	8170.3857	87697.34	7512.9785	-58008.08	686618.44	5218.19327712059
312	11.333333	22.171051	90.0	0.0	16.0	25.377155	70.0	0.0	100.0	100.0	467999	57251.38	8110.0273	84374.56	8077.172	-57493.523	718203.06	5233.843388080597
313	10.0	20.65591	70.0	0.0	4.0	9.165152	30.0	0.0	100.0	100.0	469499	56700.254	8131.992	83677.8	9574.888	-56919.285	535078.1	5249.4631690979
314	12.666667	28.859816	90.0	0.0	16.0	19.078785	50.0	0.0	100.0	100.0	470999	56069.773	8154.0015	83561.76	6844.699	-56285.645	669378.8	5265.2805643081665
315	9.333333	23.228336	90.0	0.0	11.0	20.22375	60.0	0.0	100.0	100.0	472499	55427.465	8115.626	81152.7	7787.6533	-55625.324	516302.94	5280.819309949875
316	14.0	22.744963	70.0	0.0	15.0	29.068884	90.0	0.0	100.0	100.0	473999	54667.285	8082.08	80345.64	4866.943	-54852.137	512789.75	5297.062090873718
317	20.666666	21.437246	60.0	0.0	7.0	15.524175	50.0	0.0	100.0	95.1	475499	53892.98	8018.223	78915.58	12187.728	-54072.348	519899.06	5312.405919313431
318	18.666666	23.342855	80.0	0.0	24.0	41.52108	110.0	0.0	100.0	100.0	476999	53127.168	7974.1436	78155.15	5099.0127	-53310.652	502751.66	5328.204299926758
319	4.0	8.793938	30.0	0.0	6.0	10.198039	30.0	0.0	100.0	100.0	478499	52359.945	7982.173	77965.52	10581.868	-52544.16	433064.72	5344.243590116501
320	3.125	6.817945	20.0	0.0	14.0	23.323807	70.0	0.0	95.6875	100.0	479999	51618.574	7953.0596	77970.445	9252.099	-51795.68	516496.7	5359.84420800209
321	8.0	14.6969385	50.0	0.0	12.0	17.20465	50.0	0.0	100.0	100.0	481499	50917.26	7895.778	84284.03	10010.545	-51103.65	501229.53	5375.437589883804
322	2.6666667	7.7172236	30.0	0.0	16.0	26.907248	90.0	0.0	100.0	100.0	482999	50295.21	7880.4844	74261.1	1561.0426	-50496.2	501301.4	5390.995126962662
323	20.0	30.550505	90.0	0.0	7.0	17.916473	60.0	0.0	100.0	100.0	484499	49774.754	7823.2695	80980.29	6958.9414	-49973.035	454669.16	5406.620891094208
324	28.0	34.097897	90.0	0.0	16.0	30.724583	100.0	0.0	100.0	100.0	485999	49162.824	7835.8643	73901.05	5565.4194	-49348.32	466491.8	5422.151387214661
325	5.3333335	12.03698	40.0	0.0	8.0	24.0	80.0	0.0	100.0	100.0	487499	48520.457	7898.261	76383.93	6104.368	-48698.734	395585.62	5437.6650631427765
326	10.0	18.25742	70.0	0.0	8.0	18.330303	60.0	0.0	100.0	100.0	488999	47932.375	7925.008	71452.01	6986.26	-48119.742	445529.6	5453.3022582530975
327	11.333333	24.729649	90.0	0.0	9.0	18.138357	60.0	0.0	100.0	100.0	490499	47478.273	7883.2773	71231.01	10869.964	-47680.992	602374.7	5469.223100185394
328	6.6666665	13.49897	40.0	0.0	23.0	30.347982	90.0	0.0	100.0	100.0	491999	46960.305	7842.307	79930.52	3320.1426	-47153.855	465143.97	5484.8371613025665
329	5.3333335	17.461065	70.0	0.0	19.0	35.902645	120.0	0.0	100.0	100.0	493499	46410.465	7811.5557	83539.76	3078.1416	-46595.914	501802.25	5500.671790122986
330	8.0	12.2202015	40.0	0.0	9.0	18.138357	60.0	0.0	100.0	92.4	494999	45858.934	7748.4243	68554.0	9577.706	-46052.555	472715.66	5515.970981121063
331	3.5294118	14.117647	60.0	0.0	21.0	32.695564	110.0	0.0	86.76471	97.3	496499	45374.785	7732.024	68802.09	4172.975	-45580.31	419826.1	5531.632590055466
332	8.125	21.857136	90.0	0.0	11.0	29.816103	100.0	0.0	96.3125	100.0	497999	44978.23	7712.5063	67561.51	7539.741	-45184.062	344562.5	5547.127683162689
333	1.875	5.2663436	20.0	0.0	26.0	37.735924	110.0	0.0	92.6875	100.0	499499	44620.555	7703.472	76199.836	5021.602	-44830.4	368926.56	5562.888538122177
334	11.25	25.217802	100.0	0.0	3.0	6.4031243	20.0	0.0	96.0625	100.0	500999	44257.098	7714.558	99267.78	9234.999	-44464.582	462769.6	5578.657071113586
335	12.666667	29.089901	100.0	0.0	2.0	6.0	20.0	0.0	100.0	100.0	502499	43941.207	7709.651	76023.625	9785.613	-44148.332	410046.8	5594.350411891937
336	6.6666665	22.410315	90.0	0.0	1.0	3.0	10.0	0.0	100.0	100.0	503999	43574.36	7756.967	65349.4	4937.845	-43774.2	414591.3	5609.904258966446
337	2.6666667	9.977752	40.0	0.0	13.0	32.878563	110.0	0.0	100.0	100.0	505499	43098.137	7753.4897	64613.953	9501.121	-43295.87	303252.72	5625.4481880664825
338	15.333333	32.632637	110.0	0.0	7.0	21.0	70.0	0.0	98.53333	95.5	506999	42810.95	7779.4185	65212.25	5976.0435	-43008.97	288179.97	5641.458425998688
339	9.333333	22.939535	90.0	0.0	3.0	9.0	30.0	0.0	100.0	100.0	508499	42379.184	7831.4062	63580.69	13621.258	-42573.44	303211.8	5658.0219740867615
340	11.333333	24.184475	90.0	0.0	12.0	32.80244	110.0	0.0	100.0	100.0	509999	42069.86	7788.766	62752.543	6396.349	-42254.83	257415.69	5673.585313081741
341	5.3333335	13.09792	50.0	0.0	15.0	30.740852	90.0	0.0	100.0	100.0	511499	41679.57	7712.526	63415.234	10061.865	-41858.6	166325.9	5689.2224860191345
342	9.333333	17.307676	60.0	0.0	2.0	4.0	10.0	0.0	100.0	100.0	512999	41240.75	7651.1206	61977.848	11527.445	-41406.812	254126.5	5705.276708126068
343	10.0	18.25742	70.0	0.0	14.0	26.532999	80.0	0.0	100.0	100.0	514499	40768.008	7601.6978	61955.17	8086.274	-40945.727	200142.64	5721.053803920746
344	12.666667	33.55924	120.0	0.0	0.0	0.0	0.0	0.0	100.0	100.0	515999	40430.17	7527.861	61909.594	17698.555	-40606.777	191865.97	5736.795202970505
345	26.666666	44.671642	110.0	0.0	0.0	0.0	0.0	0.0	100.0	100.0	517499	40073.42	7430.617	61822.926	14812.087	-40258.453	157527.98	5752.423931121826
346	10.666667	16.519348	60.0	0.0	15.0	24.596748	70.0	0.0	100.0	92.3	518999	39805.28	7389.6655	61952.566	19194.281	-39979.164	164939.02	5767.997316122055
347	9.375	21.350864	70.0	0.0	1.0	3.0	10.0	0.0	95.25	100.0	520499	39478.168	7303.938	61445.383	9730.918	-39653.586	227903.69	5784.184928894043
348	2.6666667	9.977753	40.0	0.0	14.0	26.532999	90.0	0.0	100.0	100.0	521999	39167.453	7324.7227	61739.797	11148.245	-39340.566	170869.31	5799.7734661102295
349	17.333334	29.089897	90.0	0.0	28.0	45.122055	140.0	0.0	100.0	100.0	523499	38844.105	7343.4175	61746.562	10517.613	-39021.004	210697.86	5815.616579055786
350	9.333333	25.420902	100.0	0.0	8.0	24.0	80.0	0.0	100.0	100.0	524999	38635.223	7378.3804	62663.844	7179.4653	-38812.72	140236.73	5831.658560991287
351	6.0	15.405626	60.0	0.0	26.0	42.0	120.0	0.0	100.0	100.0	526499	38389.74	7498.119	62695.81	9983.42	-38563.156	156565.14	5847.283385038376
352	5.3333335	17.461065	70.0	0.0	2.0	6.0	20.0	0.0	100.0	100.0	527999	38100.855	7534.9043	63636.973	10320.0205	-38273.6	161748.25	5863.058589220047
353	12.0	32.496155	120.0	0.0	25.0	31.701735	90.0	0.0	94.26667	100.0	529499	37829.133	7630.9277	63451.33	11100.475	-38002.12	148412.61	5878.587502002716
354	11.333333	23.626726	70.0	0.0	0.0	0.0	0.0	0.0	100.0	100.0	530999	37649.965	7703.723	63092.34	9178.481	-37822.395	177657.19	5894.205132961273
355	12.666667	21.437246	60.0	0.0	8.0	12.489996	40.0	0.0	100.0	100.0	532499	37448.617	7778.8975	63799.586	8601.605	-37622.273	202508.86	5912.456028223038
356	7.3333335	24.89087	100.0	0.0	5.0	15.0	50.0	0.0	100.0	100.0	533999	37221.242	7876.178	63218.406	10962.327	-37396.1	160235.97	5928.194251060486
357	12.0	29.257477	110.0	0.0	10.0	30.0	100.0	0.0	100.0	100.0	535499	37032.812	7896.977	62895.363	7893.761	-37206.38	245626.27	5944.313491106033
358	0.6666667	2.4944382	10.0	0.0	4.0	9.165152	30.0	0.0	100.0	100.0	536999	36852.848	7916.69	61711.695	15397.364	-37024.29	178728.06	5960.230912923813
359	14.666667	40.30991	160.0	0.0	1.0	3.0	10.0	0.0	100.0	100.0	538499	36617.32	7953.528	61137.066	10700.634	-36783.438	185922.11	5975.768415927887
360	28.666666	40.144184	120.0	0.0	1.0	3.0	10.0	0.0	100.0	100.0	539999	36383.453	7909.379	60662.45	11335.046	-36545.957	160904.61	5991.367586135864
361	0.6666667	2.4944382	10.0	0.0	19.0	32.38827	100.0	0.0	100.0	100.0	541499	36103.344	7870.1685	59213.7	8837.401	-36262.16	172656.7	6006.882719993591
362	12.666667	19.821423	60.0	0.0	9.0	27.0	90.0	0.0	100.0	100.0	542999	35813.23	7768.8496	58953.746	8813.617	-35965.2	99750.07	6022.633236169815
363	0.0	0.0	0.0	0.0	6.0	10.198039	30.0	0.0	100.0	100.0	544499	35481.734	7714.035	57767.88	7827.9067	-35629.87	162371.78	6038.309762954712
364	21.875	38.27838	100.0	0.0	23.0	41.96427	120.0	0.0	93.875	100.0	545999	35218.406	7650.518	56500.16	14616.205	-35369.793	98616.555	6054.075239181519
365	22.666666	42.656246	140.0	0.0	33.0	83.19255	280.0	0.0	100.0	100.0	547499	34925.633	7578.627	55295.19	6445.6797	-35074.996	157325.62	6070.214710950851
366	7.3333335	20.805983	80.0	0.0	22.0	37.094475	100.0	0.0	100.0	90.2	548999	34578.36	7477.684	54350.02	4799.3955	-34716.613	170074.25	6085.808948278427
367	13.333333	29.135695	90.0	0.0	7.0	17.916473	60.0	0.0	100.0	100.0	550499	34252.754	7377.6367	53090.664	6448.6514	-34394.902	173606.0	6101.408723115921
368	6.6666665	24.944384	100.0	0.0	7.0	21.0	70.0	0.0	100.0	100.0	551999	33925.113	7258.801	52008.332	6852.324	-34072.938	86975.86	6117.026645898819
369	17.333334	31.510138	100.0	0.0	2.0	6.0	20.0	0.0	100.0	100.0	553499	33658.633	7151.9565	51175.527	9222.456	-33798.758	119750.75	6132.514206171036
370	5.3333335	19.955505	80.0	0.0	4.0	8.0	20.0	0.0	100.0	100.0	554999	33267.434	7053.226	50209.562	4299.046	-33399.535	131693.42	6148.130013227463
371	4.6666665	10.873005	40.0	0.0	2.0	6.0	20.0	0.0	100.0	100.0	556499	32906.6	6930.957	49390.715	7305.5522	-33033.188	143029.72	6163.6206431388855
372	19.333334	32.754982	110.0	0.0	9.0	27.0	90.0	0.0	100.0	100.0	557999	32596.04	6771.0044	48105.242	7547.1113	-32722.225	112436.68	6179.086612939835
373	5.3333335	13.097922	50.0	0.0	8.0	24.0	80.0	0.0	100.0	100.0	559499	32191.771	6631.7344	47129.484	7023.4277	-32313.861	97718.28	6195.104450941086
374	31.333334	44.100895	140.0	0.0	0.0	0.0	0.0	0.0	100.0	100.0	560999	31825.262	6480.7363	46566.86	5653.666	-31944.06	101663.71	6210.688042879105
375	6.0	22.449944	90.0	0.0	9.0	27.0	90.0	0.0	100.0	100.0	562499	31418.111	6350.083	45486.29	5936.1665	-31527.414	98362.945	6226.292340993881
376	3.3333333	12.472192	50.0	0.0	1.0	3.0	10.0	0.0	100.0	100.0	563999	31024.469	6192.6123	45047.45	7151.9697	-31130.6	95069.92	6241.805290937424
377	12.0	28.798147	90.0	0.0	16.0	35.552776	120.0	0.0	100.0	100.0	565499	30615.08	6018.9023	44400.156	4500.3877	-30718.986	65589.58	6257.952676057816
378	2.0	5.4160256	20.0	0.0	17.0	34.655445	100.0	0.0	100.0	100.0	566999	30231.934	5831.3047	43732.19	6186.6436	-30330.328	61013.266	6273.664229154587
379	18.666666	30.739046	80.0	0.0	16.0	32.31099	90.0	0.0	100.0	100.0	568499	29781.121	5626.2354	45391.793	4277.0	-29880.387	80381.766	6289.451797008514
380	9.333333	22.647053	80.0	0.0	12.0	29.93326	100.0	0.0	100.0	100.0	569999	29412.242	5408.817	54202.746	3582.0154	-29506.86	85111.695	6305.23259806633
381	10.0	21.602468	80.0	0.0	8.0	20.880613	70.0	0.0	100.0	100.0	571499	29025.44	5233.3867	44876.67	4684.233	-29116.385	58296.367	6320.88863992691
382	4.6666665	13.097923	50.0	0.0	24.0	40.04997	120.0	0.0	100.0	100.0	572999	28628.256	5034.392	40728.508	7772.7095	-28717.555	75720.04	6336.4262182712555
383	5.3333335	13.097922	50.0	0.0	10.0	30.0	100.0	0.0	100.0	100.0	574499	28218.746	4847.631	40201.137	3366.434	-28302.678	75139.84	6352.222259283066
384	12.0	20.066555	70.0	0.0	16.0	32.619015	110.0	0.0	100.0	100.0	575999	27812.912	4652.4766	39173.25	2401.5898	-27896.111	56168.938	6367.950593948364
385	21.333334	28.720879	80.0	0.0	10.0	16.124516	40.0	0.0	100.0	100.0	577499	27421.56	4452.9536	38164.53	2762.1162	-27498.277	69932.32	6383.966331005096
386	18.666666	29.634815	80.0	0.0	27.0	33.18132	80.0	0.0	100.0	100.0	578999	27015.549	4275.4106	37299.527	5786.103	-27092.78	43389.72	6399.775059223175
387	16.0	30.940804	100.0	0.0	15.0	32.01562	100.0	0.0	100.0	100.0	580499	26639.22	4104.266	36527.234	7166.634	-26713.658	58207.75	6415.6294729709625
388	3.3333333	7.8881054	30.0	0.0	0.0	0.0	0.0	0.0	100.0	100.0	581999	26259.023	3953.6753	36378.707	6805.945	-26334.35	40766.98	6431.507256031036
389	11.333333	23.055487	80.0	0.0	23.0	35.79106	90.0	0.0	100.0	100.0	583499	25872.09	3810.7695	35603.418	3785.9565	-25944.006	60481.5	6446.969582080841
390	25.333334	32.01388	90.0	0.0	9.0	27.0	90.0	0.0	100.0	100.0	584999	25527.924	3692.6514	36163.555	2286.7212	-25600.24	28231.643	6462.761471271515
391	1.3333334	4.9888763	20.0	0.0	24.0	31.685959	90.0	0.0	100.0	100.0	586499	25188.684	3616.5654	39599.15	2488.797	-25255.645	56242.69	6478.262256145477
392	26.666666	36.45393	120.0	0.0	15.0	22.912878	70.0	0.0	100.0	100.0	587999	24824.45	3539.862	38273.914	2498.2683	-24891.723	50041.49	6493.966758012772
393	12.0	23.43786	90.0	0.0	6.0	12.806249	40.0	0.0	100.0	90.6	589499	24507.672	3477.6663	39312.867	10661.56	-24572.291	31734.688	6509.437897205353
394	11.875	33.951942	140.0	0.0	10.0	18.973665	60.0	0.0	97.0	98.1	590999	24163.504	3422.0774	37813.633	2877.8938	-24220.459	42894.61	6525.041353940964
395	6.6666665	11.352924	30.0	0.0	12.0	26.758177	90.0	0.0	100.0	100.0	592499	23814.219	3371.6736	40741.477	6844.545	-23870.555	28352.629	6540.6710550785065
396	8.0	12.2202015	40.0	0.0	13.0	16.763054	50.0	0.0	100.0	100.0	593999	23484.56	3335.2935	42386.992	6658.324	-23538.459	30879.707	6556.575350999832
397	9.333333	12.89272	40.0	0.0	3.0	6.4031243	20.0	0.0	100.0	100.0	595499	23146.365	3341.3123	40982.684	2209.3408	-23200.932	52428.953	6572.005321979523
398	6.6666665	10.110501	30.0	0.0	12.0	23.579653	80.0	0.0	100.0	100.0	596999	22830.695	3340.7932	41478.5	3077.114	-22885.771	42343.51	6588.064034938812
399	7.3333335	11.234867	30.0	0.0	30.0	44.94441	140.0	0.0	100.0	100.0	598499	22584.861	3400.9973	43127.137	8811.647	-22640.182	37959.4	6604.697098970413
400	5.3333335	7.1802197	20.0	0.0	14.0	26.907248	90.0	0.0	100.0	100.0	599999	22327.281	3512.1155	44579.38	7599.1357	-22383.936	30821.02	6620.413509130478
401	0.0	0.0	0.0	0.0	22.0	28.213472	90.0	0.0	100.0	100.0	601499	22109.797	3604.849	42512.184	3647.6316	-22169.62	37336.58	6636.160057067871
402	10.0	21.908903	70.0	0.0	16.0	33.526108	110.0	0.0	100.0	90.1	602999	21956.482	3706.3044	46181.242	5880.1826	-22024.727	39618.145	6651.628608942032
403	1.3333334	4.988876	20.0	0.0	3.0	9.0	30.0	0.0	100.0	100.0	604499	21855.64	3819.9424	45646.734	4526.72	-21926.395	38783.113	6667.564591169357
404	9.375	21.641613	80.0	0.0	18.0	31.559467	100.0	0.0	93.9375	100.0	605999	21719.297	3892.2224	46573.305	5171.786	-21788.488	38744.18	6684.327954053879
405	16.875	29.308435	90.0	0.0	8.0	14.0	40.0	0.0	94.125	90.6	607499	21626.477	3984.2883	47184.863	5085.896	-21707.793	51495.188	6701.8895490169525
406	11.25	22.878756	90.0	0.0	7.0	10.049875	30.0	0.0	91.625	91.7	608999	21684.836	3983.3867	49283.08	6615.2534	-21789.188	35618.24	6721.099790096283
407	12.941176	21.899424	90.0	0.0	5.0	6.708204	20.0	0.0	90.47059	100.0	610499	21795.684	3946.5146	46564.32	5090.907	-21901.076	41490.137	6742.118288040161
408	8.235294	10.423556	40.0	0.0	9.0	9.433981	20.0	0.0	88.05882	74.7	611999	22003.805	3977.1858	50282.938	4039.3232	-22127.877	39069.098	6762.11456990242
409	6.6666665	8.819171	30.0	0.0	7.0	9.0	20.0	0.0	80.333336	77.8	613499	22375.35	4020.8323	48654.63	7356.3433	-22522.094	55122.18	6782.190680980682
410	5.2380953	7.9396815	20.0	0.0	10.0	11.83216	40.0	0.0	72.2381	90.6	614999	22828.45	4001.039	48437.53	4011.7947	-22983.41	68646.09	6803.641140937805
411	9.444445	7.7975936	20.0	0.0	6.0	9.165152	30.0	0.0	84.72222	73.0	616499	23314.525	4051.5059	50065.26	6273.6533	-23462.861	95187.67	6823.929115056992
412	8.125	8.8167095	30.0	0.0	10.0	10.0	30.0	0.0	94.3125	93.9	617999	23637.557	4176.8193	52490.05	5435.5854	-23772.984	77379.49	6845.260917901993
413	6.875	8.4548435	30.0	0.0	4.0	6.6332498	20.0	0.0	93.875	91.9	619499	23929.082	4317.823	51802.918	4357.474	-24063.06	63687.457	6866.199215173721
414	12.0	8.326664	30.0	0.0	11.0	10.440307	30.0	0.0	100.0	100.0	620999	24162.86	4439.1074	52774.72	3601.1716	-24296.326	72997.195	6888.052136182785
415	3.75	4.841229	10.0	0.0	9.0	8.306623	20.0	0.0	94.125	90.7	622499	24477.457	4527.4985	52632.242	4271.4185	-24622.229	79408.984	6909.247287034988
416	14.666667	13.597384	50.0	0.0	9.0	8.306623	20.0	0.0	100.0	90.4	623999	24888.74	4537.522	52065.742	5161.1543	-25049.238	71500.25	6930.725798130035
417	11.333333	12.036981	40.0	0.0	10.0	12.649111	40.0	0.0	95.0	100.0	625499	25375.426	4485.877	52211.574	8723.974	-25540.467	64099.137	6951.845201015472
418	5.3333335	8.055364	20.0	0.0	18.0	10.770329	40.0	0.0	100.0	100.0	626999	25828.717	4451.9497	54364.65	6440.0576	-25993.402	86258.23	6973.4247760772705
419	7.3333335	5.734884	20.0	0.0	17.0	12.688578	40.0	0.0	100.0	100.0	628499	26260.408	4505.726	53332.01	5257.562	-26414.438	74923.78	6994.958132266998
420	10.666667	9.285592	30.0	0.0	10.0	7.745967	20.0	0.0	100.0	100.0	629999	26643.795	4575.9756	56017.13	4014.342	-26795.523	67701.305	7016.5447862148285
421	16.666666	11.925696	40.0	0.0	9.0	7.0	20.0	0.0	100.0	100.0	631499	26969.115	4620.4985	56640.67	5515.747	-27119.533	68265.99	7038.523470163345
422	7.3333335	7.717224	20.0	0.0	9.0	12.206555	40.0	0.0	100.0	90.1	632999	27310.48	4684.317	58251.97	6753.85	-27464.746	73155.46	7059.468864917755
423	8.666667	8.055364	30.0	0.0	11.0	17.578396	60.0	0.0	100.0	91.1	634499	27650.389	4696.1265	55428.88	7794.338	-27809.12	69496.05	7080.35457110405
424	8.666667	10.873004	40.0	0.0	14.0	9.165152	30.0	0.0	100.0	100.0	635999	28055.012	4720.607	56256.914	8868.97	-28220.545	80978.22	7102.476021051407
425	8.666667	10.241528	30.0	0.0	6.0	6.6332498	20.0	0.0	100.0	100.0	637499	28413.527	4664.4937	57073.98	6289.622	-28584.732	74017.055	7123.961990118027
426	11.333333	9.568467	30.0	0.0	13.0	7.81025	20.0	0.0	100.0	100.0	638999	28850.346	4682.957	57052.438	4346.9336	-29017.36	88318.664	7145.623056173325
427	12.0	6.531973	20.0	0.0	9.0	9.433981	30.0	0.0	100.0	100.0	640499	29216.14	4692.4404	58199.78	7280.9497	-29380.977	72412.25	7167.4148070812225
428	8.0	7.483315	20.0	0.0	7.0	7.81025	20.0	0.0	100.0	100.0	641999	29518.97	4627.796	60437.645	6572.358	-29678.875	84391.125	7189.245053052902
429	12.5	10.307764	40.0	0.0	12.0	11.661903	30.0	0.0	94.0	90.1	643499	29791.734	4708.0664	60723.24	9768.054	-29943.436	58218.64	7210.757781982422
430	12.0	12.2202015	40.0	0.0	14.0	10.198039	30.0	0.0	100.0	100.0	644999	30073.64	4848.8203	64390.562	13212.312	-30230.197	60975.75	7232.817718029022
431	13.75	11.110243	40.0	0.0	17.0	11.874342	30.0	0.0	94.125	100.0	646499	30334.492	4896.9165	66694.68	10677.991	-30493.771	79146.125	7254.698797941208
432	7.3333335	8.537499	30.0	0.0	8.0	6.0	20.0	0.0	100.0	100.0	647999	30651.705	5025.929	64437.117	12378.442	-30815.2	82980.02	7276.753764152527
433	9.333333	8.537499	30.0	0.0	10.0	7.745967	30.0	0.0	100.0	100.0	649499	30955.861	5105.408	65551.08	4565.944	-31122.73	79862.484	7298.372632026672
434	8.666667	7.1802197	20.0	0.0	7.0	7.81025	20.0	0.0	100.0	100.0	650999	31268.488	5188.227	68771.07	10694.521	-31443.994	76287.336	7319.9462032318115
435	7.3333335	10.624919	30.0	0.0	9.0	7.0	20.0	0.0	100.0	100.0	652499	31725.14	5397.7124	70388.85	9408.26	-31907.832	62652.652	7341.61395907402
436	13.333333	11.352924	40.0	0.0	11.0	11.357817	30.0	0.0	100.0	100.0	653999	32159.47	5496.174	70347.93	14937.25	-32345.484	73622.21	7363.208212852478
437	14.0	12.0	40.0	0.0	9.0	9.433981	30.0	0.0	100.0	100.0	655499	32592.436	5574.989	72660.13	7923.9233	-32782.496	94343.3	7384.51043510437
438	5.3333335	4.9888763	10.0	0.0	9.0	11.357817	40.0	0.0	100.0	100.0	656999	33073.465	5768.8354	74401.06	12262.699	-33263.08	91683.77	7406.562651157379
439	8.75	8.569569	30.0	0.0	9.0	8.306623	20.0	0.0	94.0625	90.1	658499	33501.957	5859.331	75522.055	10493.634	-33689.43	93220.2	7427.993853092194
440	11.333333	8.844334	30.0	0.0	9.0	9.433981	30.0	0.0	100.0	100.0	659999	33953.25	6017.4985	76043.016	5230.986	-34148.36	74714.55	7450.373290300369
441	10.0	11.547005	40.0	0.0	15.0	12.0415945	40.0	0.0	100.0	100.0	661499	34480.5	6178.384	73726.98	10756.892	-34683.836	92052.31	7472.054167985916
442	5.625	7.043392	20.0	0.0	15.0	12.0415945	40.0	0.0	93.875	90.8	662999	34986.047	6333.3955	77341.266	11650.359	-35187.55	81761.07	7493.418092012405
443	11.764706	10.423556	40.0	0.0	7.0	7.81025	20.0	0.0	88.70588	100.0	664499	35511.484	6473.948	80911.55	16160.072	-35721.207	122652.95	7515.069128274918
444	14.0	12.543259	40.0	0.0	11.0	11.357817	30.0	0.0	100.0	100.0	665999	36082.91	6676.542	76931.42	11026.579	-36296.453	91290.22	7536.985968112946
445	10.0	12.110601	40.0	0.0	10.0	7.745967	20.0	0.0	100.0	91.2	667499	36721.945	6881.534	79706.23	11967.633	-36946.434	142515.03	7558.205003976822
446	11.333333	10.873004	40.0	0.0	8.0	6.0	20.0	0.0	100.0	100.0	668999	37320.31	6945.6943	85338.79	10406.356	-37546.23	121136.984	7579.906597137451
447	12.0	9.797959	30.0	0.0	12.0	11.661903	40.0	0.0	100.0	100.0	670499	37990.04	7161.4443	81292.76	14305.743	-38219.066	131207.11	7601.542210102081
448	6.6666665	6.992059	20.0	0.0	14.0	11.135529	40.0	0.0	100.0	100.0	671999	38693.645	7335.9375	84781.29	13039.327	-38928.27	131937.36	7623.2235271930695
449	10.666667	11.234866	30.0	0.0	12.0	11.661903	40.0	0.0	100.0	100.0	673499	39346.95	7492.5757	88475.82	15810.089	-39579.543	146624.42	7644.925297021866
450	7.3333335	7.7172236	20.0	0.0	18.0	14.0	40.0	0.0	100.0	100.0	674999	40001.875	7655.831	87149.31	13309.813	-40240.656	173352.45	7666.879612207413
451	11.333333	13.597385	50.0	0.0	11.0	13.747727	40.0	0.0	100.0	90.1	676499	40701.92	7846.662	92129.41	18172.623	-40941.875	114514.43	7687.85743522644
452	6.6666665	4.7140455	10.0	0.0	9.0	10.440307	30.0	0.0	100.0	100.0	677999	41405.066	8076.0005	90051.43	12367.146	-41648.28	156663.2	7709.725608110428
453	11.333333	7.1802197	20.0	0.0	5.0	5.0	10.0	0.0	100.0	100.0	679499	42130.22	8231.209	89858.125	12131.512	-42382.316	147031.55	7731.348915100098
454	14.666667	12.036981	30.0	0.0	7.0	6.4031243	20.0	0.0	100.0	100.0	680999	42948.906	8488.284	94967.5	13955.099	-43203.742	149041.28	7753.088171005249
455	10.0	8.164966	30.0	0.0	10.0	8.944272	20.0	0.0	100.0	100.0	682499	43693.82	8618.967	97593.71	17169.16	-43952.34	177149.06	7774.863456964493
456	6.6666665	8.69227	30.0	0.0	6.0	4.8989797	10.0	0.0	100.0	100.0	683999	44447.44	8843.004	94906.664	13619.039	-44703.285	190551.83	7796.674387216568
457	10.666667	10.624919	40.0	0.0	6.0	6.6332498	20.0	0.0	100.0	100.0	685499	45197.918	9050.549	98076.35	10111.113	-45457.312	173304.84	7818.988008260727
458	6.0	9.521904	30.0	0.0	10.0	7.745967	20.0	0.0	100.0	100.0	686999	45959.984	9250.375	103289.0	16487.62	-46221.11	149869.33	7840.554404020309
459	12.666667	9.977753	30.0	0.0	9.0	8.306623	20.0	0.0	100.0	100.0	688499	46687.3	9468.542	101181.77	11003.635	-46947.434	158681.0	7862.127329111099
460	11.333333	10.2415285	30.0	0.0	10.0	11.83216	30.0	0.0	100.0	100.0	689999	47444.5	9703.093	102973.375	15823.827	-47712.895	193751.3	7884.288998126984
461	9.333333	6.7986927	20.0	0.0	10.0	10.954452	30.0	0.0	100.0	100.0	691499	48265.5	9931.171	106839.82	20058.604	-48546.54	166615.25	7905.6512660980225
462	10.0	12.649111	50.0	0.0	15.0	13.601471	50.0	0.0	100.0	100.0	692999	49168.027	10081.3955	108183.49	13007.106	-49466.77	224578.97	7927.135071277618
463	9.333333	7.7172246	30.0	0.0	11.0	7.0	20.0	0.0	100.0	100.0	694499	50090.05	10190.882	108682.42	17174.7	-50383.938	180712.83	7948.603766918182
464	8.0	6.531973	20.0	0.0	18.0	13.2664995	40.0	0.0	100.0	100.0	695999	51088.086	10533.92	110670.65	16283.501	-51383.844	244071.42	7969.9794921875
465	14.666667	12.578641	40.0	0.0	7.0	6.4031243	20.0	0.0	100.0	90.8	697499	52002.84	10750.09	115113.02	14860.252	-52298.207	216630.2	7991.466121196747
466	10.0	10.327955	30.0	0.0	5.0	5.0	10.0	0.0	100.0	100.0	698999	52912.242	10942.396	111241.73	13989.392	-53218.41	308577.1	8014.016820192337
467	8.0	9.092121	30.0	0.0	7.0	10.049875	30.0	0.0	100.0	100.0	700499	53869.207	11020.746	116816.44	23836.37	-54188.906	226675.28	8036.053836107254
468	14.0	13.063946	40.0	0.0	16.0	12.806249	40.0	0.0	100.0	100.0	701999	54964.918	11321.83	117703.375	16334.734	-55283.543	193410.14	8058.376137971878
469	9.333333	6.7986927	20.0	0.0	9.0	8.306623	20.0	0.0	100.0	100.0	703499	55979.555	11498.181	118498.49	25063.771	-56296.863	229549.1	8080.541728973389
470	12.666667	11.234866	40.0	0.0	15.0	6.708204	20.0	0.0	100.0	100.0	704999	56994.332	11805.751	121129.98	26267.83	-57313.855	219107.5	8103.351389169693
471	10.666667	8.537498	20.0	0.0	4.0	6.6332498	20.0	0.0	100.0	100.0	706499	57994.62	12142.036	126611.055	28766.031	-58305.34	229318.64	8126.012804985046
472	10.666667	6.7986927	20.0	0.0	15.0	12.845233	40.0	0.0	100.0	100.0	707999	58880.664	12405.959	123739.695	24056.193	-59183.69	250830.89	8148.013329029083
473	12.666667	8.537498	30.0	0.0	8.0	9.797959	30.0	0.0	100.0	100.0	709499	59724.457	12742.81	129918.78	21817.82	-60038.793	372366.72	8170.088081121445
474	14.666667	11.469768	40.0	0.0	11.0	11.357817	30.0	0.0	100.0	100.0	710999	60714.332	13149.31	134109.66	16796.406	-61032.457	306868.8	8193.06421303749
475	11.333333	9.568467	30.0	0.0	12.0	9.797959	30.0	0.0	100.0	100.0	712499	61698.355	13536.638	134758.8	23830.477	-62018.83	307569.5	8215.038932085037
476	10.666667	6.7986927	20.0	0.0	6.0	4.8989797	10.0	0.0	100.0	100.0	713999	62627.71	13765.966	137390.95	17727.791	-62965.96	309818.47	8237.436970949173
477	10.0	11.547005	30.0	0.0	10.0	17.320509	60.0	0.0	100.0	100.0	715499	63887.594	14223.643	136123.84	18591.22	-64243.367	283413.84	8259.949026107788
478	10.0	7.3029675	20.0	0.0	12.0	9.797959	30.0	0.0	100.0	100.0	716999	65125.613	14495.566	141674.89	15795.05	-65488.523	406866.12	8282.015151023865
479	8.666667	8.055365	20.0	0.0	10.0	8.944272	20.0	0.0	100.0	100.0	718499	66312.516	14722.151	144865.25	29089.465	-66682.44	330993.75	8304.46544623375
480	8.0	9.797959	30.0	0.0	6.0	6.6332498	20.0	0.0	100.0	100.0	719999	67633.5	14993.62	144694.7	18028.98	-68015.06	330386.2	8326.688575983047
481	10.0	8.944272	30.0	0.0	10.0	10.0	30.0	0.0	100.0	100.0	721499	69040.31	15331.79	147891.56	27704.955	-69423.82	305449.3	8349.247012138367
482	14.0	13.56466	50.0	0.0	10.0	7.745967	20.0	0.0	100.0	100.0	722999	70418.96	15716.256	147011.34	25755.762	-70803.44	333029.84	8371.551373958588
483	13.333333	11.925695	50.0	0.0	12.0	12.489996	40.0	0.0	100.0	100.0	724499	71779.67	16057.492	152056.77	19134.738	-72173.95	531734.5	8393.961255073547
484	12.666667	9.285592	30.0	0.0	7.0	7.81025	20.0	0.0	100.0	100.0	725999	73182.92	16272.02	158234.33	23685.434	-73586.03	395811.4	8416.888919115067
485	12.0	12.2202015	40.0	0.0	8.0	6.0	20.0	0.0	100.0	100.0	727499	74667.48	16699.371	160896.5	37770.84	-75054.44	331736.94	8438.850256204605
486	17.333334	18.785337	80.0	0.0	13.0	11.874342	40.0	0.0	100.0	100.0	728999	75921.445	17103.49	160726.22	24947.805	-76305.65	491403.25	8461.482938051224
487	8.666667	4.9888763	20.0	0.0	12.0	10.770329	30.0	0.0	100.0	100.0	730499	77227.7	17524.193	165497.19	30857.143	-77619.555	369826.8	8483.859716176987
488	8.666667	8.844333	30.0	0.0	6.0	6.6332498	20.0	0.0	100.0	100.0	731999	78652.92	18045.797	170913.62	34743.555	-79057.266	473202.7	8506.162491083145
489	11.333333	12.578642	40.0	0.0	11.0	7.0	20.0	0.0	100.0	100.0	733499	80166.266	18472.697	173899.16	36168.957	-80599.82	491196.84	8528.881306171417
490	14.666667	7.1802197	30.0	0.0	7.0	6.4031243	20.0	0.0	100.0	100.0	734999	81903.72	18784.6	175767.1	38203.848	-82364.58	422400.94	8551.154928207397
491	12.666667	9.977753	40.0	0.0	12.0	11.661903	30.0	0.0	100.0	100.0	736499	83576.07	19058.047	174262.11	27363.602	-84006.04	529074.4	8573.78767991066
492	7.3333335	8.537499	20.0	0.0	10.0	6.3245554	20.0	0.0	100.0	100.0	737999	85002.984	19544.447	177491.75	28160.73	-85427.59	490686.9	8595.577287197113
493	14.0	8.0	30.0	0.0	11.0	9.433981	20.0	0.0	100.0	91.0	739499	86534.08	19947.932	181252.31	33305.973	-86970.945	605922.5	8616.990297079086
494	6.6666665	7.8881063	20.0	0.0	10.0	10.0	30.0	0.0	100.0	100.0	740999	88171.74	20456.947	189902.14	37032.496	-88621.81	447338.47	8638.576767921448
495	14.666667	8.055365	30.0	0.0	3.0	4.582576	10.0	0.0	100.0	100.0	742499	89783.57	20818.762	201027.11	36788.32	-90241.84	652272.5	8660.646780252457
496	13.333333	13.498971	50.0	0.0	10.0	10.0	30.0	0.0	100.0	100.0	743999	91577.52	21421.43	198930.45	30151.582	-92041.02	572328.9	8682.544308900833
497	10.0	10.327955	30.0	0.0	12.0	12.489996	40.0	0.0	100.0	100.0	745499	93234.39	21885.928	202666.98	31806.393	-93695.414	569194.5	8704.460499286652
498	12.0	9.092121	30.0	0.0	7.0	7.81025	20.0	0.0	100.0	100.0	746999	95148.58	22563.22	215081.1	27388.553	-95639.555	669495.8	8726.286909103394
499	13.333333	8.692269	30.0	0.0	13.0	7.81025	20.0	0.0	100.0	92.1	748499	96986.805	23002.7	203238.7	31161.66	-97473.234	726556.5	8747.815447092056
500	6.6666665	7.8881063	20.0	0.0	13.0	9.0	30.0	0.0	100.0	100.0	749999	98775.26	23584.34	211397.45	35766.52	-99259.56	730670.2	8769.438230991364
