Epoch	AverageEpRet	StdEpRet	MaxEpRet	MinEpRet	AverageTestEpRet	StdTestEpRet	MaxTestEpRet	MinTestEpRet	EpLen	TestEpLen	TotalEnvInteracts	AverageQ1Vals	StdQ1Vals	MaxQ1Vals	MinQ1Vals	AverageQ2Vals	StdQ2Vals	MaxQ2Vals	MinQ2Vals	LossPi	LossQ	Time
1	-488.87393	8.245122	-468.85117	-499.5618	-472.50677	10.422241	-453.5798	-491.59763	100.0	100.0	1499	-5.918388	1.9069676	0.03511455	-9.457429	-5.972915	1.8133067	-0.11150101	-9.514237	5.638546	3.440503	268.26373076438904
2	-487.09927	8.824894	-468.50125	-508.69064	-478.13287	10.06162	-460.03253	-490.19318	100.0	100.0	2999	-14.4533415	3.7807634	-7.018864	-22.869461	-14.454057	3.7799544	-6.9942102	-23.027782	14.273451	0.11497455	506.7434170246124
3	-484.27158	10.479952	-465.61603	-498.5737	-461.24643	34.337185	-371.89282	-493.97104	100.0	100.0	4499	-27.388033	3.6598816	-18.475758	-36.60783	-27.388037	3.6603146	-18.381466	-36.547737	27.241922	0.13713492	873.5610270500183
4	-490.9882	7.3240843	-475.1151	-500.18546	-466.04532	22.424236	-433.22833	-495.46692	100.0	100.0	5999	-38.98485	3.2760189	-28.949963	-48.10941	-38.98488	3.2804167	-28.976988	-47.932575	38.8351	0.21001701	1287.4996678829193
5	-484.41522	9.839639	-464.49872	-501.48413	-457.69318	18.883549	-430.09372	-488.5308	100.0	100.0	7499	-48.778564	2.8408997	-38.836246	-57.166317	-48.778656	2.8470018	-38.58835	-57.02347	48.61693	0.2507422	1692.5936958789825
6	-491.08337	7.892714	-473.806	-503.44156	-431.25568	21.731651	-377.79843	-460.13046	100.0	100.0	8999	-56.91116	2.530638	-47.56437	-65.11025	-56.911068	2.537738	-47.22553	-64.998085	56.73483	0.29905587	2449.703003168106
7	-468.11572	36.66049	-354.7189	-500.90994	-442.01154	25.562273	-405.0903	-481.04935	100.0	100.0	10499	-63.679913	2.2423244	-54.986416	-71.37597	-63.679913	2.2527888	-54.464325	-72.06949	63.481552	0.3327519	3132.399603843689
8	-453.97998	13.768103	-424.08456	-474.80542	-410.22763	41.14265	-324.20114	-468.78607	100.0	100.0	11999	-68.980095	2.1774251	-60.97063	-76.91174	-68.98012	2.188598	-60.610764	-77.24007	68.775	0.354822	4386.146458148956
9	-443.725	30.260002	-352.94336	-489.2269	-436.05328	23.924406	-405.0609	-481.66013	100.0	100.0	13499	-73.21377	2.245464	-64.15399	-81.503006	-73.21346	2.258118	-64.23658	-81.59382	73.00193	0.38725057	5478.753530025482
10	-441.84232	30.33388	-361.99905	-472.59686	-427.88617	37.09101	-336.67612	-468.99466	100.0	100.0	14999	-76.62579	2.4059677	-67.09654	-85.09646	-76.62574	2.4198663	-66.96146	-84.91887	76.41504	0.4174827	6649.191195011139
11	-449.32745	15.782128	-405.29172	-473.08267	-440.1657	25.61663	-393.8977	-477.59857	100.0	100.0	16499	-79.359344	2.634202	-69.415344	-87.624825	-79.35931	2.6478236	-69.437805	-88.03912	79.13686	0.4606968	7815.502978086472
12	-436.73828	28.18669	-369.52078	-470.22742	-417.7753	26.776115	-374.91205	-450.22174	100.0	100.0	17999	-81.545395	2.8074653	-71.36564	-90.616135	-81.54525	2.820605	-71.50911	-90.40034	81.33517	0.49908325	8506.5623960495
13	-445.7142	19.246397	-407.40292	-480.8756	-420.42725	31.754557	-376.4789	-476.22354	100.0	100.0	19499	-83.27066	2.9948034	-72.90771	-92.39916	-83.27048	3.0063145	-72.75116	-92.97703	83.048706	0.5227243	9232.286979913712
14	-433.42303	22.322767	-406.2042	-487.94812	-411.74042	35.481464	-341.33743	-447.11005	100.0	100.0	20999	-84.668045	3.1541533	-74.162605	-94.149536	-84.66807	3.1647573	-74.11933	-94.80436	84.440094	0.55377907	10190.332309961319
15	-437.97653	19.740839	-397.33115	-471.3628	-402.55167	41.491085	-332.0716	-464.10223	100.0	100.0	22499	-85.78436	3.3061688	-75.19794	-96.468735	-85.78431	3.3176513	-75.08613	-96.11426	85.566826	0.58272785	11403.013235807419
16	-435.98407	25.184729	-390.46722	-475.35834	-405.02063	30.123236	-333.64352	-450.13705	100.0	100.0	23999	-86.70919	3.398678	-76.03197	-97.89378	-86.709015	3.4094799	-75.7974	-97.20909	86.479805	0.5932883	12435.315230846405
17	-418.8805	31.38516	-358.87836	-465.66776	-428.61176	28.045849	-385.53098	-483.0004	100.0	100.0	25499	-87.28284	3.5742955	-76.67181	-98.73145	-87.28267	3.5865388	-76.44031	-98.70136	87.05561	0.61497414	13258.352275848389
18	-430.46774	34.29383	-363.7499	-482.43573	-391.04047	51.417	-278.96475	-455.8795	100.0	100.0	26999	-87.77567	3.695672	-76.84284	-100.02336	-87.775604	3.7060192	-76.95827	-99.72717	87.561104	0.62475157	14014.460532903671
19	-429.01276	41.87983	-345.91858	-484.3925	-395.1747	54.251125	-293.0279	-476.8434	100.0	100.0	28499	-88.181046	3.834511	-76.90465	-100.481834	-88.18093	3.8462715	-76.83403	-100.9296	87.96396	0.65032893	14746.945518016815
20	-432.507	36.314568	-357.92703	-478.16284	-393.56647	41.831383	-318.18463	-458.24036	100.0	100.0	29999	-88.48819	3.9831586	-76.86802	-101.54606	-88.48811	3.9946833	-76.77314	-100.983	88.26172	0.6745441	15715.984118938446
21	-418.67566	29.24448	-351.80844	-455.50064	-400.39413	51.736393	-288.78683	-465.68942	100.0	100.0	31499	-88.69507	4.1047606	-76.76264	-102.23735	-88.69489	4.115803	-76.65095	-101.314995	88.473434	0.69387925	16255.20984697342
22	-434.78534	28.959251	-379.551	-472.11444	-416.2216	25.803074	-371.6898	-460.87854	100.0	100.0	32999	-88.86506	4.1802545	-76.491905	-102.29846	-88.86471	4.191514	-76.46423	-102.428444	88.63618	0.7159938	16954.290300130844
23	-427.3261	27.360771	-376.6726	-472.1963	-405.26056	41.351788	-326.95032	-471.71417	100.0	100.0	34499	-88.99085	4.2748923	-76.41478	-102.36535	-88.9909	4.2839365	-76.39202	-102.11483	88.75479	0.72720355	18349.540188789368
24	-410.50766	36.721046	-345.52777	-478.78656	-407.95465	35.494442	-326.69757	-459.68085	100.0	100.0	35999	-88.90774	4.371427	-76.37337	-103.49389	-88.90765	4.3813386	-76.30158	-102.68378	88.68102	0.7376392	19771.296690940857
25	-424.86337	33.42619	-336.50476	-479.65335	-404.92545	35.96576	-313.15833	-440.95197	100.0	100.0	37499	-88.89185	4.439081	-76.34555	-104.35665	-88.89186	4.4473505	-76.24638	-103.22624	88.664406	0.7633669	20794.921746969223
26	-421.7958	31.236202	-352.4639	-467.74115	-412.16837	17.735493	-379.7978	-438.74066	100.0	100.0	38999	-88.88852	4.510044	-76.33705	-104.7638	-88.88844	4.5203733	-76.159195	-103.64463	88.65494	0.76782167	22218.4843480587
27	-430.5462	30.339048	-359.84604	-469.09604	-413.97885	21.378674	-379.03177	-444.50854	100.0	100.0	40499	-88.79081	4.5850005	-76.227745	-104.75336	-88.79065	4.5974264	-75.9519	-104.11899	88.57065	0.78336215	23231.650393009186
28	-418.9984	34.404495	-360.39352	-476.79807	-401.58148	37.36286	-347.6598	-466.05368	100.0	100.0	41999	-88.71293	4.6761684	-76.29748	-104.99582	-88.712814	4.68726	-76.0469	-104.45667	88.47496	0.78158027	24087.98671889305
29	-411.09378	34.75456	-333.38403	-466.6008	-397.14453	43.24948	-304.70624	-455.1445	100.0	100.0	43499	-88.58748	4.7645574	-76.20587	-104.111046	-88.587204	4.7789893	-76.00872	-103.85613	88.370834	0.7861936	25497.138555049896
30	-417.0094	25.511961	-370.11862	-465.1292	-399.52515	59.93299	-267.5197	-457.1714	100.0	100.0	44999	-88.463615	4.8335085	-76.00869	-104.367775	-88.463524	4.8467026	-75.867195	-104.21276	88.227844	0.7846927	26272.104940891266
31	-423.57333	27.589567	-364.67172	-466.3755	-407.64093	29.485788	-361.99124	-452.85333	100.0	100.0	46499	-88.31733	4.8797474	-75.6723	-105.14523	-88.317055	4.8926306	-75.738014	-104.59497	88.068	0.7804956	27093.34691095352
32	-421.03445	39.56517	-328.40866	-481.56744	-412.25244	37.460846	-352.88818	-470.80746	100.0	100.0	47999	-88.24007	4.9732275	-75.664154	-105.393585	-88.23967	4.98719	-75.21858	-104.539276	88.0341	0.7925451	28072.503357887268
33	-411.34372	29.645088	-370.61807	-461.01465	-394.6765	41.20158	-328.73123	-476.74713	100.0	100.0	49499	-88.05916	5.049896	-75.676575	-105.477455	-88.05891	5.064247	-75.20185	-106.23648	87.8378	0.8001538	29101.88484597206
34	-420.0682	32.16784	-359.82712	-472.90582	-400.57532	26.90684	-357.61566	-434.50446	100.0	100.0	50999	-87.86743	5.098859	-75.42364	-105.506714	-87.86709	5.115662	-75.09263	-106.8637	87.631355	0.7969205	30557.42394375801
35	-432.32364	27.946453	-367.35947	-468.866	-405.28012	38.7192	-320.91147	-445.9744	100.0	100.0	52499	-87.714935	5.158092	-75.384254	-105.328476	-87.71452	5.175297	-74.97307	-106.0709	87.50323	0.7960181	31336.019377946854
36	-413.61374	42.782234	-352.09735	-476.46976	-397.35666	49.39928	-311.5055	-485.6414	100.0	100.0	53999	-87.55777	5.2228723	-75.31634	-105.782745	-87.55751	5.2391047	-74.76877	-106.30531	87.340805	0.8050098	32281.984961032867
37	-417.1875	28.587097	-365.72574	-466.97574	-398.2433	48.235016	-299.42148	-464.0856	100.0	100.0	55499	-87.40358	5.2610083	-75.04896	-105.63834	-87.40329	5.2784257	-74.56593	-105.91641	87.176796	0.81477326	33705.83208107948
38	-406.75674	46.77391	-295.23236	-480.18195	-413.94263	38.54183	-326.74976	-464.55545	100.0	100.0	56999	-87.307335	5.3156514	-75.002846	-104.68801	-87.30672	5.3328166	-74.44535	-104.518745	87.10423	0.8257604	34495.70146203041
39	-424.23862	36.216564	-350.86343	-488.72858	-393.88593	43.298244	-334.2372	-475.99002	100.0	100.0	58499	-87.16265	5.3772573	-74.66583	-105.868355	-87.16252	5.393103	-74.20308	-106.52007	86.9337	0.8254132	35871.40544295311
40	-411.4998	40.557632	-346.89032	-471.4401	-415.70343	40.88189	-354.4671	-466.75488	100.0	100.0	59999	-87.0581	5.4383903	-74.23817	-105.788475	-87.057625	5.455155	-74.08767	-106.43233	86.85871	0.84448534	37293.80670404434
41	-421.49414	45.59863	-295.76685	-472.7829	-444.43744	25.122421	-386.46503	-473.36057	100.0	100.0	61499	-86.92159	5.4720273	-73.8272	-107.09415	-86.9212	5.4875007	-73.84142	-107.060875	86.71253	0.85254735	37766.018604040146
42	-413.5717	39.82272	-342.76498	-477.12946	-399.36066	27.900438	-348.17178	-443.66672	100.0	100.0	62999	-86.7286	5.518609	-73.46625	-106.34124	-86.72819	5.534716	-73.48622	-106.85683	86.52392	0.8512289	39046.12027478218
43	-425.64496	26.910313	-360.34683	-462.58755	-379.2077	56.10123	-285.99252	-445.62173	100.0	100.0	64499	-86.61717	5.545132	-73.25372	-107.01018	-86.61687	5.5605054	-73.24534	-106.46114	86.384476	0.8509325	40171.303153038025
44	-409.76663	39.330856	-317.79346	-472.6746	-396.24368	49.48611	-330.79712	-458.45428	100.0	100.0	65999	-86.47277	5.571053	-72.92036	-106.24333	-86.47261	5.586545	-72.935905	-106.036064	86.26716	0.8473647	41292.291484832764
45	-409.72885	45.073986	-275.04785	-467.6238	-411.6648	32.29876	-378.39642	-473.66547	100.0	100.0	67499	-86.36385	5.6097207	-72.63733	-106.73304	-86.36359	5.623906	-72.50105	-106.947914	86.149765	0.8631068	42061.67953085899
46	-414.72397	24.469944	-365.52878	-450.68094	-387.09045	61.61107	-239.26036	-453.30933	100.0	100.0	68999	-86.21029	5.6426277	-72.73344	-106.43672	-86.21011	5.659169	-72.39469	-107.13287	85.99663	0.85723764	43287.64823102951
47	-392.40396	36.113422	-317.77896	-452.1045	-394.08463	73.88792	-289.50443	-494.33667	100.0	100.0	70499	-86.100876	5.69628	-72.548775	-106.701355	-86.10054	5.710826	-72.35776	-107.41982	85.887794	0.87095636	44242.12465977669
48	-404.69543	41.04066	-358.77774	-487.5588	-394.4707	34.464382	-342.12036	-438.59512	100.0	100.0	71999	-85.99511	5.732477	-72.41299	-106.94456	-85.994736	5.7476892	-72.29367	-107.46538	85.76566	0.8938365	44848.86560988426
49	-417.7375	30.969225	-346.9854	-467.68176	-402.84406	41.40384	-339.08078	-458.00827	100.0	100.0	73499	-85.89371	5.7542396	-72.3489	-107.12745	-85.893486	5.77018	-72.2503	-107.4265	85.66985	0.88349366	45864.34548711777
50	-420.50885	23.66895	-379.067	-463.00513	-411.22382	48.256317	-329.98575	-471.1394	100.0	100.0	74999	-85.76658	5.759859	-72.17476	-107.48763	-85.76637	5.77573	-71.926605	-106.751335	85.60464	0.8900842	46540.52801799774
51	-408.13684	45.424187	-311.11258	-484.21133	-403.54193	51.85593	-286.91147	-458.74905	100.0	100.0	76499	-85.632645	5.77996	-72.285835	-107.233505	-85.63244	5.796898	-72.15548	-107.53865	85.40496	0.9021558	47524.855900764465
52	-409.87506	39.91127	-313.18198	-457.08102	-403.04477	39.0399	-309.14835	-457.8691	100.0	100.0	77999	-85.54814	5.7659516	-72.08666	-107.77134	-85.54774	5.7821937	-71.82957	-108.229294	85.323845	0.9000737	48187.54789400101
53	-413.83826	29.610542	-365.18973	-492.01715	-409.39252	39.34014	-333.6083	-481.83386	100.0	100.0	79499	-85.50033	5.799808	-72.083046	-108.76808	-85.50015	5.816178	-71.85855	-109.07533	85.32565	0.9123284	49023.892798900604
54	-416.1392	42.58408	-293.34354	-471.11252	-409.86816	32.264862	-358.3704	-460.64337	100.0	100.0	80999	-85.39523	5.8359065	-72.09517	-108.21744	-85.39489	5.852246	-71.65515	-109.0939	85.17652	0.91436917	49738.35202598572
55	-407.3241	36.236618	-340.0675	-450.5497	-410.56366	40.80047	-347.07205	-476.42813	100.0	100.0	82499	-85.32428	5.8491106	-71.88078	-107.76577	-85.32415	5.865452	-71.44337	-108.56492	85.10325	0.906643	50269.66411113739
56	-401.71106	30.089891	-338.2946	-448.576	-389.08847	45.71758	-325.44598	-485.314	100.0	100.0	83999	-85.266266	5.8345485	-71.59463	-107.96882	-85.26611	5.850787	-71.217735	-108.64149	85.04696	0.92400914	51162.93392086029
57	-413.87042	27.416168	-368.8033	-459.6949	-406.23624	26.165144	-363.35376	-451.93515	100.0	100.0	85499	-85.196556	5.818161	-71.838196	-107.67235	-85.19662	5.832549	-71.36357	-108.8696	84.960915	0.924841	52939.17801117897
58	-414.68927	47.83049	-317.836	-486.3601	-369.01794	37.077354	-306.8165	-405.20627	100.0	100.0	86999	-85.1385	5.8248477	-71.76981	-108.78143	-85.13846	5.840608	-71.510155	-109.58404	84.916794	0.9290214	54461.27565407753
59	-409.91272	45.433136	-318.62982	-465.6674	-376.6772	42.76952	-309.21762	-470.06158	100.0	100.0	88499	-85.087715	5.8251934	-71.72178	-108.51089	-85.08752	5.8405857	-71.43176	-109.58497	84.83925	0.93693626	55255.84328484535
60	-420.13608	41.63435	-351.74277	-490.11255	-375.2453	44.77541	-315.56403	-447.4934	100.0	100.0	89999	-85.04639	5.8541355	-71.78778	-108.51957	-85.04626	5.8703265	-71.11419	-109.54519	84.84605	0.92954224	56359.8552570343
61	-399.8706	32.807842	-310.99728	-465.4562	-415.16153	40.273975	-347.6617	-475.73865	100.0	100.0	91499	-84.98089	5.8878584	-71.6685	-108.44416	-84.980774	5.9032035	-71.121635	-107.42279	84.77274	0.9463131	56975.72426009178
62	-421.27634	42.98886	-343.55887	-474.9585	-381.157	61.902313	-243.42946	-448.8829	100.0	100.0	92999	-84.9617	5.929632	-71.56012	-109.744255	-84.96149	5.9443574	-71.05366	-109.99209	84.75638	0.9579163	58224.85220813751
63	-411.9735	37.788143	-355.93918	-477.30475	-381.67148	46.269135	-296.0739	-441.7078	100.0	100.0	94499	-84.89386	5.944499	-71.38288	-109.03011	-84.89372	5.9608555	-70.971924	-109.03322	84.678345	0.95759	59425.40071797371
64	-415.07883	36.092705	-344.1712	-471.3004	-379.83942	70.30131	-265.07886	-484.42892	100.0	100.0	95999	-84.86476	5.9659534	-71.16064	-109.45003	-84.86478	5.9813657	-70.927704	-108.82496	84.64168	0.9633823	60318.32782292366
65	-406.1696	38.559654	-332.6334	-478.6931	-380.3704	57.244446	-303.6156	-466.91324	100.0	100.0	97499	-84.7739	5.9865084	-71.283226	-109.58785	-84.773575	6.003786	-70.85162	-109.655525	84.559715	0.9713014	61685.10592699051
66	-421.0899	33.388	-345.363	-463.39148	-367.1436	28.608524	-316.46082	-408.35654	100.0	100.0	98999	-84.770164	6.010176	-71.13278	-109.348	-84.77016	6.02754	-70.67247	-110.126785	84.56831	0.985383	62573.38994598389
67	-406.4047	32.246742	-358.13873	-465.27515	-365.6866	37.205788	-304.96066	-428.7286	100.0	100.0	100499	-84.722176	6.0356097	-71.18548	-108.510956	-84.721695	6.052893	-70.69494	-107.996605	84.514915	0.9890309	64178.89791512489
68	-414.713	35.29744	-361.83954	-480.28467	-373.82828	45.781506	-302.8222	-447.93872	100.0	100.0	101999	-84.7085	6.0554185	-71.08045	-108.57045	-84.70849	6.0719337	-70.840965	-108.77611	84.49499	0.99080515	65170.155172109604
69	-415.121	43.778114	-332.37836	-489.93713	-372.70972	46.28884	-291.62906	-462.68164	100.0	100.0	103499	-84.63753	6.065851	-70.867355	-109.90712	-84.63723	6.081632	-70.653114	-109.24661	84.428375	0.9841865	66065.5144071579
70	-420.62222	32.81906	-374.9427	-475.34378	-378.4131	43.353416	-307.67554	-438.4159	100.0	100.0	104999	-84.61467	6.084421	-70.837204	-108.710945	-84.614624	6.10024	-70.49937	-107.94324	84.36245	0.99387735	67415.91059303284
71	-399.458	38.79478	-320.6278	-472.22778	-387.7126	81.05864	-214.1816	-483.16977	100.0	100.0	106499	-84.55377	6.0963616	-70.617424	-108.80442	-84.553955	6.109877	-70.605545	-107.42777	84.33143	0.99844694	68388.68523907661
72	-400.6168	40.97016	-311.992	-451.7465	-354.64734	50.31393	-274.36093	-422.45837	100.0	100.0	107999	-84.52625	6.114294	-70.668175	-108.87953	-84.526054	6.1285152	-70.49161	-107.21026	84.288605	1.0120132	69837.04499697685
73	-408.5127	30.711222	-340.30972	-459.48782	-371.7825	40.3513	-311.34763	-421.5738	100.0	100.0	109499	-84.49111	6.1361575	-70.85478	-109.029396	-84.49117	6.149867	-70.61643	-108.6129	84.2676	1.0134588	71300.58827805519
74	-432.2423	17.903206	-395.33093	-458.04062	-394.39072	48.919823	-298.9439	-457.70288	100.0	100.0	110999	-84.46447	6.131751	-70.97	-109.34742	-84.46456	6.144423	-70.494316	-108.707085	84.26422	1.0113901	72317.84178614616
75	-404.95804	52.010414	-284.84302	-467.30557	-393.54282	47.882698	-335.95013	-481.04184	100.0	100.0	112499	-84.45373	6.1644506	-70.69965	-109.12792	-84.45347	6.1776	-70.30441	-108.53558	84.26614	1.0203754	72884.94445300102
76	-405.99255	54.641853	-264.30646	-459.4786	-376.8653	46.412056	-297.6328	-431.80228	100.0	100.0	113999	-84.40168	6.136313	-70.90081	-109.35775	-84.40158	6.1512866	-70.76651	-108.568405	84.174904	1.032619	73863.51243376732
77	-402.9385	38.736412	-325.4325	-485.20062	-399.78427	34.50454	-342.04965	-452.04865	100.0	100.0	115499	-84.37379	6.1347256	-70.77385	-110.2198	-84.3737	6.1484814	-70.562584	-107.163345	84.15363	1.0253955	74965.48296284676
78	-409.3167	32.816437	-359.0706	-473.20938	-397.10245	52.497837	-299.4626	-481.4742	100.0	100.0	116999	-84.31509	6.156199	-70.778244	-109.80907	-84.314995	6.1705084	-70.39351	-107.75514	84.08355	1.0216693	76153.59206295013
79	-392.54276	44.17546	-330.84308	-473.52213	-385.41324	45.82457	-303.5134	-447.29407	100.0	100.0	118499	-84.31139	6.1817417	-70.64151	-109.10027	-84.31131	6.1958385	-70.46222	-108.46422	84.11357	1.0381317	77104.29651713371
80	-400.23743	39.38658	-341.02457	-460.93826	-375.7674	35.469822	-326.98434	-430.29245	100.0	100.0	119999	-84.256134	6.20573	-70.54149	-109.331856	-84.25589	6.2199	-70.25042	-108.54299	84.06612	1.0275205	78150.58396100998
81	-425.88177	43.02468	-304.5428	-475.71194	-399.74887	53.8356	-260.9414	-468.66486	100.0	100.0	121499	-84.25053	6.2392335	-70.43295	-109.60938	-84.25031	6.2532177	-70.28365	-108.85833	84.03122	1.0353118	79264.02669501305
82	-401.32297	37.82545	-330.07208	-447.685	-358.40308	67.9499	-271.42508	-479.758	100.0	100.0	122999	-84.268845	6.2570586	-70.552124	-109.51277	-84.26884	6.2713428	-70.574715	-108.59692	84.03699	1.0435054	80802.64448404312
83	-391.637	38.766987	-305.61127	-451.8819	-413.26807	36.172955	-332.7779	-461.62103	100.0	100.0	124499	-84.19003	6.24912	-70.58282	-109.9856	-84.18986	6.264488	-70.26003	-109.152054	83.969284	1.0410596	81778.1221318245
84	-422.6877	33.81944	-362.82492	-478.59918	-406.84305	55.792667	-274.66248	-493.6005	100.0	100.0	125999	-84.18826	6.271673	-70.42871	-110.169785	-84.18806	6.2871914	-70.30172	-108.98473	83.9677	1.0637498	82334.5481030941
85	-406.80652	30.911358	-340.0091	-448.181	-401.23172	21.660378	-353.78204	-434.96826	100.0	100.0	127499	-84.19337	6.3217206	-70.43436	-110.35853	-84.19299	6.3390803	-70.38514	-108.21864	83.98467	1.0522449	82860.51313495636
86	-406.50226	36.63111	-347.84616	-480.1513	-402.8331	45.427746	-329.41443	-481.3175	100.0	100.0	128999	-84.183426	6.319973	-70.332596	-110.03316	-84.1831	6.336197	-70.32043	-108.79245	83.987816	1.0502917	84148.45869994164
87	-422.1362	34.47134	-321.71127	-464.27463	-417.21606	31.407915	-367.31177	-473.52838	100.0	100.0	130499	-84.18844	6.31053	-70.25733	-109.886185	-84.188065	6.326708	-70.054886	-108.147606	83.993065	1.0631263	84751.63382005692
88	-418.06952	25.068333	-368.4447	-455.12512	-375.2121	54.07562	-294.28314	-468.51263	100.0	100.0	131999	-84.20782	6.3271084	-70.05892	-110.72598	-84.207535	6.3442388	-70.10706	-108.764885	84.0276	1.0712063	86091.2308909893
89	-421.78278	28.174791	-360.32938	-468.77548	-364.32465	27.670277	-316.7169	-407.0772	100.0	100.0	133499	-84.23266	6.3388615	-70.17573	-109.92999	-84.23229	6.3548627	-70.249306	-108.19936	84.0487	1.0564228	87426.59450483322
90	-424.26578	50.89892	-281.56943	-479.73648	-375.41376	42.95068	-311.38986	-445.75183	100.0	100.0	134999	-84.248726	6.3240533	-70.04975	-109.79843	-84.248695	6.341312	-70.15564	-109.09613	84.053024	1.0865153	88154.56835079193
91	-397.0886	40.559963	-301.2073	-452.59705	-382.48676	54.959755	-286.504	-455.39526	100.0	100.0	136499	-84.277275	6.3503356	-70.19826	-109.692345	-84.27697	6.36718	-70.22043	-108.00834	84.05247	1.0743288	88884.099452734
92	-403.93964	39.566517	-291.43045	-446.96915	-393.01233	34.903828	-339.7349	-465.4102	100.0	100.0	137999	-84.26735	6.3367662	-70.282555	-110.259	-84.26693	6.352952	-70.07712	-109.44232	84.061	1.09273	89804.94254207611
93	-418.34045	37.36295	-344.63394	-468.4459	-364.57864	37.57015	-311.09308	-441.92398	100.0	100.0	139499	-84.28776	6.346016	-70.21471	-110.61269	-84.28765	6.363882	-69.986725	-109.40596	84.07923	1.0812552	90722.37177205086
94	-412.36517	45.654644	-346.4567	-481.7466	-376.4212	52.549873	-300.45258	-461.00125	100.0	100.0	140999	-84.2868	6.357887	-70.153336	-109.29288	-84.286606	6.376185	-70.20751	-108.83763	84.060585	1.0867041	91856.67771887779
95	-417.39896	45.727398	-323.82297	-464.95496	-386.16608	49.69158	-279.0046	-451.00354	100.0	100.0	142499	-84.29691	6.3688593	-70.118614	-109.85341	-84.2965	6.386476	-70.13376	-108.71242	84.10051	1.087363	92529.66408991814
96	-411.27692	42.21232	-344.4065	-475.0445	-403.7232	52.30478	-305.23053	-482.81485	100.0	100.0	143999	-84.31889	6.4290104	-70.08139	-110.83526	-84.31866	6.447663	-69.90592	-109.81624	84.132	1.0864226	93792.96070504189
97	-423.6572	42.74337	-343.9053	-486.03845	-383.37842	46.399185	-288.94873	-456.19818	100.0	100.0	145499	-84.332535	6.4233317	-69.95465	-109.52322	-84.332146	6.4419246	-69.89332	-109.32868	84.13751	1.1136853	94630.85710310936
98	-428.35135	26.367487	-378.16556	-485.90878	-385.42285	43.105286	-321.94662	-446.4641	100.0	100.0	146999	-84.3432	6.4266744	-69.81651	-110.03629	-84.34294	6.4444137	-69.782974	-109.102776	84.12629	1.117632	95856.70975399017
99	-411.69623	39.14627	-334.4985	-471.82318	-384.91464	38.0675	-308.64075	-452.2062	100.0	100.0	148499	-84.378334	6.4477925	-69.64529	-110.379005	-84.37814	6.465865	-69.41555	-109.1355	84.194954	1.1280367	96901.43972802162
100	-417.37918	42.926907	-323.62744	-460.90488	-389.11426	40.16476	-316.03864	-443.23874	100.0	100.0	149999	-84.3726	6.433031	-69.66516	-109.58986	-84.37196	6.451933	-69.52854	-109.38646	84.179115	1.1148044	97870.34535384178
101	-426.22995	34.26305	-359.36444	-482.54553	-397.82275	45.154613	-337.29987	-470.34283	100.0	100.0	151499	-84.39306	6.452683	-69.65869	-110.202225	-84.39334	6.469751	-69.65684	-109.329765	84.2157	1.1281028	98512.76364588737
102	-402.8619	49.75068	-316.40604	-477.54294	-402.79553	34.52437	-349.6128	-455.4879	100.0	100.0	152999	-84.380356	6.4790726	-69.77324	-110.08179	-84.380394	6.4966187	-69.728485	-110.34814	84.178116	1.1111726	99209.23227405548
103	-434.87302	31.960333	-359.6586	-479.6548	-397.228	70.998146	-238.70505	-476.92136	100.0	100.0	154499	-84.39504	6.472758	-69.764656	-110.474014	-84.394554	6.4908857	-69.68907	-109.02039	84.19642	1.1283008	99796.35886406898
104	-403.8006	40.14319	-335.13867	-477.1691	-407.62378	38.91151	-330.85526	-478.37277	100.0	100.0	155999	-84.41443	6.4939184	-69.591866	-110.49409	-84.41396	6.5120535	-69.71498	-109.846466	84.232	1.1169713	100939.211632967
105	-419.92197	31.583227	-359.59976	-473.87292	-380.12646	40.944416	-304.80466	-429.42368	100.0	100.0	157499	-84.35445	6.4801893	-69.96988	-110.61959	-84.35448	6.4990807	-69.859634	-109.433975	84.20467	1.1180391	101886.41782283783
106	-427.4194	32.17934	-370.72574	-468.78793	-375.31168	40.214302	-298.13562	-432.91034	100.0	100.0	158999	-84.37829	6.496188	-70.030975	-108.741516	-84.37818	6.513987	-69.71743	-108.91966	84.16632	1.1166489	103190.7455189228
107	-404.58386	37.726833	-332.40955	-475.8109	-402.926	19.308092	-365.45963	-431.6397	100.0	100.0	160499	-84.408104	6.518164	-70.07162	-110.614265	-84.40783	6.5375586	-69.87694	-109.55205	84.19133	1.1242347	104547.62482404709
108	-413.36542	48.630795	-323.78534	-483.98422	-407.6512	58.962574	-309.91208	-494.88278	100.0	100.0	161999	-89.57457	373.27756	-64.42338	-39836.12	-89.59088	374.8145	-65.106926	-44056.664	89.40644	1925.075	105308.25573396683
109	-414.6706	39.28845	-348.62924	-463.53534	-424.39874	50.27067	-326.16562	-479.63077	100.0	100.0	163499	-97.022095	563.1427	-67.75539	-36840.33	-97.02861	562.9485	-68.73839	-37044.17	99.06379	456.35803	105864.39412283897
110	-412.29922	40.328278	-349.11145	-484.99857	-410.02582	46.366814	-325.55258	-491.62134	100.0	100.0	164999	-93.87081	449.40698	-70.014656	-32299.115	-93.881805	449.46185	-67.60193	-32180.129	95.158295	735.2285	106620.04492783546
111	-424.60657	36.309772	-351.6203	-467.4398	-410.05695	53.51449	-326.891	-478.60864	100.0	100.0	166499	-94.98714	445.0649	-66.74886	-29033.07	-94.99516	445.72586	-68.16577	-27805.967	93.54329	653.8215	107510.1241569519
112	-453.85452	22.888296	-397.7056	-482.4708	-395.08707	43.551174	-316.90533	-459.555	100.0	100.0	167999	-91.02868	325.16333	-70.75532	-23925.758	-91.01937	325.40497	-69.48084	-24067.033	89.68676	434.00674	108495.54898405075
113	-434.487	27.265314	-390.32684	-475.01346	-418.53882	48.66725	-323.1086	-487.85464	100.0	100.0	169499	-90.512596	272.47906	-69.878395	-19920.79	-90.51238	272.55023	-70.373245	-20332.389	90.027336	247.04848	109134.44954586029
114	-452.27917	25.222914	-394.6912	-490.0743	-448.97363	24.883371	-402.23758	-495.0661	100.0	100.0	170999	-91.1907	258.04886	-69.76927	-18903.047	-91.181946	258.66943	-68.45286	-21471.438	89.91569	479.08517	109473.05035591125
115	-451.47528	32.11236	-366.84613	-495.16953	-451.05963	14.537581	-422.81967	-469.2731	100.0	100.0	172499	-90.339294	222.78499	-69.69378	-19173.713	-90.34142	225.50714	-67.19359	-25371.945	89.796684	1263.3965	109801.70691084862
116	-464.94284	20.004967	-418.3042	-491.8972	-439.5935	36.73399	-376.41162	-483.79077	100.0	100.0	173999	-89.43234	170.46524	-73.218	-13854.512	-89.443474	170.3834	-73.54586	-13779.291	89.67345	58.825645	110866.81381392479
117	-459.25266	27.4979	-380.36514	-487.18143	-450.1513	21.443508	-404.36514	-479.2352	100.0	100.0	175499	-89.549416	154.80501	-70.76156	-13602.419	-89.56953	154.66699	-71.7932	-11806.609	88.53495	394.86322	111167.71543383598
118	-439.76938	32.964622	-374.866	-488.82483	-440.92535	47.807262	-323.24954	-495.4422	100.0	100.0	176999	-89.43203	135.31944	-74.46385	-9812.652	-89.43	135.76903	-72.568924	-10293.1455	89.220825	163.2984	111994.24020695686
119	-443.12164	34.53013	-368.94745	-484.5938	-459.261	25.429527	-395.88547	-493.20264	100.0	100.0	178499	-89.13528	120.12967	-74.20842	-8871.374	-89.13248	120.037766	-72.98491	-8924.486	88.98141	54.361584	112306.71251916885
120	-456.85394	26.471498	-398.49246	-489.0457	-456.70703	17.67288	-422.1036	-476.71558	100.0	100.0	179999	-88.6628	88.13408	-72.88333	-8097.089	-88.67221	89.24247	-70.57343	-10461.123	88.16321	378.9479	112858.75841999054
121	-457.2509	30.017622	-370.89987	-497.43265	-429.7914	33.96565	-362.41342	-480.84485	100.0	100.0	181499	-88.66302	81.45865	-72.662285	-5982.328	-88.64922	82.2058	-72.24638	-7167.4395	88.63056	228.66476	113819.72952890396
