Epoch	AverageEpRet	StdEpRet	MaxEpRet	MinEpRet	AverageTestEpRet	StdTestEpRet	MaxTestEpRet	MinTestEpRet	EpLen	TestEpLen	TotalEnvInteracts	AverageQVals	StdQVals	MaxQVals	MinQVals	LossPi	LossQ	Time
1	-6358.321	2390.3257	-3444.2988	-10494.94	-3693.0786	2473.8691	-1308.177	-8787.14	100.0	100.0	1499	-88.36734	49.604168	-0.00040262938	-301.73492	84.63136	1327.2815	13.837033033370972
2	-6781.224	1524.6654	-3704.289	-8981.96	-3005.867	1479.8207	-687.9101	-5434.9683	100.0	100.0	2999	-342.96924	172.76178	-41.664455	-1027.8077	332.84247	959.2112	34.784666776657104
3	-5279.7734	1560.8182	-2237.4758	-9500.743	-2295.0652	1225.5012	-566.32336	-4308.5015	100.0	100.0	4499	-659.3562	267.0569	-10.533585	-1662.5134	627.88696	1697.459	59.19714093208313
4	-6621.4087	2055.3481	-2833.2153	-10096.705	-1517.0995	1225.1858	-204.53915	-4805.555	100.0	100.0	5999	-768.34155	340.68835	0.37907192	-1913.6401	710.0698	2965.2046	81.732421875
5	-6412.6577	1394.6803	-3296.5818	-8396.104	-1622.9438	1266.6389	-414.09543	-4197.883	100.0	100.0	7499	-738.92487	383.0206	0.39069813	-2365.486	674.9444	3835.5867	101.16576480865479
6	-6820.834	2025.1458	-3958.246	-10326.496	-1044.7578	438.40213	-320.64374	-1664.6666	100.0	100.0	8999	-700.8658	404.99112	0.36316347	-2342.7542	635.38965	4504.7026	120.77762985229492
7	-4448.743	2128.5283	-635.9374	-8462.209	-1819.9261	752.08746	-686.43207	-3084.057	100.0	100.0	10499	-650.9682	389.85117	0.32260627	-2134.092	591.52563	4362.364	140.53484582901
8	-1415.5096	992.42804	-86.09052	-3605.7844	-1546.0931	1058.2734	-210.00108	-4191.9927	100.0	100.0	11999	-625.2521	378.97156	0.22114003	-2522.664	574.71814	3396.7134	160.50768208503723
9	-1798.1715	970.41064	-522.9342	-4370.0996	-1478.4563	869.9241	-295.0836	-3578.9014	100.0	100.0	13499	-609.0596	370.40533	-3.6924498	-2351.976	563.6646	2894.9404	180.7899739742279
10	-1362.806	898.92084	-243.68596	-3459.2783	-1311.4111	905.142	-331.27774	-3421.6726	100.0	100.0	14999	-605.5536	360.76154	-7.477458	-2332.6538	563.23755	2541.8948	201.02925491333008
11	-1633.3728	773.9897	-444.6743	-2905.882	-1164.0106	735.6321	-283.71622	-2473.9158	100.0	100.0	16499	-595.72064	356.09116	-12.361208	-2209.337	556.6025	2340.6978	221.2776849269867
12	-1182.7408	772.59515	-108.23736	-2683.455	-1121.0729	716.7508	-211.89587	-2812.0022	100.0	100.0	17999	-582.8879	355.58176	-14.000367	-2265.0308	545.69385	2175.8118	241.1800980567932
13	-1188.6251	657.2108	-74.665825	-2474.8472	-1645.1179	727.24524	-820.45685	-3157.6353	100.0	100.0	19499	-563.30615	353.85425	-15.99445	-2299.334	527.2825	2108.1292	261.3517277240753
14	-911.37146	581.80566	-240.90715	-2192.2058	-1104.4216	835.9929	-292.75125	-3157.0989	100.0	100.0	20999	-539.0138	349.1234	-18.87976	-2270.9792	504.40976	2013.8065	282.789834022522
15	-1167.8679	543.2176	-141.23087	-2208.3555	-737.86316	633.28827	-150.91534	-2473.888	100.0	100.0	22499	-504.64697	345.61313	-11.553168	-2175.6663	471.745	1867.3105	302.9276180267334
16	-1094.1938	761.6176	-188.18994	-3216.38	-935.513	672.6906	-189.46783	-2564.5454	100.0	100.0	23999	-477.75558	344.02008	-8.726144	-2119.6028	445.8736	1789.5657	322.82134079933167
17	-1188.758	931.12616	-130.6727	-3076.8738	-1103.3099	975.8887	-203.96265	-3273.8523	100.0	100.0	25499	-446.50912	339.739	-2.7077413	-2098.2832	415.29224	1713.7772	342.6984040737152
18	-833.4291	409.6431	-290.53162	-1831.3655	-1368.882	709.7891	-645.85254	-2891.9373	100.0	100.0	26999	-416.84042	331.66006	21.989292	-2063.4473	387.3155	1659.6207	362.54379391670227
19	-1247.1196	786.4257	-240.20692	-2898.0999	-1283.0807	912.2018	-454.16083	-3553.4985	100.0	100.0	28499	-391.0941	321.89178	56.74885	-2051.9382	363.37225	1569.3522	382.9060709476471
20	-1355.1328	651.49835	-429.07782	-2723.017	-793.38196	399.96606	-199.95358	-1449.3066	100.0	100.0	29999	-368.9132	314.21268	96.10114	-1986.597	341.88516	1528.1437	403.0012700557709
21	-1073.7012	676.31635	-229.74028	-2325.5203	-1530.6733	1440.7184	-100.567314	-5141.4766	100.0	100.0	31499	-347.9276	303.87222	115.05523	-1919.5525	322.59006	1463.6674	423.94545793533325
22	-1024.2867	777.2014	-351.40503	-3579.7014	-833.18884	419.64764	-153.72406	-1413.9552	100.0	100.0	32999	-335.0727	301.01547	147.89468	-2168.5085	310.6467	1462.1655	444.18488097190857
23	-946.1635	623.2612	-93.2093	-2834.7373	-1141.4606	451.8309	-506.8123	-1940.8267	100.0	100.0	34499	-314.95288	297.3159	181.55829	-2128.2695	290.85287	1491.9597	464.23059582710266
24	-849.30457	405.00186	-309.82626	-1568.5677	-921.39124	548.6016	-80.88721	-2072.2131	100.0	100.0	35999	-292.05328	289.87857	203.19586	-1984.3802	268.38184	1434.7039	484.1883111000061
25	-1240.762	595.5998	-119.76408	-2667.046	-910.78156	576.75287	-386.913	-2371.585	100.0	100.0	37499	-270.5088	287.41263	234.98827	-1885.7385	246.94179	1385.0062	504.23172092437744
26	-959.4043	619.4776	-421.38995	-2760.0854	-630.76056	415.25424	-120.57268	-1549.1029	100.0	100.0	38999	-248.17256	281.97028	268.56006	-1917.8732	225.2411	1363.161	524.9950358867645
27	-822.34937	644.45123	-146.41132	-3043.5642	-754.20337	398.2501	-221.68741	-1762.3948	100.0	100.0	40499	-225.90875	280.6434	289.77942	-1885.1755	203.5134	1314.5165	545.9104130268097
28	-937.34753	565.1244	-361.19492	-2160.4707	-882.81116	831.5724	-129.2832	-2637.218	100.0	100.0	41999	-203.25404	280.09793	319.30676	-1863.8508	180.98213	1279.7545	566.589597940445
29	-829.1748	419.989	-192.59451	-1591.2397	-959.18146	441.0599	-288.36328	-1667.0005	100.0	100.0	43499	-176.88634	284.17603	420.5691	-1926.693	155.12767	1272.0529	587.8596518039703
30	-923.2988	493.2968	-126.296326	-1638.6542	-829.92004	500.74704	-81.65834	-1533.6862	100.0	100.0	44999	-154.22206	289.10733	467.34265	-1929.428	132.72418	1236.7086	608.7870841026306
31	-1017.40857	707.59015	-359.1383	-3050.7664	-922.8753	345.97333	-197.51736	-1460.7487	100.0	100.0	46499	-134.40778	294.42685	506.694	-1872.5505	113.431816	1243.7644	629.6071019172668
32	-666.0058	544.225	-88.865265	-2353.6636	-894.49084	482.39175	-264.66574	-1624.0286	100.0	100.0	47999	-111.75536	301.45636	539.38885	-1888.3932	90.660126	1217.7776	650.172947883606
33	-1161.2849	576.1058	-120.88583	-2700.6316	-846.77673	402.24655	-122.89494	-1750.8663	100.0	100.0	49499	-84.25475	306.6366	610.57	-1950.546	63.40828	1195.0774	671.3158950805664
34	-1235.7516	1040.2802	-175.9366	-4243.6543	-981.7912	652.48486	-306.62112	-2496.4568	100.0	100.0	50999	-56.24768	310.01846	652.5593	-1833.6965	35.831085	1173.6918	692.305606842041
35	-1266.2203	697.0353	-384.80334	-2761.8606	-735.4166	397.07648	-268.07852	-1677.0907	100.0	100.0	52499	-29.733444	319.9916	714.21857	-2070.925	8.831132	1233.8092	713.0015187263489
36	-755.6393	459.65424	-90.833145	-1966.9462	-920.6462	693.9077	-160.88802	-2069.3662	100.0	100.0	53999	1.0100261	325.23184	756.44147	-2031.9166	-21.927599	1211.4087	733.1044969558716
37	-910.7084	470.83768	-285.1172	-1848.383	-787.00757	497.32626	-146.73868	-2148.9854	100.0	100.0	55499	33.002132	324.8819	780.3786	-1896.0613	-53.56963	1200.5128	753.287682056427
38	-870.5271	596.32355	-184.78465	-2459.573	-1211.3016	888.38696	-322.2545	-3118.6602	100.0	100.0	56999	66.155136	326.3257	796.6297	-1776.7892	-86.74288	1191.6937	774.0403561592102
39	-908.06506	511.33807	-145.92853	-1855.7844	-1029.7361	680.8368	-430.88147	-2592.3357	100.0	100.0	58499	95.20322	327.58157	855.1732	-1753.5986	-115.57362	1163.7158	794.230635881424
40	-635.2461	401.91046	-177.47803	-1470.79	-882.11487	513.08923	-210.55737	-1878.4008	100.0	100.0	59999	126.76987	327.4696	935.69824	-1732.4373	-146.83708	1165.9589	814.356204032898
41	-990.5569	725.50006	-176.71284	-3243.734	-754.7207	500.40775	-318.56485	-2087.3528	100.0	100.0	61499	155.97925	330.39746	949.92554	-1624.7649	-175.79384	1126.2838	834.5071179866791
42	-746.9223	371.0865	-282.09155	-1514.7267	-780.79236	313.38058	-329.9948	-1419.3063	100.0	100.0	62999	183.41982	337.38614	1008.8769	-1670.6411	-202.84584	1117.7075	854.6357619762421
43	-869.13885	456.25464	-27.310562	-1790.6721	-914.8826	1012.80756	-156.29028	-3733.092	100.0	100.0	64499	213.84814	342.5284	1023.023	-1651.7681	-233.28004	1095.8911	874.8516070842743
44	-605.85144	325.65726	-181.78134	-1099.0796	-990.7534	356.43558	-300.5226	-1543.3522	100.0	100.0	65999	246.11328	347.6343	1077.9415	-1689.9432	-266.1048	1105.5067	897.0684819221497
45	-841.7043	434.88123	-274.13684	-1612.7761	-565.054	218.76067	-215.39192	-948.81476	100.0	100.0	67499	278.6573	355.33072	1130.2101	-1700.2898	-298.97302	1166.26	919.8850319385529
46	-965.63617	503.3925	-201.70085	-2015.7906	-529.6567	338.8722	-149.31699	-1087.2596	100.0	100.0	68999	319.11176	361.09216	1187.6315	-1706.2982	-339.39334	1185.5172	939.7154507637024
47	-724.52576	333.737	-160.81154	-1244.383	-810.04144	758.1238	-140.84708	-2914.1648	100.0	100.0	70499	355.64255	367.25308	1235.1185	-1707.5232	-375.69687	1172.3427	959.7398598194122
48	-934.5492	387.86667	-347.85275	-1960.9707	-1066.2909	583.0243	-431.11227	-2222.2517	100.0	100.0	71999	390.4803	367.55435	1304.7826	-1679.8109	-410.6548	1155.9865	979.9378550052643
49	-697.0022	586.1308	-115.36749	-2355.6335	-682.6628	353.40228	-290.2578	-1365.3237	100.0	100.0	73499	423.3318	372.30682	1351.9019	-1704.1616	-443.12268	1156.1172	999.7849199771881
50	-751.4083	530.81934	-148.05643	-1868.7562	-758.96344	559.0205	-105.548645	-2141.4795	100.0	100.0	74999	459.98154	373.76105	1448.7584	-1686.5057	-479.85233	1154.7942	1019.9689569473267
51	-860.14197	440.78494	-89.9664	-1808.8136	-857.7252	287.45822	-304.41473	-1240.0818	100.0	100.0	76499	494.9674	369.62866	1533.2942	-1593.288	-513.9658	1099.3274	1039.7894978523254
52	-732.25793	301.08325	-279.4386	-1500.6493	-830.6509	484.50455	-90.190636	-1713.1877	100.0	100.0	77999	521.2203	370.23145	1535.2391	-1584.7113	-539.81476	1123.3776	1059.8131549358368
53	-1053.3224	554.7156	-211.87701	-2293.2896	-855.56915	349.9238	-251.36931	-1481.9607	100.0	100.0	79499	548.90686	363.62012	1573.3837	-1954.8954	-567.164	1130.9608	1080.1627600193024
54	-1011.5951	705.0457	-389.6795	-2795.6863	-863.5858	625.76526	-195.26193	-2629.0125	100.0	100.0	80999	570.293	358.55176	1564.1953	-1649.8242	-588.45135	1139.8019	1100.322005033493
55	-729.9332	314.52173	-101.80251	-1247.8955	-1058.729	463.51035	-480.5991	-1938.2606	100.0	100.0	82499	598.3492	351.28708	1563.6604	-1643.604	-617.61237	1200.7985	1120.3344130516052
56	-1251.7839	776.42834	-408.44437	-3052.2568	-794.0871	586.0635	-29.831148	-1870.7225	100.0	100.0	83999	633.785	341.8597	1575.9785	-1636.8651	-652.8835	1214.2097	1140.858521938324
57	-938.73566	454.1803	-318.4826	-1899.0315	-732.4276	187.70955	-414.06314	-987.7162	100.0	100.0	85499	663.9535	331.18414	1569.7257	-1785.1884	-683.33093	1280.61	1161.146919965744
58	-1078.1936	823.7943	-334.0136	-3086.9707	-844.0431	303.33057	-419.17825	-1447.3256	100.0	100.0	86999	702.5825	318.41827	1544.8098	-1720.7015	-722.8367	1253.3612	1181.3367450237274
59	-775.8327	275.4343	-105.756004	-1220.0071	-947.11084	468.39322	-421.63574	-1858.7906	100.0	100.0	88499	737.2362	302.98618	1532.7094	-1852.9272	-756.4508	1292.7788	1201.257677078247
60	-714.62726	322.88712	-296.93414	-1580.9644	-929.2661	521.7904	-357.8013	-2097.7454	100.0	100.0	89999	771.29974	289.48267	1509.087	-1584.0867	-790.7448	1281.4119	1221.2994968891144
61	-723.2231	346.73416	-91.994545	-1295.2882	-663.5648	341.44406	-158.58797	-1150.9939	100.0	100.0	91499	805.17664	277.15094	1506.1855	-1295.774	-824.33167	1245.535	1241.245255947113
62	-912.2094	310.59155	-316.8577	-1381.4424	-864.47736	535.1446	-230.1516	-1756.7334	100.0	100.0	92999	834.7456	269.72952	1519.877	-1284.5491	-853.8944	1281.6937	1262.2588248252869
63	-911.28723	827.47974	-281.16174	-3016.2656	-659.064	243.19997	-340.61038	-1054.1002	100.0	100.0	94499	866.88824	259.72452	1534.7876	-1126.4307	-885.8752	1204.8354	1282.6294939517975
64	-893.27026	794.4494	-280.16373	-3486.8306	-984.0661	464.83252	-339.37393	-1621.3741	100.0	100.0	95999	892.1451	252.2339	1499.377	-1064.5844	-910.72736	1127.7667	1303.2975389957428
65	-947.62506	626.1341	-165.04037	-2566.5315	-642.725	358.65414	-206.5792	-1436.2854	100.0	100.0	97499	913.11145	248.83748	1475.4481	-1022.35315	-931.04974	1133.8436	1323.3572380542755
66	-998.74084	682.1887	-181.21411	-2538.409	-910.3373	660.61487	-378.23715	-2752.6716	100.0	100.0	98999	931.3929	246.22464	1471.9174	-952.4003	-949.3835	1121.8263	1343.6509199142456
67	-896.2923	739.0072	-236.86502	-3294.9475	-786.9665	359.88354	-239.68098	-1383.6711	100.0	100.0	100499	951.2749	246.95271	1484.6735	-946.66693	-969.6108	1096.1437	1363.7712218761444
68	-685.0627	394.63034	-237.31523	-1650.5353	-884.9305	498.30923	-260.42868	-1964.8839	100.0	100.0	101999	974.71564	247.36557	1500.2666	-991.1292	-993.029	1126.6753	1384.2181658744812
69	-836.62335	514.7105	-78.85059	-1646.3373	-919.1022	670.12787	-67.28024	-2212.6409	100.0	100.0	103499	999.6947	251.03261	1582.755	-901.99396	-1018.1797	1125.9073	1404.6020390987396
70	-961.8877	468.9373	-259.32828	-2313.1929	-999.86444	513.72504	-162.28502	-2250.6814	100.0	100.0	104999	1025.284	253.15155	1592.1023	-956.7627	-1044.4421	1123.539	1424.7014620304108
71	-757.13666	567.7095	-96.786125	-2480.8596	-1212.2346	477.36795	-361.09714	-2080.7542	100.0	100.0	106499	1051.2819	254.83629	1636.2079	-1005.9962	-1069.9521	1160.772	1444.9157259464264
72	-805.5643	423.6744	-124.67439	-1784.8975	-855.3529	791.64417	-273.42673	-3030.0251	100.0	100.0	107999	1080.0219	257.54984	1684.5131	-747.1961	-1098.8518	1191.0217	1464.9482638835907
73	-948.09485	628.6611	-304.86865	-2783.8103	-923.70374	507.2149	-339.9483	-2071.3362	100.0	100.0	109499	1104.5762	261.33548	1704.8041	-759.251	-1123.1337	1203.899	1485.1574878692627
74	-1084.8025	523.01166	-221.84789	-2180.0754	-1013.58606	730.7652	-98.45762	-2709.0488	100.0	100.0	110999	1125.712	263.38693	1727.9327	-655.3428	-1143.7673	1201.7013	1505.6428520679474
75	-792.3328	420.55844	-199.5075	-1515.7661	-1134.5671	542.12714	-200.48091	-2029.8444	100.0	100.0	112499	1146.992	264.93362	1739.4552	-630.02277	-1165.7235	1188.0496	1525.7371349334717
76	-770.0333	332.23376	-188.83383	-1550.5476	-672.52997	392.5253	-165.86905	-1330.2257	100.0	100.0	113999	1174.1755	264.40112	1761.6918	-877.5088	-1193.4198	1210.2719	1546.4658408164978
77	-859.0437	735.32635	-89.35222	-3221.1921	-579.2997	365.2715	-45.044094	-1270.2897	100.0	100.0	115499	1204.6738	263.3293	1772.8097	-684.86536	-1223.9851	1221.8684	1566.7681007385254
78	-1298.445	757.6222	-140.21434	-2876.609	-1071.4067	584.7609	-377.5933	-2156.6938	100.0	100.0	116999	1232.7583	259.47116	1834.2458	-637.8436	-1251.658	1202.3749	1587.3871188163757
79	-743.66754	621.11676	-80.36324	-2045.0012	-985.71405	503.44754	-276.78372	-2324.8213	100.0	100.0	118499	1253.2314	256.9632	1872.7617	-670.43475	-1271.1926	1195.6028	1608.0127789974213
80	-795.80115	335.7964	-230.35266	-1515.1416	-683.46173	418.1715	-185.49437	-1626.8511	100.0	100.0	119999	1268.8137	253.0296	1874.4556	-440.79373	-1286.4996	1176.307	1628.8877708911896
81	-840.8905	641.23944	-98.54019	-2506.524	-582.09607	324.73544	-272.59146	-1404.0923	100.0	100.0	121499	1283.5942	248.32329	1888.9489	-603.1402	-1301.1718	1180.9276	1648.7974500656128
82	-735.21277	387.28894	-195.13829	-1833.6909	-672.0744	394.4589	-238.27628	-1555.8257	100.0	100.0	122999	1296.6804	247.06238	1881.186	-464.41452	-1314.3677	1117.0693	1669.102148771286
83	-773.1904	542.4315	-167.42049	-2091.7156	-897.6056	613.8104	-300.3432	-2340.2856	100.0	100.0	124499	1311.9363	244.22958	1921.509	-297.7511	-1329.5487	1070.6135	1689.1784918308258
84	-691.1035	368.93393	-245.95645	-1511.3628	-901.41534	443.44183	-480.8438	-1746.9047	100.0	100.0	125999	1326.0378	246.14723	1954.6515	-383.54898	-1343.3391	1098.9812	1709.384094953537
85	-903.11096	527.1761	-277.0792	-2066.3948	-916.8154	503.76962	-197.87608	-1929.7589	100.0	100.0	127499	1341.7858	246.09848	1974.0878	-321.8928	-1359.5015	1104.4672	1729.4438898563385
86	-1012.9694	685.69415	-303.14636	-2546.853	-724.7415	306.27078	-237.63206	-1180.3478	100.0	100.0	128999	1356.3583	245.39243	2004.2445	-474.89407	-1373.7231	1084.4131	1750.0512907505035
87	-933.2903	646.80646	-174.72728	-2683.2778	-692.26013	325.83	-120.95518	-1215.6816	100.0	100.0	130499	1370.3341	245.64009	2002.5088	-346.71872	-1387.7126	1071.5685	1771.5149040222168
88	-1059.4634	1025.7477	-65.99723	-3913.6682	-852.1046	410.3961	-69.68323	-1335.0675	100.0	100.0	131999	1381.1787	246.14868	2040.3673	-359.46384	-1398.1144	1074.952	1792.358150959015
89	-739.7018	397.95282	-243.29869	-1757.8479	-989.04114	473.7233	-207.10231	-1717.8676	100.0	100.0	133499	1390.6038	245.76505	2047.4321	-251.66307	-1407.5133	1068.3815	1812.3906219005585
90	-742.03217	201.6019	-401.5126	-1157.5474	-774.86926	262.8132	-477.33954	-1438.3462	100.0	100.0	134999	1400.7253	244.99196	2072.847	-267.58383	-1417.476	1060.5143	1833.0831570625305
91	-973.7823	580.1098	-148.14412	-2163.2192	-905.05676	656.1062	-111.57452	-2541.5251	100.0	100.0	136499	1407.6719	248.58623	2066.3586	-326.59317	-1424.0707	1020.684	1855.4541819095612
92	-851.33636	443.98343	-244.41295	-1889.77	-545.95306	232.85454	-216.15437	-1004.66693	100.0	100.0	137999	1415.7356	247.8348	2083.6594	-536.52136	-1432.361	992.34375	1876.0287008285522
93	-816.0097	307.0148	-417.93732	-1393.7247	-959.1742	702.9992	-342.58466	-2739.813	100.0	100.0	139499	1423.7595	246.94807	2129.0994	-396.39764	-1440.4873	1009.583	1896.162053823471
94	-915.19257	534.7792	-201.96124	-2037.2212	-848.6593	285.21646	-295.53854	-1221.5444	100.0	100.0	140999	1432.0458	248.3114	2128.6968	-572.4333	-1449.1958	1037.1456	1916.527417898178
95	-743.2518	410.7606	-194.7432	-1515.2782	-805.7272	436.5388	-206.35191	-1641.4163	100.0	100.0	142499	1443.3429	246.56964	2152.0825	-572.68036	-1460.4667	989.294	1936.5439910888672
96	-1077.9685	958.4956	-72.61421	-3758.9414	-988.91956	523.9637	-79.96469	-1911.3223	100.0	100.0	143999	1453.1198	248.76068	2190.9614	-441.21277	-1470.3026	1034.0406	1956.762809753418
97	-687.7249	420.37515	-86.81374	-1534.1261	-841.8462	353.81436	-387.82526	-1566.8925	100.0	100.0	145499	1463.2168	253.99106	2196.4236	-508.80902	-1480.5939	1051.0442	1977.004117012024
98	-792.18866	799.5762	-102.54997	-3571.2485	-812.16473	321.66238	-460.10092	-1504.3143	100.0	100.0	146999	1476.9647	257.43726	2233.432	-366.6103	-1494.3627	1047.7122	1997.3881459236145
99	-749.2089	706.8237	-137.86934	-3030.3157	-979.3719	509.3932	-433.37677	-1940.676	100.0	100.0	148499	1488.7402	257.59933	2213.8315	-493.2388	-1505.7053	1052.8517	2017.6819398403168
100	-681.79675	300.1333	-219.3431	-1182.263	-857.07684	319.35675	-431.88235	-1655.1187	100.0	100.0	149999	1495.5066	257.5787	2195.6978	-351.22296	-1512.031	1030.4426	2038.2054278850555
101	-743.2335	419.0784	-282.6745	-1954.726	-837.61096	638.9968	-202.71367	-2156.3225	100.0	100.0	151499	1499.8093	255.05273	2140.8447	-295.5234	-1515.7307	986.5789	2058.4379069805145
102	-693.0201	375.26767	-216.00296	-1435.0144	-886.3659	440.00613	-131.1833	-1789.9305	100.0	100.0	152999	1499.3047	254.35995	2126.6152	-272.77313	-1514.92	976.0048	2078.3299908638
103	-610.9591	261.52167	-182.4196	-1247.4941	-850.73224	409.321	-163.84004	-1515.7938	100.0	100.0	154499	1496.7421	255.07256	2225.8135	-266.6173	-1511.9237	921.556	2098.6174421310425
104	-877.67615	626.71796	-216.00566	-2538.6086	-715.48	426.3685	-153.62201	-1685.9872	100.0	100.0	155999	1490.0328	255.69423	2207.4678	-294.34076	-1504.8762	910.4981	2119.12383890152
105	-852.2237	503.97842	-150.08438	-1965.8364	-1086.1086	591.0198	-350.32846	-2057.988	100.0	100.0	157499	1483.2227	257.61487	2256.199	-218.99324	-1497.9292	926.0622	2139.119790792465
106	-695.06433	311.57224	-137.36078	-1190.9333	-489.35367	382.93985	-210.08067	-1564.2373	100.0	100.0	158999	1476.7616	256.3327	2312.5786	-278.14853	-1491.2317	889.31824	2159.3641300201416
107	-747.5971	365.94632	-127.906265	-1699.6864	-928.11426	491.29514	-214.95816	-1579.38	100.0	100.0	160499	1469.8373	258.0117	2341.5142	-227.58421	-1484.539	881.7673	2179.6756558418274
108	-680.1136	441.38498	-96.00937	-1921.8541	-689.508	318.8458	-296.0625	-1342.1389	100.0	100.0	161999	1465.2881	258.33905	2352.1387	-396.59454	-1480.208	898.9835	2199.843931913376
109	-636.716	401.35663	-91.901306	-1220.7933	-942.81525	524.3244	-217.69374	-2154.4768	100.0	100.0	163499	1462.4019	258.9382	2396.436	-434.55823	-1477.3297	900.5726	2219.9097259044647
110	-835.455	350.93982	-184.00844	-1364.939	-759.16486	306.81177	-289.9903	-1386.1582	100.0	100.0	164999	1462.0728	258.97113	2434.2927	-177.12045	-1477.1808	884.9834	2240.0589900016785
111	-783.7677	311.6354	-157.75722	-1261.0042	-709.84814	239.44913	-397.10284	-1314.5732	100.0	100.0	166499	1460.9111	263.59985	2468.4302	-233.66562	-1476.2423	921.18616	2260.190572977066
112	-843.3901	420.9242	-131.49306	-1868.8655	-630.64954	535.5745	-74.03578	-1913.4758	100.0	100.0	167999	1463.2872	266.253	2469.3787	-391.99805	-1478.2197	911.1068	2280.3231518268585
113	-928.74634	559.43604	-277.18427	-2268.22	-846.09143	501.20483	-117.63219	-1954.1975	100.0	100.0	169499	1459.8304	269.3059	2453.8337	-406.57162	-1474.343	882.5666	2300.30012178421
114	-892.8144	594.73627	-64.47837	-1929.5931	-1002.93054	330.93982	-483.60028	-1592.5718	100.0	100.0	170999	1458.2478	272.1072	2446.9338	-256.9123	-1473.3258	962.66077	2320.583018064499
115	-1007.091	637.42633	-305.46133	-2393.108	-1103.1794	911.05865	-247.84753	-3292.5479	100.0	100.0	172499	1461.592	271.71753	2458.3801	-435.82068	-1476.89	934.0032	2340.8401930332184
116	-902.95514	442.07037	-175.7207	-1646.717	-820.3794	270.2697	-425.6463	-1308.0037	100.0	100.0	173999	1462.4559	268.73544	2456.365	-616.49945	-1477.6962	919.17017	2361.3092148303986
117	-899.62726	483.9998	-307.83383	-1960.1528	-941.7412	633.8825	-249.93968	-2546.4858	100.0	100.0	175499	1463.9373	263.2497	2416.674	-281.02457	-1478.9791	889.088	2381.480211019516
118	-957.1598	694.72955	-174.72679	-3115.3088	-780.6885	407.4205	-93.148575	-1569.7246	100.0	100.0	176999	1461.6383	259.48245	2399.7827	-366.40552	-1476.499	892.8237	2401.7171459198
119	-840.8766	738.0281	-67.936035	-3041.6335	-924.0677	523.7641	-315.2677	-1933.5149	100.0	100.0	178499	1458.6356	261.93573	2369.1797	-275.55606	-1473.1997	917.74884	2421.7482550144196
120	-976.6235	410.4832	-398.1168	-1754.7833	-826.4596	538.7888	-155.69128	-2174.58	100.0	100.0	179999	1456.7502	256.381	2331.3965	-237.89339	-1471.4347	886.0615	2441.770462036133
121	-797.7979	394.8772	-245.32219	-1819.731	-804.1105	175.4493	-461.7001	-1077.6228	100.0	100.0	181499	1451.9728	254.52856	2349.1902	-329.3954	-1466.1437	899.09436	2461.913604736328
122	-752.65094	474.18622	-95.646034	-1577.1757	-962.7462	444.24854	-372.6217	-1952.0126	100.0	100.0	182999	1446.6824	252.13507	2298.3027	-429.5925	-1460.788	885.2075	2482.4924788475037
123	-915.712	367.0194	-95.52982	-1444.6974	-610.4059	354.551	-283.5632	-1433.5538	100.0	100.0	184499	1440.5623	251.5339	2273.917	-358.71954	-1454.3596	893.6761	2502.8507487773895
124	-817.9898	482.29028	-196.03416	-1704.2959	-716.5975	359.5369	-83.350815	-1281.489	100.0	100.0	185999	1434.8087	251.09135	2242.6802	-307.77542	-1448.6522	880.1655	2523.7506539821625
125	-646.5067	412.90634	-76.2617	-1801.7426	-690.19904	443.41425	-201.19225	-1732.8059	100.0	100.0	187499	1429.8864	249.46265	2223.113	-361.76407	-1443.8833	872.0383	2543.798451900482
126	-717.0717	286.6471	-216.3147	-1452.0048	-782.5116	435.69205	-170.0347	-1663.2269	100.0	100.0	188999	1424.8644	250.42476	2199.421	-391.59723	-1438.6483	851.392	2564.054018974304
127	-699.5643	395.44672	-118.37467	-1503.2504	-630.40027	359.58722	-251.16959	-1432.8203	100.0	100.0	190499	1421.1572	249.91739	2154.6094	-366.66602	-1435.0297	882.42914	2584.18430685997
128	-743.387	445.4968	-132.09073	-1789.3469	-577.5172	366.0983	-171.1733	-1372.4325	100.0	100.0	191999	1417.9717	250.79936	2133.9631	-482.27057	-1432.2743	855.38464	2604.549831867218
129	-733.2489	385.8251	-82.29373	-1651.3762	-633.0473	190.3281	-448.30954	-1111.1089	100.0	100.0	193499	1419.1349	254.70749	2132.5674	-414.4575	-1433.8254	892.48486	2624.6329169273376
130	-769.9746	269.6626	-197.9988	-1270.0676	-660.22156	392.30054	-206.26839	-1678.8798	100.0	100.0	194999	1421.36	257.30762	2146.5376	-583.96173	-1435.8705	883.8524	2644.632707834244
131	-785.09607	589.377	-120.15896	-2330.1633	-895.1829	592.44293	-370.46387	-2100.5234	100.0	100.0	196499	1420.5171	259.96664	2125.1802	-637.2879	-1434.5708	887.6015	2664.8828847408295
132	-740.22626	535.5254	-137.31706	-1801.0111	-897.751	574.3864	-169.253	-2135.0798	100.0	100.0	197999	1420.5376	263.3173	2158.6182	-285.931	-1434.7614	867.73676	2685.0736577510834
133	-967.6351	566.2687	-389.69733	-2441.1565	-690.12744	302.3165	-114.34192	-1215.0668	100.0	100.0	199499	1422.489	266.92502	2157.4475	-336.23257	-1437.1537	886.087	2705.420289039612
134	-828.1614	481.45618	-115.253204	-1666.7854	-693.0251	442.53003	-228.01248	-1585.9061	100.0	100.0	200999	1423.3652	271.42166	2188.708	-387.81158	-1437.8192	873.1521	2725.8976340293884
135	-762.1086	516.2825	-109.89413	-2235.0815	-598.11755	357.6344	-50.750156	-1168.2706	100.0	100.0	202499	1430.4468	273.52905	2232.1147	-446.60934	-1445.8854	898.45557	2746.159192085266
136	-611.38965	313.89758	-170.46066	-1368.0507	-697.5348	383.59683	-187.25917	-1541.8337	100.0	100.0	203999	1437.1534	276.43115	2276.5447	-450.53726	-1452.0387	874.7628	2766.2402350902557
137	-879.0221	553.36285	-140.4499	-2249.5496	-940.68054	456.38626	-147.51184	-1756.8013	100.0	100.0	205499	1442.1335	280.7089	2388.7385	-474.87717	-1457.0051	890.71857	2786.4442439079285
138	-623.5078	318.82773	-193.82785	-1344.5245	-487.9522	144.4598	-267.3488	-712.4948	100.0	100.0	206999	1448.7816	285.6333	2394.3088	-563.6932	-1463.5106	933.28235	2809.106151819229
139	-899.76733	521.0206	-230.96436	-2362.9211	-559.3368	292.93976	-136.30217	-1179.4202	100.0	100.0	208499	1450.4978	286.14413	2415.8574	-511.25473	-1464.8003	931.1475	2829.2961599826813
140	-876.78046	429.7674	-184.56522	-1669.5927	-871.44434	460.4404	-417.5807	-1938.2609	100.0	100.0	209999	1452.7554	287.23264	2452.6865	-339.60477	-1467.1354	937.4255	2849.9229259490967
141	-846.06433	561.6935	-164.23186	-2333.9272	-787.06995	447.05096	-214.56529	-1484.6432	100.0	100.0	211499	1452.9908	288.14523	2452.1697	-718.0809	-1467.2877	942.16656	2870.2837607860565
142	-559.307	335.70117	-89.277405	-1259.5645	-901.64404	804.40375	-183.20576	-3127.288	100.0	100.0	212999	1454.1089	288.13412	2286.0073	-726.4364	-1468.2205	922.19214	2890.4982018470764
143	-749.3437	515.37305	-124.23222	-2224.4607	-696.01965	397.86942	-251.05818	-1691.4855	100.0	100.0	214499	1451.3231	286.84546	2370.2612	-474.407	-1465.0845	901.29315	2910.6472420692444
144	-803.92426	637.1494	-233.71405	-2684.325	-505.09552	190.25964	-128.64131	-770.74445	100.0	100.0	215999	1447.942	286.20108	2377.6472	-764.2137	-1461.7408	875.224	2930.9285938739777
145	-838.57245	459.9389	-168.05348	-1792.0236	-1037.6552	496.64246	-534.9021	-2123.0623	100.0	100.0	217499	1445.6395	285.88034	2306.1064	-841.17664	-1459.2747	900.7867	2951.1387231349945
146	-586.7384	254.88513	-140.76456	-1006.4993	-636.7942	390.17667	-208.17856	-1515.881	100.0	100.0	218999	1443.9116	281.18787	2254.0762	-602.4647	-1457.9078	867.215	2971.40110206604
147	-898.58215	710.3324	-159.96092	-2749.7532	-547.47205	279.29272	-166.6191	-1084.3201	100.0	100.0	220499	1442.9453	278.75366	2234.9814	-580.6591	-1456.5338	849.0078	2992.11443400383
148	-959.8748	858.9635	-302.81985	-3802.2104	-905.58624	447.44794	-222.02367	-1881.6891	100.0	100.0	221999	1437.9038	276.23764	2215.5725	-456.1703	-1451.5104	828.2514	3012.2350149154663
149	-939.898	494.52402	-297.70078	-1755.4603	-636.8901	396.2223	-119.43897	-1314.7603	100.0	100.0	223499	1433.298	277.47748	2224.564	-370.824	-1446.7728	839.5146	3032.2956941127777
150	-839.90875	554.9026	-156.46988	-2317.5093	-810.9607	288.80188	-416.37506	-1343.6906	100.0	100.0	224999	1430.2518	276.318	2237.104	-602.0934	-1443.7656	832.80676	3052.52041387558
151	-786.49603	504.22348	-73.94585	-1616.01	-566.7584	339.69492	-110.6409	-1086.5652	100.0	100.0	226499	1424.3569	275.06927	2213.4612	-639.2169	-1437.7523	836.69324	3073.289966106415
152	-840.6868	515.19525	-211.0675	-1778.1791	-624.23114	294.28305	-206.2988	-1357.1426	100.0	100.0	227999	1420.4384	271.7521	2219.0327	-572.9683	-1433.7542	838.6508	3094.3974430561066
153	-633.6034	332.14465	-209.98532	-1518.4602	-717.1163	649.5267	-248.96771	-2568.1724	100.0	100.0	229499	1415.5321	266.19638	2195.1787	-604.4213	-1428.625	833.518	3115.940493106842
154	-793.1257	367.77612	-157.71309	-1395.5812	-1150.0297	432.059	-363.3962	-1682.5812	100.0	100.0	230999	1409.4789	257.52432	2176.5862	-578.41626	-1422.6826	834.3148	3137.0349068641663
155	-787.40857	446.2684	-190.83191	-1872.5764	-1060.3253	583.0143	-142.45076	-2321.2927	100.0	100.0	232499	1404.1724	251.03342	2155.0952	-376.7061	-1417.1714	812.535	3157.454787015915
156	-878.51447	426.9026	-68.18803	-1567.8964	-919.617	440.46045	-111.149864	-1621.9812	100.0	100.0	233999	1397.0375	243.84865	2115.7622	-430.61978	-1410.006	820.7562	3177.899535894394
157	-932.1039	486.479	-125.05037	-1855.665	-601.28705	263.5834	-240.67754	-1044.6888	100.0	100.0	235499	1390.5127	239.31203	2095.4407	-492.11078	-1403.16	822.6617	3198.0764589309692
158	-863.9344	604.72406	-245.61092	-2662.7595	-689.0064	376.28534	-146.79974	-1190.6033	100.0	100.0	236999	1384.4509	234.68188	2074.9404	-493.50165	-1397.0839	808.7915	3218.349944114685
159	-772.8083	411.82812	-199.25839	-1887.9896	-650.48285	224.98447	-386.98837	-1141.5892	100.0	100.0	238499	1376.2676	234.89034	2027.6313	-380.35925	-1389.1028	807.8403	3238.671175956726
160	-744.8884	348.0662	-224.40112	-1611.7009	-1004.4584	701.16785	-417.7598	-2542.5613	100.0	100.0	239999	1371.7415	233.33833	2020.7284	-465.81256	-1384.3651	808.34766	3258.697348833084
161	-1001.2233	587.7005	-156.622	-2787.364	-640.1146	528.1981	-245.29903	-2121.8528	100.0	100.0	241499	1365.3818	231.55093	2021.382	-373.89996	-1377.7335	809.0625	3278.87366604805
162	-995.6554	746.0882	-266.39163	-2650.5635	-607.53314	323.0869	-167.32344	-1102.33	100.0	100.0	242999	1355.9615	233.42506	1986.016	-563.8293	-1368.5399	813.35785	3299.5861790180206
163	-821.72485	686.0734	-74.61472	-2750.4885	-978.41766	676.74677	-209.92229	-2320.287	100.0	100.0	244499	1352.1599	234.21518	1945.6362	-451.34744	-1364.6556	814.74567	3319.9834480285645
164	-728.26685	447.34348	-74.94434	-1665.7653	-718.74634	482.97348	-159.47913	-1964.9175	100.0	100.0	245999	1346.4583	236.8351	1941.9402	-609.64185	-1359.1692	787.36816	3340.0683398246765
165	-640.16907	464.8839	-125.49759	-1910.6094	-769.8552	359.121	-245.92538	-1416.2601	100.0	100.0	247499	1342.122	238.23705	1959.5072	-584.37445	-1355.004	791.2297	3360.3253350257874
166	-835.51337	594.7909	-81.80058	-2371.6172	-811.56494	396.80637	-278.56702	-1567.5885	100.0	100.0	248999	1342.5991	242.17223	1981.893	-526.8056	-1355.9226	808.0803	3380.737390756607
167	-693.8385	337.62823	-135.76984	-1407.9888	-772.25977	915.0954	-258.69177	-3447.2834	100.0	100.0	250499	1345.2019	245.8736	1952.8241	-718.9587	-1358.409	825.8778	3400.874095916748
168	-868.3176	372.92935	-439.7149	-1672.6621	-854.03937	391.7536	-394.28162	-1669.6003	100.0	100.0	251999	1349.503	247.57135	1988.1978	-570.83527	-1362.8735	816.81885	3420.9083037376404
169	-889.62006	436.07285	-97.08331	-1647.2794	-955.8229	653.90204	-257.50644	-2235.6587	100.0	100.0	253499	1352.3096	252.42487	1999.682	-721.08093	-1365.9935	852.70386	3441.1668269634247
170	-822.579	486.8442	-130.08727	-2180.0332	-593.38324	357.06537	-104.788445	-1233.6459	100.0	100.0	254999	1357.2559	254.93604	1969.5829	-764.6877	-1370.8762	866.5394	3461.4235508441925
171	-644.42017	378.74127	-186.61052	-1600.1539	-732.5448	292.23453	-402.30304	-1302.4453	100.0	100.0	256499	1361.3545	257.61426	2017.0536	-628.53687	-1374.7811	841.30426	3481.8058319091797
172	-962.3914	610.76404	-112.69074	-2503.655	-740.6234	446.06223	-269.4718	-1954.7969	100.0	100.0	257999	1366.5134	262.06058	2002.4135	-632.37555	-1380.1829	847.5345	3502.1870651245117
173	-572.70776	243.0764	-176.55626	-981.397	-1099.9578	1177.1307	-238.23083	-4380.11	100.0	100.0	259499	1370.1737	266.9794	2014.2064	-693.4879	-1383.7013	848.5264	3522.3999140262604
174	-563.73724	527.4036	-136.81651	-2354.7568	-663.93774	412.50198	-128.76074	-1493.0781	100.0	100.0	260999	1374.0244	270.4125	2051.855	-645.36676	-1387.406	855.2213	3542.783019065857
175	-762.2177	515.00323	-149.4131	-1923.2867	-1077.7255	980.993	-260.3396	-3779.2717	100.0	100.0	262499	1378.0947	272.458	2114.8755	-773.7723	-1391.682	875.42267	3563.497698068619
176	-769.0339	431.26294	-153.35815	-1580.1656	-500.32974	329.15988	-67.04514	-1170.7738	100.0	100.0	263999	1381.9812	274.06512	2120.654	-696.6975	-1395.3726	835.798	3583.735932826996
177	-747.00256	320.51984	-250.06573	-1254.6805	-1094.217	476.2302	-375.13504	-1846.6276	100.0	100.0	265499	1385.3966	277.96085	2121.5076	-492.0834	-1398.3358	828.92865	3603.8987078666687
178	-910.29694	553.9726	-202.74306	-2206.2576	-636.4284	290.2878	-157.65118	-1085.1732	100.0	100.0	266999	1384.1821	281.95047	2113.099	-733.48413	-1397.2296	866.5435	3624.073749065399
179	-701.2633	573.0531	-83.57474	-2402.064	-751.7064	277.83145	-306.39554	-1292.7139	100.0	100.0	268499	1385.598	282.71405	2077.5928	-691.83154	-1398.7693	861.4877	3644.1094319820404
180	-617.4892	300.975	-270.868	-1351.1171	-864.7575	562.4092	-56.645042	-2077.7002	100.0	100.0	269999	1387.5254	284.22607	2102.288	-504.6927	-1400.7021	873.4352	3664.3701927661896
181	-844.6027	422.3397	-140.00316	-1786.3096	-600.60114	189.94807	-334.7388	-1072.6925	100.0	100.0	271499	1390.5033	282.62726	2100.1018	-737.1019	-1403.8837	815.58606	3684.77995800972
182	-671.7909	511.2402	-110.208046	-1802.1525	-1050.4769	1050.8524	-143.60228	-3943.5403	100.0	100.0	272999	1393.247	284.5664	2109.068	-703.8104	-1406.5334	866.0178	3705.06014585495
183	-660.7319	297.51147	-205.07738	-1230.989	-675.89734	277.342	-104.291405	-1111.1677	100.0	100.0	274499	1398.5057	287.26263	2125.2114	-874.3729	-1412.2089	867.34265	3725.192248106003
184	-764.5728	725.60834	-209.35153	-3187.1294	-628.22754	405.93518	-109.5067	-1248.2157	100.0	100.0	275999	1406.2693	286.0228	2106.2405	-831.4563	-1420.112	870.52576	3745.9692327976227
185	-900.8943	431.22412	-260.789	-1709.4978	-675.0737	275.50217	-332.00314	-1308.9435	100.0	100.0	277499	1408.6783	287.45844	2120.306	-923.67096	-1421.9376	837.9914	3766.247008085251
186	-772.7809	583.6889	-136.96599	-1891.4918	-833.2098	611.0675	-245.23837	-1983.6008	100.0	100.0	278999	1412.0339	289.1543	2119.6763	-497.70404	-1425.4153	859.7653	3786.4884219169617
187	-910.6473	617.3886	-120.79537	-2099.082	-691.0077	415.4666	-185.34935	-1602.3289	100.0	100.0	280499	1414.3525	288.7953	2105.9607	-664.4392	-1427.8507	873.6419	3806.743544101715
188	-827.8406	486.02762	-101.0952	-1781.2117	-855.38525	488.2835	-241.1097	-1588.868	100.0	100.0	281999	1419.1086	287.09024	2120.243	-522.39307	-1432.0936	843.71094	3827.0415589809418
189	-668.9621	332.595	-110.5911	-1439.927	-986.1541	341.86536	-132.42947	-1329.9846	100.0	100.0	283499	1416.902	287.68872	2133.3545	-659.0933	-1429.6388	814.0645	3847.103022813797
190	-942.04926	508.7823	-258.80734	-1900.5065	-564.0173	398.7145	-19.413136	-1472.6686	100.0	100.0	284999	1413.849	284.8877	2134.2578	-623.0476	-1426.6432	801.7603	3867.174703836441
191	-964.1783	789.1346	-102.71817	-2937.4314	-662.6124	408.6385	-184.27666	-1571.9691	100.0	100.0	286499	1413.4865	283.86523	2131.8047	-796.8351	-1425.9741	788.4858	3887.5809218883514
192	-1011.3298	372.84192	-388.53564	-1840.7155	-969.4547	501.42355	-328.8289	-1826.0983	100.0	100.0	287999	1406.37	283.88312	2151.2314	-596.3968	-1418.3398	793.9341	3907.723219871521
193	-645.6512	422.1833	-26.815073	-1903.7383	-594.3997	326.47238	-237.10497	-1232.1411	100.0	100.0	289499	1398.474	284.33133	2156.058	-703.0775	-1410.6769	797.14667	3927.9442989826202
194	-1004.03546	588.3074	-244.27927	-2214.4546	-960.94006	664.003	-396.72394	-2586.2197	100.0	100.0	290999	1395.0375	281.60028	2160.8313	-773.24457	-1407.227	805.486	3948.6756501197815
195	-851.35767	480.28894	-208.84319	-2067.2292	-752.7684	461.63065	-198.7039	-1660.1829	100.0	100.0	292499	1390.1288	279.33777	2152.087	-634.5911	-1402.3604	773.2192	3969.0606830120087
196	-651.7856	329.6111	-265.06805	-1525.8247	-833.65784	627.3737	-69.762405	-2390.0164	100.0	100.0	293999	1386.6339	276.55307	2138.2034	-685.1495	-1399.0135	763.876	3989.1518337726593
197	-1121.604	576.3807	-459.65158	-2688.3176	-763.9651	629.593	-124.647934	-2156.0815	100.0	100.0	295499	1383.9789	277.0202	2160.6646	-901.35785	-1396.6227	773.1384	4009.34450674057
198	-926.7603	391.3625	-307.63058	-2004.4644	-834.85657	399.85254	-205.42526	-1737.8622	100.0	100.0	296999	1381.3523	281.84955	2163.9631	-541.99396	-1394.119	783.1302	4029.4419939517975
199	-842.5307	859.54474	-88.07519	-3682.5962	-1061.6453	533.6801	-174.68597	-1740.6093	100.0	100.0	298499	1385.3893	285.0167	2193.3132	-603.142	-1398.6838	782.765	4050.1290678977966
200	-732.9905	283.0845	-343.0353	-1217.9124	-701.12	490.31378	-117.37206	-1793.9524	100.0	100.0	299999	1389.8679	290.25	2236.4744	-813.8615	-1403.1437	813.45715	4070.3440787792206
