Epoch	AverageEpRet	StdEpRet	MaxEpRet	MinEpRet	AverageTestEpRet	StdTestEpRet	MaxTestEpRet	MinTestEpRet	EpLen	TestEpLen	TotalEnvInteracts	AverageQVals	StdQVals	MaxQVals	MinQVals	LossPi	LossQ	Time
1	-1507.237	108.708916	-1304.0403	-1719.205	-1316.825	280.1695	-982.52075	-1909.787	100.0	100.0	1499	-23.140615	9.254424	0.046180226	-52.067356	22.442074	30.058598	6.577692985534668
2	-1478.1248	151.47769	-1136.1465	-1722.2462	-1372.5408	276.36023	-712.48145	-1823.02	100.0	100.0	2999	-81.40926	29.02401	-19.888086	-177.23329	80.11537	21.298792	19.00092601776123
3	-1430.8502	202.46547	-977.9911	-1692.2878	-1308.1313	369.9217	-463.16257	-1705.9836	100.0	100.0	4499	-167.235	30.118412	-77.06657	-277.7195	164.32648	34.396793	31.59575605392456
4	-1421.4333	194.1183	-920.5166	-1722.5275	-1293.8398	279.68817	-880.0394	-1726.7946	100.0	100.0	5999	-242.8034	32.758213	-135.19666	-371.99628	239.24327	46.398754	44.23077726364136
5	-1477.3274	223.08542	-870.9483	-1715.699	-1050.074	404.8937	-421.81946	-1591.5181	100.0	100.0	7499	-314.28806	37.412376	-195.44424	-448.05722	310.385	61.30068	57.005860328674316
6	-1400.8398	222.77757	-942.81604	-1706.9222	-1122.8169	411.06	-643.1312	-2029.6471	100.0	100.0	8999	-379.39786	40.519855	-248.51357	-525.9856	375.04404	76.82072	69.50148415565491
7	-1335.5497	321.1473	-400.85886	-1689.837	-835.0951	279.97226	-221.87923	-1320.9916	100.0	100.0	10499	-438.2928	42.946964	-285.74185	-604.41327	433.6558	83.51063	81.85392808914185
8	-861.35736	362.385	-96.596016	-1593.1401	-706.35236	306.12128	-309.5752	-1183.8771	100.0	100.0	11999	-489.03333	46.523033	-338.9189	-666.0608	484.57843	80.8664	94.59885716438293
9	-681.1327	325.9948	-117.13451	-1439.2634	-510.392	251.49078	-140.27101	-858.52356	100.0	100.0	13499	-532.38654	50.766724	-379.9232	-731.3229	527.80695	82.96892	107.2970929145813
10	-611.75165	244.8839	-218.47603	-1043.9032	-911.6209	562.7713	-153.20868	-1678.1724	100.0	100.0	14999	-566.66144	59.212303	-395.84348	-787.4941	561.8764	91.26702	119.93214511871338
11	-740.3637	314.6913	-352.17767	-1622.5035	-623.07117	336.49243	-267.81973	-1190.7441	100.0	100.0	16499	-595.26746	66.287025	-397.00647	-822.8008	590.32983	104.413216	132.4515962600708
12	-815.4756	364.59088	-289.86893	-1602.1118	-801.3058	333.39352	-268.8263	-1192.2734	100.0	100.0	17999	-618.20544	73.16826	-397.39288	-855.92413	613.09015	118.10661	145.20819997787476
13	-683.29895	389.57315	-125.13198	-1634.0115	-814.37054	359.1593	-255.69917	-1512.9575	100.0	100.0	19499	-636.1205	79.68119	-399.82474	-876.13464	630.9439	129.85027	158.07584810256958
14	-716.947	356.5125	-218.07301	-1341.3445	-742.30396	286.7715	-281.4862	-1265.6543	100.0	100.0	20999	-647.1086	87.46221	-399.42087	-892.43384	641.8865	135.2407	170.80933618545532
15	-724.2297	367.00537	-82.993515	-1312.0703	-638.34595	212.13039	-300.79843	-974.24805	100.0	100.0	22499	-659.4068	93.35905	-393.80002	-911.41974	653.96625	139.68364	183.47413897514343
16	-694.1824	309.9224	-162.45192	-1347.0809	-666.6209	410.95166	-187.23212	-1429.2052	100.0	100.0	23999	-663.80237	100.40758	-386.44067	-938.6795	658.2494	140.24039	196.0147740840912
17	-859.5252	374.9256	-107.52595	-1427.5927	-904.7394	315.66425	-323.95502	-1365.7156	100.0	100.0	25499	-668.3089	106.223625	-385.09094	-957.93463	662.92694	143.46138	208.66256427764893
18	-828.94696	416.21008	-196.06966	-1441.656	-799.7674	334.21686	-141.26993	-1219.874	100.0	100.0	26999	-674.3013	113.14312	-381.1022	-977.57306	669.02466	142.682	221.3839430809021
19	-786.741	320.2142	-257.57568	-1221.2157	-611.2646	338.8804	-169.36955	-1225.1299	100.0	100.0	28499	-678.6595	121.14404	-375.54233	-994.4737	673.41943	147.52908	233.94358205795288
20	-625.46094	309.23187	-100.11074	-1336.2318	-695.5177	344.06262	-185.47697	-1269.7407	100.0	100.0	29999	-681.2075	127.44773	-371.56793	-1015.3175	676.05035	152.5764	246.52895212173462
21	-784.4005	363.241	-111.58223	-1462.8959	-442.83438	281.67673	-208.6181	-1156.4807	100.0	100.0	31499	-684.7263	134.20439	-358.43417	-1035.9767	679.47906	154.2605	259.08923602104187
22	-554.0927	319.8162	-110.37765	-1203.8059	-547.7926	302.0129	-123.44898	-1007.4717	100.0	100.0	32999	-684.4169	142.3165	-343.43198	-1075.7045	679.1105	149.51022	271.6374542713165
23	-776.4463	351.72238	-235.48251	-1315.3246	-851.5573	275.86	-368.32993	-1237.1514	100.0	100.0	34499	-683.84686	149.45494	-332.63608	-1086.8065	678.6125	148.09608	284.29168486595154
24	-625.29	296.30182	-161.4059	-1162.5262	-794.3679	304.19684	-269.06802	-1170.3829	100.0	100.0	35999	-686.0642	155.90314	-308.33865	-1089.9922	680.88666	143.93446	297.1137361526489
25	-713.343	300.3756	-98.71103	-1286.6359	-787.64734	375.20633	-225.8546	-1603.5024	100.0	100.0	37499	-685.9956	163.16496	-299.9144	-1104.2878	680.96277	142.43512	310.06003618240356
26	-772.5233	290.65042	-255.41089	-1282.1398	-512.915	207.42136	-296.9998	-1067.4121	100.0	100.0	38999	-685.80414	168.90076	-289.45178	-1111.0304	680.69586	144.17055	322.83014607429504
27	-555.98676	315.77335	-142.46107	-1285.9388	-750.5296	295.3735	-155.91185	-1170.0679	100.0	100.0	40499	-686.2335	174.43631	-278.08112	-1129.3408	681.04144	147.45712	336.90269804000854
28	-612.0203	273.06964	-179.10728	-1224.6633	-528.76605	299.95676	-134.48964	-1261.4436	100.0	100.0	41999	-684.09296	178.40825	-262.54205	-1157.2562	678.9709	150.73662	349.74600100517273
29	-812.9013	322.85806	-243.95651	-1271.1837	-507.565	215.85439	-199.31804	-838.4668	100.0	100.0	43499	-682.02686	182.91533	-246.72566	-1175.9191	676.69214	149.17796	362.4044301509857
30	-584.44965	334.0827	-144.37445	-1521.0818	-542.4463	387.8492	-89.04735	-1281.352	100.0	100.0	44999	-679.4539	185.98239	-226.44354	-1194.2866	673.9875	149.62494	374.8549530506134
31	-725.701	347.737	-161.08803	-1493.3677	-376.15332	227.45932	-143.07071	-968.8699	100.0	100.0	46499	-672.0816	188.27069	-222.22037	-1200.2778	666.6346	152.78862	387.46743297576904
32	-478.06104	214.75252	-128.1893	-899.6429	-529.11884	274.47052	-193.75705	-1049.4171	100.0	100.0	47999	-664.89667	189.8642	-211.36581	-1223.7715	659.4519	152.5244	400.22542905807495
33	-418.94415	309.50635	-83.55875	-1140.7499	-400.20453	192.51625	-142.73448	-766.3804	100.0	100.0	49499	-656.3371	190.87128	-200.69707	-1243.7341	650.65356	157.37575	412.9614911079407
34	-397.6703	144.94925	-167.31021	-659.4178	-568.8243	313.63205	-225.98546	-1209.7667	100.0	100.0	50999	-645.811	190.68076	-190.62486	-1277.1842	640.05994	157.1915	425.5785460472107
35	-492.1797	215.41948	-210.21823	-979.4854	-372.9006	230.43245	-83.01393	-782.0875	100.0	100.0	52499	-633.02576	191.77046	-181.48753	-1270.5154	627.0028	164.62177	438.10636496543884
36	-415.09006	219.89488	-151.92168	-848.4355	-276.57202	133.82935	-89.06893	-573.077	100.0	100.0	53999	-620.87665	191.16646	-162.55579	-1255.588	614.8394	168.2524	450.8338179588318
37	-543.56024	320.23273	-102.02354	-1395.3093	-254.63464	144.76958	-76.170235	-570.8346	100.0	100.0	55499	-606.10614	190.95784	-150.99207	-1254.69	600.1554	170.827	463.6485619544983
38	-369.58908	197.12204	-65.16043	-778.50134	-278.1106	212.7437	-87.95172	-760.1693	100.0	100.0	56999	-592.36145	191.7589	-136.06938	-1278.406	586.376	173.517	476.3516402244568
39	-430.53226	264.17477	-83.10531	-1136.7592	-222.12784	134.2796	-27.811527	-500.27206	100.0	100.0	58499	-577.3809	192.40111	-126.23637	-1258.4906	571.5464	175.7675	488.9315390586853
40	-341.59235	170.55481	-97.455055	-648.78644	-427.10815	389.9665	-118.4608	-1539.8751	100.0	100.0	59999	-560.1802	194.12514	-115.28729	-1240.5591	554.3868	173.8761	501.74452209472656
41	-296.6541	120.63445	-122.879234	-520.5484	-521.20435	323.60757	-146.89268	-1231.5383	100.0	100.0	61499	-545.093	195.65717	-103.64933	-1293.2506	539.32916	179.09428	514.3287491798401
42	-359.9784	190.20186	-62.72948	-806.574	-611.1379	314.43762	-161.31023	-1262.8435	100.0	100.0	62999	-530.22284	195.99542	-82.47204	-1308.9534	524.3999	176.47842	527.062548160553
43	-410.93137	285.1189	-156.68965	-1358.2604	-693.97424	320.30173	-160.5299	-1196.939	100.0	100.0	64499	-515.75714	197.87328	-68.79602	-1315.7719	510.0124	177.4347	540.0353181362152
44	-298.7573	232.35036	-61.780678	-953.04297	-511.2027	362.4396	-57.024815	-1115.4028	100.0	100.0	65999	-501.99493	200.43837	-49.00514	-1289.6744	496.30142	177.96643	552.7252449989319
45	-498.2398	286.26794	-158.73004	-1004.5435	-441.06152	310.53897	-68.21513	-1148.11	100.0	100.0	67499	-486.61157	201.12288	-41.076286	-1285.0453	480.95007	184.05075	565.6424112319946
46	-523.5066	367.9139	-153.1133	-1380.9884	-399.2753	358.5392	-97.190186	-1263.4559	100.0	100.0	68999	-473.95712	202.3107	-28.992764	-1308.5703	468.41605	182.18939	578.3965272903442
47	-414.7296	245.19475	-124.58249	-892.1322	-273.58945	86.517136	-90.804306	-358.579	100.0	100.0	70499	-458.1102	203.6238	-25.967396	-1323.4388	452.50674	184.45879	591.0301420688629
48	-324.78012	186.00716	-84.30731	-867.6909	-269.8923	209.5033	-63.14427	-758.601	100.0	100.0	71999	-443.13745	206.05345	-13.021882	-1328.8367	437.43338	182.1421	603.8146760463715
49	-296.46094	137.9223	-112.43122	-538.52094	-343.19113	228.52791	-126.68818	-965.1441	100.0	100.0	73499	-427.42017	206.10774	-8.124488	-1310.371	421.60654	183.28366	616.4656929969788
50	-389.66696	204.91766	-167.13501	-947.8654	-351.15308	206.73259	-167.86992	-843.19684	100.0	100.0	74999	-413.4238	205.64026	-6.652366	-1348.1986	407.66437	178.79675	629.4149482250214
51	-349.35928	271.4099	-63.93348	-1055.0073	-417.93988	326.27118	-93.16535	-1125.529	100.0	100.0	76499	-396.19644	205.33199	-2.9229681	-1364.7866	390.43863	177.37346	642.2582521438599
52	-375.21213	234.45982	-146.3909	-957.7861	-251.91309	108.76221	-58.85496	-478.64508	100.0	100.0	77999	-381.24667	205.6883	-0.9260508	-1378.462	375.54092	176.65239	655.1947441101074
53	-417.24597	280.88702	-97.76811	-1179.547	-263.99503	137.18874	-98.61518	-610.20526	100.0	100.0	79499	-367.6419	205.1008	0.14352855	-1335.7671	361.9632	172.79585	667.9272651672363
54	-406.3002	247.96799	-102.38468	-958.0168	-257.1773	91.00908	-124.51195	-430.76016	100.0	100.0	80999	-352.5547	202.16376	0.2253643	-1370.2604	346.74927	170.14125	680.7475762367249
55	-264.55286	174.49483	-55.26891	-729.76733	-375.01663	317.9907	-118.83794	-1245.0002	100.0	100.0	82499	-338.28546	200.68309	0.51583856	-1362.1351	332.73575	165.82024	693.5530350208282
56	-318.9218	161.33353	-67.38732	-709.3728	-416.8399	291.6136	-32.69503	-964.5604	100.0	100.0	83999	-326.43295	198.84613	0.51654917	-1366.2698	320.99643	162.23459	706.5256872177124
57	-232.3423	148.52087	-66.0452	-676.90375	-289.1792	272.8987	-32.06723	-1081.0479	100.0	100.0	85499	-313.9347	196.26004	0.61291236	-1387.9668	308.4217	160.30766	719.339075088501
58	-304.09833	278.74585	-47.682426	-1147.9288	-377.75198	147.14017	-93.05879	-626.98694	100.0	100.0	86999	-302.68256	193.35391	0.64288425	-1488.0043	297.42786	158.84386	732.2497701644897
59	-265.7899	137.63496	-51.52558	-594.58307	-407.88892	278.37518	-49.246967	-1075.026	100.0	100.0	88499	-291.77585	190.6526	0.6835993	-1400.845	286.3318	159.71118	745.1355772018433
60	-275.13232	129.55685	-89.22644	-472.84982	-267.99597	110.795906	-88.12847	-437.30112	100.0	100.0	89999	-279.26956	186.34879	0.71889126	-1360.3279	273.87772	157.05867	758.1582720279694
61	-328.978	149.89728	-81.11348	-686.17535	-394.22827	285.93378	-127.67639	-1210.1722	100.0	100.0	91499	-266.9369	181.78899	0.7492873	-1330.6957	261.587	150.49686	771.0289752483368
62	-266.5224	135.24313	-49.894394	-512.2075	-232.7491	98.207436	-107.92366	-378.13867	100.0	100.0	92999	-255.25114	175.96648	0.7763687	-1276.584	249.82578	154.78252	784.011862039566
63	-376.82486	219.96461	-105.343124	-1040.5042	-246.6003	111.42864	-70.088646	-453.91492	100.0	100.0	94499	-242.58182	170.28809	0.7979434	-1229.1382	237.25696	154.03223	796.9278380870819
64	-227.91133	98.98247	-67.42615	-427.94833	-344.36823	247.77667	-39.622704	-842.73126	100.0	100.0	95999	-230.88792	164.34673	0.8195244	-1222.9377	225.67519	150.19461	809.867073059082
65	-192.41197	127.67655	-35.97106	-539.2262	-225.52388	97.630135	-65.74438	-385.9729	100.0	100.0	97499	-220.11838	160.12204	0.8412963	-1206.9197	214.93431	151.504	822.7019431591034
66	-302.82748	235.55981	-120.40301	-1061.36	-345.24384	183.45723	-119.837616	-741.48584	100.0	100.0	98999	-209.21854	155.40723	0.8537838	-1165.306	204.25153	144.2261	835.7855560779572
67	-322.66464	228.574	-49.038723	-863.92865	-336.646	158.26337	-152.35106	-658.9089	100.0	100.0	100499	-200.84355	151.83	0.8715038	-1244.0889	195.94759	145.3403	849.1397042274475
68	-230.45491	195.6051	-61.931664	-830.7239	-258.62347	164.19022	-71.63769	-504.93848	100.0	100.0	101999	-191.67319	148.33112	0.88601303	-1144.4387	186.69485	142.78833	862.5993270874023
69	-232.05081	117.07205	-86.124374	-471.53784	-338.90695	160.71783	-117.58082	-597.3852	100.0	100.0	103499	-181.52393	142.72847	0.8948661	-1126.0557	176.7156	135.99405	875.4125971794128
70	-260.06055	100.47519	-128.7672	-485.49973	-278.952	126.05295	-90.07902	-547.77185	100.0	100.0	104999	-174.17609	137.71606	0.89956933	-1055.4543	169.37607	139.00052	888.5029299259186
71	-341.20355	281.33102	-115.188515	-1219.109	-648.29346	514.16187	-143.9147	-1779.0017	100.0	100.0	106499	-166.82256	133.29773	0.89650476	-1053.8656	162.12589	133.56557	901.4974081516266
72	-361.00418	243.39404	-122.39107	-1001.48645	-376.35748	330.10626	-20.96368	-1179.99	100.0	100.0	107999	-159.83849	127.66943	-0.11811662	-1067.5685	155.30159	128.731	914.3602051734924
73	-318.4189	230.25359	-38.58334	-1021.99414	-443.6435	240.75569	-165.76355	-927.8138	100.0	100.0	109499	-154.783	123.43931	-0.6854205	-1014.1115	150.26675	128.28674	927.2378602027893
74	-413.0235	230.7849	-57.75973	-935.313	-367.84576	206.38304	-122.71594	-741.52655	100.0	100.0	110999	-150.25099	121.72495	1.5917957	-1025.0929	145.89893	125.1762	940.119213104248
75	-251.58234	155.05923	-82.9292	-575.39014	-296.91415	206.2462	-78.55887	-813.9341	100.0	100.0	112499	-146.46574	119.87926	4.617233	-1002.8245	142.07683	124.06296	952.9579789638519
76	-261.14636	128.99408	-66.41145	-523.1184	-301.4261	253.56027	-78.12891	-972.2355	100.0	100.0	113999	-141.0858	117.467575	6.861969	-1017.6588	136.5664	122.043816	965.7676031589508
77	-301.00195	166.15596	-80.31664	-622.4209	-380.0961	243.7045	-162.72069	-944.5309	100.0	100.0	115499	-135.19456	115.37118	10.773333	-1066.4001	130.72116	122.35538	978.7025239467621
78	-386.32996	196.16286	-105.48054	-810.80164	-333.9881	204.37968	-114.68487	-797.9915	100.0	100.0	116999	-128.6669	111.44546	14.297572	-992.467	124.10875	120.2265	991.6517441272736
79	-402.37115	291.20486	-169.64868	-1255.7903	-226.75789	120.96697	-54.73187	-409.85144	100.0	100.0	118499	-122.36945	109.28032	19.08999	-975.9262	117.91691	119.325836	1004.4131243228912
80	-277.8558	106.7797	-74.07778	-494.03665	-325.5148	240.24985	-122.79333	-908.6121	100.0	100.0	119999	-116.59179	106.625946	21.666735	-935.928	112.085884	114.26833	1017.1763122081757
81	-309.66794	202.0023	-51.736626	-780.3765	-333.9297	279.24353	-65.9468	-1097.8005	100.0	100.0	121499	-111.69756	103.44288	26.881346	-942.17096	107.417366	107.68881	1030.183473110199
82	-318.50552	196.01358	-49.99785	-911.61523	-507.87042	299.70554	-199.56815	-1259.5273	100.0	100.0	122999	-107.91722	100.72778	34.72999	-973.1538	103.68671	105.57102	1043.059897184372
83	-300.1923	158.12772	-140.86487	-667.31134	-344.90466	178.79163	-97.211655	-755.26556	100.0	100.0	124499	-103.97525	98.04213	38.23841	-854.15796	99.83309	103.09802	1056.1192100048065
84	-503.32687	297.3207	-112.15967	-1015.4721	-227.29822	164.61993	-20.594244	-580.1885	100.0	100.0	125999	-100.943214	96.80084	46.583454	-828.19635	96.76749	103.15848	1069.096441268921
85	-243.2142	125.16092	-94.27458	-498.83557	-300.48636	171.89545	-23.340733	-553.5704	100.0	100.0	127499	-97.512634	96.1812	53.478535	-832.36725	93.32761	101.04854	1081.8098330497742
86	-297.0131	196.03027	-158.17856	-969.0194	-266.80304	148.62924	-114.49157	-622.35364	100.0	100.0	128999	-94.185036	95.46553	62.70047	-841.7217	90.050934	99.59238	1094.6785051822662
87	-300.77908	133.11409	-83.2897	-512.54443	-365.8073	209.15753	-143.84427	-850.796	100.0	100.0	130499	-90.31091	94.489265	70.5226	-833.76215	86.20959	101.90354	1107.5134391784668
88	-302.59042	186.53632	-44.434906	-682.357	-279.9167	182.40685	-94.46517	-768.81274	100.0	100.0	131999	-87.32256	94.380974	70.92785	-780.1989	83.26818	100.92501	1120.421756029129
89	-274.57254	201.61421	-54.468582	-924.5952	-360.4037	121.218994	-180.51935	-513.1894	100.0	100.0	133499	-82.671646	93.08607	72.25334	-786.8725	78.51539	96.839	1133.7029032707214
90	-295.87198	152.50407	-59.287483	-586.8795	-280.20135	134.21753	-137.55939	-589.0567	100.0	100.0	134999	-79.44701	92.895454	75.38577	-773.45667	75.34558	99.03827	1146.7538681030273
91	-304.21054	186.05771	-79.276474	-809.7254	-284.24658	159.42497	-113.615685	-663.22864	100.0	100.0	136499	-76.35638	91.981346	74.87028	-749.91833	72.48008	95.2259	1159.5823760032654
92	-219.9484	114.15249	-98.80329	-480.8843	-309.966	195.10052	-85.71245	-774.41644	100.0	100.0	137999	-73.63764	91.80977	80.12248	-742.50543	69.58731	95.08469	1172.5515871047974
93	-301.19543	102.47086	-160.0213	-475.58176	-353.4467	274.36612	-56.47525	-1056.3796	100.0	100.0	139499	-69.8268	92.5712	89.74026	-759.4052	65.78185	94.68171	1185.496510028839
94	-257.09363	129.5718	-78.23601	-543.00616	-374.062	236.0391	-158.03264	-971.3826	100.0	100.0	140999	-66.603355	93.89502	100.94181	-798.92487	62.47223	95.42131	1198.332260131836
95	-258.8691	162.91042	-22.91891	-663.286	-394.58356	397.30487	-95.48588	-1543.08	100.0	100.0	142499	-62.236847	94.38528	106.86394	-764.91077	58.108215	97.332	1211.3422422409058
96	-220.39745	122.58227	-87.33784	-570.036	-277.97638	135.60449	-141.15295	-501.78903	100.0	100.0	143999	-57.681007	94.63089	111.03077	-754.55615	53.495728	96.373344	1224.378671169281
97	-338.04715	151.96454	-144.56313	-573.4998	-229.86995	73.709175	-148.66246	-409.43854	100.0	100.0	145499	-53.259235	94.65586	117.04614	-806.53204	49.15806	96.71827	1237.2097930908203
98	-267.5012	205.80907	-74.358665	-932.89056	-307.2934	160.78996	-123.17499	-634.86993	100.0	100.0	146999	-49.09324	94.41947	119.34867	-702.3723	44.999733	94.26479	1250.1916160583496
99	-312.79947	216.64479	-83.04486	-976.6574	-259.23236	137.27028	-74.95901	-493.2705	100.0	100.0	148499	-45.636063	95.53885	121.24354	-697.96747	41.503407	95.20292	1263.284145116806
100	-256.00693	117.747375	-96.65902	-536.43994	-388.7467	225.23015	-104.70327	-924.4382	100.0	100.0	149999	-40.028908	95.30571	123.42719	-702.10065	35.76721	95.54111	1276.1743760108948
101	-268.3849	143.3186	-64.43166	-663.6907	-361.65738	148.12123	-146.68628	-615.95074	100.0	100.0	151499	-34.456184	94.1382	129.7438	-696.8082	30.18134	94.668915	1290.4992661476135
102	-353.69815	219.75723	-104.85905	-1012.8675	-344.21576	170.38217	-116.83559	-608.5499	100.0	100.0	152999	-29.359026	93.65209	131.12796	-647.7116	25.128973	93.525566	1303.3465411663055
103	-329.228	153.4698	-61.121635	-650.6152	-290.2379	127.216805	-129.84836	-543.01855	100.0	100.0	154499	-24.44783	92.76375	133.34027	-637.8273	20.234797	95.415146	1316.5523941516876
104	-264.8106	187.90987	-107.87747	-715.6671	-265.76868	156.34697	-35.81695	-568.6494	100.0	100.0	155999	-19.46963	92.12348	137.84418	-680.77625	15.252516	94.34745	1329.532633304596
105	-295.49185	142.7705	-44.149376	-677.8595	-421.41602	234.87152	-115.16629	-790.4432	100.0	100.0	157499	-14.547297	91.33431	144.33446	-673.6709	10.396994	93.06227	1343.4286029338837
106	-298.98453	211.99973	-127.7706	-1013.9513	-318.04156	160.51869	-125.74075	-705.95856	100.0	100.0	158999	-9.772199	90.540886	147.80542	-644.2355	5.6887565	90.87206	1356.9962072372437
107	-342.73343	185.99936	-99.53192	-688.65466	-262.23175	142.18173	-171.0997	-657.7849	100.0	100.0	160499	-6.2961864	90.77065	152.20135	-690.90247	2.0709388	89.29343	1369.9853241443634
108	-296.4271	183.24629	-63.598335	-698.9957	-329.5448	161.03902	-115.034065	-660.90906	100.0	100.0	161999	-1.0107027	89.68807	157.09438	-618.29816	-3.1493294	92.5164	1382.981171131134
109	-287.81232	131.8455	-123.68475	-704.0115	-281.7269	140.74254	-61.448532	-510.3019	100.0	100.0	163499	3.4033844	88.75547	158.33286	-594.5294	-7.48729	87.69302	1395.8664391040802
110	-298.5145	173.17686	-80.28954	-739.9023	-237.78635	82.82445	-129.17026	-433.75046	100.0	100.0	164999	7.6280317	89.09454	162.18266	-617.43866	-11.812275	84.46051	1408.6899840831757
111	-309.44354	155.46117	-26.319542	-609.66974	-412.50812	200.5867	-107.79261	-677.4838	100.0	100.0	166499	11.87986	88.351974	166.25786	-610.4908	-15.971162	82.56308	1421.6538410186768
112	-206.17516	110.52324	-48.775215	-433.98697	-192.91165	97.585526	-87.60799	-418.4101	100.0	100.0	167999	15.567786	87.84126	168.38013	-588.2443	-19.57402	83.42069	1434.4090640544891
113	-257.66895	123.06774	-73.86486	-589.9219	-216.28455	82.23071	-98.25707	-369.95782	100.0	100.0	169499	18.523916	86.66741	171.60405	-576.3036	-22.386497	80.73237	1447.4576210975647
114	-284.82138	162.2091	-12.536203	-581.08386	-310.7647	93.77838	-173.67238	-489.54626	100.0	100.0	170999	19.903805	86.06322	171.1891	-582.1506	-23.655817	77.176865	1460.604700088501
115	-215.43333	77.51353	-89.22972	-342.13516	-245.1204	106.72092	-79.07955	-480.22693	100.0	100.0	172499	20.67938	85.70098	174.25775	-605.1471	-24.316708	77.782555	1473.5138771533966
116	-237.09354	135.25858	-60.905556	-564.251	-279.93103	124.70012	-106.53538	-540.27783	100.0	100.0	173999	21.600464	85.31719	175.09123	-648.4372	-25.233404	74.64978	1486.3521981239319
117	-240.18765	149.55159	-92.94983	-613.87994	-222.97574	93.4401	-125.50491	-373.11365	100.0	100.0	175499	23.379152	84.444626	179.81926	-658.1391	-27.07268	74.63524	1499.3051211833954
118	-267.1865	171.13208	-115.74748	-796.7484	-279.7704	196.95403	-68.10879	-723.90674	100.0	100.0	176999	24.183847	84.51559	179.12778	-696.3467	-27.931347	77.95175	1512.5928461551666
119	-221.60814	75.23092	-72.948975	-317.15552	-241.0695	79.27379	-123.202675	-357.85425	100.0	100.0	178499	25.74854	83.35762	182.321	-683.25574	-29.479435	74.53599	1525.5276291370392
120	-323.74225	280.16116	-124.83401	-1303.7463	-236.72498	135.47682	-48.482693	-417.07327	100.0	100.0	179999	27.496683	83.34433	186.3292	-655.1225	-31.361164	73.48108	1538.5562319755554
121	-246.89447	177.19473	-74.452156	-596.1199	-178.96935	74.27587	-8.888917	-269.80273	100.0	100.0	181499	29.876694	83.67662	190.66336	-647.46857	-33.666946	74.06576	1551.4551651477814
122	-196.1998	114.90955	-30.839338	-398.19565	-174.84726	79.32731	-56.59736	-322.35013	100.0	100.0	182999	31.901613	82.96147	196.67049	-624.02313	-35.606464	77.19867	1564.4383618831635
123	-274.71094	138.11865	-67.28651	-538.28955	-241.90947	151.04341	-103.40234	-528.79626	100.0	100.0	184499	33.98355	82.519295	196.99556	-633.2136	-37.663063	74.778366	1577.6766049861908
124	-203.62083	109.79493	-63.28545	-569.48474	-240.51692	147.71637	-64.41909	-530.8272	100.0	100.0	185999	35.498337	82.10421	197.88678	-640.20233	-39.11337	74.09273	1590.5789821147919
125	-253.78073	201.79884	-38.006065	-804.22003	-201.95253	77.6035	-84.56269	-320.2404	100.0	100.0	187499	37.30798	81.1892	198.23474	-670.7742	-41.01096	73.1012	1603.6070210933685
126	-239.81064	105.9816	-69.34687	-503.94742	-192.4075	97.961105	-19.353905	-354.50244	100.0	100.0	188999	38.488087	81.2634	197.50163	-656.3592	-42.249382	75.43275	1616.7256281375885
127	-242.23802	123.6106	-77.38226	-457.0302	-240.73965	52.92863	-122.79022	-305.2119	100.0	100.0	190499	40.61865	80.93648	198.8341	-660.0918	-44.265583	72.20737	1629.8524329662323
128	-289.64163	184.07985	-109.87039	-746.5404	-273.66687	156.82196	-45.454517	-569.53076	100.0	100.0	191999	41.931866	80.83318	196.93471	-649.3479	-45.583317	72.439835	1642.8152000904083
129	-205.28214	71.461555	-95.773544	-404.6465	-189.58536	53.77729	-60.11452	-234.07753	100.0	100.0	193499	43.7717	79.57588	197.44614	-651.7883	-47.378426	71.49329	1655.9156942367554
130	-279.62158	206.91728	-43.338696	-961.7184	-354.51733	170.85834	-97.5133	-699.80835	100.0	100.0	194999	45.4011	78.58764	194.30972	-633.9202	-49.049667	70.51431	1668.9921460151672
131	-235.41696	127.76627	-99.91011	-572.29663	-209.17513	123.78107	-54.703285	-448.22238	100.0	100.0	196499	46.149483	78.578865	193.99344	-661.7453	-49.68124	69.02292	1681.9327702522278
132	-296.93164	105.8509	-58.25386	-459.08258	-257.83755	160.27907	-109.449425	-630.1703	100.0	100.0	197999	47.42082	77.1538	191.3055	-587.6377	-50.94584	69.42921	1694.9889500141144
133	-228.40889	126.90279	-63.257015	-545.3774	-245.57639	111.887665	-127.79581	-507.7171	100.0	100.0	199499	49.01067	75.93884	186.70332	-570.69354	-52.732697	69.421684	1707.955394268036
134	-275.61386	114.38993	-109.55079	-496.41147	-213.83635	129.98099	-76.31107	-476.88846	100.0	100.0	200999	50.984325	75.15863	183.50867	-573.7175	-54.58004	67.4085	1720.9970581531525
135	-295.03656	141.3875	-88.38369	-519.6514	-279.41672	155.22235	-93.77187	-560.5362	100.0	100.0	202499	52.14091	75.285675	181.87294	-558.52716	-55.72126	69.22245	1734.0643150806427
136	-334.50992	219.35681	-70.83536	-943.13965	-235.51126	101.2946	-96.09686	-424.12735	100.0	100.0	203999	53.86223	74.92956	182.11566	-524.89246	-57.48182	69.01043	1747.1508419513702
137	-296.21512	150.5176	-103.02806	-687.5767	-299.59286	92.06892	-161.25136	-499.36978	100.0	100.0	205499	56.024487	74.461784	181.63231	-505.53683	-59.69216	69.848854	1760.2893970012665
138	-233.44193	147.53685	-48.73849	-591.4972	-303.023	203.72878	-108.19952	-763.8835	100.0	100.0	206999	57.95278	73.99388	182.08073	-521.8086	-61.58552	66.93412	1773.1936411857605
139	-214.74065	109.876625	-39.156643	-423.0288	-207.64131	107.71527	-92.25775	-416.63934	100.0	100.0	208499	59.873146	73.81174	182.75262	-508.6271	-63.403072	66.58107	1786.1319780349731
140	-298.6766	138.73032	-151.59789	-674.0889	-230.92697	86.9328	-59.21746	-372.11646	100.0	100.0	209999	61.39458	73.892525	187.0918	-520.002	-65.07445	63.60011	1798.9678359031677
141	-287.69876	167.21889	-56.52655	-682.9034	-210.76689	120.589005	-29.857727	-428.02185	100.0	100.0	211499	63.442307	73.895454	190.28899	-480.08823	-67.02798	67.72761	1811.6182742118835
142	-238.18848	89.833626	-75.8166	-415.47955	-312.1911	112.724525	-112.70172	-502.72388	100.0	100.0	212999	64.43257	74.55105	192.87775	-469.1446	-67.93596	66.79366	1824.6498582363129
143	-198.03467	80.8748	-80.13992	-364.65048	-253.56587	83.70525	-83.67219	-431.1582	100.0	100.0	214499	65.32249	74.78916	198.7912	-503.43918	-68.872955	69.037674	1837.847192287445
144	-194.97963	86.268105	-54.316277	-364.97778	-191.84592	90.822525	-83.61108	-429.2415	100.0	100.0	215999	66.87154	74.12386	201.11115	-507.40088	-70.31358	65.98818	1850.8184390068054
145	-233.92319	154.29167	-83.91853	-700.877	-198.08585	81.42846	-71.20811	-330.86243	100.0	100.0	217499	68.13677	74.0651	205.39554	-527.2874	-71.54943	66.15646	1863.7029483318329
146	-249.68907	130.48524	-44.470966	-510.90683	-244.76382	120.945694	-82.0755	-449.47382	100.0	100.0	218999	67.79528	74.96299	208.07758	-550.3758	-71.24339	67.107315	1876.8986721038818
147	-206.4538	123.574036	-52.657608	-476.60107	-268.5086	194.29758	-52.813667	-761.3048	100.0	100.0	220499	70.02558	75.28999	210.30527	-490.8893	-73.75114	66.74909	1890.0783240795135
148	-320.3031	189.64203	-79.66547	-804.84546	-216.53659	181.82068	-47.244568	-675.87744	100.0	100.0	221999	72.98635	75.41116	211.21959	-487.15094	-76.59365	66.6908	1903.462247133255
149	-254.21886	156.17137	-53.2522	-765.756	-301.6616	152.88559	-64.40239	-556.83777	100.0	100.0	223499	74.37082	75.036316	219.99393	-505.7658	-77.93912	66.780754	1916.9948732852936
150	-235.1373	116.45292	-88.22628	-435.50143	-175.90005	72.726685	-71.27153	-286.95914	100.0	100.0	224999	76.102196	75.37874	228.02196	-469.3489	-79.67878	65.71941	1929.95853805542
151	-229.68983	121.0697	-52.010082	-459.0571	-290.9267	130.31079	-95.5341	-589.5869	100.0	100.0	226499	78.42497	75.36366	234.84518	-506.9857	-82.03801	66.480705	1943.1275029182434
152	-159.19604	71.488594	-62.104073	-314.81006	-291.53775	194.86989	-81.029106	-729.7588	100.0	100.0	227999	80.68752	75.69149	239.04805	-481.50354	-84.332085	69.593056	1956.6639239788055
153	-272.65558	154.25575	-71.78	-650.8612	-149.06943	66.62826	-36.821846	-260.99976	100.0	100.0	229499	83.40103	74.726944	243.49773	-522.0408	-87.07205	67.64548	1969.697300195694
154	-269.2835	126.59877	-83.17977	-475.92474	-265.58517	158.83385	-82.72252	-602.20966	100.0	100.0	230999	85.931244	75.10098	245.43066	-518.79596	-89.64462	67.726654	1982.8347861766815
155	-258.20294	113.764854	-64.81162	-465.78113	-232.02576	91.145035	-69.02211	-425.3663	100.0	100.0	232499	88.760056	75.52258	252.75522	-437.06915	-92.479935	68.04637	1995.957908153534
156	-211.40991	100.23143	-62.762012	-411.45538	-249.61292	104.494026	-67.931526	-408.42142	100.0	100.0	233999	91.71215	75.480835	258.26556	-459.2516	-95.445404	67.34243	2009.0342121124268
157	-336.36078	186.42519	-73.42173	-756.3556	-352.6196	253.57974	-83.238846	-1018.9943	100.0	100.0	235499	94.55825	75.64616	264.32236	-470.65985	-98.320625	69.56848	2022.2754950523376
158	-263.1475	93.83662	-129.81221	-461.08316	-254.75114	167.45593	-45.829887	-632.94556	100.0	100.0	236999	98.49807	75.63213	269.63583	-417.51993	-102.23831	67.90716	2035.3919281959534
159	-250.3839	108.98989	-84.03919	-518.5252	-188.89503	151.72664	-68.14568	-569.5476	100.0	100.0	238499	100.57704	76.37866	272.83844	-447.90973	-104.29102	70.78147	2048.340907096863
160	-225.82318	90.966446	-125.44572	-474.23206	-186.77893	90.377785	-51.449623	-392.7946	100.0	100.0	239999	104.09048	76.693695	278.90982	-412.50858	-107.82531	71.06873	2061.4306230545044
161	-250.74498	141.71806	-84.52795	-544.2753	-329.08554	130.33365	-27.992802	-465.9059	100.0	100.0	241499	106.955444	77.05122	279.49756	-391.03345	-110.67435	71.24153	2074.5608010292053
162	-254.2686	131.68112	-87.23746	-606.7995	-302.5887	195.4744	-128.72423	-842.7565	100.0	100.0	242999	109.59395	77.446144	280.2597	-435.90582	-113.212326	69.96247	2087.7484180927277
163	-295.0621	133.21063	-33.950974	-521.50116	-244.30627	103.08733	-23.21191	-361.40848	100.0	100.0	244499	111.40375	77.78428	280.6034	-419.7183	-114.99419	69.3664	2100.7471220493317
164	-274.55078	165.0061	-86.413826	-667.9584	-229.97159	105.86021	-104.6857	-441.65176	100.0	100.0	245999	112.34695	78.24936	280.22855	-373.67398	-115.82134	68.66353	2113.9490761756897
165	-216.57718	99.48889	-81.64528	-411.18237	-306.68317	145.1186	-88.91074	-568.1419	100.0	100.0	247499	113.54048	78.40841	285.54675	-377.47366	-116.99869	65.89219	2126.9033801555634
166	-238.3563	116.24325	-100.47964	-475.5149	-338.91718	134.46516	-131.77577	-522.8009	100.0	100.0	248999	114.43519	79.377014	285.31927	-398.17847	-117.878654	69.232376	2140.048376083374
167	-245.98293	183.40414	-44.57648	-834.4646	-288.1348	119.6568	-76.53208	-483.5332	100.0	100.0	250499	115.36241	80.40223	286.23154	-405.68866	-118.8675	69.78805	2153.1868131160736
168	-229.26514	108.92414	-58.708088	-410.61197	-227.01636	99.89885	-66.74592	-425.65298	100.0	100.0	251999	117.02852	80.032974	290.2948	-388.24762	-120.505646	70.41283	2166.2531311511993
169	-255.77162	152.62627	-54.717964	-686.0802	-223.88823	103.96756	-90.38359	-456.7932	100.0	100.0	253499	117.94621	81.00292	296.15707	-366.95767	-121.483696	70.945335	2179.317407131195
170	-259.71774	94.33112	-149.65031	-515.6817	-293.11053	202.55937	-114.78798	-703.64355	100.0	100.0	254999	119.59448	81.74732	304.87805	-376.5812	-123.12802	70.78636	2192.4140610694885
171	-263.9764	143.60818	-66.46288	-548.7545	-259.22675	83.68801	-118.684875	-430.36105	100.0	100.0	256499	121.73088	82.46294	309.84125	-389.58185	-125.29819	72.657394	2205.494474172592
172	-185.16817	124.637955	-42.98623	-495.97147	-201.22589	91.85617	-98.52458	-337.73044	100.0	100.0	257999	124.34343	83.188675	318.86252	-389.41727	-128.00832	73.16558	2218.609418153763
173	-295.18735	124.910645	-109.742905	-578.41327	-203.12543	77.00756	-58.527035	-358.35522	100.0	100.0	259499	127.09853	84.13564	323.23755	-356.43588	-130.80516	71.751175	2233.081796169281
174	-263.69376	138.67645	-81.00811	-557.46466	-304.12735	171.21135	-46.066967	-585.68713	100.0	100.0	260999	130.39401	85.72667	348.28296	-404.10638	-134.20319	73.901855	2246.1887402534485
175	-248.40866	235.40755	-30.087605	-1043.1831	-298.88235	170.48936	-53.098328	-617.1901	100.0	100.0	262499	134.51163	86.42518	359.43768	-370.05582	-138.31427	74.356544	2259.4944710731506
176	-195.4061	73.06485	-80.10005	-308.96582	-335.57358	148.31769	-104.968315	-678.96027	100.0	100.0	263999	137.82626	87.97974	373.0223	-375.53714	-141.58205	74.66986	2272.372230052948
177	-380.54123	200.71327	-152.8243	-888.85266	-306.41287	146.02536	-134.60829	-655.7957	100.0	100.0	265499	141.82327	88.89057	373.51434	-433.94797	-145.68423	78.8606	2285.5227661132812
178	-268.46652	131.61166	-166.7288	-586.91614	-295.54553	208.72249	-85.720955	-876.03156	100.0	100.0	266999	146.1928	90.6578	385.51105	-442.56073	-150.0956	81.22927	2298.414391040802
179	-284.63156	118.17573	-157.90224	-609.6446	-323.70746	130.75348	-116.12274	-536.9151	100.0	100.0	268499	151.28001	90.8671	393.11823	-399.19904	-155.15279	81.05059	2311.377382993698
180	-369.1532	221.16763	-79.97323	-838.3897	-309.94678	165.8171	-77.86668	-597.8393	100.0	100.0	269999	155.84769	91.54123	388.25793	-482.55496	-159.88487	83.37456	2324.619349002838
181	-265.2669	111.64489	-54.626755	-452.5607	-244.67285	86.39497	-90.887115	-353.6757	100.0	100.0	271499	161.53305	91.97637	393.12625	-428.98236	-165.47649	81.51106	2337.4787521362305
182	-347.73	251.5472	-45.67014	-915.00726	-326.34363	154.741	-128.98703	-543.3279	100.0	100.0	272999	166.48236	92.25375	400.5675	-406.4982	-170.56165	77.47859	2350.7031750679016
183	-287.28293	96.73347	-151.70917	-504.83728	-225.85217	111.765755	-34.513847	-397.8981	100.0	100.0	274499	171.81693	93.29003	407.10632	-450.1525	-175.80388	77.89177	2363.8196420669556
184	-255.2473	160.07127	-70.67047	-711.9902	-151.01213	79.324066	-55.472797	-295.35938	100.0	100.0	275999	176.4086	92.786514	408.69333	-508.04388	-180.48225	78.42218	2376.795578956604
185	-284.51114	129.72296	-137.79402	-500.1566	-235.53569	112.6083	-31.588058	-396.70392	100.0	100.0	277499	182.07895	93.11556	415.01743	-382.7304	-186.23738	79.65373	2389.8209660053253
186	-250.39606	113.95643	-40.677563	-472.28958	-264.69427	178.94649	-84.57642	-767.49677	100.0	100.0	278999	187.6035	92.20994	423.90988	-382.1065	-191.64874	77.85552	2403.1040830612183
187	-247.08054	104.99292	-93.23809	-439.63647	-299.59787	171.14626	-81.606606	-693.0027	100.0	100.0	280499	191.61841	91.598236	426.06216	-428.5805	-195.6474	75.74055	2416.266160964966
188	-248.8721	126.13622	-60.160656	-583.4977	-320.63828	280.70486	-67.82579	-941.92377	100.0	100.0	281999	195.86676	91.55085	430.73648	-363.87155	-199.84706	77.94024	2429.378765106201
189	-217.60098	101.66918	-47.87773	-462.58264	-343.9167	299.5574	-47.7274	-1128.3096	100.0	100.0	283499	199.17557	91.60725	435.18277	-361.9034	-203.05457	76.79125	2442.4707469940186
190	-231.6148	106.090645	-83.501045	-538.9273	-287.36066	189.4418	-17.264294	-656.9148	100.0	100.0	284999	202.47978	92.638245	434.93353	-356.65967	-206.32874	79.114136	2455.6534762382507
191	-303.66885	119.11333	-152.62643	-500.14236	-287.07172	122.732834	-143.90068	-476.05008	100.0	100.0	286499	205.14273	92.76948	440.1454	-376.84018	-209.0013	77.85455	2468.733026266098
192	-267.8087	128.20679	-25.851427	-491.78708	-309.82742	92.05478	-167.73207	-504.2448	100.0	100.0	287999	207.74396	93.1397	451.1404	-407.18045	-211.58359	75.06546	2481.8575870990753
193	-304.84332	166.38008	-50.528908	-607.3212	-258.46844	153.61858	-73.2006	-638.8767	100.0	100.0	289499	210.62125	93.119934	464.54324	-347.73334	-214.50737	76.74479	2494.8510620594025
194	-331.92422	238.88086	-60.989273	-936.27	-321.13876	115.92064	-152.18637	-495.30045	100.0	100.0	290999	213.0032	94.279396	473.48373	-316.5016	-216.94812	77.10767	2507.7572100162506
195	-347.35617	194.93582	-120.947495	-916.36664	-261.02197	99.88358	-147.6395	-433.93622	100.0	100.0	292499	216.8954	95.15321	484.88538	-304.13626	-220.93219	78.75191	2520.6347091197968
196	-205.61942	82.47914	-93.28528	-343.98993	-216.81161	121.213905	-70.5059	-419.509	100.0	100.0	293999	221.26353	95.398926	491.28333	-324.2721	-225.23796	78.66952	2533.427800178528
197	-248.94597	164.08778	-62.62062	-749.97406	-212.76228	87.387344	-126.26322	-370.26663	100.0	100.0	295499	223.93219	95.93416	500.0547	-305.6022	-227.71552	79.60889	2546.34641122818
198	-257.05142	134.53113	-77.27195	-569.96576	-170.15417	105.10251	-38.976902	-449.60913	100.0	100.0	296999	226.06488	95.95475	509.1834	-309.14194	-229.8985	78.83412	2559.450380086899
199	-264.42133	149.67705	-45.4651	-464.17645	-317.28485	155.93398	-114.8824	-596.6423	100.0	100.0	298499	228.01929	95.85655	520.2879	-343.41586	-231.78427	76.6013	2572.581633090973
200	-246.55452	141.49837	-60.686203	-677.8953	-255.74081	124.26296	-76.9811	-510.64606	100.0	100.0	299999	229.89987	95.9521	526.70776	-334.85205	-233.67317	79.180756	2585.7034859657288
201	-294.7528	188.25194	-128.71498	-794.2701	-252.33379	74.72542	-130.56357	-362.91898	100.0	100.0	301499	232.41122	96.604866	530.936	-289.96112	-236.254	80.42724	2598.914442062378
202	-248.08186	99.70793	-54.453865	-403.13562	-306.13885	150.51097	-108.12781	-519.71204	100.0	100.0	302999	234.00032	97.41034	536.0999	-273.0889	-237.65454	82.07247	2612.0073890686035
203	-326.33713	207.71738	-64.64883	-935.9664	-272.15027	190.51651	-93.86669	-741.6912	100.0	100.0	304499	234.54338	96.8137	534.58966	-287.305	-238.20596	77.74044	2625.04838514328
204	-258.18134	132.35594	-48.345146	-553.7185	-287.67444	163.61182	-89.65482	-678.0287	100.0	100.0	305999	235.48149	96.70077	539.87	-312.7545	-239.14777	79.68934	2638.043556213379
205	-299.86057	224.3116	-56.422672	-999.22974	-257.3832	135.63347	-81.371056	-499.44144	100.0	100.0	307499	236.61984	96.80639	541.6416	-309.39597	-240.37192	76.98256	2651.3932490348816
206	-225.9857	109.33265	-96.02203	-484.62732	-259.16995	152.15656	-53.72512	-599.5698	100.0	100.0	308999	237.7336	96.299065	542.0237	-357.52533	-241.4713	77.32298	2664.5310292243958
207	-331.9721	141.60674	-154.1015	-659.706	-319.9671	139.94516	-199.63727	-680.79205	100.0	100.0	310499	239.0009	96.46147	539.53204	-388.8695	-242.77817	76.77	2677.691987991333
208	-316.23105	170.54762	-96.79634	-815.27765	-303.89178	134.0185	-151.41202	-577.3572	100.0	100.0	311999	240.5102	96.3705	545.29944	-317.6737	-244.29558	76.47288	2690.8583340644836
209	-335.03513	200.77582	-53.903473	-707.6999	-249.91536	90.37883	-148.96248	-447.96042	100.0	100.0	313499	242.08379	96.84931	540.10126	-278.5381	-245.8393	73.763054	2704.156461238861
210	-212.2037	126.6806	-89.1049	-598.69305	-299.50165	129.98526	-60.03355	-445.26648	100.0	100.0	314999	243.27219	97.603905	538.6945	-315.8917	-247.12933	77.34291	2717.3201100826263
211	-268.22037	92.530266	-108.47843	-437.3883	-309.35474	161.00522	-91.23804	-665.1863	100.0	100.0	316499	245.32918	97.354546	537.97797	-312.3301	-249.05325	76.87243	2730.383065223694
212	-293.14502	231.95433	-113.33347	-1074.6565	-243.34697	120.24277	-49.639656	-441.2165	100.0	100.0	317999	246.04776	95.50162	527.0919	-296.62952	-249.72313	75.67033	2743.3629400730133
213	-278.12302	95.85389	-145.77133	-525.85767	-345.0224	188.68655	-136.82094	-654.78986	100.0	100.0	319499	247.39731	93.308426	524.63654	-289.9607	-251.09529	72.45154	2756.462456226349
214	-265.11267	127.1542	-103.46463	-559.6007	-329.91696	174.56596	-142.93777	-713.3395	100.0	100.0	320999	247.68993	92.43943	521.307	-256.45834	-251.32283	75.437584	2769.4591891765594
215	-334.91547	179.20026	-42.131664	-625.13763	-287.37653	219.76291	-111.537315	-875.10126	100.0	100.0	322499	247.8016	91.09877	515.7003	-296.87958	-251.43564	74.99342	2782.690685033798
216	-247.46146	177.46976	-50.931454	-665.73315	-350.00143	224.35681	-128.95546	-809.5081	100.0	100.0	323999	247.51811	90.786064	512.6966	-283.57968	-251.08012	70.815636	2796.415521144867
217	-276.58963	113.10906	-23.070719	-493.88336	-229.8381	120.219124	-27.19185	-486.83893	100.0	100.0	325499	247.03139	89.61499	508.84946	-286.68887	-250.60825	68.91577	2809.9540359973907
218	-318.87555	257.799	-48.079124	-1058.6157	-370.5266	197.7985	-47.642906	-710.1933	100.0	100.0	326999	246.75534	88.927956	508.01508	-246.5415	-250.28899	71.66773	2822.8625009059906
219	-305.3219	107.24214	-132.40924	-450.2091	-308.9804	166.28311	-64.7294	-595.10547	100.0	100.0	328499	245.76463	88.11689	504.76248	-313.44342	-249.34386	69.988144	2836.0503849983215
220	-261.46783	128.57173	-76.48434	-526.00354	-280.91495	137.80116	-66.68999	-472.0512	100.0	100.0	329999	245.66882	87.10935	504.01807	-257.1876	-249.13129	72.62076	2849.1222591400146
221	-336.5177	237.83644	-91.43768	-987.8535	-233.86504	213.73042	-25.357912	-778.62933	100.0	100.0	331499	244.3753	85.781166	490.71082	-312.1021	-247.71185	70.89984	2862.3737280368805
222	-296.99768	167.67479	-83.188965	-655.3632	-209.5636	109.61381	-46.986134	-390.5813	100.0	100.0	332999	243.99202	84.600266	493.19888	-306.04364	-247.64821	74.77397	2875.4063019752502
223	-325.05988	185.72205	-129.10413	-854.19525	-337.39825	216.09634	-63.912018	-827.30725	100.0	100.0	334499	244.69232	83.27708	491.79727	-255.74889	-248.2269	71.518684	2888.431858062744
224	-295.52435	116.8341	-131.30614	-599.65906	-264.04678	127.776405	-23.98212	-396.84427	100.0	100.0	335999	245.32027	82.39159	489.92474	-243.8597	-248.90709	73.31009	2901.48379611969
225	-243.7669	106.94429	-117.7021	-520.5029	-314.3023	263.66992	-87.85677	-1069.903	100.0	100.0	337499	246.11047	83.308334	486.67322	-248.7193	-249.74258	70.19904	2914.573613166809
226	-256.29025	127.83465	-89.61893	-565.15796	-388.50693	237.45204	-127.63036	-980.57764	100.0	100.0	338999	246.49551	83.69872	484.52527	-218.05566	-250.09256	71.94314	2927.6327402591705
227	-236.65501	126.48907	-79.48395	-464.9616	-299.12592	89.596985	-177.17397	-490.69516	100.0	100.0	340499	247.99615	84.24494	482.23386	-260.74826	-251.57309	70.33818	2940.561161994934
228	-309.58124	165.64285	-86.994354	-717.0591	-286.018	189.2741	-15.49704	-653.2378	100.0	100.0	341999	248.2192	85.23429	478.15128	-229.15794	-251.84676	72.942955	2953.614841938019
229	-267.284	138.21059	-52.652424	-541.53815	-186.13992	74.292725	-47.30007	-313.7577	100.0	100.0	343499	249.80603	86.36578	472.87045	-297.0063	-253.4955	75.102	2966.577529191971
230	-315.65204	146.6223	-92.979965	-639.6829	-209.82312	128.14876	-80.79639	-480.14963	100.0	100.0	344999	250.72803	86.603455	477.5446	-320.0403	-254.395	72.65124	2979.533753156662
231	-196.69191	108.47141	-40.755943	-421.257	-229.68872	121.228325	-96.61494	-483.40057	100.0	100.0	346499	251.91849	87.01975	474.2909	-272.13977	-255.6456	73.964745	2992.4797151088715
232	-188.87733	78.858505	-36.920406	-372.28046	-208.33743	121.92123	-78.76931	-412.51236	100.0	100.0	347999	252.6426	86.90229	471.9799	-303.11777	-256.09137	73.30468	3005.5567729473114
233	-325.20508	167.03464	-93.34777	-729.056	-233.90723	77.87618	-112.08759	-361.2723	100.0	100.0	349499	252.4608	87.423676	472.085	-301.84448	-255.97093	71.04226	3018.6454989910126
234	-327.89288	194.36772	-77.96524	-831.91486	-208.5645	73.33533	-106.65627	-341.37924	100.0	100.0	350999	252.04936	88.25615	476.67328	-232.3697	-255.55139	71.63339	3031.6047792434692
235	-244.68057	78.94697	-129.39671	-398.16818	-276.66092	119.28759	-72.95088	-450.91528	100.0	100.0	352499	251.84451	88.76032	473.5034	-268.31448	-255.39688	69.58548	3044.6475982666016
236	-298.2132	160.33963	-53.402958	-639.81415	-287.38983	118.60309	-75.412544	-448.0628	100.0	100.0	353999	251.91829	90.48084	486.15594	-366.062	-255.50764	71.50892	3057.606903076172
237	-184.99005	83.532425	-68.0536	-353.56342	-220.98328	84.86817	-84.99622	-396.68665	100.0	100.0	355499	252.2826	90.48003	482.36258	-306.85474	-255.73608	69.54836	3070.5706911087036
238	-291.62073	99.99776	-104.24227	-499.50623	-248.88408	151.29529	-15.972239	-513.9237	100.0	100.0	356999	251.81955	91.27488	476.8393	-315.15283	-255.30438	69.40368	3083.649476289749
239	-246.81981	126.1773	-56.019424	-494.13278	-257.52695	122.70422	-144.40987	-494.18576	100.0	100.0	358499	251.11974	91.38185	483.9775	-247.59235	-254.64217	69.21225	3096.6755771636963
240	-267.51422	161.74036	-41.028244	-676.10706	-215.33438	132.97383	-74.80329	-483.77173	100.0	100.0	359999	251.8308	91.97537	488.15448	-282.63443	-255.54124	68.34209	3109.632494211197
241	-257.59787	158.31154	-60.8465	-665.4329	-308.77408	133.04471	-160.39157	-581.32135	100.0	100.0	361499	253.33846	91.81237	490.12314	-259.51602	-257.00238	67.42103	3122.677052974701
242	-283.43033	135.39432	-89.38159	-560.4278	-265.24695	93.67772	-104.30668	-386.21014	100.0	100.0	362999	253.86406	91.45454	496.09283	-227.46976	-257.52493	69.06738	3135.768893957138
243	-317.67282	174.59428	-86.68583	-712.2865	-338.4707	196.79758	-34.490852	-756.36707	100.0	100.0	364499	254.72725	91.880974	492.27734	-282.76126	-258.22287	67.51115	3149.0498530864716
244	-292.25894	195.67146	-45.75614	-745.0482	-195.98862	121.10263	-71.35556	-432.13593	100.0	100.0	365999	254.30418	91.352905	499.60672	-282.01892	-257.79547	67.40248	3162.198669195175
245	-312.37756	145.61636	-120.40634	-667.22076	-256.87036	117.101944	-103.52355	-462.57605	100.0	100.0	367499	253.69568	90.327675	488.0161	-258.65546	-257.0368	65.3097	3175.331584215164
246	-270.6282	200.74171	-16.650362	-833.54584	-337.77756	234.49677	-93.137825	-792.17706	100.0	100.0	368999	252.46983	89.01417	480.9434	-308.90472	-255.85396	63.162964	3189.48343706131
247	-282.1169	110.450325	-82.64543	-458.84064	-357.99872	209.47774	-107.75248	-889.0094	100.0	100.0	370499	251.55669	88.36936	472.8936	-244.67212	-255.07271	65.473045	3202.583482980728
248	-320.52057	150.98067	-73.821884	-594.2967	-232.89755	87.32752	-58.218475	-393.1846	100.0	100.0	371999	250.39645	86.870964	470.02335	-286.04483	-253.76712	62.03876	3215.5383512973785
249	-353.61176	161.73923	-138.68517	-711.69293	-351.89526	183.44876	-87.38822	-649.04974	100.0	100.0	373499	249.4004	85.33982	458.99026	-297.5335	-252.68362	63.459816	3228.607887983322
250	-378.93857	243.64894	-96.21198	-1067.934	-277.3186	162.26299	-43.93397	-600.3275	100.0	100.0	374999	247.73766	83.57103	450.94754	-286.8968	-251.178	60.849686	3241.6366028785706
251	-293.35007	195.78397	-106.69177	-847.2084	-315.53058	190.77171	-133.54276	-718.5413	100.0	100.0	376499	246.71259	82.64289	441.80676	-326.82446	-250.07834	61.45948	3254.734742164612
252	-252.01907	160.00223	-72.99827	-660.9988	-256.89648	109.399574	-68.20884	-512.9419	100.0	100.0	377999	246.52187	81.324455	437.7835	-293.27945	-250.04921	61.25075	3267.682680130005
253	-247.3065	141.60323	-61.022682	-587.5187	-285.4926	121.72347	-65.6876	-489.53964	100.0	100.0	379499	247.22914	79.92218	435.8835	-277.82693	-250.81696	63.0749	3281.0069930553436
254	-310.7762	153.88673	-129.02708	-658.2008	-332.96722	225.2526	-5.024077	-734.73755	100.0	100.0	380999	247.59917	79.4509	432.64774	-369.52103	-251.18327	64.50234	3294.1168870925903
255	-289.53943	87.42847	-109.14164	-401.6141	-285.783	106.72431	-103.463326	-532.918	100.0	100.0	382499	247.5992	78.64588	431.0995	-318.78305	-251.03711	63.76256	3307.100332260132
256	-244.66707	111.30787	-85.76045	-480.39767	-174.44566	67.13675	-95.03706	-318.65012	100.0	100.0	383999	247.88019	78.34388	424.52768	-301.76224	-251.44817	61.320717	3320.196401119232
257	-269.78928	146.34686	-71.50064	-682.9148	-283.76654	92.435844	-166.4021	-462.31412	100.0	100.0	385499	248.79562	78.013115	415.7861	-326.96036	-252.42017	61.49639	3333.081344127655
258	-303.21637	196.73048	-81.05353	-704.41077	-323.3696	178.87321	-60.84599	-579.68945	100.0	100.0	386999	249.24072	78.49563	411.36343	-331.24393	-252.74657	63.027447	3346.2165400981903
259	-289.92294	155.39711	-129.9073	-779.2375	-223.65681	167.03145	-83.017845	-674.7198	100.0	100.0	388499	248.83144	79.60872	411.19873	-371.16504	-252.34773	62.809975	3359.0385313034058
260	-324.2134	194.48997	-142.92949	-841.91437	-270.81967	135.76598	-10.715796	-543.7853	100.0	100.0	389999	249.2611	80.563065	409.27554	-361.98465	-252.80394	64.6417	3372.121467113495
261	-225.01044	114.17988	-64.578285	-493.86212	-418.25552	185.01317	-97.21165	-702.69763	100.0	100.0	391499	249.1063	81.94524	412.571	-353.66272	-252.5196	63.210636	3384.963814020157
262	-264.36865	142.72691	-76.78729	-641.53516	-255.95866	117.27984	-91.98606	-517.6237	100.0	100.0	392999	248.57326	83.448456	417.47253	-392.5694	-251.97758	65.185646	3397.927344083786
263	-184.28012	97.74111	-74.06154	-384.54865	-387.98026	178.4842	-58.937717	-663.8083	100.0	100.0	394499	248.80107	85.86016	433.0021	-361.25742	-252.36147	66.32574	3411.0151381492615
264	-298.41174	169.85837	-28.403698	-653.4903	-454.32343	320.21182	-197.38152	-1296.7291	100.0	100.0	395999	249.3559	88.12809	439.13852	-357.59418	-252.90039	65.534	3424.4301068782806
265	-287.04825	233.36029	-48.22037	-836.0008	-306.30896	128.24803	-148.88509	-529.4005	100.0	100.0	397499	250.31557	89.59208	444.03223	-374.77847	-253.83588	66.93963	3437.5280861854553
266	-268.83	164.32957	-43.417236	-552.0689	-359.25284	209.1763	-152.75325	-801.95386	100.0	100.0	398999	251.42424	91.66968	446.0034	-346.48242	-255.06187	66.4926	3450.705945968628
267	-262.61456	87.17641	-93.33819	-411.5388	-283.7464	107.24817	-99.55477	-470.94138	100.0	100.0	400499	253.78566	93.23689	452.00534	-346.59933	-257.54532	69.33431	3464.036339044571
268	-279.4138	126.442696	-96.24913	-582.70935	-300.7674	96.831314	-117.58891	-500.3849	100.0	100.0	401999	256.5623	94.994934	459.32523	-319.60852	-260.4267	68.809044	3477.189779996872
269	-333.17477	220.11644	-71.126595	-835.9002	-396.19122	373.29315	-75.21718	-1391.6163	100.0	100.0	403499	260.16437	95.59699	475.3744	-319.47345	-264.024	68.72172	3490.1771540641785
270	-237.81242	123.09196	-51.03788	-468.2206	-338.78903	191.6054	-39.165737	-632.84326	100.0	100.0	404999	263.11652	97.10088	484.94412	-378.17392	-267.06107	69.84363	3503.086433172226
271	-264.6353	96.88693	-90.90165	-486.0753	-216.47774	147.39468	-79.56883	-613.75885	100.0	100.0	406499	267.47678	98.1018	495.90662	-362.59113	-271.3589	70.32796	3515.9646151065826
272	-280.7126	126.46931	-116.02595	-567.0993	-237.32532	112.18077	-135.77686	-545.55865	100.0	100.0	407999	271.1098	98.60658	500.49493	-346.0896	-275.0624	69.51361	3528.9542801380157
273	-278.25543	155.17319	-54.481216	-639.02124	-332.04947	136.13718	-117.3535	-535.9024	100.0	100.0	409499	274.21738	98.33206	505.45352	-325.06842	-277.99316	68.561134	3541.897001028061
274	-325.14795	176.94441	-121.710655	-855.68365	-280.14417	138.72502	-146.63358	-560.36414	100.0	100.0	410999	276.56625	97.87757	512.7687	-300.9834	-280.34418	66.97035	3554.9456629753113
275	-262.52426	166.79419	-27.213564	-770.67377	-292.02875	160.21008	-118.009834	-630.62006	100.0	100.0	412499	279.49667	98.23572	520.2904	-303.37808	-283.37567	66.69017	3568.167596101761
276	-255.2548	149.14827	-84.031876	-633.3439	-411.91714	241.34277	-202.24323	-1103.2562	100.0	100.0	413999	281.15817	98.43148	530.36957	-318.43332	-284.85056	67.99525	3581.1791319847107
277	-272.43118	192.49733	-48.62373	-741.5545	-233.67502	157.20346	-90.75933	-530.00977	100.0	100.0	415499	281.29724	98.22887	530.76697	-328.58267	-284.77847	65.36966	3594.2361822128296
278	-216.06197	116.27553	-99.44012	-456.6125	-280.76627	202.43236	-110.41872	-824.6729	100.0	100.0	416999	281.65512	97.794136	533.96387	-306.5554	-285.12097	62.781887	3607.2161989212036
279	-237.71617	140.545	-104.29517	-624.24255	-285.00452	257.02167	-27.245209	-931.57404	100.0	100.0	418499	280.5993	97.143	535.09045	-302.2115	-284.03357	66.48648	3620.0740110874176
280	-234.36052	137.11201	-86.92991	-549.60736	-300.98364	160.39737	-123.4247	-724.67664	100.0	100.0	419999	279.99695	96.54928	534.67096	-288.47867	-283.41357	64.69737	3633.1401438713074
281	-304.3162	177.76317	-113.21933	-661.3707	-248.61563	94.76974	-124.80489	-420.18365	100.0	100.0	421499	279.36053	95.94755	532.5308	-332.56146	-282.85086	63.77277	3646.334009170532
282	-254.31737	124.312355	-58.835777	-562.4347	-317.2431	161.88022	-121.81419	-699.4363	100.0	100.0	422999	279.48114	96.141655	528.63824	-308.74445	-282.9903	63.54612	3659.4905779361725
283	-242.91766	96.757744	-111.64912	-465.73624	-348.4128	181.42297	-142.10278	-724.30206	100.0	100.0	424499	280.37766	95.30956	521.25604	-335.4894	-283.91983	63.540127	3672.556846141815
284	-291.86923	159.56468	-14.129327	-635.99023	-247.29375	109.272934	-68.01401	-407.66464	100.0	100.0	425999	279.8593	94.80855	518.50226	-321.19754	-283.36453	63.505123	3685.794555902481
285	-300.95932	120.26583	-61.2706	-497.47937	-266.43976	108.27279	-120.05368	-492.39508	100.0	100.0	427499	279.61798	95.82422	514.59216	-336.29227	-282.99576	64.45005	3698.8716151714325
286	-230.44289	148.983	-43.809464	-642.04755	-202.25797	74.76601	-106.28919	-349.65646	100.0	100.0	428999	279.0933	95.40112	510.04413	-293.8131	-282.578	66.490036	3711.8523609638214
287	-308.68982	213.5327	-130.72829	-1002.33563	-231.51591	107.9613	-52.74122	-403.2777	100.0	100.0	430499	279.49982	95.74149	503.1823	-322.8753	-283.0534	64.91852	3724.881044149399
288	-261.54037	97.83683	-46.833416	-440.90863	-283.15152	110.094925	-78.8179	-474.51218	100.0	100.0	431999	279.15982	95.34558	498.78918	-297.02786	-282.55237	64.94427	3737.9282121658325
289	-339.4746	240.16394	-99.657585	-1051.2375	-332.268	131.80061	-142.59743	-551.6482	100.0	100.0	433499	279.69577	94.10708	493.40372	-299.78967	-283.20612	64.19064	3750.965674161911
290	-290.52005	175.09325	-124.45759	-657.1631	-342.18567	205.03833	-36.314358	-699.716	100.0	100.0	434999	279.9955	94.70227	489.99673	-256.78754	-283.48978	63.081085	3764.57870221138
291	-245.81602	96.92897	-103.33335	-481.8968	-271.22333	174.21458	-50.302277	-583.3135	100.0	100.0	436499	279.19183	94.0532	484.09283	-341.62054	-282.5737	61.58172	3777.5145511627197
292	-222.84142	80.89469	-86.23809	-367.79785	-249.4506	122.548035	-30.141365	-442.62604	100.0	100.0	437999	278.82697	93.44886	481.0393	-346.5686	-282.21536	61.959644	3790.489448070526
293	-302.62988	132.88425	-90.46288	-500.02588	-315.27597	130.30072	-148.80725	-521.54364	100.0	100.0	439499	277.98807	93.05867	476.06067	-342.7953	-281.3659	60.952423	3803.6118669509888
294	-261.31775	150.67252	-122.0355	-619.3791	-191.60463	132.25708	-68.870865	-494.25488	100.0	100.0	440999	277.4997	92.95915	471.30405	-317.97223	-280.91843	60.926464	3816.7281470298767
295	-231.55399	96.479996	-69.79789	-436.1769	-190.91043	123.658775	-69.146904	-508.06827	100.0	100.0	442499	277.8092	92.90163	475.94974	-301.43622	-281.28467	61.273228	3829.7539751529694
296	-280.1868	147.073	-62.250134	-521.1538	-193.03993	68.77022	-55.359787	-266.11234	100.0	100.0	443999	277.53793	93.02322	475.86276	-320.6208	-280.95108	62.0153	3842.761199951172
297	-297.75784	134.67839	-77.770966	-609.4553	-266.2315	92.892654	-96.824326	-433.51605	100.0	100.0	445499	277.07755	92.029106	471.1834	-319.3462	-280.34128	61.855694	3855.714812040329
298	-321.07706	168.68549	-80.94804	-618.84985	-263.66373	156.66948	-104.45292	-681.43317	100.0	100.0	446999	275.11673	90.90853	470.99225	-249.19217	-278.3484	62.46134	3868.876536130905
299	-256.9395	131.18729	-88.142654	-582.9106	-240.13261	80.71671	-155.98001	-396.65625	100.0	100.0	448499	273.79443	89.82799	462.51453	-282.32648	-276.9253	60.78113	3881.8117372989655
300	-246.4754	103.852135	-59.10982	-409.5007	-288.04926	120.15495	-96.43398	-489.07367	100.0	100.0	449999	270.40878	89.31664	460.78406	-258.62488	-273.45407	60.184822	3895.033317089081
301	-329.33752	176.84096	-88.32904	-812.84784	-274.51297	161.48953	-132.4451	-658.70654	100.0	100.0	451499	266.9943	88.6386	458.43768	-307.322	-269.94858	61.05283	3908.227844953537
302	-224.1993	107.10654	-72.3836	-462.76785	-316.48914	149.75441	-69.73915	-517.69525	100.0	100.0	452999	263.00043	87.96215	451.38452	-315.8624	-265.88242	61.3036	3921.2462520599365
303	-270.89334	206.20552	-73.98455	-760.9461	-305.12628	181.01042	-34.676197	-710.449	100.0	100.0	454499	259.56244	86.527115	445.02646	-310.5228	-262.40002	62.36612	3934.5254049301147
304	-361.53564	140.88223	-165.90155	-592.47406	-273.77435	149.13275	-84.22762	-494.38928	100.0	100.0	455999	256.24442	85.25407	441.03397	-350.55225	-259.23416	60.65335	3947.8748800754547
305	-269.95828	106.68256	-46.519905	-414.0471	-233.59529	81.13505	-127.87317	-392.84912	100.0	100.0	457499	253.6909	84.99301	436.2912	-289.2265	-256.61288	60.409397	3960.9306211471558
306	-245.36844	132.28464	-74.921555	-466.42148	-346.94412	182.05988	-65.7028	-618.8615	100.0	100.0	458999	250.43433	84.499626	435.171	-284.60455	-253.35529	58.249866	3973.8736011981964
307	-262.7387	142.7769	-51.954514	-638.60693	-469.02213	317.88727	-119.01141	-1150.002	100.0	100.0	460499	247.2546	85.126595	427.1278	-308.03827	-250.0605	58.510166	3986.9430980682373
308	-270.99112	165.24327	-46.968224	-664.51337	-397.14316	233.73785	-107.350174	-813.6181	100.0	100.0	461999	243.76048	84.95124	424.421	-370.8804	-246.55966	58.586647	4000.07120013237
309	-375.7616	183.14249	-74.34335	-754.9561	-374.70224	183.40326	-60.85645	-686.3547	100.0	100.0	463499	240.0621	85.27309	422.51245	-396.03067	-242.87587	58.845062	4013.0996282100677
310	-301.23093	124.32866	-146.05486	-560.70233	-279.58664	150.84892	-100.3354	-606.9418	100.0	100.0	464999	237.03139	84.99992	424.74286	-384.6753	-239.83992	59.963673	4026.2049181461334
311	-277.47763	144.6089	-77.49333	-589.3197	-375.75885	199.49777	-210.40646	-890.5553	100.0	100.0	466499	233.81927	85.29682	420.43726	-261.21384	-236.7005	60.591	4039.297119140625
312	-310.88248	146.5325	-71.73142	-525.7923	-233.71204	180.24673	-57.073097	-721.7877	100.0	100.0	467999	231.62944	84.21403	424.52057	-414.86127	-234.59702	58.795055	4052.553843021393
313	-286.97153	110.83463	-167.86311	-595.3103	-242.71997	61.44825	-142.26288	-344.702	100.0	100.0	469499	230.05699	83.46444	425.71616	-327.7033	-232.99562	60.184048	4065.953817129135
314	-282.35794	152.73517	-51.272854	-591.71344	-284.05942	58.094128	-208.95416	-398.08618	100.0	100.0	470999	228.62473	82.54831	419.5642	-340.14572	-231.70598	59.96644	4079.107416152954
315	-295.18018	119.292885	-113.73285	-496.16498	-257.1802	99.32067	-127.97981	-474.2159	100.0	100.0	472499	227.75354	81.55474	416.95547	-308.3046	-230.89496	60.497463	4092.0364320278168
316	-247.80614	157.2722	-65.04437	-722.4794	-281.15497	161.25874	-162.26913	-680.3116	100.0	100.0	473999	227.1872	80.68009	422.14737	-287.35513	-230.26369	58.83073	4105.215492248535
317	-220.58073	104.6786	-65.395546	-424.19806	-236.92068	108.194336	-101.39645	-402.11368	100.0	100.0	475499	226.78368	80.59427	434.25204	-262.78955	-229.94171	60.87935	4118.400905132294
318	-336.04526	144.65965	-143.35533	-640.3938	-234.7778	135.03773	-138.30574	-629.98285	100.0	100.0	476999	226.59566	79.26577	429.2849	-326.94437	-229.63374	59.346825	4131.653723955154
319	-256.96136	115.98748	-67.04401	-534.55664	-254.40051	122.05639	-93.75691	-421.27597	100.0	100.0	478499	225.14648	78.16115	424.89594	-312.26535	-228.19383	59.326405	4146.565826177597
320	-219.73726	103.37811	-32.49118	-481.03973	-259.58652	178.41956	-104.014694	-679.16113	100.0	100.0	479999	225.40155	77.21198	429.37302	-333.13538	-228.56969	60.57653	4159.748292207718
321	-311.52136	203.47594	-123.37627	-799.1637	-206.29285	92.05585	-6.985243	-355.05875	100.0	100.0	481499	225.27539	76.67908	425.12106	-305.15433	-228.33138	59.663723	4172.9844291210175
322	-260.2961	153.85886	-55.96979	-623.5086	-274.6022	155.7845	-106.873695	-572.84503	100.0	100.0	482999	224.97995	76.21679	419.9862	-285.4237	-228.24413	59.452145	4186.0289940834045
323	-200.3625	74.30338	-97.13961	-336.01898	-280.80743	120.047	-34.31386	-461.3918	100.0	100.0	484499	225.5193	76.0645	417.15103	-261.39355	-228.77396	60.641605	4198.998378038406
324	-269.88486	200.41046	-122.461235	-902.71466	-253.96555	174.08038	-96.76048	-640.63824	100.0	100.0	485999	225.986	76.08944	412.093	-319.10065	-229.18454	56.50003	4211.880406141281
325	-291.2962	195.97575	-77.8765	-773.95764	-293.36224	148.83154	-137.18848	-681.8367	100.0	100.0	487499	226.83904	75.96532	411.8698	-286.15244	-230.22438	56.695316	4224.970657110214
326	-242.72978	131.14859	-36.502655	-510.5576	-300.11157	221.79338	-88.37855	-804.72974	100.0	100.0	488999	228.43877	76.30723	409.2244	-277.8954	-231.71979	56.33476	4238.295980215073
327	-232.4001	124.74721	-71.73259	-417.31323	-237.85635	115.300476	-20.557243	-354.44702	100.0	100.0	490499	228.46198	75.97094	406.0936	-256.66077	-231.60179	56.66775	4251.325165271759
328	-290.36032	154.7501	-110.75746	-703.61676	-192.90454	106.02758	-57.242397	-382.7985	100.0	100.0	491999	228.70142	76.19962	425.8945	-270.34808	-231.89627	55.434635	4264.214573144913
329	-302.3627	138.3639	-101.55966	-586.5068	-304.94507	113.39064	-92.56441	-466.9581	100.0	100.0	493499	228.38744	76.67374	435.50485	-247.2477	-231.48842	55.02481	4276.9747931957245
330	-322.43445	104.0732	-125.67371	-559.99524	-199.33032	102.19252	-73.93506	-389.43872	100.0	100.0	494999	228.41283	77.25941	439.18442	-248.4418	-231.58917	55.08851	4290.160521030426
331	-268.8713	76.94916	-119.40743	-376.02347	-328.63132	310.78235	-100.12371	-1219.5679	100.0	100.0	496499	228.39003	77.14739	444.2447	-270.02756	-231.59569	55.674755	4303.189559221268
332	-245.72993	134.82845	-41.0458	-521.2116	-259.89923	96.09752	-120.534485	-425.2559	100.0	100.0	497999	228.98819	77.68652	448.32465	-251.93471	-232.22658	55.089306	4316.324090957642
333	-225.74374	102.75695	-49.34537	-353.6082	-278.4876	118.64827	-42.548893	-443.0815	100.0	100.0	499499	229.28174	77.65681	452.7698	-248.67595	-232.4634	56.10602	4329.382881164551
334	-237.64255	113.525375	-72.252365	-388.33044	-301.53925	82.86863	-200.51175	-429.30838	100.0	100.0	500999	228.54602	78.541	456.82693	-261.28888	-231.60721	56.992428	4342.560424089432
335	-228.65277	79.793526	-124.21983	-383.9975	-202.88197	99.88829	-17.71082	-382.01077	100.0	100.0	502499	228.03304	78.03438	456.65915	-275.85794	-231.1316	57.621017	4355.6175491809845
336	-239.79059	73.75898	-78.50974	-347.39835	-351.25082	150.90584	-149.60834	-571.7822	100.0	100.0	503999	227.64424	78.40267	454.25833	-302.67047	-230.81026	58.421417	4368.943214178085
337	-212.7639	117.5696	-67.22092	-517.87866	-176.064	112.72743	-31.447428	-368.18448	100.0	100.0	505499	227.77986	79.0522	452.63336	-285.23395	-230.90567	55.552666	4382.0086879730225
338	-315.01202	139.78197	-96.94008	-664.00916	-287.77225	181.24489	-90.12498	-698.8504	100.0	100.0	506999	227.84991	79.64525	456.31055	-322.7873	-231.00296	57.139645	4394.995167016983
339	-290.9679	131.70729	-64.19973	-532.9135	-228.4836	110.38835	-78.88016	-408.14984	100.0	100.0	508499	227.69328	80.111855	451.60617	-309.5154	-230.83075	57.842625	4408.02299618721
340	-310.17484	137.1476	-89.44003	-596.5912	-253.11801	160.28957	-54.527195	-550.6868	100.0	100.0	509999	227.55789	79.46392	451.05847	-320.75266	-230.74756	56.050083	4421.0754680633545
341	-304.366	155.0517	-80.420044	-619.8668	-311.68033	177.16292	-57.50764	-693.75653	100.0	100.0	511499	227.55707	79.82621	446.66437	-261.91516	-230.76167	57.38824	4433.965001106262
342	-242.72125	165.53929	-54.9983	-638.36163	-363.44043	192.24904	-88.115395	-741.76874	100.0	100.0	512999	228.19531	79.74744	441.86758	-257.73334	-231.48975	56.4163	4446.876251935959
343	-245.64262	128.19786	-66.8756	-452.03152	-244.07785	88.51847	-82.253174	-403.13553	100.0	100.0	514499	228.95905	79.94169	445.76968	-268.04706	-232.14627	56.45087	4460.121235132217
344	-294.80508	159.22087	-69.001205	-720.1674	-336.4353	212.11417	-20.81725	-703.3178	100.0	100.0	515999	230.27672	80.45701	450.97266	-281.6479	-233.71156	55.647	4473.160495996475
345	-247.4681	170.90921	-73.43576	-753.5252	-166.92809	63.9678	-80.404106	-270.03683	100.0	100.0	517499	232.51048	80.588486	457.56088	-285.94116	-235.93567	55.94672	4486.210794210434
346	-227.81401	102.61446	-71.89272	-533.96136	-399.21158	310.6916	-50.84311	-1037.894	100.0	100.0	518999	234.97957	80.29272	468.97577	-312.2119	-238.35254	58.102386	4499.363440990448
347	-244.84494	113.205505	-54.74792	-492.31226	-325.34283	169.49344	-103.949844	-687.6859	100.0	100.0	520499	236.52496	80.56743	479.59534	-270.82758	-239.96944	58.239063	4512.351423025131
348	-240.98418	122.19088	-85.755844	-538.489	-365.7975	174.35164	-120.39348	-603.54224	100.0	100.0	521999	238.17503	80.18021	485.26166	-244.9788	-241.48859	56.431953	4525.391544103622
349	-266.72458	174.1526	-99.89732	-704.4776	-319.94055	140.24936	-165.94261	-607.44525	100.0	100.0	523499	239.60712	79.85427	488.1463	-266.19815	-242.96648	58.02104	4538.651973962784
350	-222.80766	94.653786	-75.45893	-378.30814	-250.12357	161.68294	-32.588554	-512.96765	100.0	100.0	524999	240.53427	78.89211	491.52466	-287.13828	-243.75116	56.35488	4551.690733194351
351	-245.0692	189.23419	-55.383682	-673.6651	-283.70828	242.63678	-33.358364	-916.12195	100.0	100.0	526499	241.08269	78.98106	503.76694	-254.11841	-244.40163	57.324375	4564.8709552288055
352	-277.12595	116.20014	-51.48875	-457.7269	-248.02231	113.76124	-106.263954	-417.42206	100.0	100.0	527999	241.17896	79.27814	503.52942	-241.45665	-244.34325	56.623775	4577.7742919921875
353	-277.55234	132.95125	-25.093166	-614.12024	-267.86536	106.1619	-120.874115	-466.30328	100.0	100.0	529499	241.47714	78.712746	497.3853	-268.755	-244.62524	56.07396	4590.952697992325
354	-254.83963	128.0479	-28.185019	-564.8143	-305.52286	102.39971	-190.24457	-513.33234	100.0	100.0	530999	240.3804	78.23735	486.29855	-257.55295	-243.47687	55.718777	4604.117065191269
355	-261.95978	115.936584	-89.46148	-566.22174	-221.74533	86.848045	-69.39183	-371.34866	100.0	100.0	532499	239.2297	78.15829	486.42346	-236.03867	-242.16893	54.097054	4617.054204940796
356	-280.8455	157.55745	-108.217094	-618.38367	-284.1664	96.80134	-105.529305	-464.337	100.0	100.0	533999	237.05885	78.42962	477.23883	-275.7988	-240.09933	54.431522	4630.145704030991
357	-270.846	130.57434	-106.9713	-576.5379	-251.61743	128.33578	-49.382153	-450.50977	100.0	100.0	535499	236.43094	78.43763	483.39145	-230.16466	-239.58359	53.9793	4643.058199167252
358	-216.99106	129.3929	-64.476555	-469.00504	-332.76813	272.66245	-56.41756	-890.0253	100.0	100.0	536999	236.22182	78.76304	477.0923	-202.98576	-239.33548	55.49856	4656.422619104385
359	-330.36746	143.55591	-95.074936	-563.8806	-399.17133	214.45435	-153.97401	-918.7888	100.0	100.0	538499	235.94421	78.81654	486.56888	-240.61339	-239.10909	54.033146	4669.486959934235
360	-267.36557	147.33585	-36.693302	-495.3044	-320.95624	139.56093	-189.72816	-584.62366	100.0	100.0	539999	236.30547	79.02681	478.32236	-282.67532	-239.52396	55.23919	4682.418350219727
361	-250.33234	152.9867	-44.12159	-616.4536	-236.69766	78.58866	-29.320919	-311.58987	100.0	100.0	541499	236.77126	79.63671	476.68155	-270.52505	-240.02151	56.881405	4695.356909275055
362	-273.7305	172.58292	-55.11945	-541.71954	-253.95728	186.05852	-40.62218	-650.5286	100.0	100.0	542999	236.35005	79.74936	474.6339	-216.76895	-239.45882	56.38524	4708.477381944656
363	-268.56946	100.22069	-67.002495	-432.25552	-333.6781	211.86336	-114.387375	-738.2697	100.0	100.0	544499	237.00714	78.89051	482.62067	-244.88597	-240.22234	56.448895	4721.785846233368
364	-294.835	172.41858	-56.836452	-683.4887	-287.52115	267.5325	-94.046555	-1056.5801	100.0	100.0	545999	237.77371	78.96378	485.1272	-223.10185	-241.02008	57.694584	4734.705240249634
365	-263.77014	108.60007	-69.66703	-435.23026	-243.93758	92.25483	-124.0064	-385.7072	100.0	100.0	547499	238.19029	79.783485	490.80017	-226.60562	-241.37033	56.629986	4747.770765066147
366	-275.23682	110.85412	-159.39569	-577.9344	-216.5909	103.10999	-60.332535	-428.80923	100.0	100.0	548999	238.70038	80.27572	507.6177	-197.23303	-241.94408	59.133198	4760.889328956604
367	-284.90625	131.24521	-38.04348	-491.6229	-285.45483	167.7937	-127.984856	-761.063	100.0	100.0	550499	240.04295	80.32365	512.2361	-296.36008	-243.43008	58.12231	4774.162225961685
368	-264.2359	134.3956	-37.0077	-579.9337	-306.7199	115.85222	-77.87796	-498.90787	100.0	100.0	551999	242.11678	80.74914	514.38306	-265.38623	-245.75069	60.0672	4787.294422149658
369	-266.6839	163.7241	-33.678833	-622.8134	-279.3587	178.3645	-70.669685	-681.6373	100.0	100.0	553499	246.15262	81.04342	521.60645	-263.5572	-249.70163	60.122543	4800.479579925537
370	-278.29694	176.99208	-50.81717	-613.2619	-350.68518	370.59576	-112.08073	-1430.6375	100.0	100.0	554999	249.5875	80.89797	525.7415	-264.99173	-253.2254	61.508854	4813.321896076202
371	-269.1166	154.14372	-72.07026	-615.7464	-285.33197	132.3078	-79.28426	-533.51086	100.0	100.0	556499	254.05688	79.89862	539.2438	-264.94446	-257.7991	60.430885	4826.352760076523
372	-264.5437	191.06023	-27.19946	-747.3291	-407.16617	252.88487	-168.76762	-1037.7167	100.0	100.0	557999	258.30283	79.81799	539.344	-274.09644	-262.13876	60.143803	4839.535535335541
373	-360.70178	182.33661	-86.9459	-681.3163	-215.0092	133.24127	-80.66733	-486.20145	100.0	100.0	559499	262.5859	79.586685	546.1198	-261.37677	-266.35593	60.74348	4852.747442007065
374	-230.80957	142.82625	-64.27627	-667.7266	-174.09009	47.906242	-85.59602	-233.90419	100.0	100.0	560999	266.65906	78.60122	542.0322	-271.65472	-270.3481	59.13605	4865.878374099731
375	-340.45038	226.52573	-57.028965	-1001.99115	-251.999	127.897	-71.172134	-494.139	100.0	100.0	562499	269.05838	77.34129	546.6166	-249.15828	-272.69208	59.77597	4878.984580993652
376	-294.52545	159.40016	-88.50585	-781.9773	-271.46112	165.16844	-100.09147	-733.2846	100.0	100.0	563999	271.71683	76.50715	546.5631	-240.68333	-275.35132	60.952023	4892.079653978348
377	-361.00052	241.28925	-103.7137	-1055.2643	-308.39813	97.449066	-97.90622	-475.0185	100.0	100.0	565499	274.4413	75.297966	530.48096	-217.31358	-278.08835	60.95596	4905.435593128204
378	-310.2327	150.16173	-132.11684	-646.5758	-276.2486	149.93425	-80.291504	-536.74286	100.0	100.0	566999	277.21722	74.517	533.86145	-228.85468	-280.81256	59.65445	4918.5733280181885
379	-253.39061	102.847115	-108.962906	-451.99585	-259.80148	103.61144	-119.15834	-485.40292	100.0	100.0	568499	280.0109	74.70193	533.32196	-213.96341	-283.85678	61.368725	4931.617308139801
380	-324.26218	243.53305	-120.78689	-977.9075	-396.29462	196.9519	-58.93793	-664.38074	100.0	100.0	569999	284.3199	75.3147	538.2762	-249.93042	-288.13165	61.335438	4944.915596246719
381	-245.21567	184.61139	-64.72272	-739.52014	-294.0193	148.97618	-81.318275	-583.72894	100.0	100.0	571499	287.92102	75.722824	540.39575	-256.1042	-291.6874	61.152157	4958.141454219818
382	-294.3649	129.99265	-38.557335	-658.7494	-206.52591	129.7408	-64.47359	-533.2164	100.0	100.0	572999	290.93924	76.0948	552.0869	-219.15979	-294.71	61.037907	4971.051275014877
383	-331.33035	175.48236	-100.53014	-763.5125	-213.46573	120.48448	-55.27629	-406.7384	100.0	100.0	574499	293.48587	76.23794	558.11017	-242.73715	-297.16013	59.21593	4984.019658088684
384	-248.24825	114.982475	-48.277622	-493.69928	-334.62018	190.72124	-108.70889	-677.1226	100.0	100.0	575999	296.416	76.38318	549.20856	-305.4857	-300.18576	60.967724	4997.042453050613
385	-237.64165	61.94422	-159.77826	-386.15863	-336.91965	194.2839	-52.71062	-680.67	100.0	100.0	577499	300.00034	76.61836	535.93164	-203.63509	-303.86978	61.09217	5009.968816041946
386	-235.14235	114.05074	-68.726685	-494.90778	-281.18082	147.00572	-71.78151	-596.26086	100.0	100.0	578999	302.7429	76.50874	528.4124	-222.10823	-306.4486	60.363968	5023.292680025101
387	-347.66275	225.46068	-159.35924	-1147.2101	-204.46065	72.00992	-58.913574	-285.8369	100.0	100.0	580499	305.20383	74.968575	524.443	-217.99109	-309.002	60.381584	5036.4411590099335
388	-286.2493	174.8923	-66.829124	-587.9274	-238.92944	68.751495	-109.47981	-369.40518	100.0	100.0	581999	307.23373	75.44648	519.5786	-218.22078	-310.80188	58.70649	5049.479508161545
389	-321.64255	157.98573	-81.89539	-679.0675	-244.44939	91.53651	-41.98937	-380.4136	100.0	100.0	583499	307.95404	75.431526	521.2921	-223.02528	-311.41306	57.714584	5062.784142255783
390	-263.44983	95.12349	-100.02052	-470.40182	-241.09232	158.41862	-82.97715	-587.6462	100.0	100.0	584999	308.69885	75.63799	521.18555	-253.87964	-312.29468	57.277306	5075.831128120422
391	-283.4813	147.30426	-80.07984	-650.33954	-249.3417	131.04118	-103.65782	-474.89905	100.0	100.0	586499	309.86386	76.768196	521.79926	-278.31088	-313.58786	59.261364	5090.117438077927
392	-303.26462	141.02954	-69.00775	-607.25696	-222.15108	133.15265	-81.864944	-426.76245	100.0	100.0	587999	311.92404	78.43186	523.4101	-239.0955	-315.67484	58.928802	5103.135769128799
393	-317.22314	117.63925	-69.353516	-545.3765	-236.52217	138.8233	-32.65926	-465.7155	100.0	100.0	589499	314.17886	79.33055	522.128	-250.87746	-317.79022	58.469276	5116.18132519722
394	-298.31848	140.26201	-61.47207	-556.67267	-220.85641	151.60129	-71.20909	-618.03064	100.0	100.0	590999	314.66928	79.68576	520.24054	-219.66412	-318.20572	58.125153	5129.175257921219
395	-307.2262	191.76108	-90.05971	-748.0758	-263.39697	95.268875	-37.89298	-362.3267	100.0	100.0	592499	314.58304	78.918236	516.02185	-239.28992	-317.95404	57.500156	5142.616906166077
396	-281.39822	195.66467	-11.145755	-903.7929	-274.56085	59.66243	-182.78305	-366.55496	100.0	100.0	593999	313.1788	78.61595	511.31494	-236.04164	-316.46353	58.401127	5155.74206495285
397	-313.0235	122.33638	-67.565155	-502.53647	-221.8555	92.179016	-97.76193	-357.6773	100.0	100.0	595499	312.60382	78.05714	504.46497	-211.79947	-315.9775	57.519478	5168.755243062973
398	-304.02435	134.98267	-97.72162	-691.5965	-248.4248	107.38687	-35.34666	-457.9867	100.0	100.0	596999	311.80356	78.15524	500.13727	-207.5877	-315.29636	59.36897	5182.030617237091
399	-230.82158	112.15398	-42.85368	-487.51285	-224.21323	108.2582	-80.83307	-488.28787	100.0	100.0	598499	311.24255	77.94759	494.85483	-201.3206	-314.58368	57.350136	5195.230895996094
400	-242.96053	117.51981	-44.980885	-426.13327	-280.271	101.79421	-128.00311	-466.35275	100.0	100.0	599999	310.18347	77.77171	499.01132	-272.61404	-313.5278	57.82556	5208.56985616684
401	-298.9984	104.250015	-95.13826	-463.18362	-335.80377	142.35844	-161.53413	-534.66077	100.0	100.0	601499	309.2874	77.95218	503.124	-273.97952	-312.62332	57.671707	5221.609328985214
402	-288.4279	139.63307	-114.732216	-684.03906	-237.63449	114.785965	-86.144554	-426.66418	100.0	100.0	602999	308.24146	78.68812	507.43976	-286.17905	-311.5413	56.637333	5234.492633104324
403	-425.84525	199.42783	-152.30354	-914.3486	-459.5551	187.55399	-152.42279	-760.39966	100.0	100.0	604499	306.4536	79.5694	508.18182	-255.38377	-309.6592	58.56698	5247.4013671875
404	-283.19473	193.02707	-50.671036	-827.0026	-307.31094	119.27346	-152.64317	-530.7861	100.0	100.0	605999	304.60663	79.37143	512.28094	-249.83736	-307.76288	57.434803	5260.703910112381
405	-260.11517	174.64503	-51.53593	-644.5657	-242.52475	66.776474	-133.46289	-385.006	100.0	100.0	607499	302.02472	80.00356	515.5561	-263.2127	-305.17822	58.0326	5273.881193161011
406	-302.1216	170.0027	-81.38123	-697.68787	-359.8365	158.25374	-140.01747	-633.84796	100.0	100.0	608999	299.7999	81.09608	515.77185	-242.3701	-302.93536	55.661343	5286.934061288834
407	-250.41202	114.23421	-31.157122	-455.721	-258.34814	100.21401	-75.20698	-402.89532	100.0	100.0	610499	297.31894	81.473	518.805	-223.5243	-300.4106	56.443356	5300.084148168564
408	-343.45328	123.696594	-164.33598	-669.0594	-240.9952	96.94919	-134.8586	-391.18503	100.0	100.0	611999	295.49146	81.860954	518.57214	-226.37294	-298.66635	57.70672	5313.149707078934
409	-248.91917	99.46447	-48.03271	-480.79254	-325.03198	236.68886	-114.06377	-899.9994	100.0	100.0	613499	293.49545	82.21701	522.9662	-241.33185	-296.62854	55.03576	5326.148638010025
410	-266.88428	147.9682	-92.35743	-547.9045	-239.49051	143.92418	-94.333	-582.1228	100.0	100.0	614999	292.6172	83.479614	522.0237	-271.1471	-295.84576	56.219963	5339.111377954483
411	-268.2479	101.13947	-146.7455	-475.02597	-265.6192	128.98526	-129.77026	-483.83093	100.0	100.0	616499	291.55103	84.28701	523.58093	-225.988	-294.77933	54.92361	5352.290743112564
412	-266.64023	158.86101	-47.770187	-774.64874	-206.68156	85.15625	-101.79764	-386.7784	100.0	100.0	617999	289.8752	85.29361	522.69464	-217.49963	-293.0472	55.124126	5365.47154211998
413	-228.58844	160.28401	-37.428463	-698.5439	-268.954	220.56882	-25.650318	-792.53357	100.0	100.0	619499	288.52213	85.91808	522.839	-219.47087	-291.6842	56.801632	5378.633624076843
414	-241.64687	137.46721	-58.321114	-537.0701	-214.3981	88.4063	-57.041473	-344.7896	100.0	100.0	620999	286.50464	86.11738	520.26324	-256.49673	-289.52295	55.3801	5391.670085906982
415	-297.37723	143.9156	-58.831337	-576.3028	-272.44885	92.85419	-155.9844	-415.22974	100.0	100.0	622499	284.2613	86.70271	518.18774	-271.5418	-287.36148	56.857246	5404.679394245148
416	-225.02065	107.485374	-93.66674	-442.60953	-216.31075	85.01908	-88.901	-350.87634	100.0	100.0	623999	282.40973	87.91147	519.85034	-234.6863	-285.56195	56.634594	5417.72207903862
417	-260.0198	80.749985	-143.85841	-418.02457	-273.96066	101.40171	-136.20563	-468.04147	100.0	100.0	625499	280.55338	88.012695	519.32513	-273.22818	-283.58374	56.19701	5430.793642044067
418	-262.91922	141.53506	-96.03409	-659.8673	-277.57886	133.25339	-78.6146	-460.4303	100.0	100.0	626999	278.93588	88.587875	519.3856	-292.7934	-282.04776	55.0672	5443.902400016785
419	-275.3608	201.12509	-11.397121	-725.0425	-277.01282	84.35089	-168.99535	-459.1793	100.0	100.0	628499	277.051	88.89146	517.7762	-265.11472	-280.0823	56.427376	5456.896588087082
420	-261.1943	92.66416	-105.37375	-426.67236	-251.45935	121.43648	-68.09672	-482.242	100.0	100.0	629999	275.62872	89.05195	517.52216	-250.72826	-278.5616	57.14981	5469.897611141205
421	-243.17178	96.68684	-89.214516	-424.18073	-178.75334	58.470486	-89.53107	-311.5009	100.0	100.0	631499	272.61783	89.35581	519.6547	-308.76767	-275.60776	55.484814	5482.824072122574
422	-264.57712	122.93329	-54.752945	-508.01138	-282.46103	127.52695	-132.8003	-554.7548	100.0	100.0	632999	271.00146	90.12901	524.21484	-269.54376	-274.0965	54.365208	5495.963554143906
423	-253.34213	91.34694	-86.45622	-480.57654	-205.05057	118.03721	-62.89467	-512.2752	100.0	100.0	634499	270.12106	90.79294	529.8703	-262.05014	-273.1969	57.06776	5509.16873717308
424	-242.68042	120.73339	-59.262836	-461.7059	-273.1916	123.46624	-43.505726	-511.24655	100.0	100.0	635999	268.00754	90.95825	527.284	-221.99297	-270.8781	53.44105	5522.270282030106
425	-177.49248	82.456184	-63.593536	-337.2642	-229.07352	102.74946	-102.05539	-366.84427	100.0	100.0	637499	265.32394	92.16571	526.7723	-238.68762	-268.3482	54.371803	5535.60496711731
426	-273.54266	167.73016	-57.462933	-615.6787	-240.85872	151.55646	-67.73636	-655.984	100.0	100.0	638999	263.6835	92.87584	532.22003	-263.02875	-266.61234	54.550777	5549.216861963272
427	-245.65434	110.57802	-101.26226	-392.44153	-215.32089	144.56757	-26.451284	-518.76825	100.0	100.0	640499	261.02737	93.31647	532.34973	-227.47894	-263.96735	55.63422	5562.582145214081
428	-264.3964	95.918	-125.96958	-501.70245	-295.59283	113.44617	-160.5298	-539.461	100.0	100.0	641999	259.6753	94.33031	532.40265	-316.61752	-262.66916	54.551353	5575.807714223862
429	-306.39035	123.800735	-75.116035	-508.6073	-253.62479	241.22215	-39.077175	-846.07	100.0	100.0	643499	257.46988	93.98459	529.83734	-304.2326	-260.38232	54.630405	5589.005966901779
430	-219.66861	97.035675	-35.686543	-366.88373	-249.75813	93.11735	-112.99247	-378.5581	100.0	100.0	644999	256.0756	93.54897	527.70135	-279.36984	-259.1038	57.24507	5602.13460111618
431	-232.61836	137.69485	-56.785378	-556.2213	-247.16702	108.68129	-45.26593	-407.2656	100.0	100.0	646499	255.25253	93.52691	529.7833	-342.95898	-258.25308	55.484913	5615.279012203217
432	-189.82431	105.02244	-23.740679	-458.33575	-347.85135	214.0873	-103.13509	-803.5873	100.0	100.0	647999	253.97734	94.037155	528.584	-329.95813	-257.01135	55.369938	5628.7205510139465
433	-221.46942	120.53372	-9.44877	-395.92957	-299.8673	98.16681	-164.34964	-494.88168	100.0	100.0	649499	253.54211	94.25168	533.5334	-331.56683	-256.55222	56.537605	5641.7973210811615
434	-326.57776	158.99855	-38.149117	-660.1082	-288.87082	171.59457	-38.08243	-564.64734	100.0	100.0	650999	252.6105	94.84289	533.88947	-366.74915	-255.58247	56.761433	5654.82214307785
435	-270.41046	159.88872	-77.116394	-752.6969	-200.2261	56.884087	-132.00496	-307.27206	100.0	100.0	652499	251.07872	95.275215	535.7108	-380.09918	-253.94884	55.413452	5667.967768192291
436	-267.56155	113.01281	-80.57664	-480.93143	-259.31647	112.73133	-70.41055	-411.8226	100.0	100.0	653999	248.95456	96.004425	535.77924	-389.36093	-251.76465	56.116207	5681.45460319519
437	-325.4615	206.34398	-26.337452	-732.15155	-237.83731	115.34152	-48.888184	-388.53168	100.0	100.0	655499	247.25534	96.12072	535.243	-356.01956	-250.10191	54.665314	5694.753496170044
438	-197.48587	99.38755	-36.47462	-416.04025	-296.86905	126.69075	-121.27497	-553.5953	100.0	100.0	656999	245.37274	96.23198	529.4744	-373.7909	-248.2622	55.31827	5708.948686122894
439	-223.51341	101.795395	-41.63678	-360.4205	-244.6915	121.11481	-88.51643	-441.21198	100.0	100.0	658499	243.3223	95.57176	526.7659	-391.1338	-246.00902	53.634148	5722.120683193207
440	-187.23802	99.209595	-25.399965	-365.6989	-204.65475	88.40134	-81.38654	-398.56128	100.0	100.0	659999	240.97586	95.78185	534.5185	-388.6988	-243.69336	56.947384	5735.356743097305
441	-232.73875	107.640274	-77.448166	-450.67374	-229.6033	92.09528	-99.461525	-395.0871	100.0	100.0	661499	238.5824	95.433075	531.6338	-358.59116	-241.33891	54.39978	5749.144309043884
442	-202.40573	100.77057	-85.44299	-445.60577	-236.67825	84.566154	-149.78607	-448.26273	100.0	100.0	662999	236.51741	94.27289	527.36017	-288.0935	-239.29066	53.486958	5762.144828081131
443	-223.94804	129.02924	-68.06824	-501.57745	-283.95264	126.825905	-145.40709	-479.09567	100.0	100.0	664499	235.37926	93.91148	527.00214	-282.94302	-238.15608	53.092224	5775.154671192169
444	-333.66537	201.59338	-80.87024	-783.0365	-244.21304	133.60391	-103.821014	-496.98608	100.0	100.0	665999	233.11563	93.93776	525.1725	-254.90346	-236.0049	54.60527	5788.234342098236
445	-252.37871	121.12616	-72.17187	-453.99393	-205.07089	101.304794	-63.12383	-380.09082	100.0	100.0	667499	232.77753	93.527756	521.60724	-278.86557	-235.52283	51.073288	5801.385706186295
446	-196.94954	89.280594	-44.829754	-339.2711	-271.69806	215.62787	-40.97054	-749.17224	100.0	100.0	668999	230.30817	93.4909	519.4632	-288.34912	-233.11224	52.669098	5814.444490194321
447	-213.7981	112.59816	-78.854294	-469.51932	-251.80423	86.19694	-94.50031	-422.29022	100.0	100.0	670499	228.91803	92.859825	518.8953	-331.22632	-231.6906	53.405964	5827.462610960007
448	-251.02936	115.78318	-71.48413	-434.49146	-265.6905	139.39345	-55.979424	-558.78796	100.0	100.0	671999	227.92941	91.74744	516.1401	-242.72198	-230.72874	51.107876	5840.759340047836
449	-237.49867	98.27413	-75.42386	-485.1732	-225.58415	102.949196	-121.178535	-499.8203	100.0	100.0	673499	227.17429	91.45367	518.77203	-300.222	-230.071	50.73593	5853.998337030411
450	-228.37013	98.899124	-56.59981	-483.64505	-229.25537	125.0976	-47.52718	-524.77045	100.0	100.0	674999	227.14365	91.96619	520.0352	-294.2222	-230.10175	51.941845	5867.376118183136
451	-290.66495	196.79878	-38.595226	-762.5734	-214.92827	69.95864	-90.15211	-310.41074	100.0	100.0	676499	227.0754	92.78311	520.87103	-252.43251	-230.07529	51.781967	5880.450122117996
452	-237.56293	100.17201	-51.70498	-440.47144	-247.79172	176.04912	-37.050312	-670.7953	100.0	100.0	677999	228.64485	93.1391	526.70197	-292.2249	-231.84958	51.75128	5893.584950208664
453	-213.75897	113.3757	-64.088455	-526.641	-117.32204	75.66209	-3.9169183	-227.99182	100.0	100.0	679499	229.8487	93.84842	528.3434	-286.0639	-232.86908	53.16462	5906.679305076599
454	-210.28793	86.91252	-92.73331	-395.4174	-270.36816	134.65526	-83.18947	-505.04416	100.0	100.0	680999	229.41101	93.62939	524.6378	-311.8279	-232.32863	50.9772	5919.797643184662
455	-279.08243	160.12248	-33.50316	-636.78894	-256.7528	147.69763	-20.302546	-540.9774	100.0	100.0	682499	229.16763	94.54113	525.8701	-265.5666	-232.14017	50.44717	5932.680814266205
456	-260.1454	115.54322	-91.246635	-461.79596	-248.72842	136.54721	-54.95947	-564.4522	100.0	100.0	683999	229.95947	95.63712	523.76526	-251.29758	-232.96417	53.2506	5945.638220071793
457	-226.3169	75.20749	-137.5347	-416.15005	-270.17776	92.0286	-146.43472	-454.71564	100.0	100.0	685499	230.41714	95.355034	527.601	-245.30493	-233.3823	51.437744	5958.733857154846
458	-323.66513	123.74451	-61.221836	-531.5899	-278.06354	265.26074	-10.459585	-900.6275	100.0	100.0	686999	230.60434	95.423294	523.9084	-297.84314	-233.6027	55.687187	5971.664797067642
459	-233.14987	113.569664	-50.31037	-487.45276	-264.79672	162.53375	-50.966877	-599.557	100.0	100.0	688499	231.01555	95.69585	518.4682	-312.53436	-234.0782	55.61499	5984.761139154434
460	-246.54634	135.50145	-29.749033	-515.184	-253.15121	141.54616	-70.029076	-484.03885	100.0	100.0	689999	232.40112	95.58645	516.3833	-306.94617	-235.36862	53.611027	5998.002282142639
461	-217.62706	114.27001	-40.53239	-465.81638	-174.42569	74.66876	-84.0061	-323.4807	100.0	100.0	691499	231.73672	94.67715	517.3834	-320.94214	-234.65193	53.994495	6011.190036058426
462	-324.4244	179.30368	-152.72353	-713.8652	-272.48425	186.58899	-84.452545	-774.7004	100.0	100.0	692999	231.09866	94.467766	513.30756	-304.9057	-233.945	53.4501	6024.264459133148
463	-241.85516	153.9787	-27.869125	-566.75134	-290.98035	132.51057	-77.91119	-488.28247	100.0	100.0	694499	230.49854	93.99279	520.8649	-306.3895	-233.41959	55.652634	6037.977773189545
464	-185.3353	81.9551	-35.77196	-287.86673	-243.41147	144.8128	-90.84662	-553.7126	100.0	100.0	695999	231.29263	94.02414	517.6147	-264.1216	-234.3199	57.90948	6051.589209318161
465	-309.1112	235.22704	-93.30214	-901.7566	-308.95416	229.54195	-135.00177	-881.5989	100.0	100.0	697499	231.82387	94.672745	518.81213	-283.80048	-234.74304	57.851135	6064.686302185059
466	-285.6048	138.29126	-61.813797	-571.2261	-259.00836	145.8151	-74.64587	-551.1371	100.0	100.0	698999	231.62067	94.80673	506.44626	-283.83615	-234.64894	58.006905	6077.839844226837
467	-195.04135	87.62011	-83.39358	-420.4079	-232.47806	95.38998	-98.58384	-472.76678	100.0	100.0	700499	231.70003	94.30421	503.48764	-337.699	-234.73123	59.10404	6090.802895069122
468	-270.1078	120.579704	-67.807884	-513.6104	-196.66585	157.70702	-70.63835	-614.6291	100.0	100.0	701999	232.93883	93.195465	504.77267	-287.54907	-236.04625	58.204037	6103.956934928894
469	-218.20448	145.93146	-51.411163	-547.8512	-262.33997	137.36636	-95.414276	-524.69226	100.0	100.0	703499	233.87595	92.03627	503.96225	-292.0545	-236.84163	58.822712	6117.324291229248
470	-284.1498	109.31381	-147.12006	-494.17252	-261.47626	102.79702	-113.01339	-454.8235	100.0	100.0	704999	235.10889	90.05949	501.56534	-269.6301	-238.1021	59.10712	6130.445686101913
471	-235.7265	85.64693	-89.40341	-364.8168	-263.50827	147.174	-105.22857	-589.3479	100.0	100.0	706499	235.05008	88.30495	503.42264	-271.2004	-237.94829	57.568176	6143.735005140305
472	-316.91043	176.3791	-70.70505	-662.4816	-220.77495	54.912464	-123.825096	-316.58453	100.0	100.0	707999	234.05531	87.635345	501.02173	-224.20013	-236.93858	57.604626	6157.362551212311
473	-266.38678	154.3125	-95.87847	-647.30585	-328.6864	124.89586	-114.870735	-504.4368	100.0	100.0	709499	234.02979	86.92149	494.93924	-327.09485	-236.97379	59.26702	6170.536533117294
474	-222.6421	120.84873	-45.332573	-463.18063	-219.94617	106.823204	-94.156296	-426.29123	100.0	100.0	710999	234.21712	86.622086	498.26984	-371.4299	-237.17833	57.13509	6183.518116950989
475	-261.7748	163.4124	-13.953105	-698.2112	-234.68388	144.49756	-109.04124	-619.88257	100.0	100.0	712499	233.27379	85.658485	491.94925	-284.3314	-236.11455	57.547897	6196.652716159821
476	-282.48273	157.82372	-54.27009	-669.6733	-224.57791	84.60125	-116.83194	-355.37607	100.0	100.0	713999	231.90822	85.57096	480.26517	-264.6488	-234.70343	56.469265	6209.844106197357
477	-261.29807	112.04752	-26.415075	-430.06183	-244.94019	144.92776	-51.55584	-530.3873	100.0	100.0	715499	231.88245	84.57013	468.01114	-245.6557	-234.74419	55.912975	6223.381123304367
478	-264.1002	157.93834	-83.14724	-724.52606	-214.1875	91.71701	-67.79615	-358.07904	100.0	100.0	716999	231.48909	84.31065	462.03015	-229.23756	-234.51305	56.93476	6236.775185108185
479	-271.872	229.51741	-79.323845	-900.72876	-343.38605	104.72728	-159.99455	-493.4589	100.0	100.0	718499	232.59442	84.15546	456.78845	-286.30896	-235.74887	56.838573	6250.213888168335
480	-172.20644	68.113335	-38.46129	-271.00226	-226.56229	171.94382	-41.248596	-695.6999	100.0	100.0	719999	234.56264	83.86349	446.76627	-277.18845	-237.6588	55.48611	6263.336502075195
481	-274.16245	142.705	-90.91316	-601.99615	-193.23213	77.711	-62.823593	-369.41214	100.0	100.0	721499	235.87488	83.573906	443.61124	-272.80103	-238.9042	54.287853	6276.5054569244385
482	-254.37727	143.1318	-39.350067	-543.42584	-191.97293	109.555244	-58.8073	-490.51456	100.0	100.0	722999	237.02536	83.91878	438.9102	-251.12932	-240.21642	55.93779	6289.6458032131195
483	-148.0331	105.90101	-29.530954	-405.99106	-264.00064	111.961395	-112.97497	-470.2432	100.0	100.0	724499	239.64925	83.6516	443.23956	-266.71548	-242.84879	56.473095	6302.766610145569
484	-201.95547	99.63988	-49.822067	-352.72617	-197.71187	104.73097	-70.388405	-461.90347	100.0	100.0	725999	241.59178	84.3221	439.5803	-218.88057	-244.71526	55.41951	6315.936797142029
485	-247.77426	149.37813	-57.368084	-661.30963	-214.59009	140.97516	-29.928946	-583.4331	100.0	100.0	727499	243.18152	84.51552	438.3893	-275.93674	-246.36307	56.70328	6329.074553966522
486	-263.7958	143.87466	-64.750374	-573.0178	-218.62167	115.27407	-70.605156	-447.17685	100.0	100.0	728999	245.22015	83.62389	437.63007	-269.89307	-248.50041	57.406048	6342.391211032867
487	-213.05539	74.53648	-58.701786	-331.90158	-230.9497	125.43547	-53.960804	-491.4555	100.0	100.0	730499	247.38557	83.31059	437.54276	-265.09348	-250.6661	55.945843	6355.843389987946
488	-194.42332	94.88976	-43.485287	-345.97253	-239.48499	93.54923	-155.89967	-447.6117	100.0	100.0	731999	249.21341	83.44644	429.55527	-280.59552	-252.41043	55.66412	6368.942958116531
489	-208.65352	97.980194	-78.89534	-416.13126	-205.83826	88.12795	-50.040024	-298.12518	100.0	100.0	733499	250.64555	83.62214	434.358	-284.1758	-253.87704	55.812675	6382.139513969421
490	-214.93948	99.49646	-67.94262	-464.3624	-206.0989	89.32543	-119.566925	-392.3255	100.0	100.0	734999	253.89014	83.81386	438.91812	-288.99954	-257.18933	54.480495	6395.239065885544
491	-236.7243	107.32743	-43.47205	-440.79053	-199.55994	127.458664	-62.29836	-508.6191	100.0	100.0	736499	255.44331	84.494194	439.72934	-336.26956	-258.63	55.800365	6408.269629001617
492	-239.91801	115.37979	-38.451088	-417.029	-317.99988	209.43379	-97.94467	-834.9303	100.0	100.0	737999	257.28528	84.59465	447.51746	-334.62796	-260.5586	56.811573	6421.22159910202
493	-256.72003	125.93829	-110.45756	-558.3499	-236.47095	139.94887	-60.48825	-509.06244	100.0	100.0	739499	258.2207	85.64872	451.63837	-326.9564	-261.38034	56.11951	6434.3471031188965
494	-295.09747	149.99707	-53.768696	-523.9273	-189.89267	157.99635	-8.282574	-602.81085	100.0	100.0	740999	259.37988	86.53809	451.3376	-337.88406	-262.55878	55.63973	6447.477458000183
495	-282.51157	165.9786	-36.259575	-599.0941	-147.48878	73.671104	-20.443121	-300.8994	100.0	100.0	742499	260.03192	88.392815	450.353	-305.61008	-263.20288	54.9787	6460.792815923691
496	-307.83493	170.03873	-30.312115	-587.46735	-207.90567	127.224205	-41.780407	-429.16818	100.0	100.0	743999	261.4163	89.42012	451.9793	-284.63705	-264.6394	54.804672	6474.15803194046
497	-301.26163	158.6656	-67.43675	-709.1092	-316.61224	117.0593	-163.31425	-570.0911	100.0	100.0	745499	262.47916	90.55142	461.3989	-373.0257	-265.71817	56.59971	6487.31937122345
498	-251.96104	115.64382	-74.49892	-514.2695	-227.92624	109.65832	-106.19576	-516.267	100.0	100.0	746999	263.15335	92.24782	461.0427	-323.9316	-266.34335	54.67652	6500.510624170303
499	-178.20177	66.661026	-54.83032	-281.7912	-170.06021	87.22878	-54.42489	-356.0987	100.0	100.0	748499	263.8675	94.22301	459.34177	-306.6555	-266.984	53.1672	6513.657561302185
500	-245.90645	141.50436	-23.847662	-506.17752	-216.82414	109.196144	-82.3252	-363.44147	100.0	100.0	749999	264.3283	95.2128	461.3355	-353.56915	-267.4057	54.268333	6526.854205131531
