Epoch	AverageEpRet	StdEpRet	MaxEpRet	MinEpRet	AverageTestEpRet	StdTestEpRet	MaxTestEpRet	MinTestEpRet	EpLen	TestEpLen	TotalEnvInteracts	AverageQVals	StdQVals	MaxQVals	MinQVals	LossPi	LossQ	Time
1	-635.8686	260.11792	-172.81851	-1200.6975	-678.3852	177.16322	-362.18805	-983.9226	100.0	100.0	1499	-10.921368	5.7195196	-0.012302559	-40.957382	10.408469	10.946312	9.008686780929565
2	-747.40765	189.0075	-399.32245	-1087.9977	-568.1	241.43544	-222.85358	-996.2485	100.0	100.0	2999	-34.686905	20.268927	-0.12851675	-128.47237	32.519707	7.447568	25.030879974365234
3	-573.7421	198.9621	-229.3044	-1017.8317	-227.81035	178.7578	-29.022789	-618.9953	100.0	100.0	4499	-53.12023	30.57477	-0.15202469	-177.25537	48.33406	21.639814	40.82993412017822
4	-720.1996	183.3529	-374.51932	-1044.6067	-291.13492	155.58786	-68.02479	-544.79504	100.0	100.0	5999	-60.954773	37.31542	-0.60058194	-231.87836	55.56864	33.68148	56.725102186203
5	-546.46234	203.11818	-239.70966	-956.82623	-165.05313	87.33104	-26.27482	-278.78284	100.0	100.0	7499	-64.84132	38.994347	-3.1279395	-255.31798	59.374477	38.105713	72.97556614875793
6	-700.8887	192.97324	-405.3959	-1071.4604	-237.8409	172.8923	-44.581898	-524.44116	100.0	100.0	8999	-66.52749	38.18063	-5.6432037	-265.49323	61.038074	38.994465	89.0828869342804
7	-466.35657	322.91092	43.89683	-1054.6304	-235.75854	143.54254	-3.6518877	-505.73477	100.0	100.0	10499	-67.10786	38.023235	-5.4008217	-258.11157	61.27079	41.70266	105.65256190299988
8	-214.31909	163.88997	24.36822	-505.02054	-139.23602	107.52001	-41.934155	-429.97748	100.0	100.0	11999	-63.11989	38.200993	-3.8587363	-254.1781	57.633694	36.583324	122.75224900245667
9	-209.90538	148.9111	-21.013603	-556.86005	-105.43077	140.93925	68.16968	-445.53378	100.0	100.0	13499	-59.144333	38.04617	-2.809568	-253.06084	54.075184	34.249355	139.76897406578064
10	-180.09137	124.91013	-46.2689	-460.94107	-126.84116	134.89494	62.387554	-412.0644	100.0	100.0	14999	-54.888878	38.256523	-0.1962314	-244.33961	50.193443	31.578524	156.724769115448
11	-115.811325	139.91457	93.06401	-437.34756	-148.69734	153.32219	95.37071	-415.0521	100.0	100.0	16499	-50.535145	38.487785	-0.19602181	-242.37654	46.096718	29.056791	173.93512606620789
12	-162.42154	104.73159	-40.302357	-429.40384	-155.97983	173.36836	101.217705	-509.78238	100.0	100.0	17999	-47.007008	37.948833	-0.1862816	-237.2574	42.860268	26.988182	191.2060091495514
13	-124.07804	97.680595	28.987104	-323.92276	-88.539825	68.14524	-0.4235014	-246.88588	100.0	100.0	19499	-43.102734	36.929287	2.6350744	-237.39671	39.068546	26.483192	208.2838180065155
14	-86.74385	85.171455	46.99866	-301.55444	-57.031532	102.73168	126.77837	-199.82762	100.0	100.0	20999	-38.55716	36.211903	9.560346	-238.51306	34.73745	24.16111	225.49447298049927
15	-67.33872	46.80204	20.02977	-165.70476	-102.41777	149.37566	138.5819	-410.92267	100.0	100.0	22499	-33.92708	36.56734	19.46161	-214.82307	30.231916	22.92157	242.51503801345825
16	-58.612076	81.71726	108.23796	-225.88078	-44.83082	92.751076	88.32446	-198.82382	100.0	100.0	23999	-29.274054	37.44056	28.569233	-217.31876	25.751755	22.610758	259.6463780403137
17	-89.09077	65.046	26.39193	-194.14114	-45.19237	92.20264	123.01229	-201.1054	100.0	100.0	25499	-24.230213	38.87414	39.283775	-219.21495	20.699999	23.0789	276.816969871521
18	-75.24507	87.11403	95.981995	-244.49806	-119.32478	114.355385	91.330284	-281.45203	100.0	100.0	26999	-18.02929	40.22451	49.818462	-221.39966	14.437183	23.647139	293.84224104881287
19	-69.3532	88.70626	141.13414	-241.2181	-85.59346	90.87654	95.94955	-257.79694	100.0	100.0	28499	-10.9879055	40.39674	59.21731	-211.3107	7.553769	22.369	311.10882902145386
20	-77.72207	92.580894	91.24907	-320.5276	-90.94718	51.01946	-15.434339	-199.68912	100.0	100.0	29999	-4.4214244	40.745586	68.18583	-195.88016	1.0598956	22.502703	328.23357105255127
21	-73.33175	49.00154	62.160316	-158.57878	-85.5439	96.636826	127.94815	-258.44363	100.0	100.0	31499	2.6810496	41.523987	75.32159	-200.50108	-6.010997	22.31426	345.380793094635
22	-79.79341	46.03461	-10.395331	-152.66423	-93.27217	67.48266	5.655291	-187.18881	100.0	100.0	32999	9.990652	41.53004	82.09766	-207.04607	-13.190203	22.124329	362.54872488975525
23	-92.62762	123.77188	142.07883	-336.65448	-96.273	62.30234	-29.960154	-221.17995	100.0	100.0	34499	16.413904	41.113327	86.1916	-208.94136	-19.494907	21.958677	379.7797808647156
24	-104.316696	102.76571	67.680145	-305.85532	-96.310745	51.245556	-23.878042	-196.90088	100.0	100.0	35999	22.401642	40.954956	90.33066	-223.45198	-25.389725	21.202208	396.85537481307983
25	-62.700535	40.651264	-7.5573616	-172.20175	-61.77589	69.23518	109.20155	-147.40181	100.0	100.0	37499	28.020386	40.90762	94.759865	-250.02985	-30.942505	22.097006	414.208279132843
26	-51.164234	59.759064	88.41716	-132.25632	-102.98198	65.79519	-22.6586	-238.04388	100.0	100.0	38999	34.592804	40.4141	98.810265	-217.81369	-37.62611	21.291508	431.43143701553345
27	-43.798286	87.50236	84.30367	-186.39993	-49.333378	36.85649	11.282508	-127.18247	100.0	100.0	40499	41.42067	39.554092	104.20864	-188.02429	-44.479126	20.277979	448.55776596069336
28	-64.45883	89.07346	164.04193	-266.20056	-117.67263	99.86165	8.905238	-276.43436	100.0	100.0	41999	49.488895	38.350872	109.82885	-193.66005	-52.491074	20.149654	465.9174988269806
29	-65.42107	69.56858	58.334953	-201.01663	-71.833786	104.80492	145.76167	-259.20578	100.0	100.0	43499	57.2798	36.66688	113.2274	-162.95439	-60.233093	18.835657	483.0595898628235
30	-115.815285	64.50658	-2.5251384	-197.05907	-34.733025	124.02116	172.62016	-263.31067	100.0	100.0	44999	64.40144	34.769726	120.51456	-147.96744	-67.33901	18.762674	500.23400592803955
31	-66.8969	67.49648	39.195526	-231.70825	-60.52185	111.68233	145.0255	-243.16716	100.0	100.0	46499	71.04636	33.913975	126.09833	-155.16144	-73.87437	17.797989	517.6354999542236
32	-80.82896	79.136314	66.59746	-200.76747	-89.438446	145.37845	116.01435	-364.80475	100.0	100.0	47999	77.226906	33.71431	133.04626	-154.86475	-80.09748	17.849186	534.7345569133759
33	-55.734108	84.409996	138.51431	-282.76193	-69.51144	98.89597	139.98256	-207.3504	100.0	100.0	49499	83.49734	34.004818	137.66006	-146.16248	-86.27875	17.614548	551.883875131607
34	-70.096855	64.69774	43.612034	-225.97112	-70.168846	50.75974	0.67263675	-185.73262	100.0	100.0	50999	89.68882	34.13158	148.82437	-143.25339	-92.455666	17.597734	569.1115610599518
35	-60.35166	90.03606	116.48193	-163.25186	-83.01249	54.7111	-3.5748737	-177.57271	100.0	100.0	52499	95.234375	34.28482	150.65813	-142.6128	-97.96079	17.351542	586.2845051288605
36	-44.070717	75.875496	72.989624	-202.81464	-64.31328	51.924274	36.963535	-149.1642	100.0	100.0	53999	100.93047	34.076427	163.44954	-116.65826	-103.5895	16.971207	603.3995168209076
37	-50.963093	84.58598	80.19546	-183.63632	-49.94887	68.7977	39.587772	-234.24533	100.0	100.0	55499	106.269875	33.909298	177.81584	-151.64067	-108.89623	16.625917	620.6587870121002
38	-48.3558	50.009254	48.124176	-143.66266	-55.79815	60.376762	1.8661258	-212.90437	100.0	100.0	56999	111.832504	34.157215	185.58923	-127.24017	-114.5186	16.970423	637.7425851821899
39	-41.35273	68.14476	105.6407	-119.779526	-76.39128	75.426384	54.350487	-235.1231	100.0	100.0	58499	117.57248	34.496376	191.99144	-127.64434	-120.20829	17.090572	654.842029094696
40	-33.018913	55.558937	105.545204	-116.486305	-62.502907	116.33137	117.82722	-348.56497	100.0	100.0	59999	122.853294	34.62583	201.71648	-117.136154	-125.48264	17.565945	672.2323000431061
41	-67.43507	105.49622	150.60626	-273.65128	-37.880516	72.89533	44.236423	-176.55852	100.0	100.0	61499	128.66742	34.613537	209.89113	-121.639984	-131.32104	17.072752	689.5801479816437
42	-83.38681	100.2961	60.273445	-317.24185	-30.122406	81.607605	100.52334	-153.48979	100.0	100.0	62999	134.4033	34.511215	216.05177	-113.879974	-137.00061	17.551834	706.8278720378876
43	-27.878004	69.74181	143.06758	-108.04266	-3.848416	77.17077	109.063385	-98.697075	100.0	100.0	64499	139.51355	34.542885	226.3915	-112.911865	-142.04044	17.456005	724.0536639690399
44	-70.02508	83.97538	47.690422	-248.54863	-67.364136	92.54483	66.75595	-286.4419	100.0	100.0	65999	144.2557	34.16012	229.48132	-78.91332	-146.7766	17.078295	741.2409720420837
45	-70.84615	81.85775	69.93772	-273.83115	-44.09458	80.911446	94.775	-189.24718	100.0	100.0	67499	148.93855	34.115524	233.75551	-75.88053	-151.47247	17.32397	758.2740070819855
46	-48.166756	78.09458	61.530617	-263.39264	-91.97888	70.69299	52.391094	-240.41527	100.0	100.0	68999	153.86014	33.425583	237.90529	-69.306816	-156.39041	17.191664	775.4451599121094
47	-64.520874	64.22508	58.65148	-247.24377	-15.095049	76.23143	171.60081	-100.342094	100.0	100.0	70499	158.86517	32.875473	241.37584	-52.17347	-161.40623	17.460255	792.676470041275
48	-44.990696	75.73637	62.99079	-248.06912	-65.52474	26.479269	-35.723427	-124.56563	100.0	100.0	71999	163.69617	32.62161	242.19296	-51.348217	-166.23216	17.63901	810.2255380153656
49	-37.319168	77.398415	124.20978	-192.79791	-49.01493	38.06038	40.556698	-100.18322	100.0	100.0	73499	168.6523	32.48746	251.05786	-35.842163	-171.18617	17.726795	827.6350841522217
50	-56.83507	80.82467	37.75517	-228.16812	-58.147663	84.45792	143.99385	-166.792	100.0	100.0	74999	173.46562	32.681236	254.53897	-36.337498	-175.98961	17.73385	844.7640759944916
51	-36.813004	53.758896	75.13473	-130.65826	-57.286377	91.639534	118.61067	-179.4043	100.0	100.0	76499	178.05986	32.871346	257.2491	-17.134455	-180.53845	17.86395	861.9169919490814
52	-66.36916	101.16167	100.01171	-308.4917	-30.952356	104.86845	146.57715	-188.69545	100.0	100.0	77999	182.33258	32.659607	257.59625	-19.189459	-184.79889	17.284079	880.458359003067
53	-30.542261	65.85853	93.505516	-154.35983	-92.06342	100.054665	39.042343	-286.20963	100.0	100.0	79499	186.46591	32.424118	258.8279	-3.911029	-188.87361	16.965601	897.7683908939362
54	-43.03091	79.355545	171.63553	-166.4624	-46.602654	56.8327	94.79048	-105.55927	100.0	100.0	80999	190.19194	32.504257	262.79114	-16.68136	-192.59912	16.405998	915.1349339485168
55	-54.57598	65.24649	63.0609	-161.07736	-55.098347	118.00304	136.43036	-283.45297	100.0	100.0	82499	194.08029	32.8317	274.78357	0.02244258	-196.4842	16.928158	932.523120880127
56	-59.12767	79.70707	37.60391	-214.91518	-22.012527	98.996056	183.03336	-145.79372	100.0	100.0	83999	197.8297	32.921185	277.26074	0.37799597	-200.17587	16.877203	949.6746709346771
57	-69.473	83.12285	133.84492	-257.33676	18.57822	90.10213	145.91956	-117.2324	100.0	100.0	85499	201.29059	33.094055	282.9241	-2.2949157	-203.66867	16.892479	966.6286971569061
58	-28.432657	86.99054	119.10933	-197.83757	-56.64137	85.424736	110.7728	-171.28838	100.0	100.0	86999	204.95428	33.088966	284.38342	8.0569935	-207.34288	16.784912	983.7757790088654
59	-54.537758	81.723625	128.90202	-276.3914	-47.25594	61.24155	88.136894	-140.96927	100.0	100.0	88499	208.19882	33.117138	287.162	10.693126	-210.5187	16.36065	1001.00803399086
60	-59.672348	92.53665	79.83414	-248.054	-62.00083	80.72123	98.48568	-188.1001	100.0	100.0	89999	211.31752	32.986263	300.75507	14.367149	-213.67352	16.789705	1018.012521982193
61	-90.179756	92.64394	126.229614	-233.27905	-36.907616	113.14886	146.80229	-200.46077	100.0	100.0	91499	214.29898	33.176434	305.99142	15.756773	-216.53845	16.65349	1035.3765029907227
62	-105.52402	109.569954	151.66463	-333.70743	-36.972725	64.68389	90.345085	-101.92373	100.0	100.0	92999	216.91997	33.40616	305.50125	16.734737	-219.18208	17.260235	1052.6699998378754
63	-42.733913	88.36267	116.94159	-197.58586	-36.978233	127.363	168.9785	-248.00067	100.0	100.0	94499	219.27902	33.72895	311.395	19.786736	-221.46391	17.631802	1069.8823781013489
64	-80.71919	85.29346	129.35823	-228.17938	-108.929855	69.76686	-41.344845	-283.895	100.0	100.0	95999	221.53906	33.738358	314.53415	17.940796	-223.81096	18.049412	1087.0574810504913
65	-42.81197	85.35327	84.60445	-226.7416	-38.69345	89.480515	133.15698	-168.3452	100.0	100.0	97499	224.46768	33.236134	318.24744	23.109894	-226.75626	17.994688	1104.3946659564972
66	-73.987495	86.56006	4.4335275	-363.07602	-4.2866154	97.839096	145.14992	-176.68951	100.0	100.0	98999	226.73093	33.434376	322.6893	20.121782	-228.93971	17.399189	1121.5599370002747
67	-108.68208	82.50971	36.25719	-294.38583	-19.414572	71.095314	123.525894	-119.18731	100.0	100.0	100499	229.23866	33.254738	323.32938	35.514008	-231.46954	17.022064	1138.4057049751282
68	-41.01554	55.491882	70.77777	-173.82985	-53.29181	117.60418	146.3279	-267.48102	100.0	100.0	101999	231.31134	33.31261	326.01645	3.532222	-233.49168	16.781414	1155.4593641757965
69	-45.490856	52.05793	64.14077	-149.40117	-70.32599	84.80908	101.53983	-210.32475	100.0	100.0	103499	233.37312	33.120106	329.2423	5.9608164	-235.52539	17.426573	1172.449140071869
70	-38.339943	75.382065	85.02238	-188.27293	-73.347046	91.851845	100.83946	-282.6443	100.0	100.0	104999	235.02126	33.016438	330.49023	21.9589	-237.15858	17.862242	1189.3770151138306
71	-34.23852	54.795773	93.24455	-104.84108	-64.57054	54.394497	-7.78046	-161.39436	100.0	100.0	106499	237.33104	33.146893	335.18747	33.994083	-239.56691	18.234587	1206.403366804123
72	-62.575665	78.53121	64.266235	-215.10628	-29.715149	77.95065	137.18512	-127.22264	100.0	100.0	107999	239.72931	33.565666	338.1956	30.359625	-242.0016	17.513731	1223.5201210975647
73	-51.6694	66.75752	65.43039	-159.11609	-58.422127	55.95187	16.697544	-167.63625	100.0	100.0	109499	242.61157	33.558216	340.42163	41.625046	-244.89717	17.383713	1240.5317430496216
74	-50.76478	70.91928	76.36414	-188.7923	-33.47417	41.71547	39.41985	-120.443855	100.0	100.0	110999	245.17078	33.634796	338.15518	19.545877	-247.46516	17.707172	1257.47629904747
75	-20.790773	79.52895	121.9647	-186.70903	-105.89075	65.20825	-9.23658	-224.85844	100.0	100.0	112499	248.06926	33.732304	341.63318	41.11425	-250.3653	17.736559	1274.647006034851
76	-9.316913	106.4841	186.45914	-225.44414	-19.98531	86.0206	133.68042	-189.4762	100.0	100.0	113999	250.32469	33.569454	346.67538	43.69068	-252.49992	17.123857	1291.6758110523224
77	-63.844734	81.2523	80.55642	-200.21239	-83.274574	63.12522	-3.1087935	-242.58414	100.0	100.0	115499	252.41243	33.68221	345.57208	45.331913	-254.61563	16.851244	1308.6742839813232
78	-65.185455	68.85253	125.95273	-174.01753	-60.30139	50.875793	43.16332	-132.13551	100.0	100.0	116999	254.38794	34.08655	354.48224	41.792828	-256.54953	17.366	1325.6451530456543
79	-57.10047	91.69449	99.00055	-297.5777	-18.190643	77.95643	108.220604	-156.33766	100.0	100.0	118499	255.80125	34.237274	353.53024	33.791847	-257.90662	16.515963	1342.6470160484314
80	-41.322	70.74214	85.30611	-201.37552	-115.02324	92.33495	43.454376	-278.4443	100.0	100.0	119999	257.31604	34.441704	351.49185	46.29125	-259.46722	17.029922	1359.4895350933075
81	-85.3335	80.784584	104.72263	-243.23035	-76.8629	98.680084	169.49701	-175.5232	100.0	100.0	121499	258.76437	34.48739	352.29507	42.473938	-260.93326	16.395016	1376.5603919029236
82	-16.84727	73.325096	158.69048	-111.37656	-43.81241	114.33844	139.07848	-161.92229	100.0	100.0	122999	260.11548	34.881996	353.73068	45.165558	-262.23685	16.75931	1393.5810689926147
83	-69.68579	52.931995	44.48972	-163.26387	-30.926102	98.42785	185.47504	-189.28072	100.0	100.0	124499	261.68576	35.45265	356.04593	40.563133	-263.85022	16.710865	1410.6943109035492
84	-36.47414	60.73463	80.570145	-150.17905	-48.6108	51.296284	74.41721	-112.49961	100.0	100.0	125999	263.49475	36.07414	362.99728	35.957535	-265.67917	16.520975	1427.7561421394348
85	-53.113625	78.73339	67.460655	-281.39	-75.659096	58.350807	66.67802	-150.30078	100.0	100.0	127499	265.23572	36.54115	361.9034	42.371273	-267.42358	16.093489	1444.6180307865143
86	-48.10854	68.83113	63.596275	-169.25089	-56.018208	94.8177	148.07909	-229.11072	100.0	100.0	128999	267.75623	37.026337	366.05066	31.735619	-270.0492	16.9404	1461.4929537773132
87	-58.657658	107.0126	140.30614	-274.43228	-50.840157	133.99915	173.53358	-314.9085	100.0	100.0	130499	269.84393	37.48689	368.23248	50.21528	-272.00504	16.45452	1478.2604639530182
88	-45.451355	81.99017	83.024475	-256.02747	-33.75152	119.102715	160.13022	-237.10306	100.0	100.0	131999	271.3536	38.025803	366.62283	41.612213	-273.51437	16.449183	1494.7483599185944
89	-43.545277	72.39139	66.8125	-206.2651	-44.16646	90.19683	154.75568	-140.84483	100.0	100.0	133499	273.3302	37.600376	367.54248	41.61311	-275.49802	16.422546	1511.5860300064087
90	-19.274479	73.49887	92.6603	-141.85713	-63.24782	79.458046	33.546555	-215.4802	100.0	100.0	134999	274.72272	37.488785	365.57907	35.710815	-276.846	16.38253	1528.2343719005585
91	-39.327835	55.938095	87.38702	-149.88176	-79.55208	84.229515	30.376778	-227.82198	100.0	100.0	136499	276.5986	37.079056	361.19904	19.171162	-278.69745	16.52758	1544.8068730831146
92	-39.70037	58.37968	135.19232	-101.81108	-38.576412	35.988293	30.828077	-115.544655	100.0	100.0	137999	277.8397	36.974113	362.15073	15.815292	-279.99374	16.745464	1561.4135291576385
93	-40.68276	86.53299	120.70634	-207.40944	-17.34833	101.45298	107.878914	-241.34424	100.0	100.0	139499	279.27536	36.745457	361.54352	29.56197	-281.33206	16.873348	1578.008717060089
94	-59.285217	100.610756	112.552826	-295.08154	-19.245655	91.30838	178.87097	-132.83914	100.0	100.0	140999	280.0786	36.65486	359.01917	29.0171	-282.12833	16.83281	1595.4821481704712
95	-63.808517	87.18873	97.0174	-235.18236	-71.45684	96.57553	157.19838	-218.16618	100.0	100.0	142499	280.9407	36.713478	364.62805	8.0203495	-283.07138	17.169815	1612.5489428043365
96	-43.003757	51.578434	57.113216	-149.33342	-35.67673	84.96548	173.73152	-151.35042	100.0	100.0	143999	282.23105	36.546345	366.14615	10.460388	-284.306	17.228401	1629.1958448886871
97	-60.239784	78.2217	57.570515	-245.85245	-22.266872	92.94939	123.03245	-185.43326	100.0	100.0	145499	282.81387	36.51576	371.88016	35.71264	-284.91388	16.901516	1646.23095703125
98	-48.26989	112.05827	152.54861	-278.98584	-33.503853	77.08513	101.02457	-129.74252	100.0	100.0	146999	284.18204	36.58346	373.8688	22.388506	-286.26126	16.91692	1662.984491109848
99	-32.039215	108.4929	142.77707	-258.40466	-30.119324	126.65933	157.67831	-330.29663	100.0	100.0	148499	285.03577	36.939377	376.26996	5.6095076	-287.1117	17.178295	1679.544893026352
100	-58.747868	73.47932	54.084568	-182.77455	-0.6539299	71.67278	118.54802	-104.96017	100.0	100.0	149999	286.09445	36.7616	378.41425	33.665493	-288.11572	16.99401	1696.2829940319061
101	-18.450846	76.3596	133.73357	-164.52104	-45.18887	79.81016	143.90636	-114.4081	100.0	100.0	151499	286.58057	37.004486	381.45386	40.44991	-288.5235	16.995304	1713.0269169807434
102	-23.88644	64.75379	106.457886	-158.06648	-98.47316	34.18644	-30.778889	-143.4454	100.0	100.0	152999	286.5778	36.73522	379.44363	26.34596	-288.50992	16.482988	1729.7880058288574
103	-48.576942	42.348362	48.37615	-100.94248	-40.43319	75.07407	85.56717	-166.13254	100.0	100.0	154499	286.74905	36.567627	377.94183	46.332508	-288.7318	16.630116	1746.3623960018158
104	-41.884098	65.435486	26.75226	-227.1258	-76.37239	82.014854	-2.458808	-291.7522	100.0	100.0	155999	287.50555	36.752384	379.58682	32.849026	-289.5309	16.444761	1763.0843269824982
105	-57.598465	98.18585	160.0366	-240.57475	-8.357866	98.56735	157.26575	-148.29099	100.0	100.0	157499	288.3526	36.878628	380.78665	37.313984	-290.34296	17.110247	1779.8693261146545
106	-80.19029	65.44246	30.05363	-183.30733	-32.464897	34.094368	32.396156	-92.671165	100.0	100.0	158999	288.9676	36.84414	381.07693	41.158657	-290.9693	16.925879	1796.450779914856
107	-94.30766	105.17852	115.48057	-319.40204	-89.8212	80.08285	9.419701	-269.9377	100.0	100.0	160499	289.55148	36.74759	384.79803	50.373802	-291.5261	17.312021	1813.1716248989105
108	-45.625626	92.93641	49.15506	-352.95175	-105.0507	66.403625	-28.544579	-217.82277	100.0	100.0	161999	290.05316	36.756866	387.3854	38.813114	-292.0096	16.530554	1830.500347852707
109	-32.834328	71.79908	109.08021	-195.11162	-22.904293	90.00724	166.21756	-129.5521	100.0	100.0	163499	290.47452	36.709557	387.97543	47.86863	-292.42825	16.719585	1848.2585849761963
110	-39.959778	62.942173	64.65489	-159.62927	-66.98494	72.584656	55.70527	-228.53871	100.0	100.0	164999	290.96512	37.002197	384.8815	36.277557	-292.91647	16.492865	1864.7173669338226
111	-52.568954	66.357285	66.09113	-208.73706	-47.956394	67.3742	83.87679	-144.22969	100.0	100.0	166499	291.15472	36.91207	386.9115	52.139446	-293.1009	16.529182	1881.2101798057556
112	-78.207886	60.319424	19.677944	-204.34506	-0.4004898	98.72348	141.88849	-145.88884	100.0	100.0	167999	291.65872	36.73863	386.6881	48.370617	-293.55585	16.826687	1897.7533040046692
113	-63.99717	48.316998	60.518913	-163.6508	-14.534721	66.93974	119.5977	-104.62223	100.0	100.0	169499	291.48816	36.74419	386.44485	62.60077	-293.40793	15.964918	1914.2683131694794
114	-49.738102	50.286777	52.640213	-140.24146	-82.05553	70.16628	16.20469	-221.3998	100.0	100.0	170999	292.11288	36.580814	387.71274	37.389935	-294.0269	16.284857	1930.8154170513153
115	-21.322466	49.418995	73.60138	-94.160286	-64.87824	94.60062	100.20687	-222.87935	100.0	100.0	172499	291.89694	36.74754	390.22504	59.558456	-293.7979	16.254269	1947.1851930618286
116	-59.430798	97.923325	108.01443	-330.9886	-17.883465	76.70224	119.059456	-132.97693	100.0	100.0	173999	291.95004	36.77115	391.3305	58.401012	-293.82608	16.264896	1963.5528190135956
117	-47.290398	46.101616	32.422047	-134.15575	-64.18093	127.84632	179.277	-360.4064	100.0	100.0	175499	291.84192	36.579624	392.13168	64.45265	-293.70737	16.126217	1980.2702860832214
118	-81.30148	83.81287	82.42063	-299.78683	-67.239746	52.917168	16.397568	-153.14406	100.0	100.0	176999	291.94812	36.858387	395.5485	66.98817	-293.84686	15.955474	1997.1123390197754
119	-65.85999	65.85961	41.750946	-200.79372	-52.188942	53.969543	8.78196	-175.29044	100.0	100.0	178499	292.02777	37.31216	398.21826	46.946587	-293.93533	15.963433	2014.0855858325958
120	-16.938349	64.20519	73.39819	-185.33466	-80.940796	65.20056	50.072327	-175.7378	100.0	100.0	179999	292.40283	37.79073	399.79248	60.55583	-294.3676	16.121115	2030.8225920200348
121	-50.78204	76.801186	74.21482	-150.78183	-4.0309324	75.04563	103.68333	-154.31099	100.0	100.0	181499	294.19656	37.669373	403.09796	54.795105	-296.25595	16.676443	2047.4428868293762
122	-7.391757	66.276184	102.38009	-126.14828	-64.74687	61.074894	22.827503	-196.45044	100.0	100.0	182999	295.2819	37.90527	405.4267	64.23573	-297.29688	16.664251	2064.0913689136505
123	-31.865309	62.436966	81.18463	-149.88174	-28.879354	89.536835	125.051605	-206.12679	100.0	100.0	184499	296.5007	38.13654	403.9364	60.03104	-298.54422	16.731544	2081.070244073868
124	-34.92079	54.131393	57.319263	-156.45602	-44.19677	14.364553	-11.957126	-62.126385	100.0	100.0	185999	298.19366	38.38499	400.21576	68.25414	-300.29263	16.63229	2097.521847009659
125	-32.55498	48.936604	71.744644	-108.404495	-16.898157	84.35358	174.29659	-165.34474	100.0	100.0	187499	299.763	38.239967	406.9857	59.606922	-301.82166	16.617975	2114.293515920639
126	-36.80153	54.158573	43.372463	-170.69188	-38.25344	68.62197	93.11864	-122.30524	100.0	100.0	188999	300.64917	37.520252	406.91907	74.802925	-302.68262	16.718697	2131.207769870758
127	-26.858189	69.07558	108.421906	-159.14517	-61.35154	77.476524	99.48642	-226.90642	100.0	100.0	190499	301.51157	36.99126	405.6409	84.608604	-303.49414	16.539934	2147.705190896988
128	-63.114273	62.067993	33.99004	-171.61171	-48.428814	88.36685	117.68199	-220.84436	100.0	100.0	191999	302.32892	36.197014	405.53583	77.59106	-304.29688	16.529192	2164.3582849502563
129	-34.40136	85.25742	115.415215	-235.60068	-54.76695	86.28935	173.37813	-162.51762	100.0	100.0	193499	302.2415	35.74347	402.8526	72.421196	-304.1344	16.054045	2181.1485030651093
130	-80.14908	76.73235	79.30885	-264.16577	-58.16985	92.83173	49.284054	-290.72726	100.0	100.0	194999	302.69824	35.225876	407.30176	73.11681	-304.62326	16.033632	2197.7678039073944
131	-21.220943	54.35957	101.0645	-139.23022	-83.5446	106.073105	-0.5059524	-326.98972	100.0	100.0	196499	302.99313	34.889263	407.53766	69.42781	-304.90668	15.972497	2214.451959133148
132	-81.01108	95.989334	96.50887	-270.57047	-91.62801	96.58897	6.0254908	-343.73404	100.0	100.0	197999	303.42575	34.63423	407.9253	85.55702	-305.3252	15.758948	2231.0917167663574
133	-70.22956	59.47052	49.56029	-193.48567	-89.43526	83.42431	-0.54230183	-285.63467	100.0	100.0	199499	303.20233	34.51373	408.96588	85.69584	-305.06207	15.367936	2247.7821428775787
134	-87.487656	100.786194	55.449577	-385.09262	-55.378906	70.666664	33.526707	-235.47986	100.0	100.0	200999	303.2425	34.668583	410.31195	83.42873	-305.13492	15.389827	2264.5258088111877
135	-29.999626	59.44714	102.252884	-128.23637	-33.409008	84.79311	125.75768	-192.92506	100.0	100.0	202499	303.40076	34.921898	407.86948	72.45549	-305.27417	16.063156	2281.324419736862
136	-53.83267	63.435623	44.426502	-226.309	-56.457508	63.64776	91.51902	-158.98874	100.0	100.0	203999	303.3727	35.49024	412.10284	63.871613	-305.26355	16.376398	2297.9922280311584
137	-79.1716	44.977036	-33.564392	-222.77608	-38.142532	87.31933	164.51292	-117.7187	100.0	100.0	205499	304.2651	36.006092	411.5547	75.12347	-306.2461	16.137178	2314.72052693367
138	-81.14927	73.49688	-6.536221	-247.7219	-85.26872	67.99078	19.154837	-211.83992	100.0	100.0	206999	305.0079	36.59811	413.52942	71.48942	-307.0022	16.735485	2331.91073679924
139	-44.157627	54.68306	44.82393	-150.80573	-50.274574	60.699356	78.48372	-148.36823	100.0	100.0	208499	306.33044	36.528038	415.09204	76.174866	-308.36383	16.884722	2348.757313013077
140	-53.88844	63.113663	16.052176	-178.80061	-82.88693	175.9727	181.29573	-431.98178	100.0	100.0	209999	307.36896	36.44725	414.07474	86.886765	-309.3115	16.981525	2365.633057117462
141	-35.130238	64.33959	124.118744	-154.73021	-33.058495	29.47795	16.769644	-82.6597	100.0	100.0	211499	308.08917	36.63374	418.5583	74.07298	-310.081	16.528305	2382.6167550086975
142	-69.57446	75.37642	71.258995	-234.677	-68.272446	58.369698	41.901695	-137.10182	100.0	100.0	212999	309.1228	36.55408	425.6692	60.627674	-311.1404	16.627478	2399.360315799713
143	-52.025597	61.868153	43.268436	-202.00845	-21.523092	92.80759	122.49605	-136.60486	100.0	100.0	214499	310.35944	36.62839	429.25964	49.548553	-312.33313	17.007715	2416.1441688537598
144	-79.21645	79.61759	53.15541	-308.91876	-45.955753	86.62675	86.96165	-233.21906	100.0	100.0	215999	311.36298	36.625526	433.9809	87.43954	-313.35175	16.275528	2432.8959391117096
145	-48.515553	56.614353	60.174255	-157.77357	-51.938904	83.24575	142.49803	-173.83156	100.0	100.0	217499	312.07852	37.016823	436.33453	77.02535	-314.05164	16.19975	2449.7738978862762
146	-45.01656	62.150227	96.9621	-166.96619	-36.05699	94.34649	116.52801	-234.61407	100.0	100.0	218999	312.52567	37.009987	434.00168	58.053116	-314.42978	16.468065	2466.6128709316254
147	-50.511147	78.694405	127.002495	-208.10004	-65.48336	55.01694	10.691013	-199.82442	100.0	100.0	220499	312.62457	36.523518	432.76724	77.27124	-314.53412	16.351782	2483.4396789073944
148	-30.346228	60.400764	105.710724	-168.27231	-84.29569	108.23464	48.007866	-343.42926	100.0	100.0	221999	312.9112	36.257072	430.4642	60.220448	-314.78046	15.890736	2500.395254135132
149	-70.08619	100.90318	128.14061	-229.29106	-79.39235	60.398388	10.7514715	-198.26114	100.0	100.0	223499	312.82736	36.40536	431.77988	44.793427	-314.76736	16.883848	2517.209244966507
150	-47.438145	81.47181	112.3697	-245.81612	-47.99897	87.92128	72.90776	-189.55792	100.0	100.0	224999	313.21188	36.371464	429.32397	54.66306	-315.13806	17.096764	2534.0200021266937
151	-76.2417	111.73517	67.66498	-439.83176	-103.70762	111.58898	-25.729328	-421.9963	100.0	100.0	226499	313.5756	36.450687	429.38403	49.763737	-315.4959	16.956503	2551.0276539325714
152	-57.84438	67.8995	86.85371	-173.15588	-68.82364	56.733982	14.928435	-170.11032	100.0	100.0	227999	314.0315	36.81581	426.93927	42.487675	-315.98413	17.731632	2567.6843531131744
153	-76.32423	64.02288	5.9235153	-199.69484	-62.431965	30.282747	-36.6929	-124.981705	100.0	100.0	229499	314.3672	36.805138	427.65106	42.406944	-316.2871	16.495834	2584.3352267742157
154	-21.321207	85.41004	158.7048	-136.2624	-72.13187	37.036	-27.524397	-142.46362	100.0	100.0	230999	314.71194	36.892765	430.0708	69.00506	-316.6329	16.902847	2601.2546739578247
155	-43.797318	76.483444	143.25423	-162.91182	-27.96607	98.31973	176.12135	-160.56194	100.0	100.0	232499	314.9083	37.04858	428.72363	61.708447	-316.7997	16.677622	2618.2555220127106
156	-34.6859	52.72861	63.59005	-105.35395	-16.11348	82.109825	182.78471	-100.78611	100.0	100.0	233999	315.25107	37.10991	429.3185	38.695786	-317.14713	16.793041	2635.092957019806
157	-31.218227	35.195553	27.276897	-77.26988	-49.04597	57.10743	27.876665	-139.307	100.0	100.0	235499	315.22275	37.23264	429.40643	57.581078	-317.1219	16.721365	2651.9713768959045
158	-77.37504	78.16335	59.21922	-244.679	-42.21087	56.480427	97.46285	-117.844055	100.0	100.0	236999	315.2072	36.843693	425.88654	64.58815	-317.0129	16.12871	2668.934234857559
159	-51.88429	67.36537	71.0279	-166.09962	-48.26844	125.49582	178.99594	-326.66946	100.0	100.0	238499	314.3575	36.601017	423.2183	59.41525	-316.11136	15.5079365	2685.8929538726807
160	-29.977566	68.25768	89.202354	-136.27313	-51.10888	38.774483	-17.47031	-150.0114	100.0	100.0	239999	313.67715	36.542904	420.11014	62.392708	-315.44778	15.742449	2702.8487360477448
161	-30.748571	51.543865	45.90509	-149.55612	-25.421375	88.72911	154.563	-203.89394	100.0	100.0	241499	312.74777	36.60701	416.64676	62.084976	-314.4385	15.289832	2720.0191218852997
162	-29.869286	75.78775	90.411674	-209.86778	-37.33834	65.1425	120.07879	-134.55797	100.0	100.0	242999	311.9126	36.889805	424.5069	63.3042	-313.68668	15.760032	2737.0941519737244
163	-32.158672	62.110905	153.59375	-134.17212	-51.46203	96.60606	114.72997	-272.94547	100.0	100.0	244499	310.9277	36.89245	427.03735	31.416115	-312.6397	15.733685	2753.773421049118
164	-44.95235	60.104965	45.85607	-142.53186	-1.6774566	78.87829	153.06485	-104.118195	100.0	100.0	245999	309.95926	36.609787	425.779	61.47231	-311.66864	15.157115	2770.78644990921
165	-41.81958	61.49557	58.347115	-180.39731	-33.90172	112.593895	163.7889	-261.37894	100.0	100.0	247499	309.01593	36.702713	426.39154	67.63739	-310.69672	14.799389	2787.7919380664825
166	-55.822926	57.296432	60.26503	-162.03918	-25.587866	72.992775	146.67416	-109.58202	100.0	100.0	248999	307.8848	36.686325	426.77704	56.67131	-309.58536	14.627065	2806.292767047882
167	-45.346516	46.44926	27.001059	-122.81812	-52.919018	121.51722	123.40137	-235.44218	100.0	100.0	250499	307.34106	36.485744	427.46683	63.453144	-309.07126	14.316208	2823.246734857559
168	-70.65414	79.72614	41.635357	-237.83806	-41.629116	60.876076	31.024748	-184.57553	100.0	100.0	251999	306.065	36.567497	426.1145	54.07767	-307.7162	13.740031	2840.0700318813324
169	-3.7490723	73.8735	155.9962	-112.47151	-53.715996	95.36557	119.30631	-173.3445	100.0	100.0	253499	304.70074	36.761585	423.24252	73.23367	-306.35175	13.444456	2856.981011867523
170	-42.811943	70.24308	74.19846	-228.41774	-76.04443	81.05121	125.14297	-195.4871	100.0	100.0	254999	303.3728	36.772896	422.63235	75.77465	-304.99652	13.697142	2873.633373975754
171	-26.947884	77.644936	97.2675	-200.92126	-11.1061535	90.964226	161.92458	-126.29011	100.0	100.0	256499	301.4014	37.402367	421.1703	74.65341	-302.97586	13.308875	2890.734734773636
172	-26.28908	61.419067	118.84221	-120.57784	-5.51911	99.06227	159.89606	-171.70609	100.0	100.0	257999	300.1389	37.62695	417.37305	67.405365	-301.76642	13.463987	2907.560472011566
173	-63.734108	55.992535	55.693287	-158.71439	-90.65727	103.57478	40.921223	-333.54648	100.0	100.0	259499	298.90677	38.111065	415.52014	38.966747	-300.51303	13.156612	2924.5494668483734
174	-27.53488	69.36598	72.1448	-147.09988	-56.505287	96.88316	79.61122	-275.37042	100.0	100.0	260999	297.60693	38.55884	411.21655	49.180496	-299.22607	13.283069	2941.24383687973
175	-51.28672	84.95804	85.78103	-249.42125	-56.506706	71.46983	113.92299	-156.99928	100.0	100.0	262499	296.54904	39.092884	407.42776	53.135284	-298.20886	13.414628	2958.0480258464813
176	-31.39852	61.912617	74.209885	-142.98154	-81.25815	66.697716	-9.968731	-256.3386	100.0	100.0	263999	295.6093	39.61215	403.46783	53.771088	-297.24686	13.286989	2975.108517885208
177	-39.491863	87.8107	98.26207	-198.8959	-48.84365	72.01141	112.48664	-184.39655	100.0	100.0	265499	294.67838	39.812798	405.58206	2.6175284	-296.29337	13.4863825	2991.9116230010986
178	-28.291683	91.47736	120.47131	-219.00845	-18.525684	66.25938	80.32092	-102.35834	100.0	100.0	266999	293.6995	39.90796	399.86652	15.068363	-295.37222	13.654429	3008.575478076935
179	-41.395164	83.62475	134.06636	-179.18033	-68.63231	81.82642	50.469685	-234.96028	100.0	100.0	268499	293.23795	39.96896	397.12537	58.568104	-294.9098	13.4150915	3025.471827983856
180	-30.815708	79.71082	158.19316	-188.22421	-45.459846	86.49638	100.083824	-225.53067	100.0	100.0	269999	293.02362	40.358845	392.52402	47.010773	-294.7265	13.860773	3042.328933954239
181	-32.446083	75.30377	78.43366	-187.51039	-16.16655	99.393814	150.90343	-175.42181	100.0	100.0	271499	292.59494	40.81821	393.62344	25.939764	-294.22174	14.346052	3059.0807650089264
182	-33.726776	64.90696	87.306366	-146.28477	-91.99895	54.567677	48.756336	-182.72424	100.0	100.0	272999	291.92923	41.167828	390.55695	20.545113	-293.5666	14.181565	3075.8664309978485
183	-46.15032	76.56943	137.40704	-192.14987	-68.67287	47.11384	18.783659	-148.09988	100.0	100.0	274499	291.28793	40.90371	394.8386	11.023106	-292.9079	14.199151	3092.8312871456146
184	-22.726315	69.10804	61.868458	-234.33673	32.960594	86.11857	158.25687	-73.16823	100.0	100.0	275999	290.72144	40.743694	397.2404	39.810795	-292.35428	13.719214	3109.9499909877777
185	-31.480436	42.635414	47.888954	-89.19318	-69.697754	46.67482	1.2194339	-171.51288	100.0	100.0	277499	290.1753	40.7061	398.48846	50.68858	-291.81863	13.917552	3126.812711954117
186	-31.781881	37.522846	18.903625	-106.132454	-49.18087	54.54349	34.244473	-152.6742	100.0	100.0	278999	289.72357	40.467133	394.21585	32.607864	-291.404	13.8107815	3143.443948030472
187	-78.87386	37.329086	-6.2587476	-146.80653	-24.50657	89.82538	105.28821	-205.25471	100.0	100.0	280499	289.0652	40.175236	393.79507	35.481544	-290.66736	13.7029085	3160.329598903656
188	-62.791504	76.00023	30.320576	-248.01312	-40.65031	107.993866	126.76774	-238.88591	100.0	100.0	281999	288.90417	40.157894	386.90454	15.438629	-290.56537	13.788998	3177.2808198928833
189	-23.207968	78.523315	173.28499	-147.09125	-50.661694	69.39942	20.357193	-203.07188	100.0	100.0	283499	288.31744	40.36471	387.19772	39.399498	-289.91275	13.400484	3194.2050330638885
190	-32.312855	52.132664	58.716267	-136.70149	-29.369976	70.47649	107.71491	-133.37555	100.0	100.0	284999	287.06464	40.730324	391.53705	16.382032	-288.58142	13.049994	3211.2440268993378
191	-30.740105	50.435043	90.8674	-112.85946	-16.654135	65.827446	87.90759	-165.26288	100.0	100.0	286499	286.29886	40.72713	389.82874	24.54222	-287.8452	12.865951	3228.678931951523
192	-26.289583	57.766537	104.673706	-99.75239	-3.1181016	94.270065	151.74118	-108.434494	100.0	100.0	287999	284.92014	40.525227	391.3518	11.2400875	-286.41718	12.704496	3245.5677168369293
193	-27.562164	69.23397	121.02176	-123.576385	-40.758724	81.314064	127.54467	-138.63148	100.0	100.0	289499	283.41986	40.584953	391.91736	33.185272	-284.867	12.474541	3262.41060090065
194	-39.7967	62.107075	80.09595	-145.03835	-45.36419	79.97066	144.45856	-134.4467	100.0	100.0	290999	281.61945	40.65505	390.0431	26.113022	-283.0588	12.271141	3279.3665318489075
195	-50.308823	78.02449	91.3652	-223.63779	-50.23783	49.951904	62.756664	-107.59167	100.0	100.0	292499	279.79095	40.932247	390.14185	44.131367	-281.22876	12.131464	3296.382078886032
196	-48.650894	66.49965	57.151825	-203.967	-35.896507	67.68323	100.47723	-124.64984	100.0	100.0	293999	278.58105	40.830025	387.62726	44.17098	-280.05505	12.475594	3313.088972091675
197	-32.30613	71.42507	80.406944	-164.34128	-35.357216	87.727036	173.2582	-136.06224	100.0	100.0	295499	277.44296	40.989723	387.043	55.904903	-278.9558	12.533029	3330.1028130054474
198	-15.642602	58.32164	75.19306	-104.15525	-36.02926	41.75809	32.40706	-129.94922	100.0	100.0	296999	276.63196	40.892635	387.19547	33.671024	-278.1434	12.310661	3347.826649904251
199	-63.854183	114.322624	96.43365	-354.97623	-66.75017	59.85896	50.619007	-134.76097	100.0	100.0	298499	275.4945	41.213154	385.62546	35.153465	-276.98123	12.147341	3364.9347219467163
200	-55.19655	76.91798	87.194405	-190.19666	6.9180174	74.03415	139.19164	-99.49115	100.0	100.0	299999	274.65482	41.048626	383.64355	58.354057	-276.13184	12.425151	3381.8158349990845
