Epoch	AverageEpRet	StdEpRet	MaxEpRet	MinEpRet	AverageTestEpRet	StdTestEpRet	MaxTestEpRet	MinTestEpRet	EpLen	TestEpLen	TotalEnvInteracts	AverageQ1Vals	StdQ1Vals	MaxQ1Vals	MinQ1Vals	AverageQ2Vals	StdQ2Vals	MaxQ2Vals	MinQ2Vals	LossPi	LossQ	Time
1	-491.09375	5.2555137	-479.87802	-497.98383	-486.73566	4.884936	-479.40683	-493.3932	100.0	100.0	1499	-6.032741	1.9492844	0.01694087	-10.0407715	-6.083331	1.8511369	0.008466557	-10.080004	5.8104663	3.3873127	8.907825231552124
2	-490.66483	5.8841467	-478.34827	-499.30112	-477.62003	14.176317	-446.06146	-497.14578	100.0	100.0	2999	-14.754302	3.8422709	-7.200789	-24.000122	-14.754045	3.8423069	-7.2063775	-24.260305	14.5787735	0.16003022	23.528215169906616
3	-491.8727	6.2382073	-474.2829	-497.92972	-477.98187	26.153032	-403.29208	-498.01852	100.0	100.0	4499	-27.69609	3.66202	-19.429785	-36.99692	-27.696033	3.661365	-19.600235	-36.976913	27.546532	0.17654113	38.52534222602844
4	-489.13138	7.6708217	-472.56036	-501.77502	-484.66446	13.8926	-456.75742	-497.44196	100.0	100.0	5999	-39.32292	3.2316175	-31.320961	-50.176926	-39.323006	3.2318723	-31.469744	-49.64865	39.16774	0.23413141	53.450998067855835
5	-493.44318	5.3728657	-476.79224	-499.4556	-476.96686	21.635403	-428.11227	-497.2746	100.0	100.0	7499	-49.149094	2.7748265	-41.24497	-58.01245	-49.149143	2.7746775	-41.307625	-58.152985	48.98849	0.2579169	68.01133632659912
6	-492.21246	3.9046552	-484.45947	-497.86267	-488.27963	8.6707325	-466.8832	-500.3742	100.0	100.0	8999	-57.447727	2.3915942	-49.95081	-65.52226	-57.447754	2.3914387	-49.8978	-65.26161	57.287655	0.28486386	82.60727715492249
7	-485.97372	11.588967	-451.2821	-496.70663	-485.21216	6.487138	-477.14743	-493.26855	100.0	100.0	10499	-64.44981	2.0999584	-56.8838	-71.87054	-64.4498	2.1004922	-56.60443	-71.78979	64.29376	0.29652798	97.26579308509827
8	-484.2315	18.084648	-419.56213	-495.76224	-477.55206	28.808939	-414.46878	-502.8548	100.0	100.0	11999	-70.18504	1.8353117	-62.85873	-76.892944	-70.18499	1.8369293	-62.937546	-76.995766	70.05184	0.31182295	112.38284635543823
9	-483.04877	13.642642	-459.2553	-502.61285	-478.59268	19.488125	-429.47113	-499.59122	100.0	100.0	13499	-74.97662	1.6741225	-68.417984	-81.41715	-74.97668	1.6760306	-68.309204	-81.56817	74.85695	0.32715765	127.07281827926636
10	-480.86383	10.099399	-463.90335	-499.63412	-472.84082	15.156998	-443.86523	-494.17328	100.0	100.0	14999	-78.98624	1.5243005	-72.6733	-85.02225	-78.98614	1.5266892	-72.77066	-85.03587	78.87709	0.34160572	141.9130973815918
11	-477.39862	15.378376	-434.65103	-499.1999	-471.83197	15.089102	-434.42337	-486.8547	100.0	100.0	16499	-82.29063	1.4190178	-76.47839	-88.31447	-82.29053	1.4206802	-76.14662	-88.50987	82.17823	0.35500473	156.820472240448
12	-479.92374	11.992461	-454.25546	-498.10776	-464.5166	22.978249	-422.60016	-490.55777	100.0	100.0	17999	-84.97931	1.4063182	-79.090576	-91.22429	-84.97944	1.4081173	-79.06455	-90.82316	84.87069	0.36353093	171.77688026428223
13	-481.12555	10.056653	-456.35553	-494.05002	-447.33447	42.040077	-347.2137	-497.03656	100.0	100.0	19499	-87.22175	1.4094898	-81.221954	-93.48162	-87.22166	1.4111307	-80.94812	-93.0926	87.11461	0.3737685	186.42029905319214
14	-475.09506	14.275298	-441.98917	-496.0876	-471.6749	15.840045	-440.44525	-492.3782	100.0	100.0	20999	-89.04467	1.431471	-82.86913	-95.339325	-89.04478	1.4319113	-82.832	-94.5646	88.93798	0.38067162	201.3920931816101
15	-467.8035	17.468689	-437.8893	-488.07904	-447.66083	33.97735	-353.8241	-478.64844	100.0	100.0	22499	-90.53891	1.4842418	-84.36488	-96.89542	-90.538925	1.4842501	-84.32501	-97.11851	90.426414	0.39234716	216.40128207206726
16	-453.52274	31.044952	-361.5893	-493.6946	-451.8501	35.19351	-381.39886	-491.18634	100.0	100.0	23999	-91.72376	1.5276289	-85.61271	-98.69828	-91.72373	1.5261587	-85.54688	-98.507164	91.60638	0.41235897	231.4470820426941
17	-453.05606	30.891165	-391.2663	-493.09338	-440.25616	27.202597	-388.28082	-474.18582	100.0	100.0	25499	-92.60416	1.6423293	-86.53472	-99.95787	-92.60431	1.6372958	-86.39127	-99.8652	92.479	0.44731477	246.4168403148651
18	-461.5971	27.358686	-388.82837	-489.75653	-442.88037	26.342804	-390.4984	-485.92337	100.0	100.0	26999	-93.26389	1.7906597	-85.578064	-100.91164	-93.26395	1.7840528	-85.77439	-100.62063	93.12283	0.49860096	261.2057251930237
19	-460.84576	21.641588	-402.28018	-491.84378	-444.31836	19.963413	-421.66132	-475.76248	100.0	100.0	28499	-93.76296	1.9543687	-84.561424	-101.93022	-93.7631	1.9478098	-85.00335	-102.05257	93.61394	0.5360602	276.01682209968567
20	-461.8043	26.563395	-394.21262	-492.60464	-452.7754	28.591164	-411.08865	-486.9817	100.0	100.0	29999	-94.156235	2.0889966	-83.81291	-103.131935	-94.15644	2.0830033	-84.08938	-102.68109	93.99336	0.5545507	290.99407839775085
21	-462.88077	18.616697	-413.89038	-488.3627	-429.98834	42.379406	-363.37177	-500.55646	100.0	100.0	31499	-94.433105	2.2073102	-82.93138	-103.23101	-94.43303	2.2025933	-83.189514	-103.70449	94.265045	0.5855021	305.6852762699127
22	-455.16974	20.834984	-419.09494	-484.72076	-403.15506	50.271843	-287.17038	-471.7525	100.0	100.0	32999	-94.57657	2.3360095	-81.796776	-104.02137	-94.57666	2.332594	-82.12035	-104.05236	94.38965	0.6022511	320.30873703956604
23	-443.7695	31.817604	-337.80145	-471.9219	-441.0976	28.978233	-379.1559	-477.55673	100.0	100.0	34499	-94.64879	2.4628885	-81.1317	-104.2403	-94.649	2.4617534	-81.59208	-105.39534	94.46698	0.62514305	335.0951581001282
24	-457.06848	19.884232	-427.7744	-497.45767	-422.75864	29.279495	-373.6087	-475.2836	100.0	100.0	35999	-94.65569	2.590366	-80.520744	-104.39376	-94.65585	2.5875635	-80.796844	-104.19608	94.47859	0.64680797	349.957168340683
25	-435.4596	35.265682	-375.95453	-495.19614	-410.26465	37.455704	-337.04248	-456.24756	100.0	100.0	37499	-94.648186	2.6909623	-80.427925	-104.57285	-94.648415	2.6867452	-80.47456	-106.2702	94.45666	0.66741914	364.7457551956177
26	-452.22702	19.298187	-407.4686	-485.38647	-439.43246	25.380842	-408.71628	-500.5708	100.0	100.0	38999	-94.57525	2.840758	-79.90351	-105.14067	-94.5753	2.8382106	-79.87169	-105.944695	94.37241	0.67413783	379.8292443752289
27	-444.9438	21.616531	-404.03644	-481.8619	-414.97113	29.554043	-365.25522	-459.49747	100.0	100.0	40499	-94.495575	2.9504573	-79.36595	-105.8576	-94.4957	2.949307	-79.27249	-105.55037	94.28477	0.68854487	394.7814931869507
28	-431.61133	30.07653	-350.0315	-464.6433	-415.07773	21.963116	-366.27795	-450.203	100.0	100.0	41999	-94.37007	3.034252	-78.475685	-106.48463	-94.3702	3.0337024	-78.70996	-105.17879	94.162186	0.70959926	409.58786034584045
29	-435.30084	26.573027	-378.2016	-463.89914	-415.5677	46.23321	-308.84412	-472.45892	100.0	100.0	43499	-94.19492	3.1348095	-78.52158	-106.43632	-94.19511	3.1353498	-78.40342	-106.676994	93.98202	0.7249279	424.39459109306335
30	-445.16495	19.344616	-402.2079	-478.72314	-430.43793	24.02996	-395.0391	-467.69504	100.0	100.0	44999	-94.077225	3.2148929	-77.87611	-106.024635	-94.07724	3.2165534	-77.908424	-106.334854	93.87326	0.75262725	439.38717126846313
31	-443.64255	19.736197	-395.74643	-470.7663	-424.57037	24.47997	-376.41666	-466.05145	100.0	100.0	46499	-93.90536	3.3144882	-77.532234	-106.578835	-93.905556	3.3179781	-77.6409	-106.17527	93.65852	0.77699065	454.801078081131
32	-442.57874	21.38395	-403.04907	-471.38983	-424.581	30.862984	-376.52206	-463.40598	100.0	100.0	47999	-93.76017	3.3775797	-77.5328	-106.089775	-93.7602	3.380463	-77.475746	-105.81437	93.555336	0.7867035	469.73305916786194
33	-421.33978	36.87716	-333.75534	-464.80634	-380.6978	53.185783	-270.74066	-464.66116	100.0	100.0	49499	-93.58942	3.472696	-77.46165	-106.43852	-93.58949	3.4775658	-77.11745	-105.79576	93.36175	0.8061005	484.5575873851776
34	-439.0237	31.346859	-365.9901	-479.47263	-417.13934	40.484398	-311.44437	-463.09134	100.0	100.0	50999	-93.40208	3.5080693	-77.093376	-106.29667	-93.401985	3.514963	-76.93403	-105.40115	93.1771	0.82539535	499.3177752494812
35	-429.53104	18.147814	-393.59906	-456.38666	-377.04688	56.988926	-269.1934	-465.334	100.0	100.0	52499	-93.21705	3.5692358	-76.87611	-106.72577	-93.217224	3.574851	-76.632935	-106.31701	93.00154	0.8463307	513.9336211681366
36	-429.06378	25.487482	-396.98535	-475.15817	-405.8205	25.62386	-362.98932	-450.78238	100.0	100.0	53999	-92.98743	3.6646938	-76.77972	-106.341446	-92.98732	3.6719663	-76.88695	-107.06203	92.75321	0.8538973	530.0270962715149
37	-425.16736	22.432692	-389.85156	-463.06302	-397.97784	18.22109	-363.4217	-418.61078	100.0	100.0	55499	-92.78403	3.7493918	-76.67244	-106.71879	-92.78421	3.754929	-76.84341	-106.96032	92.55026	0.8749483	545.3337752819061
38	-431.14706	23.770794	-367.56625	-465.81567	-383.3686	45.26433	-317.65335	-469.89432	100.0	100.0	56999	-92.56092	3.8105798	-76.90006	-107.36299	-92.56072	3.8156586	-76.95869	-107.001236	92.315	0.8872489	560.1978492736816
39	-429.1695	28.087185	-364.37372	-461.31833	-412.65356	33.820034	-366.98135	-468.38428	100.0	100.0	58499	-92.353584	3.870239	-77.05686	-106.97035	-92.35371	3.8760135	-77.341835	-107.523796	92.118774	0.899819	576.400591135025
40	-416.52728	32.575844	-308.83655	-450.67615	-404.40973	48.774742	-287.66888	-455.74295	100.0	100.0	59999	-92.15177	3.9202478	-77.206924	-106.591995	-92.151665	3.9248195	-77.448235	-106.99947	91.93142	0.9231665	592.0809783935547
41	-403.3085	38.549892	-336.20694	-461.64496	-391.0749	38.38663	-323.72867	-453.74753	100.0	100.0	61499	-91.92311	3.973757	-77.49425	-107.1578	-91.92312	3.9783247	-77.271454	-107.95283	91.66936	0.9298352	607.0994162559509
42	-411.30533	30.836067	-356.1453	-459.4702	-411.62003	33.44548	-352.58972	-466.1678	100.0	100.0	62999	-91.702446	4.0143814	-77.97971	-107.18447	-91.70236	4.0184636	-77.77512	-107.49405	91.451706	0.9531453	621.9766321182251
43	-434.6087	19.650385	-389.1034	-458.1679	-391.85297	50.627964	-291.62897	-452.49	100.0	100.0	64499	-91.52157	4.070762	-77.84197	-107.2021	-91.52174	4.075707	-77.7872	-107.00731	91.27819	0.9916993	636.6216173171997
44	-406.97073	41.288662	-308.26447	-464.0733	-405.45108	33.101112	-356.4352	-453.16278	100.0	100.0	65999	-91.28125	4.129641	-78.057495	-106.97804	-91.28119	4.1328154	-77.802536	-108.34158	91.00467	1.0065563	651.318519115448
45	-418.77878	30.184528	-332.60062	-462.04614	-409.90878	29.572243	-347.15918	-448.3761	100.0	100.0	67499	-91.08308	4.1834145	-77.71248	-107.58642	-91.083084	4.185058	-77.75484	-107.359825	90.828156	1.0238115	666.1435952186584
46	-424.46912	19.042788	-396.06775	-455.75226	-375.87238	57.461224	-297.17587	-450.36203	100.0	100.0	68999	-90.84703	4.232771	-77.76056	-108.364685	-90.84721	4.2344813	-77.5901	-107.64897	90.59113	1.0245819	680.8812212944031
47	-421.54184	27.725843	-372.8832	-478.1626	-393.11353	23.41871	-370.31094	-436.32605	100.0	100.0	70499	-90.656845	4.295346	-77.92091	-108.43785	-90.65684	4.2971406	-77.560135	-107.63228	90.40189	1.0493947	695.7619960308075
48	-437.31808	25.204681	-388.31592	-476.40915	-392.68756	41.04471	-310.92886	-446.29178	100.0	100.0	71999	-90.47894	4.3209386	-77.52076	-108.21289	-90.479095	4.323103	-77.16561	-108.43527	90.233185	1.0473107	710.5500600337982
49	-418.08643	29.262272	-343.3368	-456.28662	-395.36285	31.144312	-346.996	-450.1332	100.0	100.0	73499	-90.30949	4.3648844	-77.58348	-108.645996	-90.30941	4.3668027	-77.33537	-107.7018	90.0264	1.0673568	725.36856341362
50	-414.20233	29.36543	-319.37314	-444.65588	-403.19907	34.775166	-325.87344	-463.2892	100.0	100.0	74999	-90.158485	4.391545	-77.36211	-108.7553	-90.15871	4.3935747	-77.24812	-109.45189	89.885635	1.0794436	740.445540189743
51	-425.72968	40.845448	-324.9756	-480.56802	-367.107	55.25046	-246.37022	-430.00327	100.0	100.0	76499	-89.981125	4.4239755	-76.99898	-108.983215	-89.9811	4.425874	-76.75755	-107.48642	89.67496	1.080841	755.2009270191193
52	-411.49896	36.75014	-335.31284	-454.65103	-397.65817	34.882767	-335.65402	-445.52927	100.0	100.0	77999	-89.801796	4.461051	-76.547424	-109.66515	-89.80191	4.4634557	-76.52008	-109.199104	89.52949	1.0896857	770.4128770828247
53	-427.14203	29.565697	-344.5303	-450.8212	-391.26834	31.545527	-327.69156	-438.8081	100.0	100.0	79499	-89.62349	4.4901047	-76.827255	-109.33237	-89.62323	4.4933534	-75.9718	-108.263504	89.36393	1.112632	785.8545053005219
54	-433.62576	33.08803	-323.8572	-470.31055	-414.83466	33.0386	-356.41925	-469.40323	100.0	100.0	80999	-89.480415	4.513828	-76.407196	-108.23995	-89.48052	4.516499	-76.243065	-108.91	89.20042	1.1103922	800.9778890609741
55	-421.9134	30.47643	-373.3396	-471.7601	-380.1029	49.20444	-291.8858	-444.26953	100.0	100.0	82499	-89.34254	4.5530834	-75.68164	-109.00156	-89.342514	4.5548716	-75.813484	-109.96976	89.04177	1.098851	816.8882901668549
56	-399.49762	32.52087	-344.63547	-468.5669	-402.822	39.278152	-331.64066	-466.99164	100.0	100.0	83999	-89.145164	4.6119666	-76.16781	-108.49219	-89.14511	4.613519	-75.74431	-108.80094	88.853386	1.1146066	832.3412642478943
57	-400.95425	46.117706	-280.68192	-460.90536	-388.9767	35.73567	-342.1619	-447.15732	100.0	100.0	85499	-89.00184	4.6788473	-75.72406	-111.86614	-89.001884	4.6795945	-75.83261	-111.49526	88.735146	1.1293608	847.7366762161255
58	-418.27866	29.008648	-361.3676	-468.46567	-396.57	52.330463	-321.0676	-467.15594	100.0	100.0	86999	-88.826996	4.722284	-75.7024	-108.94553	-88.827194	4.7223067	-75.85358	-109.45718	88.5515	1.132028	862.7432391643524
59	-416.74356	35.32094	-347.27454	-479.81326	-388.12152	41.481735	-303.1804	-441.90225	100.0	100.0	88499	-88.66364	4.7873416	-75.58026	-109.655655	-88.66391	4.786377	-75.89416	-109.64532	88.36933	1.1422276	878.0145621299744
60	-416.49857	33.33531	-354.99594	-463.1682	-402.0848	33.061817	-346.47336	-470.93604	100.0	100.0	89999	-88.53901	4.8584785	-75.871864	-111.12865	-88.53907	4.8595324	-75.737976	-111.534355	88.262566	1.1508144	893.1434891223907
61	-411.12302	39.254555	-351.90317	-471.6085	-404.66318	43.176422	-319.1685	-479.54407	100.0	100.0	91499	-88.39561	4.907949	-75.73875	-109.776375	-88.39563	4.90852	-75.5147	-109.54068	88.09669	1.1445291	908.160477399826
62	-397.98157	36.130184	-344.2698	-452.18094	-379.1453	46.1725	-306.1111	-472.80298	100.0	100.0	92999	-88.24855	4.9692755	-75.48274	-112.40949	-88.2487	4.9672813	-75.25465	-111.67054	87.9355	1.1573156	922.8443772792816
63	-424.60886	29.098078	-362.16318	-473.87976	-385.93	36.833675	-307.33838	-439.99796	100.0	100.0	94499	-88.08102	5.020701	-75.17267	-111.59249	-88.08114	5.0211225	-75.0936	-111.18421	87.779144	1.1427926	937.804526090622
64	-409.57733	27.262129	-347.01184	-440.16498	-389.5014	32.47277	-342.31305	-444.7595	100.0	100.0	95999	-87.94294	5.0415635	-74.63431	-109.69329	-87.94297	5.0407796	-74.65632	-110.63113	87.63666	1.1703663	952.8065342903137
65	-413.44366	40.43696	-320.0394	-456.04944	-393.6147	52.945023	-277.43924	-471.01608	100.0	100.0	97499	-87.83899	5.102015	-74.51803	-110.11072	-87.839066	5.1017036	-74.44242	-109.96624	87.55275	1.1800516	967.7647843360901
66	-413.67572	31.926104	-331.616	-464.09195	-403.14984	51.177055	-323.6827	-475.69623	100.0	100.0	98999	-87.722435	5.1306963	-74.299644	-110.47769	-87.72253	5.1301365	-74.20001	-111.55221	87.4198	1.1741197	982.8793022632599
67	-399.7829	37.233723	-326.26285	-463.4502	-380.08203	28.95002	-342.0262	-426.45728	100.0	100.0	100499	-87.6108	5.1427803	-74.11883	-110.10111	-87.61096	5.143095	-73.84181	-110.38385	87.31577	1.1766686	997.9569482803345
68	-400.48544	36.53768	-316.65277	-450.49762	-381.9269	44.714176	-303.28915	-452.24207	100.0	100.0	101999	-87.49881	5.1823044	-73.92209	-109.92239	-87.49892	5.181631	-73.952705	-111.29685	87.1938	1.1746856	1013.3071863651276
69	-399.32703	39.74299	-313.54684	-463.20544	-357.11536	35.492466	-302.17554	-421.55502	100.0	100.0	103499	-87.33645	5.208035	-73.83574	-109.4944	-87.33662	5.2071886	-73.79837	-109.81597	87.01457	1.1711644	1028.5884113311768
70	-403.68576	35.784637	-340.52115	-460.73114	-370.13727	54.998913	-282.9938	-462.2908	100.0	100.0	104999	-87.240875	5.2204623	-73.63674	-111.286736	-87.240845	5.2201753	-73.77497	-111.7339	86.943344	1.1797401	1043.7130291461945
71	-405.60794	34.075737	-348.1705	-461.73724	-384.88522	42.39721	-305.32925	-443.04556	100.0	100.0	106499	-87.1221	5.269018	-73.600204	-111.300575	-87.12247	5.2679143	-73.553215	-111.21655	86.83252	1.197876	1058.4458591938019
72	-400.1022	27.809383	-357.68985	-449.96878	-387.43747	40.936005	-307.477	-445.57446	100.0	100.0	107999	-87.04874	5.299287	-73.60326	-110.62422	-87.04877	5.2992325	-73.504295	-110.69806	86.75574	1.196511	1073.4369962215424
73	-415.93478	20.69977	-385.22363	-455.41577	-351.92407	65.4446	-265.11273	-473.3363	100.0	100.0	109499	-86.92051	5.3254266	-73.39771	-111.43791	-86.920784	5.325697	-73.24572	-111.177536	86.63446	1.2019274	1088.6357324123383
74	-401.45053	33.66834	-356.50226	-462.3678	-369.29474	33.74747	-322.89673	-441.93103	100.0	100.0	110999	-86.854195	5.3163857	-73.27423	-110.45576	-86.85397	5.316662	-73.19324	-111.27732	86.55512	1.2057893	1103.5813643932343
75	-415.4692	28.055416	-353.02368	-453.20792	-368.4123	47.266556	-279.02365	-456.4861	100.0	100.0	112499	-86.7242	5.315541	-73.081245	-109.056755	-86.72418	5.3164206	-73.0833	-109.869156	86.41271	1.1888586	1118.781152009964
76	-389.89978	33.382397	-323.143	-440.75214	-375.96375	35.754276	-330.6262	-460.97598	100.0	100.0	113999	-86.645	5.3450475	-73.08448	-108.825485	-86.64468	5.346538	-72.79898	-109.381905	86.33349	1.1829294	1133.6666433811188
77	-402.76355	36.60035	-328.6457	-453.99048	-381.7257	50.770226	-294.6816	-476.3078	100.0	100.0	115499	-86.49083	5.3716035	-72.63529	-110.02263	-86.49131	5.373565	-72.83248	-109.287186	86.1908	1.1879859	1148.8186361789703
78	-403.88632	32.82201	-342.2396	-457.15106	-370.34735	66.961	-291.7091	-455.19662	100.0	100.0	116999	-86.40556	5.388503	-72.71926	-108.71628	-86.40534	5.3925014	-72.66134	-109.89676	86.10094	1.1844935	1164.05175614357
79	-404.49023	28.751896	-351.41324	-452.40872	-405.02252	47.750645	-307.18576	-448.5624	100.0	100.0	118499	-86.307205	5.3777237	-72.648705	-108.66636	-86.30705	5.380923	-72.29978	-109.343185	85.995514	1.173041	1179.2001473903656
80	-379.90613	27.398766	-333.51688	-434.55597	-370.2665	33.48548	-314.48163	-427.28857	100.0	100.0	119999	-86.20173	5.41129	-72.24732	-109.723175	-86.20165	5.4128823	-72.501785	-109.28885	85.90872	1.1782259	1193.9628233909607
81	-403.89484	39.45194	-313.63885	-452.81918	-389.14868	22.971066	-346.91898	-417.29865	100.0	100.0	121499	-86.09169	5.4442916	-71.3749	-107.96955	-86.09163	5.4473777	-72.43936	-108.391525	85.80197	1.1744032	1209.2893061637878
82	-410.77936	39.912746	-323.53534	-454.3741	-411.57626	34.402294	-333.34122	-475.04895	100.0	100.0	122999	-86.01564	5.479706	-70.61748	-108.78981	-86.01593	5.4828897	-71.07989	-109.49163	85.71618	1.1991683	1224.5739922523499
83	-408.0539	35.206158	-345.20068	-460.86884	-376.64413	55.462036	-277.2709	-443.9297	100.0	100.0	124499	-85.927505	5.4640074	-71.02011	-108.187386	-85.92737	5.467379	-71.82845	-110.27999	85.64516	1.1788763	1239.6090953350067
84	-416.6056	30.223232	-359.75644	-474.25522	-395.9986	46.613327	-314.1779	-460.07114	100.0	100.0	125999	-85.85792	5.4684253	-70.97812	-110.10741	-85.85771	5.470326	-71.350975	-109.767715	85.57179	1.1827519	1254.9502062797546
85	-394.69406	34.778927	-329.94443	-456.79675	-356.01593	43.01421	-301.19888	-401.59018	100.0	100.0	127499	-85.81358	5.4816685	-70.712234	-110.54997	-85.81354	5.4860806	-71.06348	-110.70151	85.54002	1.1765263	1270.392343044281
86	-404.3979	31.845364	-332.4863	-455.72394	-384.5834	46.533897	-300.5582	-467.78638	100.0	100.0	128999	-85.7076	5.4858894	-70.93054	-109.12276	-85.70732	5.488796	-70.732956	-109.959755	85.38917	1.1706529	1286.0137271881104
87	-395.2957	36.78095	-313.1776	-450.73053	-346.50937	57.74323	-230.03635	-423.45245	100.0	100.0	130499	-85.64468	5.4910274	-70.451805	-110.42454	-85.64467	5.495312	-70.32637	-110.69805	85.37206	1.1681323	1301.5933792591095
88	-411.03308	34.068558	-361.69205	-463.3815	-371.36115	52.616756	-252.58656	-442.81754	100.0	100.0	131999	-85.54956	5.5426183	-69.89733	-109.32204	-85.549355	5.544657	-69.7262	-110.62798	85.25126	1.1771264	1316.8550703525543
89	-395.25397	49.986656	-303.15353	-456.4272	-369.23395	39.014168	-316.0993	-447.56705	100.0	100.0	133499	-85.43593	5.5815597	-69.54667	-109.81481	-85.43592	5.585991	-69.311745	-110.800995	85.15644	1.1778076	1332.0541062355042
90	-410.20676	31.969627	-354.4455	-458.44348	-368.33484	44.18994	-267.7597	-417.59006	100.0	100.0	134999	-85.325134	5.5675783	-69.941246	-109.090576	-85.32515	5.569328	-69.41399	-110.05496	85.055336	1.154612	1347.5785553455353
91	-391.41217	36.831112	-330.34558	-465.5149	-363.32922	46.235104	-300.05524	-442.56842	100.0	100.0	136499	-85.216385	5.606512	-70.05858	-110.96837	-85.21629	5.6103935	-69.5305	-111.86531	84.91642	1.1570202	1362.5985622406006
92	-409.2882	26.978888	-372.05585	-482.89313	-387.10602	45.100758	-328.98895	-463.22937	100.0	100.0	137999	-85.10605	5.6586328	-69.50829	-109.047485	-85.10612	5.66065	-69.38125	-110.30055	84.7886	1.1594968	1377.6813833713531
93	-398.15857	27.460049	-345.5994	-453.46332	-366.90475	50.128872	-259.0878	-423.54874	100.0	100.0	139499	-84.98476	5.687356	-69.629456	-108.48652	-84.98474	5.6904607	-69.14144	-110.51213	84.675804	1.1752864	1392.6492280960083
94	-410.1531	33.899284	-343.7886	-464.9764	-384.27515	39.738422	-296.51636	-450.74606	100.0	100.0	140999	-84.90314	5.692278	-70.01343	-109.87059	-84.9031	5.6958923	-69.36293	-110.277824	84.60157	1.1569936	1407.9107131958008
95	-410.18176	33.534393	-317.64618	-470.15	-367.296	33.01277	-322.8005	-426.63315	100.0	100.0	142499	-84.77293	5.6864696	-70.28572	-108.64812	-84.77258	5.69001	-69.655495	-108.947685	84.46075	1.1412733	1424.2639331817627
96	-400.88043	36.814404	-313.29034	-459.79434	-357.95026	49.338833	-288.19574	-437.1055	100.0	100.0	143999	-84.67976	5.7010107	-69.782936	-110.11008	-84.67992	5.705094	-68.998924	-111.05174	84.35664	1.1680385	1441.4624121189117
97	-401.68173	41.797695	-300.98322	-448.18594	-393.22238	41.779827	-322.4462	-440.64798	100.0	100.0	145499	-84.62762	5.751833	-69.63468	-109.3844	-84.6274	5.7575884	-69.370964	-110.83303	84.33443	1.1593034	1457.1909441947937
98	-386.72998	28.858868	-354.97733	-447.7816	-373.0738	27.44606	-327.66037	-415.6714	100.0	100.0	146999	-84.550995	5.7413387	-70.20345	-109.344284	-84.550964	5.7459774	-69.3783	-108.86761	84.27917	1.1384822	1473.2652292251587
99	-410.02933	37.79808	-302.63477	-466.2787	-379.361	45.538734	-320.60754	-457.02063	100.0	100.0	148499	-84.4857	5.7664557	-69.251495	-108.098526	-84.48567	5.7692685	-68.6486	-107.749985	84.201866	1.1391525	1488.8233280181885
100	-397.5074	36.544514	-333.11374	-445.98523	-346.4486	51.829727	-223.14967	-406.76306	100.0	100.0	149999	-84.41448	5.7640185	-69.36599	-108.277405	-84.41444	5.7689505	-69.136116	-107.54337	84.12551	1.1440278	1503.9936082363129
101	-399.4918	35.038414	-319.31393	-441.41998	-398.7298	36.013935	-341.23257	-446.54642	100.0	100.0	151499	-84.31695	5.7494106	-69.64473	-110.611145	-84.31676	5.753772	-68.65066	-110.619	84.008385	1.1440693	1519.6952843666077
102	-412.04462	27.199797	-354.13004	-446.177	-388.96954	44.888412	-314.75992	-463.89792	100.0	100.0	152999	-84.25986	5.7684717	-69.4686	-110.52628	-84.25967	5.772501	-69.26673	-110.31242	83.977165	1.1371402	1536.114675283432
103	-394.49677	28.740463	-347.52847	-437.9597	-382.04474	49.44125	-277.2823	-444.59396	100.0	100.0	154499	-84.240456	5.7991467	-69.55177	-109.96642	-84.24034	5.8037944	-69.172775	-110.10792	83.91341	1.1335404	1552.740400314331
104	-393.9414	34.16879	-335.12088	-441.60376	-360.95605	49.190582	-232.66853	-417.3957	100.0	100.0	155999	-84.167786	5.8001494	-69.025536	-108.18209	-84.16792	5.803728	-68.908356	-110.38641	83.85079	1.132851	1568.591890335083
105	-381.2686	44.87346	-288.50754	-453.9853	-388.97293	39.221188	-328.808	-463.28284	100.0	100.0	157499	-84.0918	5.8055215	-68.85591	-108.71442	-84.09139	5.810644	-68.62308	-110.32947	83.7666	1.1168096	1583.6803703308105
106	-407.38785	33.901722	-318.74646	-460.58887	-366.88983	37.88583	-312.48917	-426.34424	100.0	100.0	158999	-84.021355	5.805167	-68.86549	-110.92547	-84.02152	5.8097343	-68.37901	-110.52975	83.72493	1.1101384	1598.930822134018
107	-385.1454	59.925632	-259.46973	-469.8044	-344.36383	46.590504	-268.28137	-423.41217	100.0	100.0	160499	-83.94871	5.8418393	-69.13145	-111.316795	-83.94871	5.846634	-68.59721	-110.68537	83.66997	1.1432482	1614.0212292671204
108	-392.47562	33.68016	-316.99527	-441.71616	-382.63074	38.023884	-314.65228	-439.48163	100.0	100.0	161999	-83.90969	5.8385544	-68.368965	-108.395195	-83.90957	5.841666	-68.30072	-108.981384	83.60438	1.1294498	1629.2341964244843
109	-402.76065	41.841827	-318.98538	-470.47525	-372.2199	53.192116	-264.96042	-436.3505	100.0	100.0	163499	-83.85791	5.8600125	-68.493416	-109.637245	-83.857864	5.8665175	-67.96948	-109.96194	83.56985	1.1260988	1644.3993043899536
110	-380.0586	36.022217	-320.30267	-459.07312	-371.09235	41.815086	-300.61224	-440.97552	100.0	100.0	164999	-83.77143	5.8819904	-68.6468	-108.1677	-83.7715	5.8862143	-68.185936	-106.979866	83.48601	1.1324464	1659.5179131031036
111	-382.64792	36.53519	-336.0461	-463.9011	-356.84766	41.244843	-296.55045	-432.9333	100.0	100.0	166499	-83.73084	5.907065	-68.41684	-108.97084	-83.73053	5.912607	-67.83127	-108.961655	83.407585	1.1337117	1674.8097043037415
112	-406.11484	36.220722	-352.13364	-475.71133	-367.61517	48.1246	-280.44922	-458.58017	100.0	100.0	167999	-83.66055	5.8966155	-69.029236	-108.91438	-83.660675	5.9022036	-68.86741	-110.16319	83.37591	1.1243795	1690.1037220954895
113	-387.89224	43.86861	-306.88654	-444.99078	-336.88116	67.67098	-218.11154	-443.9451	100.0	100.0	169499	-83.60833	5.9559135	-68.69079	-109.24112	-83.60813	5.9620047	-68.18085	-108.87637	83.30862	1.1333829	1705.8662950992584
114	-391.29395	28.974895	-341.7613	-437.32684	-365.92047	57.01765	-286.1859	-453.68777	100.0	100.0	170999	-83.498764	5.9500575	-68.41569	-109.336685	-83.49905	5.9545007	-68.09461	-108.77686	83.1787	1.1432282	1722.3895061016083
115	-372.68365	40.309372	-310.78183	-449.87717	-377.84167	65.80616	-258.5531	-473.40625	100.0	100.0	172499	-83.44464	5.98583	-68.411224	-109.02062	-83.44441	5.987966	-68.24891	-108.68651	83.15518	1.1512613	1737.3996541500092
116	-411.23523	32.316494	-359.10547	-463.3334	-368.12598	59.903164	-268.69394	-448.44843	100.0	100.0	173999	-83.33932	5.9872346	-68.51486	-108.94607	-83.339	5.9907293	-67.879654	-109.193054	83.039955	1.1429788	1752.4997351169586
117	-383.27798	38.84997	-324.85446	-470.10922	-362.60175	52.8611	-283.91116	-439.65344	100.0	100.0	175499	-83.29693	6.0076084	-68.32681	-108.4102	-83.297195	6.011116	-68.204475	-109.47382	83.00839	1.1484278	1767.6520121097565
118	-387.13113	43.44723	-296.83484	-453.25598	-371.36945	46.90959	-265.05835	-429.49182	100.0	100.0	176999	-83.26878	6.0326433	-67.987816	-107.59395	-83.268745	6.036523	-67.2631	-107.70546	82.946945	1.1571053	1782.7796301841736
119	-406.01352	28.684845	-368.45892	-460.8449	-384.37695	26.03049	-337.91745	-418.80942	100.0	100.0	178499	-83.16736	6.038179	-67.977036	-108.79649	-83.16732	6.0426674	-67.83669	-110.00243	82.891685	1.1596156	1798.2034981250763
120	-395.76926	32.711952	-337.69785	-437.3678	-375.88266	35.517357	-310.6053	-438.12894	100.0	100.0	179999	-83.06734	6.08083	-68.61521	-110.078865	-83.06736	6.083305	-68.801674	-109.89334	82.75821	1.1672337	1813.487228155136
121	-389.71954	24.393747	-337.32172	-422.62448	-358.86462	47.8835	-289.8467	-425.114	100.0	100.0	181499	-82.99815	6.100273	-68.599365	-108.99205	-82.99821	6.1046047	-68.701294	-108.67862	82.724884	1.1429636	1828.52196931839
122	-376.0788	25.831532	-343.42215	-444.72455	-354.9541	62.33201	-276.6915	-482.19632	100.0	100.0	182999	-82.90981	6.1235337	-68.21709	-109.56087	-82.909996	6.126594	-68.237785	-109.6008	82.6071	1.1585182	1843.8422904014587
123	-378.091	34.831726	-315.49097	-447.82468	-378.16638	49.636677	-298.25684	-442.561	100.0	100.0	184499	-82.86526	6.1191845	-68.18221	-109.3612	-82.86516	6.1240816	-68.0095	-109.079414	82.583565	1.1509627	1859.0575041770935
124	-381.70102	40.92833	-317.9195	-456.57037	-360.56393	59.071327	-255.4467	-436.24002	100.0	100.0	185999	-82.72538	6.1099534	-66.803635	-108.03796	-82.72537	6.114386	-67.03797	-112.15302	82.432915	1.1627134	1874.3769631385803
125	-389.26074	37.996166	-334.9016	-464.72827	-340.0999	48.352863	-283.51395	-436.5683	100.0	100.0	187499	-82.705925	6.097144	-66.56016	-108.90794	-82.70598	6.1014075	-66.87379	-109.82505	82.3924	1.1423724	1889.502554178238
126	-405.54877	36.617958	-312.74112	-449.6189	-369.41098	47.12975	-262.96426	-425.30893	100.0	100.0	188999	-82.65915	6.111401	-66.37954	-108.02695	-82.65921	6.115199	-66.0702	-108.38719	82.38377	1.1801937	1904.869790315628
127	-395.92496	33.577435	-347.99216	-452.59964	-362.74518	53.981518	-261.0571	-459.14316	100.0	100.0	190499	-82.6114	6.113188	-66.46816	-108.958786	-82.61122	6.118505	-66.07955	-107.88617	82.33515	1.1542569	1920.2865352630615
128	-379.6755	35.58482	-293.12784	-438.8951	-371.7364	58.35818	-266.61847	-463.8935	100.0	100.0	191999	-82.542206	6.113188	-66.15182	-109.21421	-82.54227	6.1174965	-66.033875	-107.752335	82.24999	1.1497374	1935.4612402915955
129	-406.76035	36.57646	-335.57883	-459.99316	-377.29404	29.747313	-313.9089	-419.25073	100.0	100.0	193499	-82.509155	6.1458898	-65.86011	-109.081314	-82.50909	6.1495795	-65.93545	-109.41064	82.193184	1.1618003	1950.5706853866577
130	-381.50662	32.919655	-325.45953	-428.93277	-373.15353	46.335785	-311.73367	-462.98615	100.0	100.0	194999	-82.41618	6.1359515	-64.328445	-109.19311	-82.41634	6.139101	-64.69155	-108.57997	82.127365	1.1481576	1965.7784111499786
131	-395.01428	44.41756	-308.74307	-467.69147	-347.96362	52.11705	-261.2056	-420.7961	100.0	100.0	196499	-82.39008	6.1462836	-64.879875	-109.11904	-82.39035	6.149219	-64.76252	-108.893524	82.105934	1.1476539	1981.2520473003387
132	-370.38373	40.91019	-283.87747	-438.93115	-381.3697	54.552536	-308.76685	-472.2815	100.0	100.0	197999	-82.322784	6.16799	-64.84075	-110.22007	-82.32278	6.171002	-64.62715	-110.13835	82.03601	1.1490284	1997.8570833206177
133	-379.42538	51.989685	-259.85764	-435.28976	-357.52713	45.94016	-266.82	-421.85614	100.0	100.0	199499	-82.28384	6.191409	-64.612785	-109.909386	-82.283745	6.195571	-64.57415	-110.41852	81.99017	1.1655529	2013.8226191997528
134	-390.56586	41.55656	-275.57715	-457.21646	-389.84308	47.17949	-295.514	-465.9122	100.0	100.0	200999	-82.19576	6.1896315	-65.1887	-109.27879	-82.19597	6.1921105	-65.24402	-110.50306	81.919914	1.1632459	2028.84104013443
135	-405.67508	29.801239	-354.8715	-459.26825	-358.38193	57.040634	-263.7171	-492.83942	100.0	100.0	202499	-82.16845	6.202262	-65.39247	-110.78656	-82.16857	6.2043395	-64.942955	-109.21624	81.87247	1.156681	2044.0990662574768
136	-398.64532	42.952812	-327.01517	-490.86563	-395.43756	32.995094	-353.0175	-448.71017	100.0	100.0	203999	-82.10835	6.2024016	-65.658485	-108.307396	-82.10836	6.206918	-65.749016	-111.46276	81.825226	1.1632464	2059.3121893405914
137	-399.0356	52.108326	-296.2783	-485.05078	-382.92178	64.21897	-245.98943	-478.39395	100.0	100.0	205499	-82.08793	6.2215915	-65.70792	-109.49729	-82.08817	6.224077	-65.9408	-110.55604	81.81237	1.1711701	2074.4520392417908
138	-391.6951	41.553127	-322.7812	-485.31207	-377.8331	61.9659	-265.64633	-476.06766	100.0	100.0	206999	-82.09316	6.253204	-66.733765	-108.54541	-82.093155	6.2582846	-66.5832	-109.30901	81.83929	1.1890024	2089.5833642482758
139	-377.31784	39.791897	-278.56848	-453.74893	-336.52765	39.19768	-288.7819	-402.64847	100.0	100.0	208499	-82.00827	6.2595477	-66.74804	-109.73859	-82.00831	6.262974	-66.759926	-108.32566	81.75027	1.1721485	2105.0047931671143
140	-382.2936	41.865032	-296.9939	-466.15228	-363.50085	62.098915	-274.27438	-452.15082	100.0	100.0	209999	-81.962814	6.238425	-66.51757	-111.3763	-81.96294	6.242805	-65.77037	-110.53137	81.68884	1.1617323	2120.0578832626343
141	-379.26282	46.643063	-278.84595	-461.02747	-347.94305	73.162544	-184.18364	-480.04913	100.0	100.0	211499	-81.90531	6.2931557	-66.22266	-110.52054	-81.9052	6.298012	-65.525925	-109.26415	81.61769	1.1743442	2135.442408323288
142	-364.49655	31.40308	-308.15457	-413.55365	-344.8275	63.210503	-208.62102	-428.42358	100.0	100.0	212999	-81.80966	6.2962756	-65.72653	-111.53179	-81.80998	6.302001	-65.67315	-110.29038	81.50426	1.1896563	2151.1782841682434
143	-394.4829	47.268795	-300.3364	-472.17047	-371.2806	51.54835	-280.6645	-447.94363	100.0	100.0	214499	-81.77943	6.326323	-66.377914	-110.67413	-81.77952	6.3333783	-65.60557	-111.29167	81.48727	1.1779989	2166.8513600826263
144	-383.7798	41.373474	-332.7405	-469.67334	-384.07635	43.107067	-334.40927	-478.71573	100.0	100.0	215999	-81.695496	6.3469896	-66.78824	-110.17405	-81.695366	6.3523283	-66.105965	-110.20188	81.40365	1.1868196	2185.0399322509766
145	-385.9433	38.24637	-331.1104	-462.66727	-360.5536	63.01004	-276.7042	-467.14288	100.0	100.0	217499	-81.634125	6.375872	-66.29126	-109.147606	-81.63432	6.3799624	-66.00886	-108.871	81.312065	1.1907148	2200.8495712280273
146	-382.50754	37.73554	-311.13345	-455.70966	-346.42755	42.38576	-294.92288	-429.52713	100.0	100.0	218999	-81.58361	6.379368	-66.228836	-108.16326	-81.58371	6.3855515	-66.185005	-107.91651	81.28324	1.1876389	2217.0709450244904
147	-377.55707	42.83303	-303.22122	-446.38058	-372.17682	50.353325	-310.7856	-466.1412	100.0	100.0	220499	-81.48855	6.405153	-66.31291	-112.40446	-81.48845	6.4091535	-65.638504	-112.302795	81.18708	1.1957165	2232.8926231861115
148	-397.9177	36.28759	-347.3238	-473.88815	-377.2946	33.72522	-322.6988	-415.38602	100.0	100.0	221999	-81.44794	6.41202	-66.014885	-110.13677	-81.44804	6.4168854	-65.5568	-109.39882	81.15157	1.1884565	2248.5815889835358
149	-376.44763	34.014606	-315.51645	-438.23325	-347.50482	65.504036	-252.35052	-475.56595	100.0	100.0	223499	-81.413826	6.457096	-65.44792	-111.90099	-81.41396	6.4610806	-65.17719	-112.10369	81.11758	1.1843934	2263.8305673599243
150	-378.96893	56.17322	-256.98755	-451.1904	-334.1569	60.859688	-227.96234	-406.49625	100.0	100.0	224999	-81.32362	6.467577	-65.80766	-109.90123	-81.32377	6.4708967	-65.38773	-109.12362	81.02014	1.1776024	2279.7764341831207
151	-373.09186	37.33995	-300.20618	-448.2077	-353.35712	58.934593	-273.3055	-439.51663	100.0	100.0	226499	-81.28971	6.53458	-67.012535	-111.655495	-81.28967	6.538848	-66.59774	-110.48611	81.02433	1.1911604	2295.2629091739655
152	-387.27017	52.36366	-274.02847	-447.69986	-364.353	64.69171	-262.73636	-487.86908	100.0	100.0	227999	-81.24234	6.555303	-67.379684	-110.99581	-81.24222	6.559592	-67.136925	-109.510635	80.947586	1.1964126	2311.1088650226593
153	-376.19073	50.183556	-276.489	-477.127	-351.30078	39.50252	-290.78925	-426.92554	100.0	100.0	229499	-81.19233	6.5834084	-67.21685	-110.44693	-81.19244	6.588185	-67.00494	-110.74633	80.91599	1.2152909	2326.333893299103
154	-367.40213	36.33571	-313.4059	-419.2838	-384.92514	45.081238	-321.68158	-449.78342	100.0	100.0	230999	-81.14619	6.5973425	-67.145676	-110.110565	-81.14621	6.6021233	-66.9162	-110.00067	80.85407	1.2095183	2341.67156124115
155	-375.2409	44.825394	-278.95154	-449.7082	-407.8974	61.831467	-309.00412	-477.95953	100.0	100.0	232499	-81.05444	6.6275973	-66.752655	-108.847305	-81.05446	6.63104	-66.59855	-111.26319	80.73443	1.2069714	2357.0741062164307
156	-370.61386	41.000877	-297.67062	-451.05505	-359.63647	57.11194	-280.64056	-462.66058	100.0	100.0	233999	-80.98017	6.6488194	-66.81315	-110.85863	-80.980316	6.6541343	-66.35448	-111.403595	80.665886	1.2034401	2372.44104719162
157	-395.152	41.834457	-297.5144	-473.2534	-352.4808	56.215885	-260.93466	-479.73004	100.0	100.0	235499	-81.024155	6.6745963	-66.798615	-111.815575	-81.02412	6.6774387	-66.54212	-110.82509	80.70161	1.2204683	2387.4928262233734
158	-391.122	46.818764	-292.0397	-465.81433	-350.2882	50.01798	-285.96597	-462.0281	100.0	100.0	236999	-80.90446	6.683934	-66.46465	-113.80279	-80.904594	6.6865134	-66.27603	-112.47569	80.59463	1.2021112	2402.479517221451
159	-383.29172	42.706085	-318.666	-470.8503	-346.4312	49.612885	-265.60156	-426.43323	100.0	100.0	238499	-80.92889	6.7133737	-66.3578	-112.451935	-80.92886	6.7166443	-66.28231	-110.990265	80.627625	1.214845	2417.5567243099213
160	-371.00208	44.476025	-295.13968	-456.98953	-366.4288	47.20542	-275.42813	-426.2481	100.0	100.0	239999	-80.86626	6.7059555	-66.25938	-111.63385	-80.8662	6.708826	-66.224174	-111.18383	80.581184	1.2112205	2432.7845220565796
161	-396.4988	40.583218	-348.43942	-480.43665	-345.77576	49.978985	-261.904	-444.14584	100.0	100.0	241499	-80.82839	6.741078	-66.19664	-111.82351	-80.82838	6.7455034	-66.15699	-111.83851	80.529236	1.2036624	2447.96404504776
162	-381.89948	37.336708	-333.6285	-467.84857	-347.4398	65.53698	-267.6507	-438.07483	100.0	100.0	242999	-80.74711	6.7457643	-65.96996	-111.98808	-80.747345	6.747587	-65.83181	-110.27839	80.44289	1.2311326	2463.1538240909576
163	-391.94687	37.33834	-313.43384	-447.8413	-346.1521	35.4292	-292.74698	-408.1763	100.0	100.0	244499	-80.70057	6.7660055	-65.961075	-111.42884	-80.70063	6.76808	-65.76768	-109.78686	80.411514	1.2136586	2478.500206232071
164	-369.5782	50.202824	-242.79555	-449.73248	-345.83847	72.985596	-253.07632	-459.8528	100.0	100.0	245999	-80.62139	6.7952185	-65.69396	-111.442345	-80.621704	6.798167	-65.73345	-110.67659	80.307304	1.201669	2494.4618003368378
165	-386.78064	30.63581	-339.0951	-441.47592	-369.19595	64.43022	-283.7486	-476.97293	100.0	100.0	247499	-80.574715	6.7861195	-65.738045	-110.35293	-80.57476	6.787766	-65.41981	-111.17279	80.28475	1.2181298	2510.7497453689575
166	-387.18716	31.11655	-333.2876	-439.9362	-318.5667	37.683735	-254.47649	-408.10583	100.0	100.0	248999	-80.5502	6.813634	-65.54151	-109.23872	-80.55026	6.8166194	-65.52794	-109.82007	80.274086	1.2044469	2527.3340213298798
167	-386.37488	22.4512	-338.41776	-432.38248	-349.23956	46.832264	-275.6179	-444.541	100.0	100.0	250499	-80.512566	6.8301926	-65.48483	-112.04117	-80.51279	6.8313956	-65.51384	-110.272354	80.20829	1.1994491	2543.3797340393066
168	-365.7203	31.551876	-304.05093	-444.6407	-374.70792	44.909866	-326.93802	-449.3504	100.0	100.0	251999	-80.39584	6.8198476	-65.55645	-110.44154	-80.3959	6.8224864	-65.62355	-108.70878	80.08781	1.2150531	2560.038558244705
169	-374.3663	39.106934	-299.1366	-438.1312	-341.82916	53.73298	-224.19783	-415.4182	100.0	100.0	253499	-80.37398	6.863425	-65.36243	-109.11049	-80.37396	6.866605	-65.533905	-108.718765	80.0523	1.2096868	2576.0390651226044
170	-381.51736	31.336666	-318.68927	-435.4777	-376.6447	56.161697	-266.20224	-466.65933	100.0	100.0	254999	-80.32833	6.854031	-65.38696	-110.420845	-80.32868	6.85558	-65.63378	-110.55148	80.01964	1.2194664	2592.153584241867
171	-386.3885	47.871735	-285.49142	-452.8438	-352.30487	49.218464	-224.68602	-420.26276	100.0	100.0	256499	-80.218124	6.8665576	-65.298164	-112.74429	-80.21816	6.868521	-65.554	-112.96248	79.87682	1.2252874	2607.4516112804413
172	-378.64163	34.7415	-299.85138	-438.32654	-315.27817	51.50299	-244.62828	-421.29483	100.0	100.0	257999	-80.220894	6.8508563	-65.70566	-113.79991	-80.22118	6.853048	-65.7712	-110.21472	79.88751	1.2004261	2623.163530111313
173	-375.09622	53.37225	-244.45186	-463.96976	-350.8182	57.68468	-255.5452	-427.24658	100.0	100.0	259499	-80.071144	6.8421917	-65.677895	-113.22685	-80.07126	6.8430314	-65.68715	-110.05223	79.789955	1.1936765	2638.972721338272
174	-389.3289	37.863308	-316.0152	-454.52435	-348.21826	58.34791	-272.20618	-434.02106	100.0	100.0	260999	-80.000786	6.8537784	-65.562775	-111.56504	-80.00092	6.856982	-65.6216	-111.03685	79.69351	1.2198424	2654.34090924263
175	-382.87698	48.453415	-281.63773	-443.95712	-335.3942	37.13108	-262.62158	-402.4838	100.0	100.0	262499	-79.93724	6.8513336	-65.56608	-109.664185	-79.93737	6.855414	-65.507996	-110.00527	79.61604	1.1881925	2669.800103187561
176	-388.2485	45.83573	-273.2028	-460.88788	-350.68115	48.738808	-245.29114	-416.45078	100.0	100.0	263999	-79.90981	6.8747406	-65.73117	-110.13017	-79.90991	6.8748074	-65.513336	-110.92344	79.58319	1.2074935	2685.2229430675507
177	-371.84372	34.00301	-317.8695	-456.81372	-372.48492	48.344734	-323.01382	-478.0038	100.0	100.0	265499	-79.84679	6.880909	-65.63546	-111.344376	-79.84694	6.883495	-65.49272	-111.952156	79.54396	1.182137	2700.725962162018
178	-371.85153	36.66167	-310.11996	-423.22928	-341.3913	34.733116	-306.16705	-433.4609	100.0	100.0	266999	-79.81881	6.9157	-65.8424	-111.67959	-79.818985	6.9187336	-65.78666	-109.645905	79.5027	1.179994	2715.8067541122437
179	-381.3149	44.868076	-257.44226	-459.1547	-350.3587	73.99084	-170.82964	-441.34982	100.0	100.0	268499	-79.75095	6.8795104	-65.9169	-110.38233	-79.75098	6.8818445	-65.71976	-108.091866	79.46773	1.1725522	2731.3070583343506
180	-390.14758	40.09041	-308.85345	-466.38794	-331.25888	65.90084	-225.33104	-432.26627	100.0	100.0	269999	-79.7221	6.9106636	-65.659325	-109.02773	-79.722275	6.9129	-65.63185	-111.886894	79.43624	1.1851885	2746.7214431762695
181	-375.24985	36.917126	-319.15405	-449.47232	-350.4431	37.814987	-278.0102	-432.84784	100.0	100.0	271499	-79.637	6.909322	-65.70405	-110.44323	-79.6367	6.9118605	-65.667755	-109.76908	79.31955	1.1529002	2762.111499071121
182	-384.14096	38.45473	-321.6488	-456.16925	-338.83395	26.614283	-301.48395	-376.7902	100.0	100.0	272999	-79.614975	6.9309316	-65.77867	-111.470695	-79.615135	6.9338307	-65.690094	-111.94565	79.30312	1.1840425	2777.41752910614
183	-396.34473	34.376465	-342.65836	-461.17587	-378.2184	31.190659	-328.0029	-414.4542	100.0	100.0	274499	-79.55217	6.925781	-65.75815	-108.8312	-79.55247	6.9285283	-65.78931	-108.82509	79.2442	1.1670529	2792.7520911693573
184	-379.72928	37.66285	-310.51953	-453.78763	-327.91626	33.991318	-271.48224	-374.1898	100.0	100.0	275999	-79.49943	6.9319167	-65.51963	-112.101845	-79.499596	6.933857	-65.73046	-109.75217	79.21228	1.1674095	2808.016304254532
185	-363.82147	34.3646	-291.2176	-433.06238	-372.31912	57.31743	-267.18134	-458.02155	100.0	100.0	277499	-79.48492	6.9414654	-65.69748	-109.59636	-79.485085	6.9436293	-65.55609	-110.89215	79.19399	1.1667012	2823.418194293976
186	-371.34668	32.95456	-317.39865	-429.84363	-376.82407	42.201897	-312.214	-454.62048	100.0	100.0	278999	-79.43365	6.932486	-65.57892	-112.0047	-79.43378	6.936707	-65.668045	-110.54297	79.15557	1.1492926	2838.7737653255463
187	-376.9018	30.050365	-338.6878	-441.47546	-354.62146	45.33174	-284.87598	-418.78976	100.0	100.0	280499	-79.41033	6.9347725	-65.671906	-111.418365	-79.410065	6.93704	-65.60786	-109.8368	79.08445	1.1704098	2854.459461212158
188	-390.72156	39.290264	-300.41644	-442.79315	-370.54108	62.78928	-297.91528	-456.02362	100.0	100.0	281999	-79.38145	6.916666	-65.431015	-111.31543	-79.38181	6.9184365	-65.54366	-109.678696	79.047615	1.1664927	2869.7459893226624
189	-400.6262	36.29148	-330.7623	-455.30408	-331.41904	48.47466	-243.87648	-407.44754	100.0	100.0	283499	-79.36018	6.924391	-65.19847	-110.39924	-79.360344	6.926505	-65.41402	-110.21416	79.04815	1.1598523	2885.1547043323517
190	-399.2841	43.9169	-280.7595	-438.07858	-366.80582	49.042847	-282.9195	-455.4708	100.0	100.0	284999	-79.33751	6.893682	-65.2797	-112.22292	-79.33752	6.896315	-65.41339	-111.64725	79.05202	1.165854	2900.542358160019
191	-381.74847	45.794098	-271.3462	-458.6173	-330.83292	40.661633	-249.88475	-395.89304	100.0	100.0	286499	-79.30003	6.880368	-65.13779	-110.85832	-79.300125	6.8832865	-65.15558	-109.67122	79.013794	1.145822	2916.328596353531
192	-401.0861	37.228508	-313.43546	-450.41394	-376.43967	38.764793	-325.20212	-444.54245	100.0	100.0	287999	-79.26241	6.8698106	-65.04897	-111.88426	-79.262566	6.872098	-65.014595	-111.69053	78.94865	1.1339154	2932.39230632782
193	-391.0084	38.03486	-287.3796	-460.42984	-331.65387	56.240593	-224.56813	-415.5571	100.0	100.0	289499	-79.27453	6.8576365	-64.834755	-110.99788	-79.27455	6.8599443	-65.04006	-109.4342	78.99561	1.135889	2948.0619382858276
194	-379.41434	35.7595	-281.46616	-437.05246	-328.63297	43.032	-228.77806	-381.78082	100.0	100.0	290999	-79.23857	6.8661747	-64.94266	-113.05309	-79.23886	6.868603	-65.028	-112.11937	78.93328	1.1313133	2964.627576112747
195	-377.4356	41.65432	-293.10748	-437.8918	-330.6261	45.943512	-266.5713	-411.43524	100.0	100.0	292499	-79.21652	6.8469973	-65.212234	-112.77	-79.21676	6.8477964	-65.05761	-110.379616	78.93242	1.1497494	2981.027124404907
196	-376.12396	31.891493	-308.08417	-420.16257	-342.39465	75.613106	-231.2387	-456.93658	100.0	100.0	293999	-79.22668	6.8408895	-65.0316	-109.787994	-79.22648	6.8425813	-65.02899	-111.39444	78.96101	1.1445942	2996.3219561576843
197	-368.88437	42.1595	-275.5577	-427.45007	-332.1319	26.693474	-264.00607	-364.15182	100.0	100.0	295499	-79.2067	6.8337984	-64.888596	-112.656586	-79.206924	6.8357773	-64.942375	-108.78328	78.9369	1.1568782	3011.5811982154846
198	-361.77084	38.94444	-295.75827	-436.34326	-332.0219	52.57205	-244.19067	-405.0827	100.0	100.0	296999	-79.19792	6.8509784	-64.85726	-111.26251	-79.19825	6.852328	-64.84284	-108.877045	78.88165	1.1444131	3026.830381155014
199	-382.44287	41.538483	-327.37744	-455.98514	-342.90863	43.309814	-291.615	-406.74994	100.0	100.0	298499	-79.12478	6.824879	-65.00212	-110.618416	-79.12487	6.825703	-65.02923	-107.40597	78.80272	1.1411947	3042.4780502319336
200	-366.2507	37.30888	-296.05026	-431.26038	-352.8454	74.02333	-221.06613	-446.41718	100.0	100.0	299999	-79.07476	6.823997	-64.6682	-109.10581	-79.074844	6.8245535	-64.71663	-109.82521	78.78676	1.1430932	3057.7396700382233
201	-382.00027	50.590935	-289.9938	-454.90942	-385.13824	49.752342	-292.89642	-459.12558	100.0	100.0	301499	-79.0407	6.870463	-64.625725	-110.853355	-79.04102	6.8728547	-64.50345	-110.898285	78.75313	1.1222423	3073.4921910762787
202	-379.75787	50.38057	-294.0872	-449.2798	-355.52466	63.746147	-274.5156	-460.89218	100.0	100.0	302999	-78.98475	6.850356	-64.491776	-111.96934	-78.98472	6.8520894	-64.50807	-109.44425	78.730576	1.1316202	3089.0945961475372
203	-395.22253	43.884834	-281.5149	-447.1591	-357.5256	47.698654	-275.34128	-449.45868	100.0	100.0	304499	-78.97965	6.862361	-64.673965	-113.29951	-78.97973	6.8644147	-64.53702	-110.35234	78.70098	1.128544	3104.4198882579803
204	-398.2541	32.086567	-353.84195	-455.44962	-352.6544	55.08163	-263.52264	-419.94974	100.0	100.0	305999	-78.97047	6.8676386	-64.57759	-110.44957	-78.97074	6.868893	-64.482796	-109.11003	78.677986	1.1347387	3119.6536881923676
205	-364.68643	41.309807	-302.47302	-444.87766	-336.33154	55.996902	-206.61203	-399.3245	100.0	100.0	307499	-78.9145	6.8768406	-64.69191	-111.98214	-78.91464	6.8797092	-64.45548	-111.0285	78.61985	1.132022	3134.6894841194153
206	-355.39993	49.111034	-252.70648	-432.22287	-336.5167	48.185055	-269.4154	-411.21555	100.0	100.0	308999	-78.86927	6.8718925	-64.454605	-111.26565	-78.86913	6.8740363	-64.51412	-112.72336	78.5913	1.1115779	3149.997034072876
207	-368.43976	47.013157	-268.83087	-450.18335	-332.4019	35.562737	-291.86536	-406.99487	100.0	100.0	310499	-78.819374	6.870803	-64.322495	-108.22878	-78.81959	6.871591	-64.30166	-108.837555	78.52419	1.1361673	3165.2147471904755
208	-374.8457	34.887314	-302.27774	-469.1262	-358.13373	48.099625	-293.14655	-446.12814	100.0	100.0	311999	-78.78091	6.8801975	-64.371826	-113.183174	-78.78114	6.882866	-64.34024	-115.49177	78.515724	1.1314174	3180.5916352272034
209	-384.31982	25.848577	-347.71326	-445.6242	-362.85764	61.57218	-274.43103	-452.09738	100.0	100.0	313499	-78.773834	6.907343	-64.32584	-113.06606	-78.773926	6.909142	-64.131805	-110.45844	78.50336	1.1125866	3195.8736193180084
210	-364.08142	27.992167	-306.456	-407.3932	-361.0308	38.882183	-307.72513	-418.93625	100.0	100.0	314999	-78.78156	6.9162083	-64.4102	-114.59397	-78.78176	6.9184036	-64.23262	-111.78212	78.51378	1.131615	3211.4367270469666
211	-386.1594	42.702225	-316.6571	-455.9357	-390.77893	51.632374	-303.036	-456.16687	100.0	100.0	316499	-78.72594	6.8809543	-64.31545	-111.75679	-78.72607	6.882807	-64.213776	-112.088425	78.42522	1.1096263	3227.0877323150635
212	-370.22845	38.933846	-291.7345	-447.24377	-334.70438	71.05349	-212.60844	-449.30075	100.0	100.0	317999	-78.70696	6.882585	-64.435	-113.25244	-78.70713	6.884727	-64.29862	-115.89795	78.431175	1.1207944	3242.2992782592773
213	-377.86514	45.30523	-315.97345	-448.96286	-333.59882	55.884098	-253.03586	-455.1858	100.0	100.0	319499	-78.67039	6.9007435	-64.29535	-111.920616	-78.670616	6.9025064	-64.30532	-113.49953	78.38577	1.1293522	3258.124267101288
214	-389.06256	40.29999	-308.96704	-464.87064	-350.41278	48.191505	-277.8616	-413.86316	100.0	100.0	320999	-78.697685	6.901347	-64.14696	-112.67569	-78.69795	6.902572	-64.00924	-111.010574	78.448425	1.122597	3273.871145248413
215	-374.73465	32.912724	-305.40512	-428.04248	-335.2497	48.36159	-286.5637	-446.70074	100.0	100.0	322499	-78.714	6.8973336	-64.04872	-111.70668	-78.71423	6.899131	-64.14985	-112.51627	78.432724	1.1152893	3289.007571220398
216	-384.59012	36.445126	-325.2654	-457.2789	-325.087	48.03038	-277.4767	-415.14554	100.0	100.0	323999	-78.70423	6.897003	-64.11857	-109.30026	-78.70423	6.8997154	-64.10233	-109.48902	78.42952	1.1074299	3304.3833861351013
217	-371.72995	47.7237	-294.5781	-441.4269	-364.69366	61.891933	-252.15007	-467.84485	100.0	100.0	325499	-78.70412	6.899726	-63.997932	-114.057045	-78.70431	6.8995996	-63.893326	-113.129486	78.44203	1.1312516	3319.733427286148
218	-339.64783	36.1399	-270.5723	-399.4312	-344.00735	50.74611	-274.2046	-462.43594	100.0	100.0	326999	-78.68816	6.8892546	-63.99317	-110.06275	-78.688354	6.892039	-64.059006	-109.915306	78.37723	1.1339793	3335.0710351467133
219	-370.1503	42.8742	-291.48346	-445.8336	-358.72238	63.27277	-250.92921	-423.1507	100.0	100.0	328499	-78.6824	6.9148545	-64.04288	-112.35844	-78.68254	6.917044	-64.05147	-111.42547	78.39623	1.1233599	3350.4426321983337
220	-389.73212	40.45057	-322.20038	-451.26184	-348.87564	41.70804	-294.64227	-421.67868	100.0	100.0	329999	-78.71041	6.9034057	-63.934715	-111.52965	-78.710625	6.905958	-63.830406	-111.351395	78.424324	1.1298643	3366.5424473285675
221	-361.542	38.710594	-280.7445	-414.94894	-356.92645	46.91519	-267.28674	-419.79422	100.0	100.0	331499	-78.71404	6.8939304	-64.368484	-112.03088	-78.71431	6.895315	-64.171165	-111.99517	78.405426	1.1478522	3381.8745872974396
222	-383.90872	34.469063	-335.72525	-431.39737	-355.32852	34.043606	-306.43402	-422.13507	100.0	100.0	332999	-78.70087	6.9006853	-64.151	-109.38708	-78.70094	6.903283	-64.11511	-107.904236	78.40985	1.1476485	3397.928768157959
223	-381.48434	50.207214	-283.7104	-453.64346	-347.28946	38.532345	-308.99756	-414.3727	100.0	100.0	334499	-78.71317	6.9044824	-64.17072	-111.93344	-78.71322	6.907025	-64.18036	-111.98338	78.39824	1.1366047	3413.4268894195557
224	-384.94824	42.48548	-311.5984	-450.07358	-352.20538	44.16471	-266.53577	-412.84256	100.0	100.0	335999	-78.72838	6.9255214	-63.97314	-109.76103	-78.72884	6.927652	-63.751568	-110.11336	78.47072	1.1208715	3428.8412952423096
225	-380.31882	44.4234	-319.1758	-472.0082	-366.60883	57.711197	-275.4934	-438.72803	100.0	100.0	337499	-78.683685	6.939911	-64.14668	-111.49548	-78.68367	6.941735	-63.762383	-111.34314	78.39673	1.1353769	3444.8552532196045
226	-356.85104	36.839104	-282.24194	-412.6213	-339.85757	51.15995	-266.41574	-420.54028	100.0	100.0	338999	-78.66474	6.945046	-64.13555	-109.12565	-78.664734	6.94781	-63.785477	-108.82502	78.36991	1.1331367	3461.223368406296
227	-383.69724	50.60712	-288.83228	-461.55325	-358.24478	52.352337	-269.98953	-449.49	100.0	100.0	340499	-78.58435	6.9520717	-64.130356	-113.939026	-78.58465	6.956881	-63.816902	-110.68703	78.32646	1.1382202	3477.2266061306
228	-373.8522	34.23462	-310.2747	-434.9992	-327.6274	34.756298	-275.31512	-394.31155	100.0	100.0	341999	-78.58322	6.985532	-64.073784	-112.2341	-78.58336	6.9883213	-63.84051	-109.4225	78.28901	1.12486	3493.8405570983887
229	-380.1877	33.81159	-314.36636	-447.42322	-337.53653	61.39216	-204.39003	-433.936	100.0	100.0	343499	-78.60886	6.993364	-63.98459	-110.83979	-78.6087	6.9965224	-63.69967	-111.044914	78.318535	1.1476048	3509.7951521873474
230	-360.93228	47.13101	-271.40094	-455.03134	-364.6198	59.886837	-253.03177	-459.14282	100.0	100.0	344999	-78.56957	7.008435	-64.04971	-111.842354	-78.569786	7.010591	-63.923115	-110.271126	78.28968	1.1341347	3525.6626360416412
231	-369.25702	38.811886	-311.04654	-467.13428	-336.6343	54.415455	-254.83757	-415.43472	100.0	100.0	346499	-78.556274	6.993908	-64.119026	-109.18455	-78.55624	6.996491	-63.879543	-109.054276	78.285736	1.1314988	3541.3333382606506
232	-376.8719	26.65485	-326.9351	-417.76645	-364.63568	50.916534	-292.23984	-456.5076	100.0	100.0	347999	-78.54687	7.00315	-63.83582	-110.06054	-78.547134	7.0076613	-63.745796	-110.684074	78.285385	1.1312008	3557.533877134323
233	-375.60254	40.144726	-314.25323	-455.62796	-341.70383	58.809307	-281.42603	-472.80173	100.0	100.0	349499	-78.56762	7.017628	-64.090416	-111.80084	-78.56765	7.021489	-63.762585	-110.40321	78.255684	1.1548439	3574.679703235626
234	-372.5875	45.253193	-299.96387	-464.5284	-323.46857	45.024372	-254.55656	-387.74908	100.0	100.0	350999	-78.53342	7.0120907	-63.89584	-108.99154	-78.53352	7.015006	-63.84972	-106.75011	78.24291	1.1391184	3590.8420391082764
235	-378.47336	41.11203	-279.9362	-451.4228	-341.52475	54.931572	-263.94217	-434.64658	100.0	100.0	352499	-78.50029	7.0072784	-63.972034	-108.612236	-78.50036	7.0103893	-63.66162	-108.82774	78.23967	1.1272807	3607.0434443950653
236	-361.0486	39.73624	-306.14047	-442.11508	-354.8891	46.187233	-307.83054	-448.7615	100.0	100.0	353999	-78.47199	7.0160027	-63.807796	-112.99866	-78.472115	7.0186954	-63.72644	-109.32107	78.190834	1.1467735	3623.3662991523743
237	-370.23715	35.363346	-300.64075	-446.5058	-365.80963	47.121876	-274.99603	-442.44714	100.0	100.0	355499	-78.50694	7.065549	-63.913334	-112.702255	-78.506714	7.0698705	-63.689167	-110.565216	78.23753	1.1232034	3638.995494365692
238	-392.78207	39.464428	-310.23206	-465.12668	-329.9747	54.972805	-231.54646	-426.12268	100.0	100.0	356999	-78.5184	7.0673413	-63.91052	-107.86519	-78.51852	7.070329	-63.583294	-110.0166	78.24482	1.1312073	3654.445823431015
239	-368.22733	52.51984	-277.12994	-438.39023	-341.4868	43.590202	-277.8081	-415.23447	100.0	100.0	358499	-78.52951	7.056767	-63.611176	-109.67165	-78.52958	7.060167	-63.551632	-111.338806	78.22875	1.1622591	3670.289252281189
240	-376.8137	42.38129	-299.18396	-435.44186	-333.9485	58.33463	-213.6238	-409.88452	100.0	100.0	359999	-78.510445	7.083896	-63.73698	-110.873474	-78.51043	7.0885596	-63.578335	-109.8276	78.247665	1.155088	3686.116362094879
241	-366.03183	49.929245	-267.35138	-438.23557	-363.5572	34.1902	-305.08502	-406.07117	100.0	100.0	361499	-78.49297	7.090262	-63.66643	-114.19368	-78.49314	7.0948334	-63.709232	-110.49744	78.24441	1.1530765	3702.2132551670074
242	-368.4325	35.850536	-303.18268	-423.5545	-322.96735	52.70267	-229.11835	-384.27682	100.0	100.0	362999	-78.48176	7.104255	-63.953278	-111.33871	-78.48175	7.1074934	-63.633823	-110.0539	78.24651	1.1261923	3718.2255833148956
243	-366.30292	34.14005	-304.86505	-425.86084	-341.55588	46.629673	-261.8339	-433.9134	100.0	100.0	364499	-78.4286	7.109703	-63.77803	-110.69872	-78.42829	7.1151023	-63.707886	-108.744484	78.16196	1.1479888	3734.845981359482
244	-369.3415	35.713707	-310.47562	-416.45663	-354.63757	47.362827	-270.09845	-426.01697	100.0	100.0	365999	-78.44574	7.1261663	-63.7938	-111.42329	-78.446	7.1305294	-63.448795	-109.90648	78.16353	1.133259	3750.497926235199
245	-376.2043	40.483307	-309.37756	-463.78943	-349.1673	54.72138	-242.04631	-435.05838	100.0	100.0	367499	-78.39493	7.139937	-63.785057	-110.87555	-78.39484	7.1439795	-63.570175	-110.30653	78.11249	1.1431199	3766.299127101898
246	-365.54462	32.609222	-296.9327	-420.4083	-338.43	74.44433	-256.47177	-462.7019	100.0	100.0	368999	-78.33262	7.130361	-63.86944	-108.8892	-78.3327	7.1350737	-63.57516	-109.95361	78.03354	1.142969	3782.4171273708344
247	-390.19266	36.037674	-305.6499	-450.63498	-336.99487	45.40426	-287.76822	-415.39963	100.0	100.0	370499	-78.30497	7.1460614	-63.78061	-109.937675	-78.30519	7.149273	-63.602055	-108.89653	78.02794	1.1483797	3798.667419195175
248	-368.38644	38.192547	-298.76715	-460.2161	-331.68903	44.552834	-285.2488	-435.3522	100.0	100.0	371999	-78.2725	7.1470504	-63.470036	-113.448326	-78.27243	7.1512494	-63.300602	-108.584145	77.96628	1.1516123	3814.309155225754
249	-363.03506	33.00668	-314.95233	-443.44537	-335.86914	53.13212	-253.80284	-418.59576	100.0	100.0	373499	-78.268524	7.165328	-63.73369	-109.97946	-78.26857	7.169632	-63.36501	-110.25239	78.02311	1.136398	3829.8976662158966
250	-364.74133	39.620758	-302.21606	-441.8108	-343.2292	42.316486	-302.78033	-439.43896	100.0	100.0	374999	-78.26571	7.1355753	-63.700542	-109.97109	-78.2656	7.1404223	-63.59487	-108.146774	78.00248	1.1440538	3846.037845134735
251	-365.32346	51.938427	-275.47043	-456.0381	-345.26917	54.498627	-288.49106	-428.0132	100.0	100.0	376499	-78.21883	7.109122	-63.401733	-110.8053	-78.21884	7.1126437	-63.36886	-112.00949	77.934944	1.1490768	3862.3287432193756
252	-356.49582	38.144722	-304.19873	-435.40332	-320.46613	60.326283	-231.963	-419.4442	100.0	100.0	377999	-78.202415	7.1065936	-63.507496	-111.18215	-78.20249	7.111629	-63.44013	-108.945175	77.92558	1.1407951	3878.5908160209656
253	-343.90643	27.914331	-269.95096	-401.59955	-373.4428	36.785824	-308.24448	-419.28973	100.0	100.0	379499	-78.19329	7.1177053	-63.4513	-111.50761	-78.19318	7.1221595	-63.304455	-109.51053	77.919716	1.1302712	3895.826939344406
254	-370.73605	26.177952	-297.03067	-402.37387	-347.38245	53.566074	-264.94846	-453.1769	100.0	100.0	380999	-78.15967	7.114274	-63.59215	-111.97249	-78.15982	7.119175	-63.50308	-109.06705	77.90524	1.1358813	3913.127939224243
255	-364.66794	43.66711	-305.8003	-454.35468	-308.80695	51.00666	-244.33292	-400.36526	100.0	100.0	382499	-78.12419	7.1084175	-63.483826	-108.32001	-78.124176	7.113428	-63.321194	-107.26311	77.85952	1.1392767	3929.4448823928833
