Epoch	AverageEpRet	StdEpRet	MaxEpRet	MinEpRet	AverageTestEpRet	StdTestEpRet	MaxTestEpRet	MinTestEpRet	EpLen	TestEpLen	TotalEnvInteracts	AverageQVals	StdQVals	MaxQVals	MinQVals	LossPi	LossQ	Time
1	-9589.104	1073.3156	-6889.1587	-11167.502	-10795.585	2902.2175	-7111.3267	-15165.222	100.0	100.0	1499	-124.10713	60.1317	-0.0067340434	-308.4286	119.889046	1696.6067	8.839859247207642
2	-9859.334	2133.0276	-7330.407	-14964.796	-8657.066	2991.5476	-4400.584	-14109.512	100.0	100.0	2999	-493.75897	187.43198	-138.516	-1173.2946	483.81467	776.99536	25.04733109474182
3	-10171.574	1911.5374	-7469.137	-13803.717	-7600.4736	2755.1023	-4276.6426	-14315.424	100.0	100.0	4499	-1059.0818	246.03302	-443.53497	-2344.9653	1037.9039	1511.771	40.949745178222656
4	-9905.257	1961.3998	-6281.576	-13662.386	-9102.388	4534.303	-2825.541	-16287.676	100.0	100.0	5999	-1552.4261	315.6235	-698.1186	-2955.7402	1521.1343	2378.1426	56.95548415184021
5	-10913.732	2105.1262	-6884.384	-14446.724	-6951.1943	2156.6511	-4705.026	-11334.065	100.0	100.0	7499	-1952.2024	361.03757	-950.32635	-3413.725	1911.6852	2950.8274	73.24801111221313
6	-9737.987	1904.361	-5097.535	-12226.666	-6877.757	2263.606	-4399.8936	-11261.117	100.0	100.0	8999	-2303.6763	390.70972	-1146.7996	-3890.6436	2260.3232	3048.6824	88.66311621665955
7	-8196.04	2070.1091	-4409.425	-11832.85	-5865.8433	1177.8099	-4218.648	-8399.279	100.0	100.0	10499	-2602.3794	416.8819	-1403.4907	-4327.796	2557.6157	3190.761	104.6601071357727
8	-6122.929	1727.999	-4089.6233	-10432.389	-5752.128	2483.4438	-482.73135	-10078.545	100.0	100.0	11999	-2840.1082	461.03082	-1631.404	-4708.437	2797.74	3083.0942	121.74450206756592
9	-6742.9517	2359.945	-3871.6235	-11404.862	-7257.4087	2609.6216	-4301.172	-12385.072	100.0	100.0	13499	-3058.9973	505.895	-1862.8889	-5085.9165	3020.0312	2978.7415	138.69035696983337
10	-6025.54	1391.9739	-4339.602	-9366.146	-6214.3604	1379.4792	-4421.301	-9293.054	100.0	100.0	14999	-3289.6438	534.3556	-2065.1636	-5331.3486	3253.3657	2991.9907	157.02401208877563
11	-6321.9854	2069.914	-4107.192	-11907.28	-5262.097	680.5452	-4536.1206	-6755.5845	100.0	100.0	16499	-3493.1997	559.4409	-2278.1067	-5589.017	3457.044	3073.9854	173.92798733711243
12	-5920.237	1082.9913	-4607.6084	-8609.95	-5990.1343	1591.7645	-4683.0903	-9257.231	100.0	100.0	17999	-3677.578	595.4708	-2472.7026	-6069.683	3641.3354	3187.72	190.81182527542114
13	-6007.263	1486.0188	-4404.097	-8820.224	-5886.8813	1736.0323	-4161.9	-10840.075	100.0	100.0	19499	-3848.1934	610.1317	-2647.041	-6242.6	3812.4973	3196.874	207.46732640266418
14	-5577.3506	1184.9812	-4424.6123	-9071.678	-6872.167	2024.5378	-4213.078	-10738.195	100.0	100.0	20999	-3992.6533	622.6338	-2745.611	-6370.6323	3957.9336	3265.6074	224.0846712589264
15	-5823.952	846.8375	-4582.5874	-7158.071	-6552.1963	1774.1737	-4657.169	-11177.154	100.0	100.0	22499	-4132.0947	638.83545	-2788.2905	-6555.008	4098.213	3408.5483	240.64145421981812
16	-5784.612	2074.7285	-2579.4229	-11415.656	-6032.752	1489.5122	-3925.106	-9355.223	100.0	100.0	23999	-4258.2764	653.4356	-2908.9382	-6754.4404	4224.8867	3419.402	257.5699362754822
17	-5543.912	1231.9176	-3474.701	-8614.34	-5507.5596	1765.9456	-1685.3545	-8947.15	100.0	100.0	25499	-4367.44	671.3275	-3030.8687	-6906.974	4333.4854	3441.0454	274.4146831035614
18	-5283.823	1463.9268	-1830.3767	-7619.777	-5298.5884	1538.4727	-1349.2074	-6956.0645	100.0	100.0	26999	-4463.3086	678.89056	-3116.849	-7107.7764	4430.277	3399.4534	291.29122829437256
19	-5852.3696	1071.8954	-4520.05	-8010.2593	-5179.208	1149.091	-2958.2288	-7204.7764	100.0	100.0	28499	-4562.875	692.865	-3151.2986	-7169.486	4530.824	3371.7502	308.1106061935425
20	-5695.9746	1491.3859	-3354.4893	-9760.617	-6115.6694	1122.5463	-4785.9014	-8411.893	100.0	100.0	29999	-4648.9385	703.33246	-3225.8528	-7307.917	4617.557	3406.1526	325.0776822566986
21	-5832.6294	1536.8027	-2800.584	-9376.881	-5278.0493	2166.0457	-1268.5736	-8518.21	100.0	100.0	31499	-4742.4644	724.0328	-3341.8057	-7399.833	4712.06	3397.9707	341.8958201408386
22	-5453.6685	1205.8834	-2279.0093	-7590.9775	-5028.222	2164.0676	-1164.6274	-9528.209	100.0	100.0	32999	-4827.525	733.76685	-3387.783	-7559.265	4797.153	3502.8218	358.528124332428
23	-6059.767	1501.7291	-4370.201	-10537.249	-6057.456	809.1116	-4835.9824	-7516.8623	100.0	100.0	34499	-4899.2935	744.31976	-3437.2952	-7789.7036	4868.116	3648.3105	375.5737271308899
24	-5608.9375	977.65393	-4182.1484	-7290.872	-5065.919	1852.6086	-925.97797	-8062.044	100.0	100.0	35999	-4971.633	753.89276	-3465.4707	-8019.095	4940.0146	3610.39	392.4181251525879
25	-5384.9287	1425.2595	-2308.7588	-7468.38	-5522.423	1233.0048	-3846.8691	-7873.7993	100.0	100.0	37499	-5028.734	762.021	-3551.511	-8121.9346	4997.235	3612.8933	409.08464312553406
26	-5527.0425	972.8435	-4112.5557	-7296.12	-6607.667	2430.874	-4630.438	-12778.818	100.0	100.0	38999	-5063.296	759.9914	-3681.3616	-8272.132	5031.631	3733.8167	425.8704991340637
27	-6055.318	1781.3517	-2294.37	-9449.94	-5753.5635	616.367	-4787.29	-6876.617	100.0	100.0	40499	-5091.2104	758.42896	-3796.0232	-8313.526	5058.635	3673.7415	442.5684871673584
28	-6489.665	1674.8702	-4526.9355	-10881.893	-5034.8193	721.0465	-3239.0486	-5969.963	100.0	100.0	41999	-5126.175	757.35767	-3802.8882	-8402.222	5094.4453	3689.4182	459.4791302680969
29	-5044.372	925.289	-4043.3755	-7143.748	-5449.564	822.9612	-4613.5845	-7480.927	100.0	100.0	43499	-5166.3975	759.3779	-3838.309	-8387.935	5135.721	3642.089	476.2470180988312
30	-5436.202	1211.5317	-2729.367	-7967.927	-5326.8525	1817.3676	-1043.8856	-8084.385	100.0	100.0	44999	-5203.464	754.22375	-3869.0715	-8418.259	5172.9595	3578.5073	493.0282962322235
31	-5332.7983	970.03864	-3105.3782	-7014.4116	-5705.468	993.4878	-4578.2617	-7624.766	100.0	100.0	46499	-5240.0083	750.98517	-3909.048	-8494.7295	5209.6016	3510.516	510.0524501800537
32	-5582.5425	1512.4525	-911.31165	-7659.508	-5274.0728	845.122	-4186.54	-7368.0005	100.0	100.0	47999	-5271.444	748.47046	-3903.1401	-8481.646	5241.09	3508.558	526.9494571685791
33	-6158.178	1946.3002	-4302.4795	-12088.186	-5500.103	1625.8772	-1931.4888	-8304.161	100.0	100.0	49499	-5299.6616	747.9449	-3937.0518	-8483.993	5268.9175	3522.0107	543.7732610702515
34	-5558.7583	923.8205	-4250.8794	-8175.9624	-4430.3916	1489.2913	-1099.7325	-6355.1636	100.0	100.0	50999	-5332.9873	751.99097	-3971.291	-8346.327	5303.595	3498.007	560.6388742923737
35	-5871.0576	908.001	-4468.203	-7221.873	-4867.1787	1662.5596	-915.21967	-7350.572	100.0	100.0	52499	-5367.9272	753.6554	-4011.8083	-8323.823	5338.7476	3475.4377	577.6309902667999
36	-4901.656	1270.4633	-590.0854	-6010.25	-7056.5835	2242.231	-4225.9326	-12157.085	100.0	100.0	53999	-5400.186	757.1458	-4061.3486	-8495.973	5372.0845	3381.7983	594.3068490028381
37	-5772.665	1309.4829	-4388.3516	-9857.213	-4901.7812	2256.5962	-1233.3606	-8719.944	100.0	100.0	55499	-5435.5483	759.394	-4102.068	-8611.328	5407.738	3357.4006	611.2405502796173
38	-5254.302	1012.4595	-3274.1257	-7087.137	-5053.288	1836.7552	-521.19464	-8308.847	100.0	100.0	56999	-5477.14	768.5336	-4128.944	-8606.325	5449.0527	3260.7153	628.0637152194977
39	-5344.2095	1554.7001	-2518.0312	-9609.795	-4455.057	1476.3098	-949.12396	-6506.223	100.0	100.0	58499	-5500.868	764.2796	-4139.6987	-8619.793	5472.677	3247.6992	644.9428453445435
40	-5391.6216	1298.2245	-3337.724	-9311.643	-4594.136	1445.5233	-1786.9242	-7426.342	100.0	100.0	59999	-5529.5825	767.33185	-4131.6157	-8641.958	5500.6587	3296.6677	661.6827692985535
41	-5156.438	1596.046	-1479.5032	-8397.623	-5542.3433	1493.5175	-1580.1027	-7131.2554	100.0	100.0	61499	-5548.01	777.4631	-4110.595	-8786.887	5519.111	3305.392	678.095456123352
42	-5401.3843	1519.045	-1719.5825	-7918.679	-5177.292	1081.8676	-4175.164	-7648.2446	100.0	100.0	62999	-5554.718	778.0807	-4118.294	-8908.12	5526.694	3370.1882	694.8335900306702
43	-5303.392	1312.7175	-3589.5515	-8494.227	-4455.4517	1142.2625	-1492.7227	-5903.577	100.0	100.0	64499	-5568.411	784.773	-4097.2295	-8881.8125	5539.656	3314.2068	711.5884602069855
44	-5426.2534	1317.3241	-2565.1716	-8168.1113	-5796.942	949.5502	-4568.669	-7780.5815	100.0	100.0	65999	-5583.013	793.39856	-4071.5193	-8985.75	5554.593	3359.4746	728.3364541530609
45	-5209.3125	1698.5933	-1591.5182	-9335.104	-6047.041	1228.0996	-4447.861	-8397.003	100.0	100.0	67499	-5596.1343	804.18866	-4095.8032	-9045.561	5568.89	3282.648	745.4160091876984
46	-4749.725	1054.3038	-2752.468	-6994.1294	-5337.8936	1048.4033	-4326.9766	-7187.0225	100.0	100.0	68999	-5621.703	811.7779	-4058.891	-9116.957	5595.171	3270.766	762.1725161075592
47	-4780.4185	2060.24	-647.41724	-10767.096	-5753.3877	900.6761	-4544.578	-7250.158	100.0	100.0	70499	-5634.6724	813.66907	-4002.411	-9080.152	5608.2275	3227.7327	778.4891421794891
48	-4597.647	1497.819	-509.00635	-7168.8765	-5336.5054	551.7485	-4287.3438	-6264.862	100.0	100.0	71999	-5653.9033	819.7881	-3946.474	-8965.875	5627.8984	3256.749	794.8872971534729
49	-4742.495	1576.5468	-1945.7472	-7740.1074	-5193.841	1954.923	-1280.1682	-8819.744	100.0	100.0	73499	-5669.6147	824.0159	-3900.0254	-9099.979	5644.2734	3187.7004	811.5070521831512
50	-4802.709	860.6238	-3625.9155	-6876.853	-6686.5337	2650.3708	-4669.401	-14109.067	100.0	100.0	74999	-5695.051	832.5212	-3846.9636	-9131.831	5669.7026	3194.6326	827.9183371067047
51	-4529.305	1543.4686	-1183.7019	-7778.069	-5611.7075	1171.2316	-4315.7646	-7407.3594	100.0	100.0	76499	-5718.2686	841.19196	-3834.6912	-9154.084	5693.051	3189.5627	844.6588323116302
52	-5267.5996	1105.4978	-2332.65	-7001.987	-4530.821	1290.4059	-1108.3887	-6272.123	100.0	100.0	77999	-5732.004	845.93915	-3787.7224	-9151.26	5706.514	3215.5913	861.9500892162323
53	-4496.7188	920.8195	-1345.5648	-5305.522	-4498.709	2146.5386	-888.5212	-8215.622	100.0	100.0	79499	-5734.6895	853.3286	-3781.5952	-9178.326	5709.379	3290.4626	878.870530128479
54	-5242.54	2072.5027	-2521.938	-12137.338	-5156.409	529.0703	-4235.5703	-6005.2515	100.0	100.0	80999	-5746.202	861.2804	-3747.3892	-9156.114	5720.766	3206.9414	895.5994741916656
55	-4884.734	898.38324	-3311.4036	-6777.3286	-5581.0063	1522.4849	-4428.397	-9433.475	100.0	100.0	82499	-5749.9697	871.6209	-3713.1667	-9287.11	5724.512	3326.726	912.5054311752319
56	-4489.669	1400.3662	-865.62195	-6877.4897	-4558.269	1231.6462	-1961.5188	-6218.064	100.0	100.0	83999	-5759.7515	877.6069	-3711.9495	-9335.84	5734.8945	3281.494	929.5383973121643
57	-4831.87	751.4212	-3313.0098	-6563.63	-5083.9644	1835.8254	-1190.4279	-8104.803	100.0	100.0	85499	-5759.454	887.7226	-3707.4534	-9215.896	5733.279	3268.4036	946.6592581272125
58	-4986.163	1390.4225	-1955.6704	-7470.0093	-4964.03	1475.1073	-2352.5308	-7313.924	100.0	100.0	86999	-5755.5225	898.14606	-3666.3213	-9399.092	5727.909	3300.7993	964.0163671970367
59	-4853.3804	1257.262	-1555.4673	-7059.4434	-4382.8994	1310.989	-1487.1412	-5907.938	100.0	100.0	88499	-5733.7505	900.01624	-3615.1985	-9408.111	5705.484	3394.3674	980.9721601009369
60	-4421.9736	839.6496	-1990.2302	-5922.966	-4674.601	841.03284	-2859.9915	-5770.513	100.0	100.0	89999	-5713.7725	899.9294	-3555.9436	-9391.263	5685.6465	3455.7712	998.2078521251678
61	-4524.0205	1585.192	-1236.3872	-7074.3203	-4995.934	437.46136	-4500.172	-5780.536	100.0	100.0	91499	-5700.5327	911.00543	-3431.2861	-9656.065	5672.7954	3375.3633	1015.3077251911163
62	-4846.9033	1013.01776	-2227.2014	-6660.7036	-4377.0405	1349.0957	-1773.5844	-6641.3384	100.0	100.0	92999	-5682.6216	918.2162	-3362.976	-9716.493	5654.476	3245.474	1032.7782530784607
63	-4248.4814	1150.0605	-579.8231	-5079.0137	-4623.405	1922.4902	-1060.7423	-6721.151	100.0	100.0	94499	-5658.406	922.8845	-3356.072	-9708.968	5629.248	3179.8	1049.9353411197662
64	-4891.724	740.57574	-3361.676	-6501.1997	-4198.6875	799.9198	-2313.9292	-5691.1987	100.0	100.0	95999	-5627.212	924.06195	-3298.2288	-9509.764	5598.232	3202.3774	1067.4210011959076
65	-4089.4524	1354.8984	-1174.3297	-6073.4277	-4684.3555	298.22952	-4333.1333	-5306.483	100.0	100.0	97499	-5591.966	923.31323	-3309.5205	-9753.029	5562.786	3168.968	1086.4690413475037
66	-4524.3384	1171.6803	-1207.8651	-5991.5957	-4113.741	1169.1064	-1482.1613	-5556.326	100.0	100.0	98999	-5560.7705	916.7954	-3308.882	-9517.347	5532.5166	3033.201	1103.6518232822418
67	-4603.276	864.2497	-2772.4485	-6405.1343	-4651.2686	1104.7257	-1871.5677	-6160.9053	100.0	100.0	100499	-5541.1294	916.0633	-3292.666	-9494.601	5514.058	2954.8513	1120.9724752902985
68	-4930.214	788.6057	-3603.634	-6737.5327	-4568.4775	1100.9293	-1579.3486	-6155.2964	100.0	100.0	101999	-5537.518	920.55817	-3261.305	-9614.835	5511.62	2936.3757	1138.0880641937256
69	-4295.397	866.9001	-2340.2288	-5632.082	-4244.422	1290.454	-578.06757	-5698.7046	100.0	100.0	103499	-5522.849	921.26404	-3254.8293	-9630.665	5497.2295	2838.0308	1155.0946979522705
70	-4405.7476	952.1456	-2688.2576	-6840.876	-4523.6353	1202.0717	-1122.1686	-5493.092	100.0	100.0	104999	-5522.5757	922.5873	-3260.5217	-9627.926	5496.6978	2773.3093	1172.2743711471558
71	-4531.438	1153.0105	-1736.5297	-6029.833	-5262.9307	840.2329	-3956.6597	-7319.8833	100.0	100.0	106499	-5513.472	923.9575	-3271.2136	-9694.285	5488.3965	2762.7173	1189.4111533164978
72	-4752.89	1225.2522	-1211.2034	-6080.284	-4378.0425	1704.5118	-1002.3628	-6300.366	100.0	100.0	107999	-5506.5156	923.4607	-3268.4878	-9740.839	5481.802	2658.6694	1206.6931834220886
73	-4458.728	1165.7894	-633.2919	-5987.5566	-4901.2886	445.9655	-4065.8557	-5778.048	100.0	100.0	109499	-5498.3525	922.3962	-3248.244	-9814.677	5474.073	2635.7827	1223.7962081432343
74	-4623.3228	1031.0592	-1687.3337	-6339.0757	-3941.0808	1298.8833	-1690.3431	-5718.291	100.0	100.0	110999	-5501.8623	927.935	-3226.2634	-9856.83	5477.723	2598.6453	1241.235600233078
75	-3973.4563	1342.6648	-1009.1348	-5469.9424	-3824.618	1847.3745	-513.2471	-5947.304	100.0	100.0	112499	-5499.3735	926.17474	-3204.227	-9851.659	5475.582	2573.8862	1258.3632771968842
76	-4101.5483	1323.636	-786.1172	-6037.49	-3985.8687	1281.4164	-690.7689	-5560.6797	100.0	100.0	113999	-5504.212	930.4685	-3214.2212	-9794.148	5480.4746	2507.2432	1275.60919713974
77	-4802.796	697.27795	-3460.2542	-6371.223	-3569.9297	1554.3234	-1003.9864	-5539.0977	100.0	100.0	115499	-5497.9004	926.54047	-3186.5388	-9725.054	5472.9673	2460.2517	1292.6912319660187
78	-4146.252	1459.361	-1542.8379	-6701.3755	-4487.537	1039.4531	-1508.2462	-5380.9478	100.0	100.0	116999	-5485.269	925.6306	-3233.0452	-9651.196	5460.219	2573.97	1309.827201128006
79	-4545.6323	963.47186	-2447.425	-6244.526	-4369.149	1085.3251	-1355.1626	-5299.8887	100.0	100.0	118499	-5469.135	913.43286	-3272.3042	-9553.06	5442.966	2562.31	1326.9425432682037
80	-4706.1626	811.37805	-2902.519	-5967.2417	-4357.2393	1118.5557	-1193.1444	-5523.6543	100.0	100.0	119999	-5452.6436	911.2254	-3268.6738	-9489.843	5425.736	2596.997	1344.008177280426
81	-4840.4214	672.44763	-3593.078	-6006.001	-4419.4956	1561.8165	-619.125	-6450.3433	100.0	100.0	121499	-5429.144	913.2266	-3255.0425	-9525.183	5403.017	2538.2043	1361.519222021103
82	-4073.8625	1408.1522	-744.1718	-5941.338	-3336.7766	1697.8066	-734.57904	-5193.1772	100.0	100.0	122999	-5412.279	909.0346	-3290.6755	-9436.969	5387.252	2421.544	1378.729956150055
83	-4438.6436	1077.7595	-1243.4786	-5609.6445	-4773.7505	2210.0212	-865.6232	-9657.626	100.0	100.0	124499	-5400.2744	901.5468	-3299.6309	-9392.662	5376.1255	2397.5728	1396.019774198532
84	-4589.327	779.11707	-2199.0193	-5779.3315	-4550.915	457.75385	-3662.007	-5281.0405	100.0	100.0	125999	-5400.996	899.97516	-3311.416	-9415.812	5377.322	2380.6917	1413.2712302207947
85	-4329.2505	1651.7305	-913.6061	-7263.6235	-5106.67	982.5565	-4252.691	-7271.6177	100.0	100.0	127499	-5392.409	894.4042	-3337.875	-9349.788	5368.3945	2362.5447	1430.4624781608582
86	-4232.128	1380.8981	-2050.9438	-7167.199	-3966.8027	1680.8033	-683.32904	-6379.7817	100.0	100.0	128999	-5386.243	894.5604	-3318.9177	-9332.72	5362.222	2346.5806	1447.4715402126312
87	-3820.749	1295.7599	-738.3986	-4998.541	-4612.7676	1821.3876	-1475.8068	-8092.4546	100.0	100.0	130499	-5380.0786	893.1833	-3298.477	-9294.881	5355.4976	2303.088	1464.6579411029816
88	-4172.281	1329.8738	-291.11066	-6095.2383	-4560.0557	454.19116	-3728.042	-5585.2725	100.0	100.0	131999	-5360.9844	889.1887	-3281.2878	-9203.003	5335.6406	2351.8975	1482.19278216362
89	-3716.562	1299.6528	-1677.4797	-5469.6396	-4055.1216	1187.5736	-1078.7854	-5044.5557	100.0	100.0	133499	-5340.8296	881.7293	-3256.9753	-9243.324	5315.8105	2315.3289	1499.2982273101807
90	-4398.7803	714.9598	-2836.3757	-5964.566	-3191.7678	1584.6682	-956.31586	-5199.9624	100.0	100.0	134999	-5318.5654	884.7047	-3212.7458	-9165.332	5293.3115	2334.467	1516.7056531906128
91	-4073.543	1074.4795	-1201.1205	-5453.5127	-3968.5566	906.5449	-1734.9017	-4818.058	100.0	100.0	136499	-5289.792	877.46655	-3215.462	-9133.082	5263.896	2256.0127	1533.878428220749
92	-4189.1416	1429.1699	-217.6592	-6212.4746	-4300.1113	1196.5836	-1467.834	-5500.9316	100.0	100.0	137999	-5270.778	867.4793	-3194.695	-9117.0205	5245.5474	2244.6472	1551.2325780391693
93	-4490.698	1937.3143	-528.17096	-8797.038	-5010.403	1945.3123	-2731.123	-10507.022	100.0	100.0	139499	-5251.551	859.36	-3199.7253	-9130.773	5226.59	2260.6726	1568.5430982112885
94	-4030.219	1971.2112	-374.59644	-7160.3623	-4259.41	910.5799	-1695.4025	-5321.1313	100.0	100.0	140999	-5230.2437	852.04626	-3170.6492	-9067.958	5206.163	2221.8533	1585.8610780239105
95	-4566.5957	921.8856	-1881.7913	-5825.321	-4260.407	1422.096	-1159.27	-5896.573	100.0	100.0	142499	-5220.6035	844.33044	-3123.907	-9066.203	5197.0215	2184.982	1603.5083210468292
96	-4344.8926	1089.5593	-1424.485	-6443.2827	-3529.608	1633.2988	-634.55096	-5082.703	100.0	100.0	143999	-5210.5605	846.14233	-3062.2756	-9039.798	5186.7188	2189.1243	1620.6097991466522
97	-2875.0286	1516.2637	-264.31714	-5275.8193	-4226.771	962.83203	-1433.4836	-5067.3345	100.0	100.0	145499	-5192.5776	848.8359	-3082.0432	-9018.734	5168.6006	2169.9714	1637.8422741889954
98	-4525.854	1239.0359	-2169.3848	-7671.619	-4094.517	1534.9352	-862.1486	-6541.6445	100.0	100.0	146999	-5179.1294	850.1167	-3097.1765	-8987.433	5154.8306	2177.4265	1655.0707671642303
99	-4189.729	1093.903	-1213.9619	-6066.0786	-4397.2666	2006.6743	-290.8055	-6750.9053	100.0	100.0	148499	-5164.3574	845.4715	-3104.946	-8971.162	5141.096	2157.2307	1672.6319422721863
100	-4190.1665	1496.798	-1073.3491	-6377.4844	-4131.511	814.50287	-1919.3007	-5012.493	100.0	100.0	149999	-5155.7783	850.39484	-3092.864	-8952.822	5132.6636	2204.2124	1689.9546592235565
101	-4430.6504	846.5039	-2278.4614	-5332.899	-3701.3784	1476.9305	-970.81384	-5574.135	100.0	100.0	151499	-5147.6396	849.42316	-3100.8933	-8942.14	5125.1084	2208.1094	1707.1842679977417
102	-3675.7478	1464.845	-783.6788	-5879.922	-3897.3914	1475.6106	-1404.1958	-5212.1016	100.0	100.0	152999	-5138.753	847.01544	-3103.3247	-8901.145	5115.5938	2250.733	1724.6524810791016
103	-4175.7383	740.33606	-2740.1426	-5424.8184	-3784.7114	1599.4185	-570.83014	-5408.3833	100.0	100.0	154499	-5123.319	836.0169	-3115.0771	-8955.069	5099.482	2263.431	1742.0393931865692
104	-4047.5315	1154.7832	-1681.8805	-6050.6445	-4551.79	1366.3878	-962.35547	-6629.86	100.0	100.0	155999	-5111.677	828.5063	-3117.996	-8967.139	5087.881	2350.4226	1759.5269072055817
105	-4402.848	880.80396	-2562.0115	-5793.361	-4368.7173	730.621	-3091.0737	-5472.96	100.0	100.0	157499	-5085.1714	816.8458	-3138.8508	-9004.745	5060.69	2365.126	1776.6209642887115
106	-3729.771	1435.7094	-790.3341	-5405.547	-4517.7065	891.0165	-2334.7502	-5737.115	100.0	100.0	158999	-5059.8975	813.3342	-3151.2786	-8899.619	5034.611	2398.3584	1793.9163572788239
107	-4129.943	1151.3933	-1588.6891	-5466.558	-4215.053	1665.0703	-1432.6316	-7264.052	100.0	100.0	160499	-5021.864	802.45087	-3152.9421	-8771.916	4995.146	2413.0027	1811.127221107483
108	-3794.9526	1385.111	-1564.999	-6125.19	-4211.376	1045.277	-1488.0643	-5770.735	100.0	100.0	161999	-4977.5474	796.87195	-3151.5518	-8801.475	4950.8984	2420.1682	1828.4315712451935
109	-3634.3745	1968.9908	-575.16296	-7597.8677	-4259.0933	1195.908	-946.5582	-5441.5645	100.0	100.0	163499	-4942.221	797.9961	-3134.4429	-8713.728	4914.939	2431.945	1845.8203032016754
110	-4109.388	1270.8943	-1030.7949	-5963.039	-4243.1514	1188.7626	-872.34644	-5258.8545	100.0	100.0	164999	-4897.5127	792.1029	-3099.427	-8605.587	4870.637	2415.331	1863.1137971878052
111	-4103.7944	636.74365	-2602.953	-5057.567	-4034.8374	1298.7588	-319.4997	-5147.884	100.0	100.0	166499	-4861.9155	789.85223	-3083.6226	-8568.56	4836.1035	2338.0444	1880.418261051178
112	-4357.993	1167.7267	-662.01105	-5525.892	-3784.1206	1120.8461	-1565.9517	-4695.755	100.0	100.0	167999	-4833.413	787.0504	-3063.4275	-8541.919	4807.936	2340.3076	1897.4947352409363
113	-3497.7253	1035.155	-1560.0299	-4947.637	-4032.1694	1649.9586	-253.0085	-6260.279	100.0	100.0	169499	-4800.312	790.44775	-3042.3728	-8634.276	4774.3105	2343.9944	1914.981465101242
114	-4176.4346	1568.6815	-886.96014	-6701.0347	-4475.6025	269.26953	-4077.148	-5038.424	100.0	100.0	170999	-4762.972	790.5591	-3051.098	-8696.651	4736.589	2326.121	1932.1976833343506
115	-3918.195	1082.7095	-848.1707	-4958.9116	-4721.6934	545.85223	-4053.4744	-6004.996	100.0	100.0	172499	-4729.583	783.74493	-3054.4377	-8573.304	4702.827	2379.1667	1949.369812965393
116	-3515.9219	1517.6921	-486.3349	-5535.7974	-3960.4504	1654.5018	-662.8853	-5717.414	100.0	100.0	173999	-4690.5684	785.6094	-3019.5671	-8563.751	4663.79	2436.1458	1967.0557792186737
117	-3574.9578	1345.1024	-1455.5002	-5348.4453	-4791.285	503.07828	-4011.4834	-5743.848	100.0	100.0	175499	-4653.1807	785.09216	-3022.4087	-8564.752	4626.0522	2461.475	1984.5327141284943
118	-4184.4893	1146.7234	-1017.37085	-5583.8154	-4701.995	1350.7236	-1223.744	-6214.3003	100.0	100.0	176999	-4615.5264	785.08905	-3026.6765	-8587.318	4588.326	2543.07	2001.7883882522583
119	-3503.7632	1429.2499	-1055.4342	-6411.4487	-4731.011	733.50586	-3440.3218	-5854.273	100.0	100.0	178499	-4576.241	789.78516	-3002.9639	-8545.463	4549.2896	2518.5864	2019.5383501052856
120	-4323.843	1395.1031	-1750.5574	-6462.2954	-3848.5261	1644.5806	-1132.0143	-5418.31	100.0	100.0	179999	-4546.078	792.0537	-2970.8645	-8478.597	4518.82	2521.0847	2037.4720091819763
121	-4622.9595	1279.3097	-490.5207	-5933.4106	-4142.1284	1330.0367	-913.69525	-5274.98	100.0	100.0	181499	-4503.8506	791.086	-2924.6091	-8485.997	4475.452	2533.4424	2054.8117382526398
122	-4135.42	547.72034	-3163.8318	-4931.977	-4763.133	1746.9603	-103.01005	-7456.9688	100.0	100.0	182999	-4456.873	792.86975	-2872.006	-8670.988	4428.1787	2486.1826	2072.1893031597137
123	-4576.8174	1244.2241	-1613.8014	-5967.7417	-4345.9004	963.2635	-1703.4725	-5487.651	100.0	100.0	184499	-4410.118	794.9448	-2827.3904	-8620.284	4381.965	2557.3223	2089.768219232559
124	-3740.4817	1533.8418	-665.8678	-6185.065	-4164.2236	1389.0223	-491.18045	-5684.756	100.0	100.0	185999	-4370.8037	801.1686	-2774.0247	-8782.4795	4342.0215	2630.879	2107.036770105362
125	-4583.6777	1263.1467	-2197.4348	-7522.7544	-4354.564	1216.557	-989.1743	-5342.059	100.0	100.0	187499	-4319.8975	808.7775	-2729.5667	-8537.265	4291.726	2637.956	2124.4654252529144
126	-4320.6055	1233.0703	-1136.8002	-5673.268	-4488.9727	903.13354	-2087.492	-5930.9653	100.0	100.0	188999	-4280.8516	812.93097	-2693.3384	-8566.12	4252.4136	2576.5981	2141.594624042511
127	-3654.4036	1311.9484	-1047.1785	-5072.413	-4221.361	1197.7174	-852.7785	-5134.0337	100.0	100.0	190499	-4243.562	821.1037	-2695.3525	-8585.015	4215.7114	2479.302	2158.796612262726
128	-3569.2266	1404.3955	-866.1775	-5164.628	-4432.6924	1318.9009	-826.1136	-6343.9634	100.0	100.0	191999	-4203.533	815.4528	-2657.3062	-8593.149	4176.597	2506.8076	2176.128220319748
129	-3919.5662	1429.2074	-385.58444	-5782.817	-4470.432	2232.3662	-488.6291	-9074.888	100.0	100.0	193499	-4176.452	817.7704	-2627.001	-8680.082	4149.272	2535.0034	2193.2668442726135
130	-4389.368	570.1927	-2871.8936	-5146.2617	-4272.3623	1446.9592	-475.77332	-6506.8306	100.0	100.0	194999	-4153.5674	821.8719	-2624.5432	-8676.866	4126.301	2560.4766	2210.7102892398834
131	-5039.527	734.7194	-3661.013	-7162.6826	-4576.5015	678.58093	-3161.1758	-5802.5474	100.0	100.0	196499	-4116.925	817.5684	-2586.1863	-8592.856	4088.8826	2586.7087	2228.0298681259155
132	-4307.846	1068.944	-1414.2035	-5455.637	-4435.841	773.8883	-2366.4019	-5356.0474	100.0	100.0	197999	-4084.8235	814.07404	-2556.0798	-8505.769	4057.0474	2622.9482	2245.2665441036224
133	-3906.6636	1667.6001	-912.8787	-6583.4185	-3871.4106	1626.1688	-709.62146	-5957.4517	100.0	100.0	199499	-4055.355	806.68567	-2518.4717	-8410.98	4028.4866	2582.4224	2262.8184802532196
134	-4306.1035	1106.0435	-473.90714	-5409.9194	-4592.4287	737.37823	-3177.5225	-6183.179	100.0	100.0	200999	-4032.3955	800.1774	-2474.793	-8263.581	4005.667	2589.1536	2280.181267261505
135	-4339.2773	1087.8676	-1700.2415	-5944.1016	-4090.7644	1190.6321	-636.2485	-5056.5166	100.0	100.0	202499	-4008.2786	787.2958	-2478.296	-8336.766	3980.9802	2528.6694	2297.433896303177
136	-4032.0056	1708.1096	-1045.0862	-6728.535	-4684.648	954.57294	-2246.3066	-5907.0254	100.0	100.0	203999	-3980.8853	779.6296	-2489.1135	-8275.299	3954.2097	2490.2532	2314.4855511188507
137	-4073.6587	1363.3044	-592.2259	-5528.628	-4544.682	1145.5165	-1814.6051	-6668.3228	100.0	100.0	205499	-3965.0066	768.593	-2508.6816	-8295.292	3938.674	2485.2693	2331.9931461811066
138	-4660.3813	1015.0828	-2649.5493	-6860.027	-4161.9893	1304.6187	-404.65558	-5193.5107	100.0	100.0	206999	-3942.3103	758.5779	-2506.1477	-8072.713	3915.438	2514.0627	2349.153434276581
139	-4533.9155	1843.547	-1388.5593	-10127.523	-4347.6953	638.0963	-2814.0261	-5444.671	100.0	100.0	208499	-3923.1096	748.432	-2464.46	-8058.1753	3896.456	2533.6492	2366.279227256775
140	-4687.8955	1288.4552	-720.7658	-6024.8086	-4684.74	411.9592	-3994.0027	-5594.9385	100.0	100.0	209999	-3902.3066	741.55383	-2415.1853	-7970.2593	3875.2334	2479.9573	2383.619554042816
141	-4488.761	1145.7426	-1258.0406	-6409.7017	-4809.6885	444.3313	-4090.7053	-5586.0757	100.0	100.0	211499	-3880.5964	735.5536	-2389.738	-7859.198	3854.54	2482.7397	2400.8788352012634
142	-4589.343	954.5432	-1813.2579	-6285.1953	-4285.473	1359.5675	-845.60077	-6492.0576	100.0	100.0	212999	-3871.0994	732.0725	-2356.9382	-7900.117	3845.7693	2457.575	2418.242777109146
143	-3752.8438	1445.0782	-497.36606	-5193.8457	-5444.843	1228.6877	-4330.939	-8286.576	100.0	100.0	214499	-3865.1013	736.041	-2321.899	-7698.63	3840.2847	2453.123	2435.5172991752625
144	-4630.2017	886.85004	-1914.9641	-6065.0938	-4210.4844	1857.1644	-186.343	-6175.1377	100.0	100.0	215999	-3861.9707	735.0366	-2329.8762	-7829.3887	3837.9368	2366.9983	2452.8058822155
145	-3988.0532	1104.4417	-1942.9427	-5281.1177	-4446.625	1265.0121	-2032.8613	-6727.2666	100.0	100.0	217499	-3861.702	724.74347	-2341.0261	-7709.3374	3838.01	2355.5364	2470.3104231357574
146	-4261.4717	1139.3192	-1656.1285	-5598.9507	-4699.6323	783.2586	-4153.201	-6896.6343	100.0	100.0	218999	-3868.2578	720.34155	-2359.6575	-7734.195	3844.322	2339.1216	2487.3805871009827
147	-3562.6865	2054.051	-302.5415	-6635.878	-4533.3267	432.73492	-3556.1438	-5054.297	100.0	100.0	220499	-3865.5237	711.7354	-2394.9395	-7819.286	3842.0393	2373.2537	2504.63867521286
148	-4472.7734	983.2127	-1545.696	-5475.7373	-4677.7085	902.5409	-3654.1729	-7141.349	100.0	100.0	221999	-3869.836	709.48865	-2405.571	-7703.773	3846.7407	2369.8943	2521.9383301734924
149	-4071.66	1172.7491	-1074.31	-5491.7275	-4431.7617	1779.7808	-804.2691	-6022.285	100.0	100.0	223499	-3875.192	708.8921	-2419.846	-7653.421	3850.8406	2380.2375	2539.260571241379
150	-3762.3403	1847.9443	-254.8832	-6000.4893	-4343.4062	1296.6389	-902.4322	-5968.934	100.0	100.0	224999	-3866.9316	702.4353	-2414.984	-7681.7466	3842.3914	2409.6787	2556.5195682048798
151	-4305.794	924.29126	-1742.6621	-5640.428	-4893.4834	674.85547	-4166.997	-6256.947	100.0	100.0	226499	-3864.8887	697.8176	-2434.6638	-7682.2163	3840.7656	2434.8113	2574.2960052490234
152	-4369.2544	866.6687	-1352.1736	-5131.6455	-4868.583	570.8903	-4059.305	-5768.785	100.0	100.0	227999	-3850.903	687.9554	-2412.0874	-7603.83	3824.9546	2405.2954	2591.6429512500763
153	-3869.361	1565.0654	-646.73663	-5722.994	-4716.396	1950.6473	-1180.2345	-9413.889	100.0	100.0	229499	-3832.9097	692.9496	-2344.909	-7464.438	3806.7053	2400.4568	2608.89089512825
154	-3785.1443	1363.5594	-819.4936	-5740.4077	-4447.4463	1343.296	-730.9798	-5839.327	100.0	100.0	230999	-3808.9949	699.18207	-2338.0132	-7586.147	3783.035	2371.3313	2626.2112441062927
155	-3547.1672	1450.197	-585.09094	-4982.11	-4036.1926	1346.2865	-1275.7059	-5362.5312	100.0	100.0	232499	-3782.833	706.3422	-2274.9924	-7434.6978	3755.5767	2444.0837	2643.4288442134857
156	-4221.1553	1265.4182	-373.27878	-5512.204	-4268.707	1281.0692	-738.84796	-5865.847	100.0	100.0	233999	-3754.955	712.31555	-2282.703	-7422.9365	3727.568	2413.3909	2660.5699591636658
157	-4360.471	622.7554	-2515.491	-5267.9287	-4109.03	1348.9769	-893.4419	-5352.2847	100.0	100.0	235499	-3728.1382	718.39575	-2203.0024	-7488.3716	3700.3774	2380.7488	2677.9275171756744
158	-3479.129	1811.6149	-371.50296	-5949.404	-3621.1965	1630.0621	-439.06143	-5979.9062	100.0	100.0	236999	-3699.317	721.84607	-2290.883	-7625.283	3672.4946	2407.8496	2695.8894073963165
159	-3754.6084	1518.8042	-421.897	-5645.106	-4197.726	1360.5015	-464.5414	-5850.4204	100.0	100.0	238499	-3683.4795	726.66406	-2153.2822	-7683.994	3656.9126	2425.7476	2713.264825105667
160	-4275.42	1081.3743	-1979.314	-5558.588	-3154.8335	1937.9198	-296.96307	-5486.8794	100.0	100.0	239999	-3658.1316	728.2867	-2057.3308	-7616.3843	3630.8286	2370.0122	2730.4782173633575
161	-4328.5347	641.85175	-2219.238	-4995.9453	-3307.584	1806.82	-701.2883	-5704.3877	100.0	100.0	241499	-3637.7327	727.1606	-2111.7605	-7330.262	3610.95	2338.3743	2747.8127591609955
162	-3899.9175	1551.324	-304.43985	-5610.0337	-4201.0615	782.6129	-2011.3151	-4784.239	100.0	100.0	242999	-3618.062	731.5748	-2001.3145	-7457.914	3590.646	2408.9238	2765.2445702552795
163	-4017.8955	1465.3572	-360.47052	-6237.159	-4584.1143	1178.2988	-1306.4648	-5854.5884	100.0	100.0	244499	-3584.9912	740.8811	-1761.0834	-7248.4277	3556.9468	2402.4626	2782.579060316086
164	-4130.19	1462.2202	-1401.1375	-6557.872	-2354.532	1746.1266	-550.95807	-4722.221	100.0	100.0	245999	-3561.1716	751.59204	-1801.11	-6803.909	3533.7917	2372.4524	2799.873267173767
165	-4286.564	997.596	-1974.4751	-5749.0474	-3033.4905	1762.0271	-634.4537	-5060.96	100.0	100.0	247499	-3537.96	759.8084	-1698.7767	-6883.064	3510.6516	2420.4893	2817.561466217041
166	-3135.0154	1592.3345	-662.0449	-5529.4336	-4003.7332	1189.6088	-530.68616	-4785.6084	100.0	100.0	248999	-3507.4844	764.8511	-1579.0001	-7019.022	3479.6992	2479.566	2835.1068391799927
167	-4570.0884	276.4559	-4109.725	-5025.477	-4658.611	525.4977	-3954.1794	-5821.698	100.0	100.0	250499	-3489.2766	772.2272	-1551.4545	-7102.3545	3462.648	2574.3984	2852.2959361076355
168	-3530.0793	1718.0078	-891.9297	-6001.3813	-4069.1082	1144.5363	-748.3109	-4986.6533	100.0	100.0	251999	-3466.9346	783.035	-1488.0989	-6888.8247	3439.4714	2546.4082	2869.780832052231
169	-3257.2922	1591.9717	-476.1829	-5366.869	-3912.071	1537.8513	-997.8485	-5663.706	100.0	100.0	253499	-3445.2637	789.31244	-1469.2579	-7131.843	3418.8013	2586.374	2887.2837970256805
170	-3780.7625	1411.0712	-700.8759	-5822.53	-4906.471	803.5391	-4115.93	-6612.1255	100.0	100.0	254999	-3433.4873	794.18304	-1452.6248	-7160.693	3406.8547	2539.421	2904.502843141556
171	-4448.2656	897.4197	-2017.5933	-6099.8594	-3438.804	1325.9491	-905.94495	-4934.931	100.0	100.0	256499	-3413.7798	797.9184	-1463.8296	-7225.3823	3387.3994	2522.2688	2921.89773106575
172	-4206.0107	1225.2288	-1136.9958	-6171.044	-4385.333	1388.6641	-975.3363	-6166.27	100.0	100.0	257999	-3397.3467	793.4849	-1395.6897	-7321.09	3369.7646	2486.4956	2939.4035692214966
173	-3532.4294	1692.2194	-499.13943	-5001.019	-4018.4563	1777.9487	-498.1025	-6112.754	100.0	100.0	259499	-3372.1428	787.0502	-1405.3635	-6984.2085	3345.2434	2521.7483	2958.641894340515
174	-4570.079	1150.9346	-1140.6987	-6572.224	-3969.6016	1559.7087	-703.97314	-5467.9985	100.0	100.0	260999	-3352.3235	790.83093	-1365.4073	-7170.3013	3324.268	2559.5396	2975.898277282715
175	-3873.1172	1214.8302	-908.1688	-6276.839	-3113.5012	1896.7317	-281.20612	-4903.8	100.0	100.0	262499	-3328.7734	796.92426	-1291.7206	-6854.0293	3300.8086	2507.932	2993.2231652736664
176	-3226.3804	1941.4634	-439.74033	-6225.969	-3911.857	1416.672	-561.9493	-5289.8228	100.0	100.0	263999	-3305.992	805.69006	-1206.3008	-6914.9663	3278.3096	2576.0686	3010.5529153347015
177	-4148.4854	1431.5255	-425.91324	-5617.4126	-4541.183	1273.891	-1070.2572	-5744.33	100.0	100.0	265499	-3283.968	812.2592	-1146.8153	-7039.425	3256.267	2619.8716	3028.299147129059
178	-4499.2285	1474.9314	-1200.4021	-7572.6255	-2969.9988	1491.7267	-1131.585	-5264.4297	100.0	100.0	266999	-3267.34	808.23126	-1126.8092	-7059.1416	3239.6206	2749.1663	3045.4495470523834
179	-3761.7266	1276.3713	-1280.9104	-5224.796	-3603.569	1846.8273	-790.70123	-6515.257	100.0	100.0	268499	-3243.3032	804.7044	-1130.9395	-7177.454	3215.6028	2763.333	3062.5623621940613
180	-4208.07	1527.9584	-781.3802	-7246.991	-3035.1455	1917.2623	-271.13095	-5489.5415	100.0	100.0	269999	-3216.0908	801.0087	-1192.6716	-6950.0786	3186.9788	2862.478	3079.4553532600403
181	-3503.4058	1448.8324	-1088.5126	-5333.8237	-4148.553	1870.3506	-585.99384	-6821.53	100.0	100.0	271499	-3178.3284	795.65497	-1191.8275	-6963.295	3148.4753	2855.9773	3096.5359241962433
182	-3633.8416	1147.381	-818.5442	-4695.076	-4213.8584	1498.0469	-977.181	-5864.1045	100.0	100.0	272999	-3137.488	788.7102	-1164.0404	-7117.0835	3106.9282	2867.7192	3113.77703332901
183	-3708.5945	1110.2809	-1177.2075	-5076.396	-3692.4348	1869.7727	-16.564499	-5112.593	100.0	100.0	274499	-3095.099	781.9949	-1121.0513	-7150.541	3064.396	2880.048	3130.8882722854614
184	-3769.904	1495.2113	-882.2653	-5820.7837	-2965.082	1995.5878	-484.96918	-5532.938	100.0	100.0	275999	-3058.014	774.6884	-1075.9248	-6970.395	3028.5054	2834.189	3147.9620501995087
185	-3996.6072	1309.5822	-1244.8229	-5239.495	-3475.3914	1509.7	-539.2025	-4927.868	100.0	100.0	277499	-3033.9395	770.6783	-1061.8245	-6977.046	3004.3503	2858.6726	3165.2372901439667
186	-4385.73	1453.476	-476.98438	-6585.901	-3855.42	1774.9495	-269.4869	-5743.103	100.0	100.0	278999	-3001.632	758.28625	-1106.9097	-6969.9634	2971.6116	2776.88	3182.3883612155914
187	-3905.7573	1712.0996	-855.6183	-5927.6226	-2902.406	1785.7238	-91.92337	-4772.0894	100.0	100.0	280499	-2960.2886	744.7206	-1124.001	-6796.4683	2929.302	2829.1267	3199.5178623199463
188	-3894.754	1374.9392	-840.9016	-5405.2925	-4051.3945	1311.1569	-1063.0653	-5077.905	100.0	100.0	281999	-2922.983	730.0501	-1194.2955	-6784.1167	2892.1167	2777.7363	3216.4815821647644
189	-4074.9912	1564.0417	-368.79553	-6541.3467	-3579.0046	1188.3754	-1704.1677	-5580.759	100.0	100.0	283499	-2888.1462	718.6554	-1142.2671	-6751.802	2857.9927	2731.7896	3233.489288330078
190	-3951.0925	1314.6254	-327.14774	-5619.0684	-3131.763	1952.0337	-249.70955	-5439.2866	100.0	100.0	284999	-2863.2993	711.2368	-1277.8276	-6468.9116	2833.9136	2752.8376	3250.7026932239532
191	-4244.1113	1103.3615	-1967.803	-6048.7944	-4351.115	1307.1447	-659.25604	-5523.0703	100.0	100.0	286499	-2838.928	709.8684	-1300.1503	-6563.334	2810.687	2749.2354	3267.497772216797
192	-4223.3257	1141.1802	-1973.4016	-5587.829	-3613.243	1260.906	-1565.0964	-5011.0073	100.0	100.0	287999	-2825.8792	704.8865	-1211.7426	-6486.9204	2797.592	2761.669	3284.4740431308746
193	-4417.8354	554.7875	-3083.5237	-5588.035	-4563.1113	1029.0513	-1590.0677	-5496.203	100.0	100.0	289499	-2809.7454	697.54254	-1228.1278	-6590.4697	2779.8723	2829.3186	3301.7333211898804
194	-3858.1338	1228.5616	-1577.9324	-5766.8115	-4809.18	446.12567	-4054.006	-5732.6226	100.0	100.0	290999	-2777.8782	687.7727	-1116.5287	-6408.3774	2747.9368	2809.9766	3318.3697171211243
195	-4053.2505	842.6867	-2491.7751	-5190.13	-3813.8782	1110.7198	-870.5196	-4943.006	100.0	100.0	292499	-2752.9585	688.28503	-1038.2611	-6327.42	2722.8396	2855.574	3335.1170511245728
196	-4244.005	1179.9979	-765.6227	-5400.6816	-4339.807	1150.4127	-1133.3805	-5344.801	100.0	100.0	293999	-2724.274	689.716	-955.87933	-6306.981	2694.4517	2828.922	3351.9430541992188
197	-3959.7717	1498.917	-836.96075	-5750.4766	-4894.7686	687.37787	-3686.7688	-6408.734	100.0	100.0	295499	-2695.869	694.0036	-923.5396	-6120.9727	2664.673	2910.2068	3368.8762590885162
198	-4308.123	1421.5602	-1111.563	-6835.059	-3271.6226	1895.6245	-573.6908	-5875.0273	100.0	100.0	296999	-2661.9153	709.0996	-781.836	-5984.46	2629.6638	2873.134	3385.627104997635
199	-3991.3577	1586.6643	-1184.8191	-6442.2876	-4870.1523	509.14465	-4216.76	-5989.3613	100.0	100.0	298499	-2618.245	724.3649	-640.7493	-5768.716	2586.2434	2882.1274	3402.3837780952454
200	-4239.0874	1330.4573	-1579.3354	-6556.735	-4808.966	541.66284	-3885.1357	-6083.9873	100.0	100.0	299999	-2590.022	741.9338	-515.53864	-6035.435	2558.4978	2879.266	3419.471726179123
