Epoch	AverageEpRet	StdEpRet	MaxEpRet	MinEpRet	AverageTestEpRet	StdTestEpRet	MaxTestEpRet	MinTestEpRet	EpLen	TestEpLen	TotalEnvInteracts	AverageQVals	StdQVals	MaxQVals	MinQVals	LossPi	LossQ	Time
1	0.13043478	0.3367812	1.0	0.0	0.0	0.0	0.0	0.0	64.565216	30.3	1499	-0.027746541	0.059945475	1.2799801	-0.1915263	0.014439596	0.0018066077	15.066317081451416
2	0.16666667	0.372678	1.0	0.0	0.0	0.0	0.0	0.0	61.291668	100.0	2999	0.1258958	0.2693091	4.3113832	-0.15992235	-0.1747617	0.0031710803	45.16722297668457
3	0.0	0.0	0.0	0.0	0.0	0.0	0.0	0.0	66.652176	100.0	4499	0.7138384	0.7692349	7.96651	-0.5731622	-0.8545149	0.012591487	66.73983192443848
4	0.10714286	0.3092948	1.0	0.0	0.0	0.0	0.0	0.0	53.142857	100.0	5999	2.0017838	1.8151617	14.181194	-1.2987676	-2.2656636	0.055546604	83.79241800308228
5	0.0952381	0.29354352	1.0	0.0	0.0	0.0	0.0	0.0	68.2381	100.0	7499	4.0980487	3.3653452	21.523336	-1.7935601	-4.4914074	0.16517769	102.3820059299469
6	0.1	0.29999998	1.0	0.0	0.0	0.0	0.0	0.0	52.9	100.0	8999	6.7584777	5.2563686	31.206978	-5.851936	-7.2909117	0.3479397	117.34005999565125
7	0.7083333	1.5132517	7.0	0.0	0.0	0.0	0.0	0.0	60.166668	92.1	10499	9.942487	7.4995923	38.887363	-5.4253807	-10.534618	0.6065789	131.98250484466553
8	0.3529412	0.6809316	2.0	0.0	0.2	0.4	1.0	0.0	86.94118	92.6	11999	13.324927	9.679499	44.73391	-9.504638	-13.917242	0.73979914	147.77408981323242
9	0.46666667	1.0873004	4.0	0.0	0.0	0.0	0.0	0.0	100.0	92.7	13499	15.840402	11.274098	47.350494	-8.92346	-16.409376	0.857905	163.04244089126587
10	0.13333334	0.33993465	1.0	0.0	0.0	0.0	0.0	0.0	100.0	100.0	14999	18.383406	12.560367	50.839714	-30.248133	-18.965223	0.9218106	179.0684359073639
11	0.0	0.0	0.0	0.0	0.2	0.4	1.0	0.0	96.375	100.0	16499	21.019812	13.727226	58.737194	-15.162829	-21.567497	0.9546221	194.96164798736572
12	0.2	0.4	1.0	0.0	0.2	0.4	1.0	0.0	100.0	100.0	17999	23.380604	14.703064	59.962833	-13.103114	-23.886486	0.97636604	214.36753511428833
13	0.26666668	0.57348835	2.0	0.0	0.1	0.29999998	1.0	0.0	100.0	100.0	19499	26.040815	15.391155	61.270786	-21.258293	-26.534199	1.001378	236.56461095809937
14	0.0	0.0	0.0	0.0	0.0	0.0	0.0	0.0	100.0	100.0	20999	28.078787	15.751893	63.08943	-24.22228	-28.552322	0.987856	258.8686079978943
15	0.06666667	0.2494438	1.0	0.0	0.2	0.4	1.0	0.0	100.0	94.2	22499	29.604023	16.200811	70.550835	-17.94971	-30.066904	1.0330944	281.71466398239136
16	0.2	0.4	1.0	0.0	0.2	0.59999996	2.0	0.0	98.066666	100.0	23999	30.541323	16.516191	65.91362	-23.68421	-30.982172	0.9500421	303.28516912460327
17	0.06666667	0.2494438	1.0	0.0	0.2	0.4	1.0	0.0	100.0	100.0	25499	32.00161	16.660255	69.90274	-27.292673	-32.438183	0.92972267	325.5582299232483
18	0.13333334	0.33993465	1.0	0.0	0.0	0.0	0.0	0.0	100.0	100.0	26999	33.49195	16.919577	71.22522	-27.248566	-33.92838	0.8832887	346.49560499191284
19	0.4	0.8	2.0	0.0	0.6	1.2806249	4.0	0.0	100.0	100.0	28499	34.423058	16.89971	76.41548	-20.496733	-34.80951	0.8486464	368.6204619407654
20	0.33333334	0.5962848	2.0	0.0	0.1	0.29999998	1.0	0.0	100.0	100.0	29999	35.01808	16.891756	80.17076	-26.5852	-35.373203	0.81886667	396.20678901672363
21	0.1875	0.52663434	2.0	0.0	0.1	0.29999998	1.0	0.0	97.8125	100.0	31499	35.470116	16.975855	84.190056	-35.11272	-35.816463	0.8145843	421.08909487724304
22	0.0	0.0	0.0	0.0	0.2	0.4	1.0	0.0	96.2	100.0	32999	36.10664	16.886621	86.85114	-29.268845	-36.45484	0.84841853	443.75805401802063
23	0.46666667	1.4996295	6.0	0.0	0.4	1.1999999	4.0	0.0	100.0	100.0	34499	36.527996	16.742666	88.79211	-30.79803	-36.860806	0.7337178	466.1138038635254
24	1.0	2.4765568	10.0	0.0	0.0	0.0	0.0	0.0	100.0	100.0	35999	37.12053	16.718382	99.28912	-41.021164	-37.435345	0.73580027	488.582720041275
25	0.06666667	0.24944381	1.0	0.0	0.3	0.45825756	1.0	0.0	100.0	100.0	37499	37.392517	16.505806	96.36842	-28.736446	-37.693985	0.7815623	511.50660490989685
26	0.4375	1.2231491	5.0	0.0	0.6	1.2	4.0	0.0	96.875	100.0	38999	37.98172	16.400482	99.66464	-20.756836	-38.28448	0.8006609	534.3414330482483
27	0.26666668	0.77172244	3.0	0.0	0.0	0.0	0.0	0.0	98.933334	97.4	40499	38.6217	16.42646	104.4592	-32.914673	-38.93309	0.8047127	560.5839080810547
28	0.26666668	0.5734884	2.0	0.0	0.2	0.4	1.0	0.0	100.0	100.0	41999	39.22608	16.304838	106.330124	-27.213428	-39.536903	0.79611135	584.8182520866394
29	0.3125	0.5829612	2.0	0.0	0.0	0.0	0.0	0.0	90.25	99.2	43499	39.798954	16.147821	108.46906	-22.358685	-40.123833	0.79882634	609.460599899292
30	0.06666667	0.2494438	1.0	0.0	0.2	0.4	1.0	0.0	100.0	100.0	44999	40.347546	16.043549	109.54234	-20.748009	-40.669106	0.81391096	635.3573999404907
31	0.2	0.54160255	2.0	0.0	0.1	0.29999998	1.0	0.0	100.0	100.0	46499	41.18276	15.8336525	113.5457	-22.362175	-41.51787	0.7740726	660.2952399253845
32	0.0625	0.24206147	1.0	0.0	0.3	0.45825756	1.0	0.0	94.875	100.0	47999	41.86173	15.793732	114.224655	-27.29261	-42.180046	0.84010476	692.6440420150757
33	0.53333336	0.8844333	3.0	0.0	5.9	17.037899	57.0	0.0	100.0	100.0	49499	42.650673	15.787964	117.8532	-22.181452	-42.992504	0.92289984	719.2321989536285
34	0.25	0.4330127	1.0	0.0	0.1	0.29999998	1.0	0.0	94.0	100.0	50999	43.747402	16.02209	119.32758	-32.519985	-44.09037	0.8546742	747.5167698860168
35	0.06666667	0.2494438	1.0	0.0	0.6	1.1999999	4.0	0.0	100.0	100.0	52499	44.800087	16.398611	123.94048	-29.187387	-45.150043	1.026774	775.4527070522308
36	0.13333334	0.4988876	2.0	0.0	0.3	0.64031243	2.0	0.0	100.0	100.0	53999	46.11994	16.537365	126.522705	-28.222118	-46.494408	1.0088269	803.0419158935547
37	1.8125	6.2571836	26.0	0.0	0.2	0.59999996	2.0	0.0	95.75	88.9	55499	47.442547	16.777605	130.45686	-26.076029	-47.813354	1.1243526	829.5689980983734
38	0.125	0.3307189	1.0	0.0	0.6	0.66332495	2.0	0.0	94.0	100.0	56999	48.879154	17.119432	132.26184	-26.143612	-49.25128	1.1382785	860.2064399719238
39	0.2	0.4	1.0	0.0	0.1	0.29999998	1.0	0.0	100.0	100.0	58499	50.27441	17.359888	135.01361	-25.343077	-50.65202	1.1038607	889.0740978717804
40	0.33333334	0.5962848	2.0	0.0	0.4	0.66332495	2.0	0.0	100.0	100.0	59999	51.78536	17.93189	136.09308	-40.46646	-52.16379	1.2456822	917.6821181774139
41	0.26666668	0.4422167	1.0	0.0	0.2	0.59999996	2.0	0.0	100.0	90.9	61499	53.302437	18.414856	139.68748	-33.81483	-53.69058	1.234905	945.6196429729462
42	0.26666668	0.57348835	2.0	0.0	0.2	0.4	1.0	0.0	100.0	92.9	62999	54.784874	18.939537	142.90788	-29.005867	-55.168655	1.2557703	973.9407720565796
43	0.125	0.3307189	1.0	0.0	1.0	1.7888544	6.0	0.0	94.1875	100.0	64499	56.494347	19.709957	147.56775	-33.202713	-56.896156	1.2936393	1007.1715140342712
44	0.33333334	0.47140455	1.0	0.0	0.3	0.45825756	1.0	0.0	100.0	100.0	65999	58.365913	20.248898	153.13727	-26.897781	-58.815666	1.3545476	1038.4280140399933
45	0.53333336	0.8055364	3.0	0.0	0.3	0.64031243	2.0	0.0	100.0	82.0	67499	60.60448	21.069782	155.66245	-37.849316	-61.0353	1.3567054	1068.8099927902222
46	0.26666668	0.44221663	1.0	0.0	0.1	0.29999998	1.0	0.0	100.0	100.0	68999	62.68585	21.85018	158.76768	-22.66811	-63.132683	1.3679096	1101.0030608177185
47	0.2	0.4	1.0	0.0	0.0	0.0	0.0	0.0	100.0	100.0	70499	64.69316	22.426277	162.11858	-31.99806	-65.1394	1.50164	1133.8639149665833
48	0.46666667	0.4988876	1.0	0.0	0.5	0.67082036	2.0	0.0	100.0	100.0	71999	66.67966	22.993639	164.09361	-32.67235	-67.13728	1.4935781	1167.0409259796143
49	0.2	0.4	1.0	0.0	0.2	0.59999996	2.0	0.0	100.0	100.0	73499	69.00194	23.558228	166.34732	-33.431812	-69.47621	1.3769909	1200.0636949539185
50	0.25	0.4330127	1.0	0.0	0.1	0.29999998	1.0	0.0	94.1875	100.0	74999	71.40769	23.832266	167.70294	-47.016045	-71.93946	1.6614082	1255.5500299930573
51	0.06666667	0.2494438	1.0	0.0	0.5	0.5	1.0	0.0	100.0	100.0	76499	73.96718	24.100855	169.6042	-36.385563	-74.51531	1.5760154	1289.0844979286194
52	0.13333334	0.33993465	1.0	0.0	0.2	0.4	1.0	0.0	100.0	100.0	77999	76.7231	24.305601	168.97203	-36.19459	-77.266396	1.6104863	1329.9465568065643
53	0.11764706	0.32218975	1.0	0.0	0.2	0.4	1.0	0.0	87.23529	100.0	79499	79.172295	24.313828	172.74333	-175.91243	-79.6902	2.2320354	1363.2064969539642
54	0.25	0.4330127	1.0	0.0	0.4	0.66332495	2.0	0.0	89.4375	100.0	80999	81.37872	24.286497	172.63498	-33.139645	-81.906425	1.9565836	1392.8015060424805
55	0.13333334	0.33993465	1.0	0.0	0.4	0.489898	1.0	0.0	100.0	100.0	82499	83.728516	24.35726	172.4377	-34.422653	-84.2518	2.1990056	1422.4464921951294
56	0.06666667	0.2494438	1.0	0.0	0.1	0.29999998	1.0	0.0	100.0	100.0	83999	85.615974	24.269907	172.19577	-49.330654	-86.11125	2.036048	1452.1850018501282
57	0.33333334	0.47140455	1.0	0.0	0.4	0.8	2.0	0.0	100.0	100.0	85499	87.5407	24.237986	174.12067	-109.82226	-88.04306	1.900195	1485.7969970703125
58	0.13333334	0.33993465	1.0	0.0	0.3	0.45825756	1.0	0.0	100.0	100.0	86999	89.5754	24.302715	176.74905	-74.88648	-90.07002	2.238617	1516.1369359493256
59	0.46666667	0.6182412	2.0	0.0	0.1	0.29999998	1.0	0.0	100.0	100.0	88499	91.35268	24.251602	175.7243	-35.18735	-91.848206	1.8356208	1550.7868978977203
60	0.46666667	0.7180219	2.0	0.0	0.2	0.59999996	2.0	0.0	100.0	90.2	89999	93.31658	24.167408	175.47154	-67.77247	-93.833916	2.3032198	1580.520749092102
61	0.0	0.0	0.0	0.0	0.0	0.0	0.0	0.0	100.0	100.0	91499	95.09652	23.863615	176.48976	-42.38199	-95.621376	2.3812702	1614.9231798648834
62	0.1764706	0.38122004	1.0	0.0	0.4	0.48989797	1.0	0.0	90.70588	100.0	92999	96.94109	23.686144	176.80667	-40.642754	-97.431335	1.9615821	1646.9365937709808
63	0.1875	0.39031237	1.0	0.0	0.3	0.45825756	1.0	0.0	94.25	95.5	94499	98.57166	23.4429	177.22104	-39.844845	-99.08084	2.3654008	1677.9867079257965
64	0.13333334	0.49888763	2.0	0.0	0.4	0.66332495	2.0	0.0	100.0	93.9	95999	99.77661	23.115894	177.65689	-40.621964	-100.23789	2.287742	1707.255959033966
65	0.26666668	0.4422167	1.0	0.0	0.1	0.29999998	1.0	0.0	100.0	100.0	97499	101.15419	23.10285	176.65361	-43.94015	-101.62699	2.497499	1739.0365109443665
66	0.2	0.4	1.0	0.0	0.1	0.29999998	1.0	0.0	100.0	97.5	98999	102.446655	22.92575	178.2546	-52.237183	-102.911446	2.338929	1769.28555893898
67	0.1875	0.52663434	2.0	0.0	0.2	0.4	1.0	0.0	94.125	100.0	100499	103.66804	22.806932	178.28067	-63.58737	-104.13233	2.1964715	1801.1551849842072
68	0.0625	0.24206147	1.0	0.0	0.4	0.489898	1.0	0.0	90.3125	100.0	101999	104.57758	22.554491	177.60645	-200.45958	-104.99892	3.2129328	1822.9836030006409
69	0.6666667	0.7888106	2.0	0.0	0.0	0.0	0.0	0.0	100.0	94.3	103499	105.583954	22.43696	176.7598	-42.154327	-106.00646	2.9530492	1846.040806055069
70	0.4	0.6110101	2.0	0.0	0.6	0.48989794	1.0	0.0	100.0	100.0	104999	106.25476	22.29588	176.46997	-81.40044	-106.71171	3.107265	1867.8744549751282
71	0.2	0.54160255	2.0	0.0	0.3	0.45825756	1.0	0.0	100.0	100.0	106499	107.32307	22.312014	176.32724	-40.696823	-107.754326	2.5191514	1889.8652548789978
72	0.2	0.54160255	2.0	0.0	0.2	0.4	1.0	0.0	100.0	100.0	107999	108.09877	22.049803	178.48495	-76.85314	-108.51583	2.8629508	1925.1840958595276
73	0.13333334	0.33993465	1.0	0.0	0.1	0.29999998	1.0	0.0	100.0	100.0	109499	108.668205	21.846884	176.15384	-51.12907	-109.09046	2.8333483	1956.4922769069672
74	0.06666667	0.2494438	1.0	0.0	0.4	0.66332495	2.0	0.0	100.0	100.0	110999	109.36924	21.621334	177.59354	-68.68611	-109.78981	2.4893985	1986.529628753662
75	0.2	0.4	1.0	0.0	0.4	0.66332495	2.0	0.0	100.0	100.0	112499	110.0822	21.44141	176.45042	-83.671104	-110.47088	2.177534	2017.2007720470428
76	0.13333334	0.33993465	1.0	0.0	0.9	1.5132746	5.0	0.0	100.0	100.0	113999	110.45866	21.185764	176.14777	-71.80373	-110.84808	2.854717	2046.5165679454803
77	0.2	0.4	1.0	0.0	0.2	0.4	1.0	0.0	100.0	100.0	115499	110.8433	20.965406	174.8451	-35.36578	-111.2045	2.259549	2076.946641921997
78	0.375	0.69597054	2.0	0.0	0.4	0.48989797	1.0	0.0	98.875	100.0	116999	111.14024	20.80533	177.41142	-59.454407	-111.49621	2.2401628	2106.5525240898132
79	0.25	0.4330127	1.0	0.0	0.2	0.59999996	2.0	0.0	93.875	100.0	118499	111.34412	20.760275	180.70143	-108.71369	-111.68977	2.503631	2137.8253679275513
80	0.33333334	0.47140455	1.0	0.0	0.1	0.29999998	1.0	0.0	100.0	100.0	119999	111.60873	20.696018	179.00879	-72.91205	-111.965324	2.7628334	2167.301608800888
81	0.26666668	0.57348835	2.0	0.0	0.3	0.45825756	1.0	0.0	100.0	100.0	121499	111.69425	20.487902	172.57861	-73.90492	-112.03347	1.9291106	2196.8265569210052
82	0.46666667	0.6182412	2.0	0.0	0.5	0.5	1.0	0.0	100.0	100.0	122999	111.79345	20.137823	172.16139	-74.259796	-112.15004	2.4135597	2227.019740819931
83	0.53333336	0.80553645	3.0	0.0	0.4	0.66332495	2.0	0.0	94.2	100.0	124499	112.02195	20.056927	173.24191	-55.095432	-112.38917	2.6166527	2257.1091389656067
84	0.4	0.6110101	2.0	0.0	0.4	0.66332495	2.0	0.0	100.0	100.0	125999	112.065384	19.795794	176.96365	-56.359123	-112.414	2.3941941	2288.011080980301
85	0.06666667	0.24944381	1.0	0.0	0.1	0.29999998	1.0	0.0	100.0	100.0	127499	112.06165	19.40516	170.47899	-63.53848	-112.38709	2.354668	2320.3853209018707
86	0.33333334	0.7888106	3.0	0.0	0.2	0.4	1.0	0.0	100.0	100.0	128999	111.859856	19.16272	168.01697	-43.664135	-112.18337	2.4253304	2352.367087125778
87	0.13333334	0.33993465	1.0	0.0	0.3	0.64031243	2.0	0.0	100.0	100.0	130499	111.83466	18.876348	167.85417	-55.154823	-112.16229	2.3576581	2382.5272760391235
88	0.46666667	0.7180219	2.0	0.0	0.3	0.90000004	3.0	0.0	100.0	100.0	131999	111.62124	18.522438	167.42545	-45.78656	-111.92925	1.8507321	2413.2782850265503
89	0.26666668	0.4422167	1.0	0.0	0.1	0.29999998	1.0	0.0	100.0	100.0	133499	111.26813	18.341366	166.2565	-50.97892	-111.567085	2.4897065	2444.3800790309906
90	0.4	0.61101013	2.0	0.0	0.0	0.0	0.0	0.0	100.0	100.0	134999	110.87545	18.165089	164.93924	-50.975323	-111.157455	2.0905128	2473.354442834854
91	0.06666667	0.2494438	1.0	0.0	0.4	0.48989797	1.0	0.0	100.0	90.2	136499	110.59796	17.976671	165.36623	-66.19334	-110.89552	1.8978729	2504.02530002594
92	0.13333334	0.33993465	1.0	0.0	0.2	0.4	1.0	0.0	100.0	100.0	137999	110.36858	17.625792	162.15193	-46.56694	-110.675415	2.2927663	2539.799597978592
93	0.4375	0.7043392	2.0	0.0	0.5	0.67082036	2.0	0.0	93.875	100.0	139499	110.026855	17.418377	161.79828	-49.98127	-110.327866	2.003611	2580.9259049892426
94	0.33333334	0.47140455	1.0	0.0	0.3	0.64031243	2.0	0.0	100.0	100.0	140999	109.751076	17.03748	160.33545	-49.61295	-110.04254	1.7954574	2610.1330301761627
95	0.375	0.48412293	1.0	0.0	0.4	0.9165151	3.0	0.0	93.9375	100.0	142499	109.312805	16.514688	157.17291	-72.96879	-109.57685	1.9952106	2639.202784061432
96	0.06666667	0.2494438	1.0	0.0	0.0	0.0	0.0	0.0	100.0	100.0	143999	108.71896	15.975804	156.13277	-64.07568	-108.97579	1.9576063	2670.089287996292
97	0.4	0.6110101	2.0	0.0	0.3	0.45825756	1.0	0.0	100.0	100.0	145499	108.05216	15.565019	154.09853	-64.74358	-108.31709	2.509001	2700.788295984268
98	0.13333334	0.33993465	1.0	0.0	0.1	0.29999998	1.0	0.0	100.0	100.0	146999	107.27557	15.304211	150.88596	-67.661026	-107.524956	2.1568565	2731.2218050956726
99	0.53333336	0.49888766	1.0	0.0	0.4	0.48989797	1.0	0.0	100.0	100.0	148499	106.51451	15.100594	151.72568	-54.335705	-106.76434	1.5014378	2760.7702980041504
100	0.2	0.4	1.0	0.0	0.3	0.45825756	1.0	0.0	100.0	100.0	149999	105.69557	14.800601	151.35477	-54.170456	-105.93088	2.2837243	2791.4620158672333
101	0.33333334	0.59628475	2.0	0.0	0.1	0.29999998	1.0	0.0	100.0	100.0	151499	104.825935	14.651577	149.32797	-48.482166	-105.06095	1.965528	2823.480397939682
102	0.26666668	0.57348835	2.0	0.0	0.3	0.45825756	1.0	0.0	100.0	100.0	152999	104.02209	14.4445915	152.22331	-89.777084	-104.25131	1.8482625	2853.3848130702972
103	0.2	0.4	1.0	0.0	0.2	0.4	1.0	0.0	100.0	100.0	154499	103.124596	14.254035	151.49266	-38.410717	-103.33238	1.6981597	2884.833263158798
104	0.4	0.489898	1.0	0.0	0.2	0.59999996	2.0	0.0	100.0	100.0	155999	102.2458	14.214396	146.57437	-75.80018	-102.46515	2.14958	2918.5825090408325
105	0.2	0.4	1.0	0.0	0.2	0.4	1.0	0.0	100.0	100.0	157499	101.33207	14.128876	143.7181	-49.56095	-101.5408	2.476019	2950.7785708904266
106	0.2	0.4	1.0	0.0	0.2	0.4	1.0	0.0	100.0	100.0	158999	100.48376	13.939746	140.81387	-69.66965	-100.7076	2.0092497	2981.764843940735
107	0.26666668	0.4422167	1.0	0.0	0.2	0.4	1.0	0.0	100.0	100.0	160499	99.5901	13.802594	139.91916	-75.89081	-99.81301	2.4020603	3014.8731648921967
108	0.26666668	0.44221663	1.0	0.0	0.2	0.4	1.0	0.0	100.0	100.0	161999	98.57829	13.677586	138.35861	-68.41651	-98.78019	2.0353444	3046.84023809433
109	0.46666667	0.6182412	2.0	0.0	0.1	0.29999998	1.0	0.0	100.0	100.0	163499	97.66301	13.449697	136.5061	-52.800564	-97.855606	1.3868946	3081.2266438007355
110	0.13333334	0.33993465	1.0	0.0	0.1	0.29999998	1.0	0.0	100.0	100.0	164999	96.79709	13.236528	136.8245	-72.86138	-96.99507	1.4591154	3115.859251976013
111	0.0625	0.24206147	1.0	0.0	0.1	0.29999998	1.0	0.0	93.875	100.0	166499	95.93784	12.984485	133.65523	-37.476685	-96.12632	1.7138461	3149.313137769699
112	0.2	0.4	1.0	0.0	0.3	0.64031243	2.0	0.0	100.0	100.0	167999	95.05769	12.882945	132.9351	-52.79892	-95.2469	1.339021	3182.44047498703
113	0.2	0.4	1.0	0.0	0.3	0.64031243	2.0	0.0	100.0	100.0	169499	94.1349	12.758296	130.75652	-42.374584	-94.29774	1.3338249	3213.6160922050476
114	0.2	0.54160255	2.0	0.0	0.3	0.45825756	1.0	0.0	100.0	100.0	170999	93.2767	12.655108	128.78293	-51.498314	-93.46046	1.5365925	3244.6868419647217
115	0.2	0.4	1.0	0.0	0.3	0.45825756	1.0	0.0	100.0	100.0	172499	92.36066	12.568192	127.538734	-42.360477	-92.5359	1.7307824	3273.3555109500885
116	0.2	0.4	1.0	0.0	0.1	0.29999998	1.0	0.0	100.0	100.0	173999	91.452	12.301716	126.68664	-48.01167	-91.616455	1.00731	3301.5821499824524
117	0.375	0.59947896	2.0	0.0	0.1	0.29999998	1.0	0.0	94.0	100.0	175499	90.618065	12.182655	124.81149	-65.37572	-90.79317	1.3923981	3335.4595561027527
118	0.4	0.61101013	2.0	0.0	0.0	0.0	0.0	0.0	100.0	100.0	176999	89.780716	11.861978	123.33699	-53.421864	-89.93963	1.1979717	3366.050064086914
119	0.2	0.4	1.0	0.0	0.0	0.0	0.0	0.0	100.0	100.0	178499	88.89538	11.881737	122.46034	-60.25533	-89.0545	1.3797594	3396.9287447929382
120	0.2	0.4	1.0	0.0	0.2	0.4	1.0	0.0	100.0	100.0	179999	88.05908	11.771983	120.98225	-52.35499	-88.21941	1.1895525	3426.701342821121
121	0.2	0.54160255	2.0	0.0	0.1	0.29999998	1.0	0.0	100.0	90.3	181499	87.206566	11.527791	118.68776	-53.12076	-87.379616	1.5579951	3456.3573999404907
122	0.26666668	0.4422167	1.0	0.0	0.1	0.29999998	1.0	0.0	100.0	100.0	182999	86.36652	11.327005	118.39764	-51.869457	-86.52077	1.1410686	3490.789547920227
123	0.26666668	0.5734884	2.0	0.0	0.3	0.45825756	1.0	0.0	100.0	100.0	184499	85.57843	11.263694	116.24913	-50.54907	-85.73096	1.3243241	3521.447804927826
124	0.13333334	0.33993465	1.0	0.0	0.2	0.4	1.0	0.0	100.0	100.0	185999	84.76427	11.059104	115.654434	-49.26955	-84.91367	1.0289619	3552.0007469654083
125	0.53333336	0.6182412	2.0	0.0	0.5	0.5	1.0	0.0	100.0	100.0	187499	83.783066	10.886475	115.57527	-76.450066	-83.93347	1.3279812	3581.3766860961914
126	0.06666667	0.2494438	1.0	0.0	0.3	0.45825756	1.0	0.0	99.26667	100.0	188999	83.00331	10.657746	113.305	-61.77897	-83.155	0.98732364	3612.6494739055634
127	0.2	0.4	1.0	0.0	0.3	0.64031243	2.0	0.0	100.0	100.0	190499	82.17584	10.418847	113.41588	-40.318527	-82.30646	1.0669296	3642.2049679756165
128	0.26666668	0.44221663	1.0	0.0	0.3	0.64031243	2.0	0.0	100.0	100.0	191999	81.26702	10.336354	110.35184	-51.26812	-81.39911	1.073075	3672.283840894699
129	0.4375	0.60917467	2.0	0.0	0.7	1.0049876	3.0	0.0	94.1875	100.0	193499	80.44278	10.174905	110.18624	-47.117676	-80.57829	1.2870015	3702.9111630916595
130	0.26666668	0.57348835	2.0	0.0	0.0	0.0	0.0	0.0	100.0	100.0	194999	79.63322	9.972056	108.24017	-43.024494	-79.76321	0.89867187	3733.168553829193
131	0.1875	0.39031237	1.0	0.0	0.3	0.64031243	2.0	0.0	93.875	100.0	196499	78.725975	9.863996	105.997116	-49.780712	-78.848045	1.1020498	3778.1642549037933
132	0.26666668	0.4422167	1.0	0.0	0.1	0.29999998	1.0	0.0	100.0	100.0	197999	77.77706	9.74247	105.19974	-48.529182	-77.88741	1.208993	3817.0854687690735
133	0.26666668	0.5734884	2.0	0.0	0.2	0.59999996	2.0	0.0	100.0	90.7	199499	76.8709	9.670077	103.37664	-51.994553	-76.983444	1.0623322	3860.2602281570435
134	0.13333334	0.33993465	1.0	0.0	0.2	0.4	1.0	0.0	100.0	100.0	200999	75.99692	9.496509	102.01063	-41.677574	-76.120575	1.0058849	3890.4036309719086
135	0.0	0.0	0.0	0.0	0.1	0.29999998	1.0	0.0	100.0	100.0	202499	75.06422	9.366835	101.20705	-34.5691	-75.18099	0.9102412	3919.8707139492035
136	0.46666667	0.6182412	2.0	0.0	0.2	0.4	1.0	0.0	100.0	100.0	203999	74.24464	9.23351	99.97474	-41.694252	-74.35855	1.1833674	3949.013067007065
137	0.375	0.59947896	2.0	0.0	0.3	0.45825756	1.0	0.0	93.875	100.0	205499	73.35461	8.996204	98.1031	-49.01586	-73.45598	1.2765286	3978.5141129493713
138	0.3529412	0.5882353	2.0	0.0	0.2	0.4	1.0	0.0	90.17647	100.0	206999	72.47097	8.778176	96.430916	-39.33692	-72.5642	0.6673315	4007.8706748485565
139	0.26666668	0.5734884	2.0	0.0	0.8	0.97979593	3.0	0.0	100.0	100.0	208499	71.611244	8.577951	94.88378	-60.905468	-71.73425	0.80816627	4037.7618329524994
140	0.26666668	0.57348835	2.0	0.0	0.1	0.29999998	1.0	0.0	100.0	100.0	209999	70.7047	8.337232	92.70792	-44.61093	-70.81996	0.8287325	4069.228592157364
141	0.13333334	0.33993465	1.0	0.0	0.3	0.64031243	2.0	0.0	100.0	100.0	211499	69.878105	8.144861	91.84958	-38.708492	-69.973236	0.7893021	4099.7114181518555
142	0.0	0.0	0.0	0.0	0.3	0.64031243	2.0	0.0	100.0	100.0	212999	68.98828	8.048303	91.776146	-34.54791	-69.08545	0.9630708	4133.184966087341
143	0.53333336	0.8844334	3.0	0.0	0.3	0.45825756	1.0	0.0	100.0	91.2	214499	68.051285	7.941128	90.35493	-29.787756	-68.14425	0.840145	4163.592796087265
144	0.33333334	0.47140455	1.0	0.0	0.2	0.4	1.0	0.0	100.0	91.0	215999	67.11208	7.833797	89.76928	-41.44368	-67.202324	1.2715423	4193.7273960113525
145	0.2	0.4	1.0	0.0	0.0	0.0	0.0	0.0	100.0	100.0	217499	66.20829	7.6878624	87.99921	-40.67404	-66.30472	0.89250576	4223.737636089325
146	0.33333334	0.47140455	1.0	0.0	0.4	0.48989797	1.0	0.0	100.0	100.0	218999	65.3657	7.5084825	85.02346	-58.274155	-65.46573	0.82964593	4258.251942873001
147	0.46666667	0.6182412	2.0	0.0	0.0	0.0	0.0	0.0	100.0	100.0	220499	64.4413	7.342738	84.28693	-51.5893	-64.53023	0.63800514	4288.314451932907
148	0.4	0.489898	1.0	0.0	0.5	0.8062258	2.0	0.0	100.0	100.0	221999	63.543827	7.2029624	83.344025	-56.771553	-63.626022	0.7521498	4317.591556072235
149	0.0	0.0	0.0	0.0	0.4	0.66332495	2.0	0.0	100.0	100.0	223499	62.65632	7.083361	82.01493	-24.857903	-62.7417	0.46417338	4346.8625230789185
150	0.2	0.4	1.0	0.0	0.2	0.4	1.0	0.0	100.0	100.0	224999	61.79067	6.95928	81.27245	-54.83026	-61.87044	0.6816281	4376.604157924652
151	0.23529412	0.4241825	1.0	0.0	0.3	0.45825756	1.0	0.0	90.882355	90.8	226499	60.90298	6.8324533	80.05447	-37.109444	-60.976288	0.5650544	4403.363032102585
152	0.53333336	0.8055364	2.0	0.0	0.4	0.489898	1.0	0.0	100.0	100.0	227999	59.958775	6.6862965	79.159966	-53.635242	-60.044304	0.7574841	4438.005909919739
153	0.26666668	0.4422167	1.0	0.0	0.2	0.4	1.0	0.0	100.0	100.0	229499	59.096012	6.529462	78.009674	-33.331352	-59.17549	0.67598087	4469.1970291137695
154	0.33333334	0.5962848	2.0	0.0	0.3	0.45825756	1.0	0.0	100.0	100.0	230999	58.255768	6.3631434	76.67862	-23.98029	-58.33425	0.6079371	4501.789109945297
155	0.26666668	0.44221663	1.0	0.0	0.2	0.4	1.0	0.0	100.0	100.0	232499	57.398266	6.2758446	74.44599	-38.281048	-57.473957	0.5228509	4531.765861034393
156	0.2	0.4	1.0	0.0	0.0	0.0	0.0	0.0	100.0	100.0	233999	56.56867	6.153653	73.59997	-41.58514	-56.643307	0.45373422	4561.52610206604
157	0.13333334	0.33993465	1.0	0.0	0.2	0.4	1.0	0.0	100.0	91.8	235499	55.72613	6.0238156	72.35013	-24.24168	-55.800697	0.46159372	4590.8977200984955
158	0.125	0.3307189	1.0	0.0	0.1	0.29999998	1.0	0.0	93.6875	70.6	236999	54.962925	5.897006	71.28901	-44.3165	-55.03109	0.5273542	4618.938067913055
159	0.0625	0.24206147	1.0	0.0	0.2	0.4	1.0	0.0	93.9375	100.0	238499	54.064163	5.7938986	70.15346	-25.95201	-54.11848	0.51940143	4651.018719911575
160	0.33333334	0.5962848	2.0	0.0	0.1	0.29999998	1.0	0.0	100.0	100.0	239999	53.2655	5.677471	68.91245	-45.039093	-53.32877	0.583283	4681.963788986206
161	0.33333334	0.5962848	2.0	0.0	0.1	0.29999998	1.0	0.0	95.333336	100.0	241499	52.40017	5.684182	67.7678	-86.851524	-52.45796	0.76160157	4714.732412815094
162	0.25	0.559017	2.0	0.0	0.1	0.29999998	1.0	0.0	94.8125	100.0	242999	51.5915	5.677644	67.154045	-35.303223	-51.658157	0.929922	4746.69105887413
163	0.13333334	0.4988876	2.0	0.0	0.2	0.4	1.0	0.0	100.0	100.0	244499	50.832035	5.6372657	65.75133	-34.33101	-50.889645	0.81226605	4777.414104938507
164	0.13333334	0.33993465	1.0	0.0	0.2	0.4	1.0	0.0	100.0	100.0	245999	50.079357	5.609861	65.48459	-30.250492	-50.148647	0.5099677	4808.034904003143
165	0.1875	0.39031237	1.0	0.0	0.1	0.29999998	1.0	0.0	94.0625	100.0	247499	49.4559	5.468257	63.99833	-35.53369	-49.52374	0.4653582	4837.3902797698975
166	0.1875	0.52663434	2.0	0.0	0.1	0.29999998	1.0	0.0	94.1875	100.0	248999	48.69837	5.415142	63.741814	-36.61992	-48.76126	0.46369597	4868.443835735321
167	0.06666667	0.24944381	1.0	0.0	0.1	0.29999998	1.0	0.0	100.0	100.0	250499	48.03713	5.3492355	63.24779	-46.928963	-48.096542	0.48077524	4900.294275045395
168	0.06666667	0.24944381	1.0	0.0	0.5	0.5	1.0	0.0	100.0	100.0	251999	47.35829	5.379366	62.474186	-31.320698	-47.423885	0.46030948	4931.245795965195
169	0.4	0.61101013	2.0	0.0	0.5	0.5	1.0	0.0	100.0	100.0	253499	46.704014	5.4297767	62.040394	-19.148735	-46.762135	0.3810061	4961.99823307991
170	0.2	0.54160255	2.0	0.0	0.0	0.0	0.0	0.0	100.0	100.0	254999	46.14765	5.424464	61.608566	-53.98322	-46.21238	0.4150698	4993.621397972107
171	0.4	0.7118052	2.0	0.0	0.3	0.45825756	1.0	0.0	100.0	100.0	256499	45.58568	5.4255724	61.0057	-23.25843	-45.645844	0.43668962	5036.220737934113
172	0.26666668	0.44221663	1.0	0.0	0.1	0.29999998	1.0	0.0	100.0	100.0	257999	45.01079	5.4646482	59.924572	-32.87067	-45.072853	0.2967147	5067.860335111618
173	0.33333334	0.47140455	1.0	0.0	0.2	0.4	1.0	0.0	100.0	90.1	259499	44.534943	5.4568806	60.13678	-31.020897	-44.592037	0.25206357	5107.948156833649
174	0.125	0.3307189	1.0	0.0	2.8	7.426978	25.0	0.0	94.5	100.0	260999	44.041733	5.4519897	59.29459	-22.088165	-44.096134	0.32014495	5140.377222776413
175	0.2	0.4	1.0	0.0	0.2	0.4	1.0	0.0	100.0	100.0	262499	43.564068	5.513108	58.637764	-47.16538	-43.62537	0.3468382	5172.7366189956665
176	0.33333334	0.59628475	2.0	0.0	0.2	0.4	1.0	0.0	100.0	100.0	263999	43.131996	5.5259004	58.120354	-27.858894	-43.18358	0.2993057	5204.115754842758
177	0.33333334	0.5962848	2.0	0.0	0.2	0.4	1.0	0.0	100.0	100.0	265499	42.693993	5.519429	58.036484	-27.797302	-42.752262	0.35525393	5237.633959770203
178	0.4	0.489898	1.0	0.0	0.0	0.0	0.0	0.0	100.0	100.0	266999	42.321648	5.423528	57.314774	-20.181427	-42.3808	0.3414818	5271.285411119461
179	0.125	0.3307189	1.0	0.0	0.2	0.4	1.0	0.0	94.125	100.0	268499	41.98623	5.3471975	56.576763	-16.400637	-42.03976	0.25187847	5306.680266857147
180	0.2	0.4	1.0	0.0	0.2	0.4	1.0	0.0	100.0	100.0	269999	41.56601	5.2741113	55.782265	-26.78617	-41.61863	0.33391947	5346.556389093399
181	0.6	0.489898	1.0	0.0	0.2	0.4	1.0	0.0	100.0	100.0	271499	41.176567	5.2560096	55.189568	-29.742678	-41.230087	0.35649535	5381.847012042999
182	0.2	0.4	1.0	0.0	0.2	0.4	1.0	0.0	100.0	100.0	272999	40.751373	5.2115684	54.213196	-27.85276	-40.80747	0.32983658	5414.048289060593
183	0.6	0.7118052	2.0	0.0	0.2	0.4	1.0	0.0	100.0	100.0	274499	40.387047	5.150005	55.31242	-33.43333	-40.43969	0.30567116	5446.8638689517975
184	0.4	0.71180516	2.0	0.0	0.2	0.4	1.0	0.0	100.0	100.0	275999	39.998158	5.08361	53.917763	-22.317444	-40.05284	0.22394784	5479.28354883194
185	0.2	0.4	1.0	0.0	0.4	0.8	2.0	0.0	100.0	100.0	277499	39.635857	5.036156	53.440296	-32.88928	-39.686775	0.23626652	5512.348052978516
186	0.4	0.71180516	2.0	0.0	0.3	0.45825756	1.0	0.0	100.0	100.0	278999	39.2367	4.982045	52.926483	-32.76043	-39.28245	0.28020123	5544.694246768951
187	0.6666667	0.86922693	3.0	0.0	0.4	0.48989797	1.0	0.0	100.0	100.0	280499	38.80531	4.9269004	52.078808	-18.301994	-38.85039	0.259449	5576.31413602829
188	0.4	0.8793937	3.0	0.0	0.3	0.64031243	2.0	0.0	100.0	100.0	281999	38.419006	4.9068623	51.727245	-27.4074	-38.470432	0.29415601	5607.590193748474
189	0.13333334	0.33993465	1.0	0.0	0.1	0.29999998	1.0	0.0	100.0	100.0	283499	38.06079	4.8253293	50.91945	-23.098097	-38.10247	0.16559054	5638.528398036957
190	0.46666667	0.7180219	2.0	0.0	0.0	0.0	0.0	0.0	100.0	100.0	284999	37.70335	4.777556	51.190067	-25.617275	-37.757057	0.20829	5670.976934194565
191	0.2	0.4	1.0	0.0	0.2	0.4	1.0	0.0	100.0	100.0	286499	37.365852	4.706373	50.31273	-37.498203	-37.413624	0.22243924	5703.483590126038
192	0.4	0.48989797	1.0	0.0	0.1	0.29999998	1.0	0.0	100.0	100.0	287999	37.03092	4.647076	49.76402	-29.006489	-37.074173	0.2182406	5737.572209119797
193	0.125	0.3307189	1.0	0.0	0.4	0.48989797	1.0	0.0	93.875	100.0	289499	36.68767	4.600751	49.485516	-19.95312	-36.72688	0.23488961	5769.610705137253
194	0.13333334	0.33993465	1.0	0.0	0.1	0.29999998	1.0	0.0	100.0	100.0	290999	36.309082	4.572317	49.026573	-23.848822	-36.353817	0.2505892	5800.533802986145
195	0.33333334	0.59628475	2.0	0.0	0.1	0.29999998	1.0	0.0	100.0	100.0	292499	35.994907	4.5202074	48.81251	-16.399906	-36.041832	0.19902302	5831.566374778748
196	0.13333334	0.33993465	1.0	0.0	0.1	0.29999998	1.0	0.0	100.0	100.0	293999	35.645885	4.4625945	47.744118	-16.30743	-35.692642	0.17786914	5869.208370923996
197	0.13333334	0.33993465	1.0	0.0	0.1	0.29999998	1.0	0.0	100.0	90.2	295499	35.2819	4.4089994	47.87581	-22.861008	-35.3241	0.20035537	5901.399848937988
198	0.13333334	0.33993465	1.0	0.0	0.0	0.0	0.0	0.0	100.0	100.0	296999	34.9431	4.3406897	46.84941	-30.29141	-34.985474	0.1895367	5935.790235996246
199	0.4	0.61101013	2.0	0.0	0.3	0.64031243	2.0	0.0	100.0	100.0	298499	34.59877	4.301603	46.4914	-19.315104	-34.63966	0.17831348	5969.804915904999
200	0.26666668	0.4422167	1.0	0.0	0.2	0.4	1.0	0.0	100.0	100.0	299999	34.275524	4.2641945	45.56868	-14.471813	-34.317123	0.15093681	6001.048979997635
201	0.13333334	0.33993465	1.0	0.0	0.3	0.45825756	1.0	0.0	100.0	100.0	301499	33.914486	4.220122	45.763184	-16.677786	-33.95588	0.15850802	6032.756667137146
202	0.13333334	0.49888763	2.0	0.0	0.2	0.4	1.0	0.0	100.0	100.0	302999	33.578793	4.1883283	45.01274	-19.396477	-33.61803	0.17882545	6066.855711936951
203	0.33333334	0.5962848	2.0	0.0	0.5	0.67082036	2.0	0.0	100.0	100.0	304499	33.25935	4.122257	44.731426	-13.368589	-33.297962	0.14358072	6101.785486936569
204	0.1875	0.52663434	2.0	0.0	0.2	0.4	1.0	0.0	94.0625	100.0	305999	32.940018	4.0912395	44.244625	-36.402718	-32.980267	0.17427571	6135.8586230278015
205	0.2	0.54160255	2.0	0.0	0.2	0.4	1.0	0.0	100.0	100.0	307499	32.64816	4.0408006	44.03744	-13.627643	-32.686306	0.14243765	6169.238588809967
206	0.26666668	0.5734884	2.0	0.0	0.4	0.48989797	1.0	0.0	100.0	100.0	308999	32.320904	3.9873753	43.11163	-20.0327	-32.357624	0.15463954	6200.340852975845
207	0.33333334	0.5962848	2.0	0.0	0.5	0.67082036	2.0	0.0	100.0	100.0	310499	32.000526	3.9552674	43.444683	-28.91645	-32.037884	0.14548598	6231.600317955017
208	0.13333334	0.33993465	1.0	0.0	0.4	0.66332495	2.0	0.0	98.13333	100.0	311999	31.68975	3.9018161	42.371105	-27.669947	-31.725506	0.1610467	6265.373842954636
209	0.3125	0.6817945	2.0	0.0	0.6	0.66332495	2.0	0.0	95.4375	100.0	313499	31.357994	3.8859112	41.954857	-27.97773	-31.392029	0.15339673	6312.3076050281525
210	0.375	0.69597054	2.0	0.0	0.2	0.4	1.0	0.0	93.875	100.0	314999	31.049	3.8448884	42.610348	-14.505428	-31.083559	0.14979613	6352.504940986633
211	0.0	0.0	0.0	0.0	0.3	0.45825756	1.0	0.0	100.0	100.0	316499	30.771072	3.8147607	40.993706	-14.94332	-30.807156	0.12979533	6385.739634990692
212	0.26666668	0.57348835	2.0	0.0	0.2	0.4	1.0	0.0	100.0	100.0	317999	30.481977	3.7716305	40.73681	-14.253829	-30.516567	0.14065146	6419.532721757889
213	0.33333334	0.6992059	2.0	0.0	0.2	0.4	1.0	0.0	100.0	100.0	319499	30.193787	3.7399852	40.48287	-17.073462	-30.229626	0.12785506	6452.076070070267
214	0.3125	0.5829612	2.0	0.0	0.4	0.48989797	1.0	0.0	94.25	100.0	320999	29.893856	3.6935537	41.608894	-19.778606	-29.928432	0.13796864	6483.31440615654
215	0.2	0.4	1.0	0.0	0.1	0.29999998	1.0	0.0	100.0	100.0	322499	29.609694	3.6828542	39.511387	-10.315298	-29.641333	0.1659181	6516.04659819603
216	0.33333334	0.47140455	1.0	0.0	0.5	0.5	1.0	0.0	100.0	100.0	323999	29.322384	3.6390693	39.17804	-21.480343	-29.35425	0.15770304	6547.615318059921
217	0.26666668	0.4422167	1.0	0.0	0.3	0.64031243	2.0	0.0	100.0	100.0	325499	29.03231	3.570294	38.89764	-16.470749	-29.065527	0.09570162	6580.837148189545
218	0.13333334	0.33993465	1.0	0.0	0.3	0.64031243	2.0	0.0	100.0	83.9	326999	28.787607	3.5213299	38.50604	-10.459197	-28.818453	0.106106885	6612.041377067566
219	0.26666668	0.4422167	1.0	0.0	0.4	0.48989797	1.0	0.0	100.0	100.0	328499	28.500513	3.5162303	38.189255	-17.319344	-28.532204	0.1056535	6649.093139886856
220	0.26666668	0.44221663	1.0	0.0	0.2	0.4	1.0	0.0	100.0	100.0	329999	28.228622	3.4750326	37.763412	-8.75964	-28.260244	0.113508746	6684.500296831131
221	0.33333334	0.47140455	1.0	0.0	0.5	0.67082036	2.0	0.0	100.0	100.0	331499	27.97538	3.447961	37.802094	-12.18907	-28.009838	0.13953447	6718.979511022568
222	0.33333334	0.5962848	2.0	0.0	0.3	0.64031243	2.0	0.0	100.0	100.0	332999	27.715492	3.418456	37.84069	-8.0198145	-27.7431	0.1141777	6752.689575910568
223	0.2	0.4	1.0	0.0	0.2	0.4	1.0	0.0	100.0	100.0	334499	27.452654	3.412142	36.750664	-18.140856	-27.483953	0.11695943	6787.005990028381
224	0.13333334	0.33993465	1.0	0.0	0.1	0.29999998	1.0	0.0	100.0	100.0	335999	27.214476	3.3871136	36.286892	-15.171477	-27.244791	0.16400798	6819.248860836029
225	0.33333334	0.47140455	1.0	0.0	0.5	0.67082036	2.0	0.0	100.0	100.0	337499	26.937666	3.3641684	36.08966	-11.344979	-26.966284	0.21356325	6850.466866970062
226	0.2	0.4	1.0	0.0	0.1	0.29999998	1.0	0.0	100.0	100.0	338999	26.693247	3.3089137	35.800316	-14.414351	-26.72461	0.15741289	6888.141005992889
227	0.13333334	0.33993465	1.0	0.0	0.3	0.45825756	1.0	0.0	100.0	90.6	340499	26.484976	3.2796233	35.776184	-23.538183	-26.510328	0.19055709	6925.515918016434
228	0.06666667	0.24944381	1.0	0.0	0.0	0.0	0.0	0.0	100.0	90.6	341999	26.200598	3.291417	35.744938	-19.263	-26.229235	0.20608903	6961.776421070099
229	0.0625	0.24206147	1.0	0.0	0.2	0.4	1.0	0.0	94.125	100.0	343499	25.945837	3.3153763	36.16467	-20.020758	-25.967844	0.22291577	6999.527242898941
230	0.2	0.4	1.0	0.0	0.0	0.0	0.0	0.0	100.0	81.5	344999	25.7283	3.2658894	34.863792	-18.853355	-25.756424	0.20050643	7032.223081827164
231	0.26666668	0.57348835	2.0	0.0	0.0	0.0	0.0	0.0	100.0	100.0	346499	25.520853	3.2533357	35.91842	-14.886408	-25.54789	0.22744003	7069.558809995651
232	0.33333334	0.5962848	2.0	0.0	0.2	0.4	1.0	0.0	100.0	100.0	347999	25.32669	3.181479	34.44606	-6.1705065	-25.356571	0.12590073	7101.02499294281
233	0.33333334	0.47140455	1.0	0.0	0.0	0.0	0.0	0.0	94.46667	100.0	349499	25.115156	3.1166663	34.24865	-5.9771442	-25.139996	0.09824931	7134.361783027649
234	0.2	0.4	1.0	0.0	0.8	1.4696939	5.0	0.0	100.0	100.0	350999	24.911488	3.114065	33.841652	-17.482721	-24.93951	0.08341574	7168.210057973862
235	0.33333334	0.47140455	1.0	0.0	0.2	0.4	1.0	0.0	100.0	100.0	352499	24.67794	3.077765	32.953938	-12.71077	-24.70561	0.090956226	7198.9711129665375
236	0.06666667	0.24944381	1.0	0.0	0.2	0.4	1.0	0.0	100.0	100.0	353999	24.494377	3.046555	33.166832	-12.857716	-24.521349	0.07743577	7234.7116441726685
237	0.2	0.4	1.0	0.0	0.1	0.29999998	1.0	0.0	100.0	100.0	355499	24.289833	2.9860969	33.01696	-8.707807	-24.317669	0.07431675	7267.332320928574
238	0.2	0.54160255	2.0	0.0	0.3	0.45825756	1.0	0.0	100.0	100.0	356999	24.111107	2.9710753	32.81827	-13.623358	-24.137468	0.072865546	7299.355576038361
239	0.33333334	0.47140455	1.0	0.0	0.2	0.4	1.0	0.0	100.0	100.0	358499	23.903784	2.9358177	31.945572	-13.060549	-23.929796	0.07451232	7328.9896738529205
240	0.46666667	0.80553645	3.0	0.0	0.3	0.45825756	1.0	0.0	100.0	100.0	359999	23.691917	2.8975346	32.66126	-14.036367	-23.716341	0.05917487	7358.456325054169
241	0.46666667	0.6182412	2.0	0.0	0.3	0.45825756	1.0	0.0	100.0	100.0	361499	23.458889	2.8872309	31.652166	-17.153522	-23.484636	0.08747845	7388.749897956848
242	0.4	1.0198039	4.0	0.0	0.1	0.29999998	1.0	0.0	100.0	100.0	362999	23.272638	2.8583395	31.574963	-14.79634	-23.295958	0.07105775	7419.1125700473785
243	0.53333336	1.0873005	4.0	0.0	0.1	0.29999998	1.0	0.0	100.0	100.0	364499	23.069048	2.8428066	30.936354	-10.503226	-23.09402	0.064266875	7450.376769065857
244	0.33333334	0.47140455	1.0	0.0	0.3	0.45825756	1.0	0.0	100.0	100.0	365999	22.883175	2.8212893	31.149923	-12.671599	-22.906958	0.07024408	7484.746169090271
245	0.33333334	0.59628475	2.0	0.0	0.3	0.64031243	2.0	0.0	100.0	100.0	367499	22.682013	2.7918158	30.49035	-15.607561	-22.703693	0.07629361	7520.1875030994415
246	0.1875	0.39031237	1.0	0.0	0.4	0.66332495	2.0	0.0	95.125	100.0	368999	22.476574	2.7819989	29.943258	-9.50449	-22.49849	0.07479867	7557.33776307106
247	0.2	0.4	1.0	0.0	0.0	0.0	0.0	0.0	100.0	100.0	370499	22.277895	2.7525795	30.421066	-13.9231205	-22.298714	0.062987424	7589.017779827118
248	0.13333334	0.4988876	2.0	0.0	0.2	0.4	1.0	0.0	100.0	100.0	371999	22.08139	2.7480383	29.973118	-10.564703	-22.104115	0.05979264	7618.634974002838
249	0.2	0.54160255	2.0	0.0	0.6	0.66332495	2.0	0.0	100.0	100.0	373499	21.88729	2.7150023	29.80936	-9.366606	-21.91009	0.072726816	7652.303152084351
250	0.26666668	0.44221663	1.0	0.0	0.2	0.4	1.0	0.0	100.0	100.0	374999	21.702862	2.694406	29.482477	-9.449865	-21.72556	0.05417039	7673.812775850296
251	0.06666667	0.2494438	1.0	0.0	0.4	0.66332495	2.0	0.0	100.0	100.0	376499	21.539612	2.6517682	28.83784	-9.768349	-21.56124	0.050654754	7694.556004047394
252	0.0	0.0	0.0	0.0	0.6	0.9165151	3.0	0.0	100.0	100.0	377999	21.349316	2.6338165	28.891724	-11.748703	-21.369328	0.056417257	7715.397286891937
253	0.4	0.61101013	2.0	0.0	0.2	0.4	1.0	0.0	100.0	100.0	379499	21.170427	2.6076648	28.791737	-11.0394745	-21.192799	0.058635693	7735.541394948959
254	0.13333334	0.33993465	1.0	0.0	0.1	0.29999998	1.0	0.0	100.0	92.0	380999	20.990616	2.5627906	28.488869	-9.813055	-21.010952	0.04376864	7754.467878103256
255	0.33333334	0.47140455	1.0	0.0	0.4	0.48989797	1.0	0.0	100.0	100.0	382499	20.79474	2.5663888	28.152443	-7.8459053	-20.815502	0.059743926	7773.712975978851
256	0.4	0.6110101	2.0	0.0	0.1	0.29999998	1.0	0.0	100.0	100.0	383999	20.628399	2.5464146	27.86222	-10.317823	-20.649658	0.058621958	7792.558568954468
257	0.5	0.7905694	2.0	0.0	0.3	0.45825756	1.0	0.0	93.875	100.0	385499	20.444326	2.5321536	27.760677	-10.117166	-20.46402	0.050827537	7811.438219070435
258	0.06666667	0.24944383	1.0	0.0	0.3	0.64031243	2.0	0.0	100.0	100.0	386999	20.28651	2.5265071	27.287205	-10.96836	-20.309437	0.06054062	7830.40731215477
259	0.11764706	0.32218975	1.0	0.0	0.1	0.29999998	1.0	0.0	90.17647	32.5	388499	20.11683	2.493466	27.386818	-7.840369	-20.1345	0.053011786	7846.354624986649
260	0.20689656	0.4827586	2.0	0.0	0.4	0.66332495	2.0	0.0	50.724136	100.0	389999	19.905954	2.451977	26.857954	-14.436908	-19.91883	0.05554731	7863.95029091835
261	0.33333334	0.47140455	1.0	0.0	0.3	0.45825756	1.0	0.0	100.0	100.0	391499	19.749115	2.4391444	27.077194	-9.107433	-19.769464	0.06649642	7883.587074995041
262	0.2	0.4	1.0	0.0	0.4	0.48989797	1.0	0.0	100.0	100.0	392999	19.595078	2.4261966	26.995228	-11.468595	-19.616665	0.060138453	7902.970631837845
263	0.13333334	0.33993465	1.0	0.0	0.0	0.0	0.0	0.0	100.0	100.0	394499	19.42938	2.3915806	27.598764	-7.9589596	-19.448414	0.055258173	7922.199553012848
264	0.26666668	0.57348835	2.0	0.0	0.3	0.45825756	1.0	0.0	100.0	100.0	395999	19.27752	2.4103909	28.190548	-10.018567	-19.29902	0.07747078	7940.878821134567
265	0.2	0.4	1.0	0.0	0.1	0.29999998	1.0	0.0	100.0	100.0	397499	19.116652	2.37088	26.98161	-8.919892	-19.13698	0.060823843	7959.647664070129
266	0.13333334	0.33993465	1.0	0.0	0.3	0.64031243	2.0	0.0	100.0	100.0	398999	18.976042	2.3617878	25.91719	-10.107745	-18.996521	0.06322465	7979.653835058212
267	0.33333334	0.47140455	1.0	0.0	0.0	0.0	0.0	0.0	100.0	100.0	400499	18.8278	2.3333974	25.624847	-7.144637	-18.845985	0.049102362	7999.166136026382
268	0.125	0.3307189	1.0	0.0	0.0	0.0	0.0	0.0	94.0625	100.0	401999	18.67661	2.320212	26.735874	-12.180601	-18.69456	0.05091112	8018.26069188118
269	0.13333334	0.33993465	1.0	0.0	0.4	0.48989797	1.0	0.0	100.0	100.0	403499	18.532717	2.3082407	25.918106	-16.524576	-18.549997	0.04090064	8037.348153114319
270	0.2	0.4	1.0	0.0	0.6	0.8	2.0	0.0	100.0	100.0	404999	18.404827	2.307267	25.198002	-7.657789	-18.422607	0.04609018	8056.047561883926
271	0.26666668	0.5734884	2.0	0.0	0.1	0.29999998	1.0	0.0	100.0	100.0	406499	18.26027	2.2811418	24.559895	-7.4536057	-18.279097	0.046749152	8075.230298995972
272	0.25	0.4330127	1.0	0.0	0.1	0.29999998	1.0	0.0	93.8125	100.0	407999	18.11331	2.2628167	24.49728	-9.8445835	-18.131784	0.06228063	8094.142720937729
273	0.6875	0.7680129	2.0	0.0	0.5	0.67082036	2.0	0.0	94.5625	100.0	409499	17.986399	2.250734	24.477486	-18.1357	-18.003506	0.054117367	8113.4942219257355
274	0.26666668	0.4422167	1.0	0.0	0.3	0.64031243	2.0	0.0	100.0	100.0	410999	17.846096	2.2416456	24.308762	-7.5608864	-17.864437	0.063540965	8132.360728979111
275	0.26666668	0.57348835	2.0	0.0	0.3	0.45825756	1.0	0.0	100.0	100.0	412499	17.717157	2.2332723	24.193157	-7.4393635	-17.735079	0.05754603	8152.516175985336
276	0.33333334	0.47140455	1.0	0.0	0.2	0.4	1.0	0.0	100.0	100.0	413999	17.584894	2.213073	23.717922	-7.7142973	-17.60362	0.050732493	8171.292282104492
277	0.2	0.4	1.0	0.0	0.2	0.4	1.0	0.0	100.0	100.0	415499	17.462547	2.18548	25.00737	-7.0525656	-17.480185	0.041136596	8190.38876414299
278	0.46666667	1.0241529	4.0	0.0	0.2	0.4	1.0	0.0	100.0	100.0	416999	17.335278	2.1621068	25.080658	-8.052515	-17.353872	0.046743825	8209.260781049728
279	0.375	0.59947896	2.0	0.0	0.3	0.45825756	1.0	0.0	94.25	100.0	418499	17.208673	2.138018	23.636322	-7.1941137	-17.225834	0.05491386	8228.080296993256
280	0.4	0.489898	1.0	0.0	0.1	0.29999998	1.0	0.0	100.0	100.0	419999	17.085928	2.128713	22.809977	-5.646656	-17.102018	0.04358417	8247.462812900543
281	0.33333334	0.47140455	1.0	0.0	0.1	0.29999998	1.0	0.0	100.0	100.0	421499	16.96007	2.110124	22.86039	-11.372012	-16.977644	0.04169396	8267.36141204834
282	0.06666667	0.24944381	1.0	0.0	0.0	0.0	0.0	0.0	100.0	100.0	422999	16.851494	2.0852034	22.993725	-7.4655294	-16.869244	0.038709115	8286.403861999512
283	0.26666668	0.44221663	1.0	0.0	0.1	0.29999998	1.0	0.0	100.0	100.0	424499	16.739626	2.0734832	23.677551	-6.1864767	-16.757309	0.049189158	8305.34848189354
284	0.2	0.4	1.0	0.0	0.4	0.489898	1.0	0.0	100.0	100.0	425999	16.601377	2.0545478	22.7765	-6.993452	-16.618336	0.03967385	8324.443778038025
285	0.06666667	0.24944381	1.0	0.0	0.2	0.59999996	2.0	0.0	100.0	100.0	427499	16.49634	2.04556	22.22032	-7.235471	-16.513601	0.037485447	8344.25177693367
286	0.0625	0.24206147	1.0	0.0	0.6	0.8	2.0	0.0	94.0	100.0	428999	16.36414	2.0380023	22.229353	-6.8736353	-16.379553	0.044451717	8363.338145017624
287	0.2	0.4	1.0	0.0	0.1	0.29999998	1.0	0.0	100.0	100.0	430499	16.255926	2.0142107	22.027187	-9.33056	-16.272005	0.041749477	8382.332358121872
288	0.4	0.6110101	2.0	0.0	0.3	0.45825756	1.0	0.0	100.0	100.0	431999	16.135603	2.0016167	22.16914	-4.717354	-16.150015	0.04342521	8401.632619857788
289	0.06666667	0.2494438	1.0	0.0	0.1	0.29999998	1.0	0.0	100.0	100.0	433499	16.020779	1.9938173	21.653189	-9.466342	-16.03613	0.038014784	8420.0394821167
290	0.13333334	0.33993465	1.0	0.0	0.0	0.0	0.0	0.0	100.0	91.8	434999	15.904892	1.9891378	21.545166	-8.134977	-15.920837	0.043339152	8438.642575979233
291	0.2	0.4	1.0	0.0	0.1	0.29999998	1.0	0.0	100.0	100.0	436499	15.7984	1.9754087	21.223125	-6.196434	-15.815227	0.04157118	8457.366681098938
292	0.25	0.559017	2.0	0.0	0.3	0.45825756	1.0	0.0	94.5	90.5	437999	15.692265	1.9458135	21.18632	-8.674035	-15.707064	0.040846076	8476.326136112213
293	0.2	0.7483315	3.0	0.0	0.1	0.29999998	1.0	0.0	100.0	100.0	439499	15.56917	1.9379641	21.12104	-8.046796	-15.583015	0.03758147	8495.345477104187
294	0.06666667	0.2494438	1.0	0.0	0.2	0.4	1.0	0.0	100.0	100.0	440999	15.476235	1.9371163	20.994581	-6.9092646	-15.491791	0.041644037	8514.459583997726
295	0.1875	0.39031237	1.0	0.0	0.2	0.4	1.0	0.0	94.8125	100.0	442499	15.356838	1.9165865	20.673798	-6.30641	-15.371639	0.039263275	8533.230152845383
296	0.13333334	0.33993465	1.0	0.0	0.0	0.0	0.0	0.0	100.0	100.0	443999	15.250974	1.9047736	20.822395	-7.7090864	-15.266188	0.03385401	8552.22700214386
297	0.33333334	0.47140455	1.0	0.0	0.4	0.66332495	2.0	0.0	100.0	100.0	445499	15.151158	1.8904613	20.532074	-5.6724186	-15.165721	0.03785249	8571.55810713768
298	0.2	0.54160255	2.0	0.0	0.2	0.59999996	2.0	0.0	100.0	100.0	446999	15.056073	1.8730077	20.277477	-5.95751	-15.070722	0.0269363	8590.912041902542
299	0.06666667	0.2494438	1.0	0.0	0.2	0.4	1.0	0.0	100.0	100.0	448499	14.956997	1.8665756	20.079151	-7.691412	-14.972313	0.03986439	8609.544054985046
300	0.53333336	0.49888766	1.0	0.0	0.1	0.29999998	1.0	0.0	100.0	100.0	449999	14.856995	1.8471701	20.03761	-8.120531	-14.870785	0.03420225	8628.418787002563
301	0.13333334	0.33993465	1.0	0.0	0.3	0.45825756	1.0	0.0	95.933334	100.0	451499	14.746107	1.8292459	19.75858	-8.05895	-14.760253	0.04105664	8646.818546772003
302	0.13333334	0.33993465	1.0	0.0	0.3	0.45825756	1.0	0.0	100.0	100.0	452999	14.635275	1.8154545	19.783592	-10.768529	-14.650426	0.03805303	8665.948785066605
303	0.2	0.4	1.0	0.0	0.3	0.64031243	2.0	0.0	100.0	90.6	454499	14.544683	1.7868093	19.560022	-6.4938955	-14.561017	0.039351813	8685.076046943665
304	0.26666668	0.5734884	2.0	0.0	0.5	0.8062258	2.0	0.0	100.0	100.0	455999	14.461015	1.7623618	19.499617	-8.686895	-14.476146	0.037017208	8703.512337207794
305	0.33333334	0.47140455	1.0	0.0	0.3	0.64031243	2.0	0.0	100.0	100.0	457499	14.3674965	1.7552619	19.332294	-9.983911	-14.380855	0.02752109	8722.56420302391
306	0.26666668	0.4422167	1.0	0.0	0.4	0.48989797	1.0	0.0	100.0	100.0	458999	14.251	1.7357877	19.264614	-5.334319	-14.262852	0.025023494	8741.438595056534
307	0.06666667	0.24944381	1.0	0.0	0.4	0.66332495	2.0	0.0	100.0	100.0	460499	14.150265	1.7306427	19.15871	-9.546441	-14.163714	0.02492553	8760.129227876663
308	0.13333334	0.33993465	1.0	0.0	0.0	0.0	0.0	0.0	100.0	90.6	461999	14.042867	1.7054956	18.914948	-6.2991924	-14.055863	0.02683342	8778.330465078354
309	0.26666668	0.4422167	1.0	0.0	0.1	0.29999998	1.0	0.0	100.0	100.0	463499	13.946375	1.6935611	18.91874	-13.569198	-13.959943	0.03543526	8797.401803970337
310	0.2	0.4	1.0	0.0	0.4	0.48989797	1.0	0.0	100.0	100.0	464999	13.838331	1.6835976	18.791344	-8.999229	-13.852388	0.026689118	8816.909111976624
311	0.6666667	0.7888107	2.0	0.0	0.1	0.29999998	1.0	0.0	100.0	100.0	466499	13.745235	1.6494497	18.452559	-8.433685	-13.759117	0.027603384	8835.875321149826
312	0.26666668	0.4422167	1.0	0.0	0.4	0.48989797	1.0	0.0	100.0	100.0	467999	13.640362	1.6400851	18.299429	-5.9176025	-13.6549425	0.029072402	8855.57217502594
313	0.26666668	0.44221663	1.0	0.0	0.1	0.29999998	1.0	0.0	100.0	100.0	469499	13.547445	1.6247895	18.188332	-5.9564066	-13.5606	0.03192826	8875.212253808975
314	0.0	0.0	0.0	0.0	0.3	0.45825756	1.0	0.0	100.0	84.1	470999	13.437709	1.6056302	17.895163	-7.7798634	-13.450174	0.024391372	8893.46727013588
315	0.06666667	0.2494438	1.0	0.0	0.5	0.8062258	2.0	0.0	100.0	100.0	472499	13.33326	1.5945309	17.85075	-5.048545	-13.345938	0.02811201	8912.873525857925
316	0.33333334	0.47140455	1.0	0.0	0.5	0.5	1.0	0.0	100.0	100.0	473999	13.236265	1.5777073	17.705097	-13.694199	-13.249555	0.03483897	8932.41753911972
317	0.0625	0.24206147	1.0	0.0	0.1	0.29999998	1.0	0.0	92.625	78.6	475499	13.131074	1.5552416	17.387493	-6.7893	-13.142885	0.026994262	8950.523305892944
318	0.13333334	0.33993465	1.0	0.0	0.4	0.663325	2.0	0.0	100.0	100.0	476999	13.017848	1.5436435	17.3493	-5.7305117	-13.029795	0.02550675	8970.426757097244
319	0.13333334	0.33993465	1.0	0.0	0.4	0.9165151	3.0	0.0	100.0	100.0	478499	12.921284	1.5285395	17.407574	-5.3074684	-12.933811	0.020741217	8989.687726020813
320	0.2	0.4	1.0	0.0	0.3	0.45825756	1.0	0.0	100.0	100.0	479999	12.825054	1.5122477	17.015745	-5.522338	-12.836964	0.02166224	9009.14890909195
321	0.26666668	0.57348835	2.0	0.0	0.1	0.29999998	1.0	0.0	100.0	100.0	481499	12.72735	1.4997151	17.007362	-9.412614	-12.738909	0.027797526	9028.58043384552
322	0.2	0.4	1.0	0.0	0.1	0.29999998	1.0	0.0	100.0	100.0	482999	12.62367	1.4797395	16.977837	-4.5670853	-12.636174	0.025084542	9048.202671051025
323	0.2	0.4	1.0	0.0	0.4	0.48989797	1.0	0.0	100.0	100.0	484499	12.522945	1.4596053	16.61408	-8.404592	-12.53394	0.019666169	9067.336070775986
324	0.26666668	0.4422167	1.0	0.0	0.2	0.4	1.0	0.0	100.0	100.0	485999	12.419852	1.4445066	16.514069	-4.942191	-12.432008	0.024480822	9088.446748018265
325	0.2	0.54160255	2.0	0.0	0.4	0.66332495	2.0	0.0	100.0	100.0	487499	12.314576	1.4170684	16.178425	-4.937064	-12.325742	0.02004785	9107.450700044632
326	0.26666668	0.5734884	2.0	0.0	0.2	0.4	1.0	0.0	100.0	100.0	488999	12.2213	1.4005386	16.192837	-5.334485	-12.231664	0.02192848	9126.440817832947
327	0.46666667	0.8844334	3.0	0.0	0.3	0.45825756	1.0	0.0	100.0	100.0	490499	12.111437	1.381051	15.972961	-5.3183784	-12.121742	0.02307031	9145.543730974197
328	0.2	0.4	1.0	0.0	0.1	0.29999998	1.0	0.0	100.0	100.0	491999	12.002145	1.366563	15.920948	-6.9928284	-12.01325	0.02168862	9165.283453941345
329	0.4	0.48989797	1.0	0.0	0.3	0.45825756	1.0	0.0	100.0	100.0	493499	11.903354	1.3474483	15.457759	-4.9322405	-11.914426	0.02141074	9184.694406747818
330	0.46666667	0.7180219	2.0	0.0	0.2	0.4	1.0	0.0	100.0	100.0	494999	11.804581	1.3314861	15.648793	-5.7080874	-11.816759	0.027135536	9205.05700802803
331	0.33333334	0.47140455	1.0	0.0	0.0	0.0	0.0	0.0	100.0	100.0	496499	11.710212	1.300385	15.354034	-3.6890068	-11.720134	0.015399849	9224.895544052124
332	0.46666667	0.8844334	3.0	0.0	0.5	0.67082036	2.0	0.0	100.0	100.0	497999	11.597094	1.2867515	15.100505	-8.66076	-11.60759	0.016859438	9243.941837072372
333	0.33333334	0.59628475	2.0	0.0	0.2	0.4	1.0	0.0	100.0	100.0	499499	11.4907	1.2732872	15.153334	-3.0217905	-11.5001135	0.023254298	9262.965344905853
334	0.2	0.4	1.0	0.0	0.1	0.29999998	1.0	0.0	100.0	100.0	500999	11.386425	1.2604915	15.074211	-5.209321	-11.397001	0.015708644	9282.470707893372
335	0.2	0.4	1.0	0.0	0.1	0.29999998	1.0	0.0	100.0	100.0	502499	11.282549	1.2419997	14.684023	-3.678711	-11.293133	0.020970896	9301.99039888382
336	0.26666668	0.4422167	1.0	0.0	0.2	0.4	1.0	0.0	100.0	100.0	503999	11.167528	1.2220349	14.606192	-8.015533	-11.176367	0.019282106	9321.551496982574
337	0.26666668	0.57348835	2.0	0.0	0.4	0.48989797	1.0	0.0	100.0	100.0	505499	11.071376	1.219758	14.602829	-5.8305645	-11.080091	0.017410716	9340.637968063354
338	0.26666668	0.4422167	1.0	0.0	0.2	0.4	1.0	0.0	100.0	90.9	506999	10.9661665	1.2134044	14.362726	-8.736663	-10.975781	0.017418606	9359.39853477478
339	0.33333334	0.6992059	2.0	0.0	0.2	0.4	1.0	0.0	100.0	100.0	508499	10.862081	1.1966294	14.31669	-10.236412	-10.871597	0.021292457	9378.324182987213
340	0.29411766	0.57031524	2.0	0.0	0.3	0.45825756	1.0	0.0	90.117645	100.0	509999	10.761943	1.1796314	13.994784	-2.87672	-10.7703	0.014476679	9397.137783050537
341	0.13333334	0.33993465	1.0	0.0	0.5	0.5	1.0	0.0	100.0	100.0	511499	10.661275	1.1716359	14.021698	-11.042311	-10.66957	0.018030906	9415.538029909134
342	0.25	0.4330127	1.0	0.0	0.0	0.0	0.0	0.0	94.5	100.0	512999	10.555092	1.1621513	13.954422	-8.77511	-10.563512	0.020072617	9434.475145816803
343	0.4375	0.60917467	2.0	0.0	0.1	0.29999998	1.0	0.0	94.1875	90.4	514499	10.45341	1.1464441	13.812279	-5.033534	-10.461041	0.015624558	9453.297214984894
344	0.13333334	0.33993465	1.0	0.0	0.4	0.48989797	1.0	0.0	100.0	100.0	515999	10.35516	1.1339648	13.592791	-3.5155964	-10.363045	0.015517636	9472.285444021225
345	0.13333334	0.33993465	1.0	0.0	0.2	0.4	1.0	0.0	100.0	100.0	517499	10.251219	1.1359843	13.543277	-3.8885984	-10.259744	0.020724906	9491.827023029327
346	0.33333334	0.47140455	1.0	0.0	0.2	0.59999996	2.0	0.0	100.0	100.0	518999	10.164413	1.1201646	13.230089	-3.6373043	-10.172538	0.014417234	9511.191419839859
347	0.375	0.48412293	1.0	0.0	0.3	0.64031243	2.0	0.0	94.125	100.0	520499	10.068407	1.112922	13.134108	-7.435931	-10.076693	0.017080722	9530.26827096939
348	0.0625	0.24206147	1.0	0.0	0.0	0.0	0.0	0.0	94.0	100.0	521999	9.972058	1.0999974	13.033279	-6.3636684	-9.979358	0.015758429	9549.643074035645
349	0.26666668	0.5734884	2.0	0.0	0.3	0.64031243	2.0	0.0	100.0	100.0	523499	9.880608	1.0904361	13.069758	-6.1262126	-9.88785	0.014500071	9569.136061906815
350	0.2	0.54160255	2.0	0.0	0.2	0.4	1.0	0.0	100.0	81.5	524999	9.779391	1.0820817	12.882247	-4.7443986	-9.786433	0.014150404	9587.487040042877
351	0.375	0.48412293	1.0	0.0	0.3	0.45825756	1.0	0.0	94.125	100.0	526499	9.688276	1.0718331	12.69689	-4.1511154	-9.696206	0.015301634	9606.430372953415
352	0.33333334	0.59628475	2.0	0.0	0.2	0.4	1.0	0.0	100.0	100.0	527999	9.597567	1.0642554	12.643148	-4.4179735	-9.604514	0.014546659	9625.50623202324
353	0.26666668	0.4422167	1.0	0.0	0.2	0.4	1.0	0.0	100.0	100.0	529499	9.510941	1.0547222	12.423942	-4.9148946	-9.518615	0.013355965	9644.88884305954
354	0.33333334	0.47140455	1.0	0.0	0.2	0.4	1.0	0.0	100.0	100.0	530999	9.429394	1.0423789	12.447079	-6.436068	-9.436941	0.014236157	9663.702625989914
355	0.26666668	0.44221663	1.0	0.0	0.4	0.489898	1.0	0.0	100.0	90.1	532499	9.34032	1.0371886	12.230399	-5.0238495	-9.347742	0.013918378	9682.97392988205
356	0.33333334	0.47140455	1.0	0.0	0.1	0.29999998	1.0	0.0	100.0	90.6	533999	9.254766	1.0216607	12.253933	-5.4951773	-9.26195	0.013019717	9702.064814090729
357	0.06666667	0.24944383	1.0	0.0	0.2	0.4	1.0	0.0	100.0	100.0	535499	9.166957	1.0192918	12.039831	-6.7292624	-9.17402	0.017219221	9721.603175878525
358	0.13333334	0.33993465	1.0	0.0	0.4	0.66332495	2.0	0.0	100.0	100.0	536999	9.084118	1.007737	11.864065	-4.1342807	-9.090321	0.014728211	9740.839156866074
359	0.06666667	0.2494438	1.0	0.0	0.5	0.67082036	2.0	0.0	100.0	100.0	538499	9.005104	1.004125	11.835225	-4.5894217	-9.012569	0.016817745	9759.739279031754
360	0.26666668	0.44221663	1.0	0.0	0.3	0.64031243	2.0	0.0	100.0	100.0	539999	8.927356	0.98527503	11.78385	-3.3949256	-8.933989	0.016176566	9778.7400329113
361	0.2	0.4	1.0	0.0	0.5	0.92195445	3.0	0.0	100.0	100.0	541499	8.842826	0.98156446	11.6101055	-5.428296	-8.850207	0.012668969	9798.219532966614
362	0.06666667	0.2494438	1.0	0.0	0.4	0.66332495	2.0	0.0	100.0	100.0	542999	8.773618	0.97114307	11.580029	-5.285544	-8.780305	0.0129119605	9817.438859939575
363	0.13333334	0.33993465	1.0	0.0	0.5	0.67082036	2.0	0.0	100.0	100.0	544499	8.6953535	0.9604104	11.472277	-5.3955503	-8.702561	0.011067797	9836.568844079971
364	0.2	0.4	1.0	0.0	0.4	0.66332495	2.0	0.0	100.0	100.0	545999	8.623592	0.94564134	11.29517	-5.5255466	-8.62967	0.012439606	9855.618088960648
365	0.26666668	0.4422167	1.0	0.0	0.4	0.489898	1.0	0.0	100.0	100.0	547499	8.550509	0.9436612	11.281849	-4.3716917	-8.557468	0.014594654	9874.601176023483
366	0.2	0.4	1.0	0.0	0.1	0.29999998	1.0	0.0	100.0	100.0	548999	8.471889	0.9366647	11.204181	-3.4211278	-8.479287	0.011199127	9893.848731994629
367	0.13333334	0.33993465	1.0	0.0	0.2	0.4	1.0	0.0	100.0	100.0	550499	8.39613	0.9218273	11.023994	-5.238843	-8.402133	0.011248042	9912.821604967117
368	0.2	0.54160255	2.0	0.0	0.2	0.4	1.0	0.0	100.0	100.0	551999	8.3274	0.9165382	10.860702	-5.242524	-8.333821	0.012412486	9932.416628837585
369	0.2	0.4	1.0	0.0	0.5	0.67082036	2.0	0.0	94.4	100.0	553499	8.246252	0.90814096	10.853492	-5.067555	-8.251566	0.011397497	9951.23325419426
370	0.13333334	0.33993465	1.0	0.0	0.3	0.45825756	1.0	0.0	100.0	100.0	554999	8.173117	0.90102905	10.723903	-3.7520533	-8.178112	0.012940548	9970.364256858826
371	0.33333334	0.47140455	1.0	0.0	0.1	0.29999998	1.0	0.0	100.0	100.0	556499	8.097956	0.9013361	10.586191	-8.376582	-8.103832	0.010314043	9989.643414974213
372	0.4	0.6110101	2.0	0.0	0.2	0.4	1.0	0.0	100.0	100.0	557999	8.026408	0.8871829	10.61356	-4.992325	-8.031683	0.011987106	10009.772525072098
373	0.4	0.489898	1.0	0.0	0.5	0.5	1.0	0.0	100.0	100.0	559499	7.952144	0.88719	10.483058	-10.537784	-7.958362	0.013743595	10028.828386068344
374	0.33333334	0.47140455	1.0	0.0	0.5	0.5	1.0	0.0	100.0	100.0	560999	7.8862257	0.87664926	10.38303	-3.9015198	-7.892116	0.011683467	10047.95976281166
375	0.46666667	0.4988876	1.0	0.0	0.3	0.45825756	1.0	0.0	100.0	100.0	562499	7.81925	0.8657489	10.269424	-5.0990796	-7.82472	0.010201171	10067.008553981781
376	0.2	0.4	1.0	0.0	0.1	0.29999998	1.0	0.0	100.0	100.0	563999	7.7583165	0.8561993	10.156351	-3.5418468	-7.7640977	0.011799987	10086.059851884842
377	0.2	0.54160255	2.0	0.0	0.2	0.4	1.0	0.0	100.0	100.0	565499	7.6926217	0.8558048	10.029629	-6.775643	-7.698477	0.012383374	10105.149302005768
378	0.2	0.4	1.0	0.0	0.2	0.4	1.0	0.0	100.0	100.0	566999	7.626119	0.8492577	10.050821	-5.45938	-7.631864	0.014275307	10124.258928060532
379	0.26666668	0.5734884	2.0	0.0	0.1	0.29999998	1.0	0.0	100.0	90.5	568499	7.565445	0.8379234	9.910144	-5.910885	-7.571047	0.012206183	10142.96442103386
380	0.375	0.48412293	1.0	0.0	0.1	0.29999998	1.0	0.0	94.0625	100.0	569999	7.506379	0.8295838	9.747395	-4.8154516	-7.5114455	0.01225523	10162.183394908905
381	0.13333334	0.4988876	2.0	0.0	0.1	0.29999998	1.0	0.0	100.0	100.0	571499	7.4382615	0.8209029	9.742468	-3.6817665	-7.4433646	0.010424557	10181.559459924698
382	0.0	0.0	0.0	0.0	0.2	0.4	1.0	0.0	94.3125	100.0	572999	7.374398	0.8113151	9.688066	-4.024216	-7.3800664	0.010804826	10200.866354942322
383	0.13333334	0.33993465	1.0	0.0	0.1	0.29999998	1.0	0.0	100.0	100.0	574499	7.3152127	0.8061646	9.66218	-2.709447	-7.3206043	0.008826796	10220.501944065094
384	0.26666668	0.5734884	2.0	0.0	0.4	0.489898	1.0	0.0	100.0	92.0	575999	7.255639	0.8054208	9.592192	-5.690023	-7.260684	0.009913921	10238.814059972763
385	0.26666668	0.57348835	2.0	0.0	0.3	0.64031243	2.0	0.0	100.0	100.0	577499	7.198214	0.7940598	9.377844	-3.2193756	-7.203594	0.009298958	10257.88438487053
386	0.33333334	0.47140455	1.0	0.0	0.3	0.45825756	1.0	0.0	100.0	100.0	578999	7.138213	0.7884244	9.357917	-3.5271482	-7.143736	0.009925476	10277.16818189621
387	0.2	0.54160255	2.0	0.0	0.2	0.4	1.0	0.0	100.0	100.0	580499	7.0790644	0.7770155	9.332926	-4.069998	-7.0839677	0.00898837	10296.620454072952
388	0.33333334	0.6992059	2.0	0.0	0.5	0.67082036	2.0	0.0	100.0	100.0	581999	7.018504	0.777512	9.22268	-1.9282141	-7.0232058	0.007669265	10316.146802902222
389	0.375	0.48412293	1.0	0.0	0.2	0.4	1.0	0.0	94.1875	100.0	583499	6.9641666	0.77188057	9.105819	-4.564617	-6.969784	0.009273156	10335.349404096603
390	0.26666668	0.4422167	1.0	0.0	0.1	0.29999998	1.0	0.0	100.0	100.0	584999	6.9023886	0.76510847	9.14722	-3.997994	-6.9074106	0.008373624	10354.719935894012
391	0.4	0.6110101	2.0	0.0	0.3	0.45825756	1.0	0.0	100.0	91.3	586499	6.8522983	0.7596945	9.013952	-2.9225545	-6.8569803	0.0096847955	10373.143151044846
392	0.4	0.6110101	2.0	0.0	0.3	0.45825756	1.0	0.0	100.0	100.0	587999	6.801356	0.7551202	9.157883	-3.4790773	-6.806364	0.009842321	10392.218929052353
393	0.5625	0.7043392	2.0	0.0	0.5	0.67082036	2.0	0.0	94.25	100.0	589499	6.7366977	0.7467848	8.82604	-6.2555766	-6.74115	0.009885524	10411.658187866211
394	0.13333334	0.33993465	1.0	0.0	0.1	0.29999998	1.0	0.0	100.0	100.0	590999	6.680968	0.7423325	8.788923	-6.1871505	-6.685082	0.007485261	10430.771245002747
395	0.33333334	0.47140455	1.0	0.0	0.2	0.4	1.0	0.0	100.0	100.0	592499	6.6254845	0.7356698	8.762826	-5.9034824	-6.630219	0.0070267664	10449.817692041397
396	0.06666667	0.24944383	1.0	0.0	0.2	0.4	1.0	0.0	100.0	100.0	593999	6.5699167	0.73169035	8.679567	-3.38304	-6.5743895	0.008325618	10469.270040035248
397	0.26666668	0.4422167	1.0	0.0	0.5	0.67082036	2.0	0.0	100.0	100.0	595499	6.518282	0.7231064	10.941685	-3.1953268	-6.5234084	0.008495156	10488.450510025024
398	0.2	0.4	1.0	0.0	0.4	0.66332495	2.0	0.0	100.0	100.0	596999	6.4651437	0.71869445	8.527857	-2.4592662	-6.4699755	0.008170265	10507.803965806961
399	0.2	0.4	1.0	0.0	0.2	0.4	1.0	0.0	100.0	100.0	598499	6.408862	0.71680313	8.432917	-6.667944	-6.4129863	0.009123084	10528.123249053955
400	0.6	0.7118052	2.0	0.0	0.1	0.29999998	1.0	0.0	100.0	100.0	599999	6.366627	0.708235	8.334795	-4.156563	-6.3715305	0.007896036	10546.837681770325
401	0.3125	0.5829612	2.0	0.0	0.3	0.45825756	1.0	0.0	94.125	100.0	601499	6.312419	0.7009183	8.250473	-3.8379073	-6.317158	0.007282031	10565.724600076675
402	0.125	0.3307189	1.0	0.0	0.2	0.4	1.0	0.0	94.25	100.0	602999	6.263996	0.69068456	8.298309	-3.5151196	-6.2681923	0.006926904	10584.809639930725
403	0.25	0.4330127	1.0	0.0	0.2	0.4	1.0	0.0	94.3125	100.0	604499	6.2127466	0.6883767	8.234575	-3.6444292	-6.217118	0.0077747344	10603.832389116287
404	0.26666668	0.5734884	2.0	0.0	0.2	0.4	1.0	0.0	100.0	100.0	605999	6.1641006	0.68508387	8.163533	-3.9257183	-6.1682878	0.0074355286	10622.372496128082
405	0.2	0.4	1.0	0.0	0.6	0.66332495	2.0	0.0	100.0	100.0	607499	6.1119194	0.6798396	8.038975	-5.6346755	-6.11597	0.007159059	10642.359110116959
406	0.2	0.4	1.0	0.0	0.3	0.64031243	2.0	0.0	100.0	100.0	608999	6.064268	0.6753035	8.027146	-3.8667045	-6.068741	0.007581298	10661.40146613121
407	0.06666667	0.24944383	1.0	0.0	0.1	0.29999998	1.0	0.0	100.0	100.0	610499	6.018536	0.6681297	7.927578	-5.130223	-6.022655	0.007657967	10680.200208187103
408	0.26666668	0.4422167	1.0	0.0	0.3	0.45825756	1.0	0.0	100.0	100.0	611999	5.972832	0.6671793	7.867195	-2.7064562	-5.976755	0.008419238	10699.274683952332
409	0.2	0.54160255	2.0	0.0	0.0	0.0	0.0	0.0	100.0	100.0	613499	5.9272075	0.6630643	7.736477	-3.4550047	-5.931432	0.006559943	10718.224145889282
410	0.33333334	0.5962848	2.0	0.0	0.2	0.4	1.0	0.0	100.0	100.0	614999	5.881571	0.6566873	7.8611026	-4.8478417	-5.8861337	0.007181718	10737.297158956528
411	0.33333334	0.5962848	2.0	0.0	0.0	0.0	0.0	0.0	100.0	100.0	616499	5.841328	0.6583854	7.748821	-3.2697258	-5.8456726	0.007381359	10756.16605591774
412	0.2	0.4	1.0	0.0	0.3	0.45825756	1.0	0.0	100.0	100.0	617999	5.799814	0.65036374	7.57498	-3.4816027	-5.8037605	0.0058113327	10775.222738981247
413	0.46666667	0.6182412	2.0	0.0	0.0	0.0	0.0	0.0	100.0	100.0	619499	5.7596583	0.6475977	7.600959	-5.0096564	-5.764137	0.0070655276	10794.2349858284
414	0.4	0.71180516	2.0	0.0	0.2	0.4	1.0	0.0	100.0	100.0	620999	5.7204976	0.6430788	7.53813	-2.6157393	-5.724452	0.008124285	10813.451046943665
415	0.33333334	0.47140455	1.0	0.0	0.2	0.4	1.0	0.0	100.0	100.0	622499	5.6830916	0.64086616	7.5440555	-4.835657	-5.6875234	0.007100799	10832.357330799103
416	0.2	0.4	1.0	0.0	0.1	0.29999998	1.0	0.0	100.0	100.0	623999	5.6393685	0.6318859	7.3886976	-4.7690735	-5.6434426	0.00678918	10851.001528024673
417	0.33333334	0.47140455	1.0	0.0	0.3	0.45825756	1.0	0.0	100.0	91.8	625499	5.6023674	0.6282817	7.466483	-4.0017805	-5.6062636	0.0068820794	10869.469801902771
418	0.13333334	0.33993465	1.0	0.0	0.2	0.4	1.0	0.0	100.0	100.0	626999	5.562356	0.6227031	7.392497	-2.6519747	-5.565995	0.0066722827	10888.881894111633
419	0.06666667	0.24944381	1.0	0.0	0.1	0.29999998	1.0	0.0	100.0	100.0	628499	5.523806	0.62017894	7.262553	-3.9851599	-5.5278244	0.006220042	10908.592955112457
420	0.26666668	0.4422167	1.0	0.0	0.1	0.29999998	1.0	0.0	100.0	100.0	629999	5.4881077	0.61801136	7.1689043	-4.3150864	-5.4920025	0.0065493896	10927.443126916885
421	0.13333334	0.33993465	1.0	0.0	0.4	0.66332495	2.0	0.0	100.0	100.0	631499	5.4494057	0.6163256	7.189969	-4.6145144	-5.453237	0.0062854863	10947.507437944412
422	0.53333336	0.6182412	2.0	0.0	0.0	0.0	0.0	0.0	100.0	86.0	632999	5.413104	0.606877	7.157385	-2.9794507	-5.4168983	0.0060552615	10966.618444919586
423	0.33333334	0.47140455	1.0	0.0	0.2	0.4	1.0	0.0	100.0	100.0	634499	5.3731894	0.6044029	7.138297	-3.4369402	-5.376981	0.007973696	10986.156981945038
424	0.33333334	0.7888106	3.0	0.0	0.1	0.29999998	1.0	0.0	100.0	100.0	635999	5.3398776	0.59661555	7.062558	-3.4670563	-5.34369	0.0057879454	11005.496938943863
425	0.26666668	0.44221663	1.0	0.0	0.2	0.4	1.0	0.0	100.0	100.0	637499	5.306013	0.5953606	7.0025816	-7.6617594	-5.3099885	0.0067853318	11024.463550806046
426	0.13333334	0.33993465	1.0	0.0	0.1	0.29999998	1.0	0.0	100.0	100.0	638999	5.2702255	0.5909551	7.0100555	-4.081441	-5.2737956	0.0057801376	11043.80663394928
427	0.2	0.4	1.0	0.0	0.5	0.5	1.0	0.0	100.0	100.0	640499	5.231824	0.58847857	6.902508	-4.2958927	-5.2352095	0.0058917445	11063.133662939072
428	0.0625	0.24206147	1.0	0.0	0.3	0.45825756	1.0	0.0	94.1875	100.0	641999	5.196347	0.58286566	6.851558	-4.34196	-5.200021	0.005159012	11082.399452209473
429	0.13333334	0.33993465	1.0	0.0	0.0	0.0	0.0	0.0	100.0	100.0	643499	5.1629477	0.5729954	6.8066463	-3.7041435	-5.1666336	0.0059753363	11101.350161075592
430	0.2	0.4	1.0	0.0	0.2	0.4	1.0	0.0	100.0	100.0	644999	5.12922	0.57042825	6.7667465	-4.485582	-5.1329374	0.008130641	11120.182182073593
431	0.13333334	0.33993465	1.0	0.0	0.2	0.4	1.0	0.0	100.0	81.5	646499	5.093585	0.56609255	6.67368	-3.0510378	-5.0972586	0.005893913	11138.834306001663
432	0.33333334	0.59628475	2.0	0.0	0.0	0.0	0.0	0.0	100.0	100.0	647999	5.0585985	0.5614283	6.589616	-4.685647	-5.062172	0.005357753	11157.68296790123
433	0.2	0.4	1.0	0.0	0.3	0.45825756	1.0	0.0	100.0	100.0	649499	5.025771	0.55642796	6.683103	-4.392783	-5.0293365	0.006154233	11176.858396053314
434	0.26666668	0.4422167	1.0	0.0	0.3	0.45825756	1.0	0.0	100.0	100.0	650999	4.990982	0.5554805	6.622737	-3.7429094	-4.9941297	0.005580128	11195.788593053818
435	0.33333334	0.47140455	1.0	0.0	0.0	0.0	0.0	0.0	100.0	100.0	652499	4.9565673	0.55833495	6.5322742	-4.1177425	-4.960079	0.0064849667	11215.008199930191
436	0.2	0.4	1.0	0.0	0.2	0.4	1.0	0.0	100.0	100.0	653999	4.922158	0.5535739	6.5321627	-3.0844867	-4.9250975	0.006373186	11234.015231847763
437	0.33333334	0.59628475	2.0	0.0	0.3	0.45825756	1.0	0.0	100.0	100.0	655499	4.888302	0.55231255	6.5781655	-3.6864812	-4.8917036	0.0057488023	11252.737043857574
438	0.26666668	0.4422167	1.0	0.0	0.3	0.45825756	1.0	0.0	100.0	100.0	656999	4.8587666	0.54729456	6.450024	-2.217845	-4.862112	0.005579887	11271.666545152664
439	0.4	0.48989797	1.0	0.0	0.0	0.0	0.0	0.0	100.0	100.0	658499	4.829429	0.5442462	6.45872	-3.057376	-4.83259	0.0067012957	11290.900391817093
440	0.0	0.0	0.0	0.0	0.1	0.29999998	1.0	0.0	100.0	100.0	659999	4.7914734	0.54568094	6.4296007	-4.056489	-4.7947283	0.0061396025	11310.110527038574
441	0.33333334	0.47140455	1.0	0.0	0.5	0.67082036	2.0	0.0	100.0	100.0	661499	4.765679	0.5424503	6.326989	-1.759587	-4.7690372	0.0049832277	11328.934277057648
442	0.0	0.0	0.0	0.0	0.5	0.67082036	2.0	0.0	100.0	100.0	662999	4.7374682	0.5388245	6.274103	-3.3167949	-4.740849	0.0051770373	11347.98932504654
443	0.4	0.7118052	2.0	0.0	0.3	0.90000004	3.0	0.0	100.0	100.0	664499	4.71074	0.53718233	6.238259	-2.138446	-4.7141027	0.006459664	11367.798587799072
444	0.1875	0.39031237	1.0	0.0	0.7	0.78102493	2.0	0.0	93.8125	100.0	665999	4.687428	0.53308773	6.2801113	-2.0081217	-4.6899943	0.0076551843	11386.592663049698
445	0.1875	0.52663434	2.0	0.0	0.4	0.48989797	1.0	0.0	94.1875	100.0	667499	4.6587267	0.53454584	6.236668	-3.2660732	-4.661913	0.007681115	11405.537358045578
446	0.46666667	0.8844332	3.0	0.0	0.4	0.66332495	2.0	0.0	100.0	100.0	668999	4.6319547	0.5345573	6.6100264	-3.8709605	-4.6347837	0.0072300206	11425.091964960098
447	0.47058824	0.77593565	3.0	0.0	0.1	0.29999998	1.0	0.0	88.47059	77.2	670499	4.6073885	0.53695804	6.3646507	-4.2333612	-4.6098456	0.008004793	11443.289254903793
448	0.13333334	0.33993465	1.0	0.0	0.2	0.4	1.0	0.0	100.0	100.0	671999	4.580714	0.5493378	6.476231	-5.1852493	-4.5831647	0.011909569	11462.656049966812
449	0.3125	0.5829612	2.0	0.0	0.2	0.4	1.0	0.0	95.4375	100.0	673499	4.5620503	0.5408727	6.107465	-4.4792914	-4.5655155	0.0067870854	11481.660754919052
450	0.06666667	0.2494438	1.0	0.0	0.2	0.4	1.0	0.0	100.0	94.6	674999	4.537684	0.53954947	6.0621605	-2.0324838	-4.5406785	0.006421469	11501.035248994827
451	0.26666668	0.4422167	1.0	0.0	0.5	0.5	1.0	0.0	100.0	100.0	676499	4.5197334	0.5315871	6.0685225	-2.6574142	-4.5233717	0.00582785	11520.060805082321
452	0.26666668	0.44221663	1.0	0.0	0.0	0.0	0.0	0.0	100.0	100.0	677999	4.499787	0.5248217	6.0499387	-1.5445623	-4.503057	0.005971682	11539.218849897385
453	0.26666668	0.4422167	1.0	0.0	0.2	0.4	1.0	0.0	100.0	100.0	679499	4.479369	0.524791	6.061842	-2.9896166	-4.48298	0.0053969445	11558.291897058487
454	0.26666668	0.44221663	1.0	0.0	0.3	0.45825756	1.0	0.0	100.0	100.0	680999	4.458511	0.5239861	5.9949436	-4.0681696	-4.4620123	0.006220763	11577.205510854721
455	0.33333334	0.5962848	2.0	0.0	0.1	0.29999998	1.0	0.0	100.0	100.0	682499	4.43952	0.5172678	6.1298943	-2.0544982	-4.4431577	0.005215738	11595.864392995834
456	0.33333334	0.47140455	1.0	0.0	0.2	0.4	1.0	0.0	100.0	100.0	683999	4.420362	0.5136797	6.3697605	-2.5918317	-4.424136	0.005308531	11615.185684919357
457	0.26666668	0.4422167	1.0	0.0	0.1	0.29999998	1.0	0.0	100.0	100.0	685499	4.402672	0.5114993	6.295807	-1.4848645	-4.4056635	0.005388763	11634.323860883713
458	0.13333334	0.33993465	1.0	0.0	0.4	0.66332495	2.0	0.0	100.0	100.0	686999	4.382721	0.5082756	6.0662785	-3.7589278	-4.3860273	0.004920827	11653.189006090164
459	0.23529412	0.54550695	2.0	0.0	0.1	0.29999998	1.0	0.0	87.35294	100.0	688499	4.3609977	0.5058647	6.225191	-3.4200087	-4.363732	0.005030858	11672.004481077194
460	0.33333334	0.5962848	2.0	0.0	0.4	0.66332495	2.0	0.0	100.0	90.7	689999	4.3394127	0.50795096	6.0254226	-1.7857256	-4.342642	0.0050310474	11690.655590772629
461	0.4	0.6110101	2.0	0.0	0.0	0.0	0.0	0.0	100.0	100.0	691499	4.322182	0.5026561	6.1524363	-2.09123	-4.325492	0.004863599	11709.826190948486
462	0.4	0.6110101	2.0	0.0	0.3	0.64031243	2.0	0.0	100.0	100.0	692999	4.306222	0.49993613	6.024226	-4.4088984	-4.309415	0.00613665	11729.251049995422
463	0.0	0.0	0.0	0.0	0.2	0.4	1.0	0.0	100.0	100.0	694499	4.2856646	0.4933012	6.0703483	-2.5806713	-4.288702	0.004484098	11748.123102903366
464	0.26666668	0.4422167	1.0	0.0	0.4	0.663325	2.0	0.0	100.0	100.0	695999	4.2651534	0.49118915	6.102025	-2.9454587	-4.2684307	0.005128355	11767.132489919662
465	0.06666667	0.24944381	1.0	0.0	0.4	0.48989797	1.0	0.0	100.0	100.0	697499	4.244942	0.48557818	5.887749	-2.7986853	-4.247876	0.0048882947	11786.036174058914
466	0.26666668	0.44221663	1.0	0.0	0.4	0.48989797	1.0	0.0	100.0	100.0	698999	4.2228703	0.48684758	5.888689	-3.1094677	-4.2253804	0.0070615127	11804.92413687706
467	0.33333334	0.5962848	2.0	0.0	0.2	0.4	1.0	0.0	100.0	100.0	700499	4.2018166	0.4810081	5.7841854	-2.372151	-4.2050347	0.005235613	11824.022246837616
468	0.13333334	0.33993465	1.0	0.0	0.2	0.4	1.0	0.0	100.0	100.0	701999	4.1854143	0.47851887	5.9230156	-2.042207	-4.1882625	0.004885739	11843.300145149231
469	0.33333334	0.47140455	1.0	0.0	0.1	0.29999998	1.0	0.0	100.0	100.0	703499	4.164314	0.47905317	5.7821474	-2.8151004	-4.167676	0.006104597	11863.155339956284
470	0.2	0.4	1.0	0.0	0.3	0.45825756	1.0	0.0	100.0	100.0	704999	4.145167	0.47467402	5.7369576	-1.9473684	-4.14807	0.0061015612	11883.602523088455
471	0.4	0.6110101	2.0	0.0	0.1	0.29999998	1.0	0.0	100.0	100.0	706499	4.1246424	0.47306404	5.7105775	-2.0010905	-4.127393	0.005392489	11903.525825023651
472	0.06666667	0.24944381	1.0	0.0	0.3	0.45825756	1.0	0.0	100.0	100.0	707999	4.103935	0.46983922	5.522108	-5.2384033	-4.106843	0.0051116026	11923.003659009933
473	0.53333336	0.6182412	2.0	0.0	0.2	0.4	1.0	0.0	100.0	90.2	709499	4.084057	0.4705589	5.601941	-3.169555	-4.0868587	0.006560098	11941.907150030136
474	0.33333334	0.59628475	2.0	0.0	0.1	0.29999998	1.0	0.0	100.0	100.0	710999	4.068295	0.46490577	5.704785	-2.450906	-4.071386	0.005232615	11961.057906866074
475	0.0625	0.24206147	1.0	0.0	0.2	0.4	1.0	0.0	94.5	100.0	712499	4.0489163	0.46008417	5.3762774	-2.3287473	-4.0520854	0.0052325837	11980.368500947952
476	0.375	0.59947896	2.0	0.0	0.2	0.4	1.0	0.0	93.875	100.0	713999	4.0319405	0.45727655	5.628578	-3.1086595	-4.034482	0.005372025	11999.310355901718
477	0.2	0.54160255	2.0	0.0	0.3	0.45825756	1.0	0.0	100.0	100.0	715499	4.0097065	0.45756117	5.6367607	-2.7213435	-4.012662	0.0060513876	12018.018653869629
478	0.33333334	0.5962848	2.0	0.0	0.2	0.4	1.0	0.0	100.0	100.0	716999	3.9887016	0.45204592	5.5705805	-2.7762184	-3.9917827	0.004989591	12037.025894880295
479	0.0625	0.24206147	1.0	0.0	0.0	0.0	0.0	0.0	93.8125	100.0	718499	3.9731467	0.44448635	5.4806614	-2.253117	-3.9755645	0.0050288085	12055.836888074875
480	0.2	0.4	1.0	0.0	0.0	0.0	0.0	0.0	100.0	100.0	719999	3.9501145	0.44351372	5.3833466	-2.5221286	-3.9528556	0.0047864052	12074.677171945572
481	0.26666668	0.5734884	2.0	0.0	0.3	0.64031243	2.0	0.0	100.0	100.0	721499	3.931977	0.43790922	5.421897	-3.339453	-3.9347546	0.005121988	12094.00625705719
482	0.4	0.71180516	2.0	0.0	0.3	0.45825756	1.0	0.0	100.0	90.9	722999	3.9113796	0.43510887	5.0720844	-2.1987221	-3.914515	0.005779004	12112.672405004501
483	0.4	0.61101013	2.0	0.0	0.2	0.59999996	2.0	0.0	100.0	100.0	724499	3.8928933	0.42688447	5.345399	-2.8021703	-3.895555	0.0048957947	12131.637370109558
484	0.2	0.4	1.0	0.0	0.4	0.48989797	1.0	0.0	100.0	100.0	725999	3.8732834	0.42318234	5.30968	-1.6993835	-3.8759465	0.0052714553	12150.917614936829
485	0.26666668	0.4422167	1.0	0.0	0.1	0.29999998	1.0	0.0	100.0	100.0	727499	3.8496516	0.4153165	5.0917816	-1.6194417	-3.852132	0.004597639	12169.829797029495
486	0.33333334	0.59628475	2.0	0.0	0.0	0.0	0.0	0.0	100.0	100.0	728999	3.8229759	0.41734442	5.000062	-3.3382945	-3.82561	0.005220051	12188.538192033768
487	0.0	0.0	0.0	0.0	0.5	0.67082036	2.0	0.0	100.0	91.9	730499	3.8004854	0.41490215	4.9843554	-2.378951	-3.803065	0.0045146295	12207.112385988235
488	0.33333334	0.59628475	2.0	0.0	0.2	0.4	1.0	0.0	94.53333	81.0	731999	3.7764547	0.4100628	5.2585707	-2.3757448	-3.7789474	0.004461652	12225.664099931717
489	0.06666667	0.2494438	1.0	0.0	0.0	0.0	0.0	0.0	100.0	100.0	733499	3.7574203	0.40937898	5.122793	-3.390756	-3.7597969	0.0044908216	12244.510105133057
490	0.29411766	0.45564508	1.0	0.0	0.3	0.45825756	1.0	0.0	91.52941	77.1	734999	3.7332816	0.40692687	5.105333	-2.946979	-3.7355304	0.0044036787	12262.498144865036
491	0.13333334	0.33993465	1.0	0.0	0.3	0.45825756	1.0	0.0	100.0	100.0	736499	3.7128716	0.39966902	4.943039	-2.2903943	-3.7152317	0.0045023276	12281.648579120636
492	0.2	0.4	1.0	0.0	0.3	0.45825756	1.0	0.0	95.2	100.0	737999	3.6911929	0.3954668	5.058623	-2.7474482	-3.6935017	0.0046991217	12300.549969911575
493	0.5	0.70710677	2.0	0.0	0.0	0.0	0.0	0.0	94.125	98.4	739499	3.6685183	0.3927829	5.0729036	-2.5719028	-3.6705046	0.004369523	12319.243077993393
494	0.0625	0.24206147	1.0	0.0	0.4	0.489898	1.0	0.0	94.875	86.1	740999	3.6455245	0.39096078	4.9396896	-4.255675	-3.6476436	0.0043238085	12338.097593069077
495	0.1875	0.52663434	2.0	0.0	0.1	0.29999998	1.0	0.0	94.875	100.0	742499	3.6223493	0.3900573	4.9149866	-4.00443	-3.6247604	0.004735353	12357.64334988594
496	0.25	0.4330127	1.0	0.0	0.2	0.4	1.0	0.0	94.375	100.0	743999	3.601415	0.3867085	4.942626	-1.8959033	-3.6038647	0.0046353964	12376.74948978424
497	0.26666668	0.57348835	2.0	0.0	0.1	0.29999998	1.0	0.0	100.0	100.0	745499	3.5770545	0.3830179	4.8128843	-2.291564	-3.5793521	0.005041601	12395.978219985962
498	0.33333334	0.78881055	3.0	0.0	0.5	0.67082036	2.0	0.0	100.0	100.0	746999	3.5558167	0.37757626	4.8213286	-2.2742116	-3.5580955	0.0038548536	12414.82959985733
499	0.26666668	0.5734884	2.0	0.0	0.6	0.66332495	2.0	0.0	100.0	100.0	748499	3.532783	0.3752462	4.727803	-1.8007526	-3.535271	0.003877565	12433.76435303688
500	0.4	0.489898	1.0	0.0	0.3	0.45825756	1.0	0.0	100.0	100.0	749999	3.5118542	0.37288925	4.8081903	-1.6294308	-3.5138383	0.0047153817	12452.742437124252
