Epoch	AverageEpRet	StdEpRet	MaxEpRet	MinEpRet	AverageTestEpRet	StdTestEpRet	MaxTestEpRet	MinTestEpRet	EpLen	TestEpLen	TotalEnvInteracts	AverageQVals	StdQVals	MaxQVals	MinQVals	LossPi	LossQ	Time
1	797.3333	302.114	1400.0	0.0	363.0	407.18668	920.0	0.0	100.0	100.0	1499	-19.730742	17.39173	0.30798468	-85.035904	18.774902	17.590502	10.60494589805603
2	727.3333	369.99942	1130.0	0.0	416.0	382.49707	920.0	0.0	93.46667	100.0	2999	-2.782063	13.104773	7.073938	-88.056625	2.2389252	78.83048	28.830500841140747
3	297.5	372.6778	950.0	0.0	4.0	6.6332498	20.0	0.0	76.2	87.8	4499	14.879093	19.187988	310.10452	-59.26225	-15.94187	59.23351	45.72157001495361
4	92.85714	220.58673	940.0	0.0	194.0	311.61514	900.0	0.0	72.42857	100.0	5999	77.24321	49.580605	513.3294	-49.249367	-78.75513	27.896208	62.954118728637695
5	148.66667	272.2711	840.0	0.0	27.0	31.638584	100.0	0.0	100.0	84.3	7499	137.57524	58.16993	524.5706	-49.045094	-139.97115	36.82259	78.38452291488647
6	88.75	174.60223	660.0	0.0	33.0	73.62744	250.0	0.0	92.125	81.5	8999	198.91922	69.606575	582.612	-94.591805	-202.21475	58.10943	94.94243288040161
7	240.0	323.7862	880.0	0.0	208.0	313.8726	890.0	0.0	94.0625	100.0	10499	263.16098	80.04873	591.6577	-56.85475	-267.12195	82.780556	108.98344802856445
8	253.75	365.7847	950.0	0.0	32.0	56.0	160.0	0.0	93.8125	100.0	11999	328.6368	91.17706	611.0181	-24.793764	-333.23682	99.60211	122.70361685752869
9	148.75	278.3405	870.0	0.0	191.0	301.7101	810.0	0.0	93.8125	100.0	13499	397.50073	102.95714	660.3835	-30.839375	-403.01517	127.328	138.44842076301575
10	181.875	319.22208	960.0	0.0	205.0	412.43787	1400.0	0.0	93.9375	100.0	14999	468.55344	114.2674	757.25134	-10.029978	-474.50433	144.4306	154.69282484054565
11	187.33333	298.54016	890.0	0.0	164.0	323.48724	930.0	0.0	100.0	91.1	16499	537.33234	129.12868	870.9512	-9.08078	-544.0134	180.3786	169.00741982460022
12	175.33333	243.49857	760.0	0.0	206.0	322.24835	870.0	0.0	100.0	100.0	17999	609.55035	138.05812	957.3364	-28.303638	-616.9232	222.99628	183.01725387573242
13	46.0	114.06431	430.0	0.0	22.0	50.358715	170.0	0.0	100.0	100.0	19499	678.6701	146.8634	1027.7833	-111.08453	-686.3585	251.14024	197.41181182861328
14	146.66667	290.48618	970.0	0.0	28.0	66.45299	220.0	0.0	100.0	100.0	20999	745.02954	154.8221	1094.985	35.12851	-752.662	251.91595	211.73034071922302
15	108.666664	220.23824	780.0	0.0	22.0	66.0	220.0	0.0	100.0	100.0	22499	816.07043	161.24985	1180.1794	13.56532	-824.37836	311.33328	226.02072978019714
16	96.666664	220.50447	710.0	0.0	90.0	250.3198	840.0	0.0	100.0	100.0	23999	885.3573	168.7931	1277.892	12.885607	-893.6271	343.57916	240.078706741333
17	141.33333	224.67358	900.0	0.0	181.0	324.48267	900.0	0.0	100.0	100.0	25499	948.5217	176.83366	1357.7421	4.481038	-956.4642	345.32358	254.33668398857117
18	240.0	339.05753	1000.0	0.0	27.0	37.161808	110.0	0.0	100.0	100.0	26999	1011.95135	182.81526	1448.3156	-36.69352	-1020.2881	382.72397	268.3051588535309
19	62.0	152.36798	610.0	0.0	105.0	221.28036	750.0	0.0	100.0	100.0	28499	1074.8091	190.96982	1498.0822	14.962811	-1083.4099	381.28925	283.02783203125
20	4.6666665	9.568467	30.0	0.0	179.0	348.26572	890.0	0.0	100.0	100.0	29999	1131.6674	192.16125	1555.9355	51.05251	-1139.8274	431.93988	297.2013449668884
21	108.666664	209.02524	810.0	0.0	106.0	285.62912	960.0	0.0	100.0	98.4	31499	1184.7633	192.46713	1612.0762	58.78712	-1192.728	455.97968	311.4042387008667
22	89.375	205.98752	860.0	0.0	15.0	45.0	150.0	0.0	95.0	100.0	32999	1237.2336	189.41853	1665.9268	73.5793	-1245.2263	468.93384	326.49621772766113
23	118.0	219.97575	880.0	0.0	9.0	19.209373	60.0	0.0	98.333336	100.0	34499	1284.1847	189.74612	1707.1942	82.976944	-1291.852	539.4126	344.4404628276825
24	135.33333	237.95985	850.0	0.0	79.0	199.22098	670.0	0.0	100.0	100.0	35999	1330.7528	188.80327	1769.3096	-19.66867	-1339.0365	538.35547	360.66079473495483
25	213.33333	288.69055	870.0	0.0	37.0	80.255844	270.0	0.0	100.0	100.0	37499	1378.1132	188.00996	1787.6826	47.881145	-1386.4279	535.6022	375.48493003845215
26	71.333336	138.41322	540.0	0.0	11.0	23.0	70.0	0.0	100.0	100.0	38999	1422.9448	186.62451	1835.3344	-26.622711	-1431.1578	504.01483	389.5982656478882
27	136.66667	249.63083	880.0	0.0	220.0	340.9692	840.0	0.0	100.0	100.0	40499	1465.9674	187.43623	1898.6068	-211.24301	-1474.6976	556.2046	404.2558448314667
28	104.666664	200.82718	710.0	0.0	116.0	215.27657	750.0	0.0	100.0	90.1	41999	1512.5383	191.89174	1933.9828	-158.94896	-1521.5427	620.3536	418.17333984375
29	199.33333	327.99323	890.0	0.0	251.0	356.91595	920.0	0.0	100.0	100.0	43499	1555.9156	193.61497	1975.5046	-113.46153	-1564.5726	599.40283	432.9774389266968
30	38.125	101.440796	420.0	0.0	109.0	237.37944	810.0	0.0	93.875	100.0	44999	1596.4835	196.305	2012.0511	47.302773	-1605.486	656.88495	447.38593792915344
31	70.666664	209.61761	850.0	0.0	103.0	273.20505	920.0	0.0	100.0	100.0	46499	1636.9688	199.80984	2049.856	53.6318	-1646.0156	583.4615	461.89782881736755
32	58.0	135.31198	530.0	0.0	98.0	246.04065	830.0	0.0	100.0	100.0	47999	1674.3744	203.40955	2090.8096	-133.5273	-1682.9938	594.25836	478.18194675445557
33	72.0	230.71483	930.0	0.0	113.0	269.4086	910.0	0.0	100.0	100.0	49499	1707.1578	207.94286	2154.9597	-74.215485	-1715.6664	629.3745	493.9128348827362
34	69.333336	118.797676	440.0	0.0	9.0	19.209373	60.0	0.0	100.0	100.0	50999	1738.8136	214.80898	2204.7747	17.390556	-1747.2618	546.2846	510.4330277442932
35	48.666668	135.39407	520.0	0.0	78.0	177.92133	590.0	0.0	100.0	100.0	52499	1768.3766	220.94855	2259.9246	-51.690903	-1776.978	635.8909	526.5126538276672
36	4.0	10.832051	40.0	0.0	19.0	36.455452	120.0	0.0	100.0	100.0	53999	1795.1956	232.14507	2293.4365	-248.05829	-1804.0127	619.76404	540.7582037448883
37	66.666664	106.74997	400.0	0.0	92.0	262.93726	880.0	0.0	100.0	100.0	55499	1822.5621	241.7456	2323.4932	-462.17072	-1831.4093	647.2763	555.2138118743896
38	52.666668	141.25468	570.0	0.0	155.0	448.5811	1500.0	0.0	100.0	100.0	56999	1854.7343	247.05174	2369.6274	-507.15503	-1864.2478	608.9891	569.6669418811798
39	94.0	234.11678	920.0	0.0	47.0	74.4379	240.0	0.0	100.0	100.0	58499	1888.7998	248.87978	2397.5042	-630.9176	-1898.421	634.9783	583.8370449542999
40	82.0	160.54906	640.0	0.0	17.0	25.317978	70.0	0.0	100.0	100.0	59999	1919.6804	257.31296	2456.7808	-837.79047	-1928.8824	615.0086	597.7697608470917
41	149.33333	241.1491	880.0	0.0	34.0	61.8385	210.0	0.0	100.0	100.0	61499	1949.0581	262.2102	2540.2136	-1050.8567	-1958.4111	599.0784	611.8503518104553
42	126.666664	206.4192	780.0	0.0	135.0	255.15681	870.0	0.0	100.0	100.0	62999	1980.0773	267.57452	2665.1587	-1187.7153	-1989.8215	608.1448	625.8132197856903
43	84.0	210.58015	790.0	0.0	13.0	16.763054	40.0	0.0	100.0	100.0	64499	2010.4705	265.50278	2698.4282	-1257.9774	-2020.1204	612.7139	640.1188626289368
44	156.66667	247.78125	650.0	0.0	77.0	231.0	770.0	0.0	100.0	100.0	65999	2039.3098	265.956	2718.757	-1374.4458	-2048.966	568.33685	655.5990278720856
45	35.333332	69.2692	240.0	0.0	96.0	157.55634	510.0	0.0	100.0	100.0	67499	2064.4795	264.41077	2705.2302	-1539.1051	-2073.8887	632.7738	671.598995923996
46	33.333332	98.972496	400.0	0.0	129.0	257.1167	790.0	0.0	100.0	100.0	68999	2088.8682	261.52753	2718.7607	-1486.5883	-2098.0867	651.0843	687.9718489646912
47	22.0	40.033318	120.0	0.0	29.0	41.340054	130.0	0.0	100.0	100.0	70499	2109.9248	260.82187	2738.386	-1356.463	-2119.2104	659.78625	702.5106348991394
48	180.66667	333.5559	1000.0	0.0	85.0	202.74368	690.0	0.0	100.0	100.0	71999	2131.2197	252.21964	2736.7747	-1285.5143	-2140.4507	621.9663	718.4406099319458
49	43.333332	74.89252	300.0	0.0	106.0	246.38182	840.0	0.0	100.0	100.0	73499	2147.5376	253.96819	2724.3281	-1131.0931	-2156.6562	608.03424	733.9375507831573
50	78.666664	147.09937	600.0	0.0	53.0	72.53275	190.0	0.0	100.0	91.9	74999	2163.7136	251.41109	2706.1003	-1230.929	-2172.4172	653.0974	750.6018407344818
51	96.875	214.05952	840.0	0.0	140.0	241.4125	630.0	0.0	93.8125	100.0	76499	2176.9937	244.7064	2687.485	-1055.4406	-2185.466	602.4701	767.7687788009644
52	178.66667	266.4549	790.0	0.0	290.0	443.95947	1210.0	0.0	100.0	100.0	77999	2182.978	251.10333	2689.5054	-897.7013	-2191.3486	660.2749	782.7973697185516
53	67.333336	123.42159	480.0	0.0	19.0	30.149628	90.0	0.0	100.0	100.0	79499	2190.3352	249.6867	2688.0747	-880.6859	-2198.523	625.7591	798.156790971756
54	38.0	108.27126	440.0	0.0	69.0	81.29575	220.0	0.0	100.0	100.0	80999	2196.418	245.78035	2698.0679	-796.5589	-2204.4062	568.93835	811.8680868148804
55	90.0	178.54971	660.0	0.0	9.0	16.40122	50.0	0.0	99.86667	100.0	82499	2200.3027	246.07283	2696.8386	-840.47394	-2208.215	633.37573	828.5709748268127
56	38.666668	77.962944	290.0	0.0	6.0	18.0	60.0	0.0	100.0	100.0	83999	2203.9128	245.49957	2715.8	-905.41956	-2211.6836	668.7665	842.508419752121
57	100.666664	219.8929	870.0	0.0	28.0	51.536396	140.0	0.0	100.0	100.0	85499	2208.7585	242.08006	2695.6287	-994.05927	-2216.5654	637.0503	856.3733818531036
58	71.333336	154.61205	570.0	0.0	82.0	193.1735	650.0	0.0	100.0	100.0	86999	2213.1138	240.40988	2703.6487	-928.38763	-2221.148	556.4688	870.2774567604065
59	22.0	30.594116	100.0	0.0	139.0	285.63788	960.0	0.0	100.0	100.0	88499	2218.5625	237.0112	2715.4353	-893.0849	-2226.6033	519.335	884.4695580005646
60	22.0	31.241	90.0	0.0	113.0	287.22986	970.0	0.0	100.0	100.0	89999	2223.5496	235.61449	2730.9373	-1007.58167	-2231.2737	555.38776	898.2178716659546
61	16.666666	24.129282	70.0	0.0	18.0	32.496155	110.0	0.0	100.0	100.0	91499	2225.3867	235.95992	2739.9153	-822.32715	-2232.8413	589.58417	912.0770659446716
62	75.333336	178.54474	710.0	0.0	97.0	107.61505	310.0	0.0	100.0	100.0	92999	2223.7483	232.88637	2727.7214	-860.4914	-2230.9473	497.1616	925.9940447807312
63	86.666664	200.1555	800.0	0.0	194.0	370.8153	940.0	0.0	100.0	100.0	94499	2221.7612	233.31828	2744.1382	-1289.3585	-2228.7874	516.3622	940.0143837928772
64	74.666664	205.22725	810.0	0.0	352.0	389.27625	970.0	0.0	100.0	100.0	95999	2218.5637	231.5214	2757.9006	-1030.4572	-2225.619	504.17145	954.0680499076843
65	63.333332	149.20532	600.0	0.0	10.0	24.083189	80.0	0.0	100.0	100.0	97499	2216.8125	232.35658	2759.2017	-1239.419	-2223.8054	473.42264	967.9266979694366
66	148.66667	257.05682	750.0	0.0	129.0	238.30443	620.0	0.0	100.0	90.5	98999	2212.39	230.11273	2730.5598	-1229.4316	-2219.1714	423.1677	981.7401149272919
67	177.33333	324.4784	870.0	0.0	99.0	230.71411	780.0	0.0	100.0	100.0	100499	2203.4963	235.49966	2696.1768	-1283.9423	-2209.9258	480.90012	996.4462609291077
68	88.666664	163.98645	670.0	0.0	106.0	222.94394	720.0	0.0	100.0	100.0	101999	2197.0388	233.21443	2709.959	-1311.1055	-2203.4177	412.70517	1011.1582088470459
69	109.333336	194.06068	580.0	0.0	150.0	278.28043	730.0	0.0	100.0	100.0	103499	2192.1365	231.33217	2662.3691	-1190.3483	-2198.579	391.1161	1025.3039066791534
70	64.0	143.7034	580.0	0.0	153.0	272.91208	820.0	0.0	100.0	100.0	104999	2184.563	231.26004	2636.5034	-1008.3887	-2190.8054	459.64017	1039.3239967823029
71	114.666664	239.99628	910.0	0.0	156.0	252.95059	830.0	0.0	100.0	100.0	106499	2176.9678	232.53378	2653.139	-1131.2039	-2183.26	350.00003	1053.6598987579346
72	145.33333	239.1615	770.0	0.0	88.0	231.68082	780.0	0.0	100.0	100.0	107999	2168.4421	230.90543	2623.6426	-1094.0685	-2174.5315	411.7446	1067.762276649475
73	194.0	249.58098	850.0	0.0	92.0	160.92235	560.0	0.0	100.0	100.0	109499	2158.5742	228.04474	2602.664	-969.7009	-2164.5056	365.4312	1082.2767968177795
74	105.333336	170.64062	600.0	0.0	399.0	557.5204	1770.0	0.0	100.0	100.0	110999	2152.461	225.6519	2612.2168	-858.35956	-2158.2717	324.8319	1096.388338804245
75	138.0	315.3453	950.0	0.0	164.0	364.97122	1240.0	0.0	100.0	100.0	112499	2145.837	228.49095	2587.8286	-795.80066	-2151.7122	309.14972	1110.8027126789093
76	94.0	198.21873	740.0	0.0	301.0	427.21072	1210.0	0.0	100.0	100.0	113999	2137.6865	229.59546	2576.018	-713.8695	-2143.5913	327.48712	1125.3183808326721
77	113.333336	222.8203	710.0	0.0	169.0	264.51654	700.0	0.0	100.0	100.0	115499	2132.816	228.29964	2580.3838	-831.51306	-2138.7737	338.52707	1139.642864704132
78	209.33333	330.28207	890.0	0.0	4.0	6.6332498	20.0	0.0	100.0	100.0	116999	2124.698	230.57724	2572.715	-745.1944	-2130.7285	327.1564	1154.1229066848755
79	202.0	307.25015	990.0	0.0	283.0	495.3191	1590.0	0.0	100.0	100.0	118499	2118.8638	229.97557	2561.1187	-623.42633	-2124.891	293.23282	1168.4675588607788
80	68.0	144.27751	590.0	0.0	103.0	229.13097	780.0	0.0	100.0	100.0	119999	2114.8672	230.24567	2553.0288	-385.20435	-2120.7976	307.7061	1183.077164888382
81	167.33333	270.8374	970.0	0.0	82.0	71.10555	250.0	10.0	100.0	100.0	121499	2108.108	226.04738	2530.2446	-426.49597	-2114.039	342.38748	1197.5764937400818
82	312.66666	358.78436	920.0	0.0	228.0	326.52106	870.0	0.0	100.0	100.0	122999	2104.7844	223.95287	2525.5593	-150.5437	-2110.7666	281.5699	1212.3677649497986
83	203.33333	293.68164	770.0	0.0	73.0	91.32908	270.0	0.0	100.0	100.0	124499	2100.1877	221.66518	2502.6294	-1016.6236	-2106.1003	327.51868	1227.0828700065613
84	202.66667	308.23077	800.0	0.0	84.0	210.39012	710.0	0.0	100.0	100.0	125999	2094.5583	220.51671	2500.4634	-719.56464	-2100.3247	296.35916	1241.7076289653778
85	88.0	175.65877	630.0	0.0	179.0	309.46567	880.0	0.0	100.0	100.0	127499	2088.4575	218.92384	2502.5742	-451.05588	-2094.1143	252.0982	1255.9411928653717
86	157.33333	265.59283	900.0	0.0	342.0	463.2019	1320.0	0.0	100.0	100.0	128999	2080.2974	217.90689	2498.497	-504.34583	-2085.9043	287.8654	1270.2705857753754
87	38.666668	70.6981	230.0	0.0	286.0	538.6316	1730.0	0.0	100.0	100.0	130499	2074.265	217.06363	2491.5085	-955.3223	-2079.9907	276.72113	1283.9947199821472
88	192.66667	288.986	870.0	0.0	99.0	257.42767	870.0	0.0	100.0	100.0	131999	2069.061	215.76906	2482.1687	-594.2519	-2074.6992	312.77585	1298.673458814621
89	168.66667	258.89163	760.0	0.0	10.0	26.832815	90.0	0.0	100.0	100.0	133499	2064.044	215.8851	2477.9453	-496.04974	-2069.8218	262.14203	1312.8922448158264
90	173.125	295.39633	1000.0	0.0	31.0	73.68175	250.0	0.0	94.0	100.0	134999	2057.2131	218.0781	2468.6084	-613.494	-2062.723	231.40524	1326.882575750351
91	299.33334	383.6399	970.0	0.0	187.0	252.19238	870.0	0.0	100.0	100.0	136499	2052.3286	217.27562	2456.737	-842.7398	-2057.6301	278.1926	1340.9778017997742
92	146.0	219.20462	680.0	0.0	7.0	12.688578	40.0	0.0	100.0	100.0	137999	2045.0387	218.1744	2463.978	-655.39404	-2050.481	229.20123	1355.4565896987915
93	170.625	314.05548	1010.0	0.0	208.0	330.6297	960.0	0.0	93.8125	90.5	139499	2040.336	219.4631	2470.8547	-781.16	-2045.855	264.3408	1369.386792898178
94	172.0	276.0483	960.0	0.0	55.0	63.75735	180.0	0.0	100.0	100.0	140999	2033.7384	221.73323	2474.2644	-335.2832	-2039.2094	268.94153	1383.4204008579254
95	161.33333	202.71053	650.0	0.0	191.0	323.03094	840.0	0.0	100.0	100.0	142499	2028.7959	222.95644	2483.2454	-379.77295	-2034.1387	279.15775	1397.3770198822021
96	237.33333	298.67413	800.0	0.0	175.0	310.62036	920.0	0.0	100.0	100.0	143999	2022.8823	224.62486	2483.2415	-634.42175	-2028.3206	242.70815	1411.4609868526459
97	387.33334	354.46613	840.0	0.0	273.0	558.9105	1810.0	0.0	100.0	100.0	145499	2018.4751	227.66408	2488.8574	-482.824	-2023.9695	228.19046	1426.5411927700043
98	205.33333	272.73593	970.0	0.0	108.0	206.5333	660.0	0.0	100.0	96.9	146999	2015.8246	228.06021	2503.1162	-1153.5436	-2021.294	297.05313	1441.1678457260132
99	242.0	289.00287	870.0	0.0	240.0	348.79794	920.0	0.0	100.0	100.0	148499	2012.2251	231.29105	2488.3057	-628.62885	-2017.827	239.012	1456.0229728221893
100	315.625	360.39853	980.0	0.0	112.0	205.70853	710.0	0.0	96.9375	100.0	149999	2009.3647	232.91554	2516.0708	-355.30206	-2015.0092	270.86026	1470.6734387874603
101	282.66666	300.25473	840.0	0.0	148.0	238.9477	840.0	0.0	100.0	100.0	151499	2007.3774	237.94893	2520.1594	-774.8589	-2013.188	425.66074	1485.37943983078
102	265.33334	350.5779	940.0	0.0	148.0	272.68295	910.0	0.0	100.0	100.0	152999	2008.1084	239.00224	2537.5376	-425.1858	-2013.8849	278.4211	1499.7087206840515
103	246.0	325.22403	920.0	0.0	316.0	319.44327	870.0	0.0	100.0	100.0	154499	2007.1465	241.4027	2549.8604	-961.4598	-2012.6104	280.15097	1513.8300137519836
104	324.0	415.01486	990.0	0.0	533.0	354.9662	890.0	0.0	100.0	100.0	155999	2004.2853	243.8055	2525.815	-331.96286	-2009.658	241.09056	1528.0516188144684
105	296.66666	313.21274	920.0	0.0	414.0	400.60455	970.0	0.0	100.0	100.0	157499	2000.7083	248.70628	2561.2773	-359.0789	-2006.0985	380.06262	1542.213527917862
106	222.66667	329.4737	920.0	0.0	383.0	459.84888	1210.0	0.0	100.0	100.0	158999	1998.341	250.34476	2567.1404	-583.5161	-2003.867	336.27112	1556.345448732376
107	297.33334	358.07758	950.0	0.0	301.0	439.94205	1240.0	0.0	100.0	100.0	160499	1996.6703	252.54936	2536.2485	-443.0363	-2002.0535	354.58997	1570.6124618053436
108	350.625	324.0268	830.0	0.0	89.0	193.87883	660.0	0.0	93.875	100.0	161999	1994.6763	257.69714	2557.9602	-343.18494	-2000.0118	280.75595	1585.2616128921509
109	429.33334	372.7281	890.0	0.0	537.0	560.7861	1860.0	0.0	100.0	100.0	163499	1994.3416	257.98465	2542.1084	-1088.9818	-1999.8636	235.78456	1600.2686347961426
110	310.66666	346.30365	1010.0	0.0	339.0	519.2389	1420.0	0.0	100.0	100.0	164999	1993.2109	259.3959	2538.7234	-240.91992	-1998.7307	279.83493	1614.8190367221832
111	317.33334	368.77213	1020.0	0.0	387.0	449.3562	1290.0	0.0	100.0	100.0	166499	1992.7772	263.09424	2545.6384	-507.79382	-1998.2573	240.05244	1629.6892547607422
112	471.33334	386.76205	950.0	0.0	547.0	497.09256	1570.0	0.0	100.0	100.0	167999	1992.7256	264.66925	2537.229	-765.8182	-1997.96	298.89618	1644.4219717979431
113	301.33334	377.97473	910.0	0.0	290.0	408.72974	1190.0	0.0	100.0	100.0	169499	1990.3951	267.2166	2547.7788	-463.97263	-1995.594	260.37384	1658.9880456924438
114	293.33334	338.08612	920.0	0.0	449.0	585.516	1880.0	0.0	100.0	100.0	170999	1988.0717	270.03842	2544.522	-300.6708	-1993.462	303.7682	1673.5402097702026
115	271.33334	263.3848	780.0	0.0	585.0	624.7119	1700.0	0.0	100.0	100.0	172499	1984.6023	272.1324	2535.9634	-681.1815	-1989.8589	248.64975	1688.0994338989258
116	242.66667	289.21658	810.0	0.0	645.0	629.70233	1790.0	0.0	97.333336	100.0	173999	1982.6934	272.80914	2562.6692	-414.1571	-1987.8655	241.5052	1702.4099247455597
117	198.66667	307.45987	910.0	0.0	475.0	623.3338	1770.0	0.0	100.0	100.0	175499	1980.5585	275.04602	2553.0613	-469.33646	-1985.8601	298.6715	1716.8848037719727
118	366.66666	348.66733	920.0	0.0	657.0	532.2227	1550.0	0.0	100.0	100.0	176999	1979.8376	277.29175	2524.958	-768.1427	-1984.9983	324.3993	1731.029769897461
119	296.875	329.3501	870.0	0.0	331.0	466.80725	1380.0	0.0	93.8125	100.0	178499	1977.3414	278.5443	2525.8652	-340.54245	-1982.557	276.92218	1745.1140758991241
120	346.0	336.567	910.0	0.0	555.0	527.0721	1630.0	0.0	100.0	100.0	179999	1975.36	280.4839	2535.1067	-493.31503	-1980.692	218.62712	1759.3020107746124
121	288.66666	365.65683	940.0	0.0	468.0	589.2334	1550.0	0.0	100.0	100.0	181499	1975.8981	282.13004	2540.3528	-444.3936	-1981.0986	317.52597	1773.4368669986725
122	264.0	357.39426	950.0	0.0	314.0	478.8361	1480.0	0.0	100.0	100.0	182999	1976.3774	282.30865	2545.1492	-691.0695	-1981.7827	301.56354	1787.8918318748474
123	245.33333	306.8956	830.0	0.0	575.0	465.90234	1370.0	0.0	100.0	100.0	184499	1975.5955	283.21536	2550.159	-489.01706	-1980.9957	252.78963	1801.958736896515
124	242.66667	321.63055	990.0	0.0	282.0	398.49216	970.0	0.0	100.0	92.1	185999	1977.1051	282.90973	2564.9304	-853.3231	-1982.3667	277.2657	1815.8352208137512
125	391.875	370.49323	940.0	0.0	388.0	587.4317	1560.0	0.0	96.75	100.0	187499	1976.2979	285.34702	2562.8958	-674.40686	-1981.4476	342.7752	1830.061197757721
126	266.0	311.7007	890.0	0.0	388.0	591.2157	1630.0	0.0	100.0	100.0	188999	1976.9391	285.6674	2564.5032	-708.9429	-1982.114	253.4365	1844.84015583992
127	440.66666	398.05304	1020.0	0.0	860.0	610.44244	1800.0	0.0	100.0	100.0	190499	1974.468	285.5623	2570.0645	-454.8701	-1979.8823	292.41693	1858.8876359462738
128	379.33334	338.43692	960.0	0.0	462.0	429.59982	1080.0	0.0	100.0	100.0	191999	1977.1855	286.69733	2565.1318	-318.98575	-1982.451	257.8172	1873.0170516967773
129	461.33334	380.5061	900.0	0.0	710.0	550.94464	1710.0	0.0	94.666664	100.0	193499	1977.3884	286.6744	2564.702	-795.8306	-1982.5657	340.52045	1887.2305347919464
130	444.66666	349.37787	960.0	0.0	554.0	691.5953	1860.0	0.0	100.0	100.0	194999	1979.3951	284.93225	2583.3462	-769.55273	-1984.6187	306.39014	1901.402595758438
131	450.0	389.11865	990.0	0.0	563.0	550.38257	1460.0	0.0	100.0	100.0	196499	1978.604	286.55228	2572.517	-487.36948	-1983.8732	319.8336	1915.4744968414307
132	362.66666	395.70135	960.0	0.0	843.0	626.67456	1720.0	0.0	100.0	100.0	197999	1979.7771	284.03345	2568.1482	-695.1823	-1985.0018	289.5297	1929.551578760147
133	417.33334	388.38928	930.0	0.0	472.0	412.30573	1040.0	0.0	100.0	100.0	199499	1980.1355	281.79172	2574.9312	-793.2404	-1985.4739	291.18945	1943.717260837555
134	244.66667	329.56265	930.0	0.0	394.0	587.8469	1640.0	0.0	100.0	100.0	200999	1981.7229	280.95367	2577.4158	-964.08765	-1987.113	304.89066	1958.6489939689636
135	567.3333	361.81888	960.0	0.0	599.0	602.3197	1600.0	40.0	100.0	100.0	202499	1983.0552	279.80756	2567.0647	-456.72183	-1988.4225	288.74988	1972.8150746822357
136	353.125	346.69363	830.0	0.0	510.0	618.2718	1710.0	0.0	93.8125	100.0	203999	1982.7742	279.16483	2575.2463	-353.6391	-1988.0566	322.71588	1987.1836359500885
137	416.66666	371.94385	910.0	0.0	393.0	330.0924	890.0	30.0	100.0	100.0	205499	1985.0475	278.86972	2578.8225	-635.15436	-1990.4663	273.8068	2001.263597726822
138	519.3333	343.1514	890.0	0.0	709.0	533.60004	1690.0	0.0	100.0	100.0	206999	1985.5426	280.46722	2588.849	-195.94336	-1990.8562	281.60025	2015.54581284523
139	433.33334	403.5949	1060.0	0.0	900.0	508.95972	1690.0	0.0	100.0	100.0	208499	1987.3705	280.36362	2586.8425	-560.24664	-1992.6068	267.59457	2030.9040157794952
140	528.0	389.841	1050.0	0.0	606.0	504.62262	1580.0	30.0	100.0	100.0	209999	1989.4991	280.85553	2592.9094	-1115.7358	-1994.7189	318.72226	2045.6241426467896
141	350.66666	349.7898	940.0	0.0	736.0	545.3293	1760.0	0.0	100.0	100.0	211499	1989.0127	282.1731	2608.434	-813.49713	-1994.2969	331.05612	2059.564836740494
142	406.66666	340.79645	890.0	0.0	636.0	651.7546	1570.0	0.0	100.0	100.0	212999	1989.4739	282.78665	2595.7227	-533.26794	-1994.7258	278.83118	2072.5453288555145
143	485.33334	391.84805	1020.0	0.0	732.0	612.54877	1600.0	0.0	100.0	100.0	214499	1992.8215	280.54633	2596.9028	-576.12164	-1998.1086	228.60338	2085.9865069389343
144	603.3333	342.70816	980.0	0.0	469.0	599.4906	1830.0	0.0	100.0	100.0	215999	1993.1898	280.7771	2596.1658	-770.8659	-1998.355	318.64734	2099.2155849933624
145	406.66666	362.30127	980.0	0.0	552.0	659.2086	1580.0	0.0	100.0	100.0	217499	1996.0842	281.40054	2588.684	-510.8856	-2001.4397	277.1844	2112.5834078788757
146	349.33334	394.199	1040.0	0.0	508.0	642.83435	1830.0	0.0	100.0	100.0	218999	1997.7401	279.4871	2588.239	-637.3547	-2003.003	306.97015	2125.730192899704
147	290.66666	309.20258	900.0	0.0	463.0	534.75323	1630.0	0.0	100.0	100.0	220499	2001.3184	278.19366	2593.4788	-439.75134	-2006.847	309.46143	2138.9377977848053
148	220.66667	333.39597	970.0	0.0	602.0	514.214	1430.0	0.0	100.0	100.0	221999	2004.3439	278.338	2588.9485	-640.0667	-2009.7692	299.33762	2152.0640847682953
149	305.33334	342.01105	1040.0	0.0	706.0	656.02136	1700.0	0.0	100.0	100.0	223499	2007.1279	277.01773	2592.867	-1270.2609	-2012.6747	246.79398	2165.119920730591
150	356.25	378.89435	930.0	0.0	673.0	706.45667	1670.0	0.0	93.9375	100.0	224999	2011.8644	275.33096	2595.9663	-65.08201	-2017.169	263.20242	2178.2495968341827
151	307.5	318.36496	890.0	0.0	648.0	581.615	1790.0	0.0	93.9375	100.0	226499	2013.2747	277.01273	2590.6086	-1216.847	-2018.5393	349.56842	2191.289741754532
152	386.0	395.9596	1030.0	0.0	664.0	687.72375	1770.0	0.0	100.0	100.0	227999	2014.7485	275.74945	2579.3604	-736.6517	-2020.1285	353.66025	2205.057605743408
153	444.66666	402.6391	970.0	0.0	783.0	569.0176	1750.0	30.0	100.0	100.0	229499	2019.732	273.14838	2586.0195	-565.0675	-2025.2136	300.86737	2218.2599568367004
154	583.3333	317.31512	1000.0	0.0	765.0	573.9207	1760.0	0.0	100.0	100.0	230999	2021.0618	274.1028	2596.4949	-412.9905	-2026.4043	386.0192	2231.5371840000153
155	575.3333	393.4949	950.0	0.0	764.0	713.0806	1700.0	0.0	100.0	100.0	232499	2025.5303	271.47363	2599.3315	-322.3897	-2030.7987	245.72679	2244.8993017673492
156	482.0	334.48865	930.0	0.0	452.0	504.89206	1600.0	0.0	100.0	100.0	233999	2027.1763	271.39633	2607.036	-643.91925	-2032.4128	240.40538	2258.8984036445618
157	450.0	303.7104	970.0	0.0	562.0	346.7218	1010.0	50.0	100.0	100.0	235499	2029.5338	270.76346	2604.0369	-824.77527	-2034.7487	257.4247	2272.641773700714
158	458.66666	354.53006	1020.0	0.0	754.0	583.8185	1700.0	0.0	100.0	100.0	236999	2031.754	268.88773	2615.9143	-606.4893	-2036.8749	313.51007	2285.816309928894
159	447.33334	360.93338	980.0	0.0	454.0	489.8612	1420.0	0.0	100.0	100.0	238499	2034.6708	266.6803	2617.1155	-98.40083	-2039.8746	228.92209	2299.0999717712402
160	534.6667	338.563	950.0	0.0	490.0	507.77948	1690.0	0.0	100.0	100.0	239999	2037.0829	265.15158	2611.7322	-687.7914	-2042.3021	332.8323	2312.3729269504547
161	442.66666	374.79715	850.0	0.0	725.0	343.08163	1290.0	60.0	100.0	100.0	241499	2039.3622	263.4106	2607.6375	-968.88873	-2044.555	276.68613	2326.0633249282837
162	514.6667	378.18634	1070.0	0.0	433.0	403.11414	890.0	0.0	100.0	100.0	242999	2041.9904	262.56854	2613.0142	-403.78867	-2047.3224	256.5827	2339.3890907764435
163	398.0	361.6112	930.0	0.0	570.0	465.4675	1280.0	0.0	100.0	100.0	244499	2045.1354	262.40836	2619.0962	-601.0145	-2050.365	279.4452	2352.7149307727814
164	362.66666	341.41797	940.0	0.0	667.0	571.05255	1650.0	0.0	100.0	100.0	245999	2048.5825	262.5176	2616.9978	-824.0717	-2053.8733	296.39383	2365.9832558631897
165	315.33334	383.21216	970.0	0.0	661.0	653.0153	1600.0	0.0	100.0	100.0	247499	2049.1082	262.48297	2609.6414	-631.5172	-2054.224	284.7072	2379.236538887024
166	281.33334	348.76672	970.0	0.0	497.0	499.18033	1500.0	0.0	100.0	100.0	248999	2050.8389	260.9608	2623.5718	-524.1486	-2056.109	246.38362	2392.517595767975
167	304.66666	353.7771	930.0	0.0	472.0	453.3387	1110.0	0.0	100.0	100.0	250499	2052.6746	260.89365	2625.7446	-489.0786	-2057.716	225.2553	2405.7450606822968
168	473.33334	333.9594	870.0	0.0	563.0	314.5171	890.0	50.0	100.0	100.0	251999	2053.4814	260.30847	2620.857	-392.75943	-2058.675	260.08496	2419.304661989212
169	397.33334	348.5105	910.0	0.0	255.0	320.72574	890.0	0.0	100.0	100.0	253499	2053.923	258.49844	2625.6677	-263.2259	-2058.9907	237.12646	2432.791135787964
170	432.66666	381.1993	940.0	0.0	625.0	536.66095	1670.0	0.0	100.0	100.0	254999	2055.6404	258.0429	2626.7979	-214.02737	-2060.7625	272.0451	2446.492978811264
171	456.66666	390.83957	970.0	0.0	425.0	517.3248	1360.0	0.0	100.0	90.3	256499	2056.8652	258.60568	2633.6772	-282.65848	-2062.1448	286.27063	2459.6296367645264
172	352.0	340.65036	960.0	0.0	404.0	364.31305	910.0	0.0	100.0	100.0	257999	2059.454	257.7678	2636.5369	-711.0451	-2064.5503	300.89664	2473.2596249580383
173	548.6667	366.80362	980.0	10.0	465.0	497.7198	1560.0	0.0	100.0	100.0	259499	2060.9922	256.38388	2630.058	-682.29443	-2066.3516	317.81018	2486.738524913788
174	525.3333	341.73804	890.0	0.0	1019.0	338.0074	1750.0	790.0	100.0	100.0	260999	2067.2258	255.81593	2642.3005	-614.3009	-2072.4336	291.6981	2500.02109003067
175	444.0	357.95343	1020.0	0.0	336.0	448.357	1310.0	0.0	100.0	100.0	262499	2066.3547	257.8758	2632.9348	-406.3058	-2071.5173	265.6998	2513.245940923691
176	393.33334	368.21494	940.0	0.0	683.0	516.95355	1510.0	0.0	100.0	100.0	263999	2068.6582	258.28745	2645.227	-768.1987	-2073.7764	353.7331	2526.455000638962
177	404.0	378.696	970.0	0.0	611.0	583.9084	1430.0	0.0	100.0	100.0	265499	2071.0127	258.68954	2635.6885	-446.19608	-2076.1816	326.41174	2539.659651041031
178	510.66666	376.34146	1050.0	0.0	595.0	544.5778	1720.0	10.0	100.0	100.0	266999	2072.5146	257.08472	2640.0752	-434.16626	-2077.6863	286.7941	2552.842277765274
179	498.66666	367.51178	940.0	0.0	536.0	607.34174	1700.0	0.0	100.0	100.0	268499	2075.4805	257.43427	2649.9275	-157.07951	-2080.6248	266.30646	2566.3503177165985
180	307.33334	321.75488	940.0	0.0	719.0	468.66727	1610.0	0.0	100.0	100.0	269999	2076.7634	257.50766	2663.0908	-1187.5002	-2082.045	291.92126	2579.462690591812
181	451.33334	280.09204	940.0	40.0	881.0	617.6641	1760.0	0.0	100.0	100.0	271499	2079.5476	257.13608	2647.1113	-366.85947	-2084.9243	234.2448	2592.72372674942
182	493.33334	330.2457	950.0	0.0	573.0	552.3414	1480.0	0.0	100.0	100.0	272999	2081.978	257.92722	2650.637	-513.0114	-2087.061	319.41403	2605.873582839966
183	364.66666	334.08313	870.0	0.0	756.0	437.38312	1360.0	0.0	100.0	100.0	274499	2082.6758	258.27057	2646.5586	-640.8032	-2087.8076	309.3325	2619.1340339183807
184	383.125	371.6638	960.0	0.0	413.0	365.81552	830.0	0.0	94.1875	100.0	275999	2084.6414	257.2402	2640.6917	-412.45978	-2089.8394	292.32034	2632.479227781296
185	534.0	323.6212	950.0	0.0	528.0	635.0244	1790.0	0.0	100.0	100.0	277499	2086.3638	256.65298	2641.1494	-366.528	-2091.4104	371.156	2646.0091767311096
186	423.33334	383.2957	890.0	0.0	491.0	672.7474	1650.0	0.0	100.0	100.0	278999	2088.1108	256.47522	2634.9197	-637.36395	-2093.4812	297.2344	2659.460057735443
187	456.0	337.14093	1060.0	0.0	537.0	575.32684	1790.0	0.0	100.0	100.0	280499	2092.1094	257.01358	2658.3137	-79.24444	-2097.6519	318.469	2673.132383823395
188	562.0	345.79764	960.0	0.0	632.0	638.0408	1700.0	0.0	100.0	100.0	281999	2097.0515	258.4312	2656.7864	-630.4193	-2102.7932	358.67175	2687.170389890671
189	548.6667	319.22546	930.0	0.0	598.0	640.37177	1680.0	0.0	100.0	100.0	283499	2104.3442	256.6551	2667.4927	-893.8866	-2110.2283	262.9528	2700.368936777115
190	540.6667	296.1411	870.0	0.0	686.0	368.94986	1070.0	0.0	100.0	100.0	284999	2111.2585	257.91937	2711.0945	-473.46976	-2117.099	327.11407	2713.6900568008423
191	758.6667	264.59695	1040.0	0.0	829.0	648.0656	1890.0	30.0	100.0	100.0	286499	2118.6353	257.60504	2709.4211	-692.7161	-2124.4263	290.08264	2726.9667048454285
192	498.0	347.18295	960.0	0.0	194.0	333.29266	930.0	0.0	100.0	100.0	287999	2124.5078	256.42676	2729.7124	-233.335	-2130.0308	297.4513	2740.6287817955017
193	361.25	380.08017	980.0	0.0	800.0	526.3839	1710.0	60.0	93.875	100.0	289499	2129.608	257.9207	2737.1133	-653.5795	-2135.3938	313.00223	2754.0697269439697
194	446.0	290.83328	860.0	0.0	903.0	696.4632	1790.0	0.0	100.0	100.0	290999	2133.912	258.4495	2727.7424	-645.43445	-2139.6794	275.32642	2767.4047379493713
195	589.3333	360.4713	1070.0	0.0	682.0	692.7597	1640.0	0.0	100.0	100.0	292499	2140.5579	256.00665	2722.7146	-462.15097	-2146.2334	350.73758	2780.7290728092194
196	600.625	347.53537	970.0	0.0	878.0	705.334	1850.0	0.0	93.8125	90.2	293999	2144.4912	256.94266	2737.9	-356.54453	-2150.0557	278.21317	2793.8086128234863
197	570.0	351.28336	910.0	0.0	903.0	517.03094	1630.0	30.0	100.0	100.0	295499	2148.4253	255.56238	2742.8582	-68.87941	-2153.9373	294.35843	2807.3298799991608
198	400.66666	339.10602	940.0	0.0	510.0	596.2382	1560.0	0.0	100.0	100.0	296999	2151.5122	255.39386	2753.0798	-543.3676	-2157.0742	304.81146	2820.4630868434906
199	505.33334	408.11542	1040.0	0.0	713.0	515.81104	1520.0	0.0	100.0	100.0	298499	2155.019	254.01306	2740.7139	-822.5	-2160.6057	312.24536	2833.8197486400604
200	474.66666	345.63693	940.0	0.0	683.0	582.22076	1700.0	0.0	100.0	100.0	299999	2158.5286	254.63315	2735.5298	-74.176315	-2164.1147	259.97122	2847.2414739131927
201	495.33334	321.84607	950.0	0.0	691.0	417.52725	1260.0	0.0	100.0	100.0	301499	2161.3972	253.98755	2732.5723	-537.27155	-2166.879	343.02228	2860.6922397613525
202	332.5	377.2847	930.0	0.0	871.0	380.01184	1680.0	170.0	93.8125	100.0	302999	2162.8992	253.96681	2724.129	-602.2225	-2168.5007	245.9275	2874.204751729965
203	464.66666	412.66397	1020.0	0.0	825.0	581.8118	1560.0	0.0	100.0	100.0	304499	2163.9458	256.4381	2718.6406	-764.5367	-2169.3525	288.8183	2887.5727779865265
204	431.33334	361.45752	980.0	0.0	725.0	689.7572	1630.0	0.0	100.0	100.0	305999	2164.3916	255.98024	2716.884	-664.1067	-2169.5464	318.45996	2900.773400068283
205	388.66666	398.6622	940.0	0.0	620.0	624.0353	1740.0	0.0	100.0	100.0	307499	2164.5159	256.7756	2700.8865	-155.54904	-2169.6199	297.54224	2914.204196691513
206	680.6667	239.42896	980.0	50.0	581.0	375.80447	920.0	0.0	100.0	100.0	308999	2163.4717	256.25928	2691.7537	-129.41052	-2168.476	315.51825	2927.927634716034
207	394.66666	392.27313	990.0	0.0	845.0	618.79315	1630.0	0.0	100.0	100.0	310499	2164.4714	257.0943	2689.6406	-193.3121	-2169.5916	276.9871	2944.3378298282623
208	522.6667	410.34076	1000.0	0.0	424.0	375.15863	950.0	0.0	100.0	100.0	311999	2161.3657	257.25775	2679.1848	-787.68823	-2166.3826	324.00394	2959.9234528541565
209	634.0	325.87933	1040.0	30.0	816.0	485.55536	1620.0	0.0	100.0	100.0	313499	2163.4138	258.12158	2675.441	-1174.7993	-2168.7153	357.73645	2978.41868185997
210	452.66666	334.55377	960.0	0.0	491.0	489.8459	1340.0	0.0	100.0	100.0	314999	2164.138	256.3637	2678.1194	-498.31616	-2169.2585	383.1415	2996.419506788254
211	422.0	356.87906	960.0	0.0	685.0	661.0181	1680.0	0.0	100.0	100.0	316499	2164.437	256.73798	2696.7192	12.895231	-2169.541	362.49945	3013.3637318611145
212	538.6667	387.2272	920.0	0.0	613.0	572.7312	1600.0	0.0	100.0	100.0	317999	2165.4517	258.00592	2697.5093	-1507.3368	-2170.6575	298.99127	3029.117948770523
213	441.33334	394.12122	990.0	0.0	661.0	343.46616	1010.0	0.0	100.0	100.0	319499	2166.2698	257.81458	2699.249	-175.37285	-2171.4058	267.477	3048.811726808548
214	400.0	370.71103	960.0	0.0	656.0	621.4531	1720.0	0.0	100.0	100.0	320999	2166.2104	257.26544	2692.036	-1462.0415	-2171.451	303.85446	3067.2662217617035
215	500.66666	316.7221	920.0	0.0	317.0	367.9959	960.0	0.0	100.0	100.0	322499	2169.0762	253.54108	2689.3284	-738.2844	-2174.4736	373.5815	3082.9069409370422
216	511.33334	341.0546	980.0	0.0	796.0	595.0832	1630.0	0.0	100.0	100.0	323999	2170.2285	253.58357	2705.439	-1094.527	-2175.4707	357.81778	3102.546736717224
217	638.6667	300.04147	1020.0	0.0	623.0	527.7509	1830.0	30.0	100.0	100.0	325499	2171.3381	252.55121	2696.937	-508.75403	-2176.6453	249.24315	3122.7120518684387
218	656.0	328.2032	990.0	0.0	691.0	428.68286	1420.0	0.0	100.0	100.0	326999	2173.8872	252.019	2696.8367	-810.49585	-2179.1516	195.40721	3146.1661858558655
219	268.0	312.22214	900.0	0.0	750.0	664.66534	1730.0	0.0	100.0	100.0	328499	2173.7744	253.03828	2700.7476	-301.24484	-2178.7754	319.4189	3165.6647527217865
220	492.0	367.17297	980.0	0.0	587.0	560.25085	1530.0	0.0	100.0	100.0	329999	2174.156	252.30566	2702.0337	-97.72922	-2179.3464	305.1914	3185.781178712845
221	546.0	347.63583	1000.0	0.0	642.0	535.12244	1560.0	0.0	100.0	100.0	331499	2176.0833	252.76466	2717.517	-1102.3304	-2181.2954	309.3646	3202.6040377616882
222	604.6667	348.82407	1020.0	0.0	566.0	584.29785	1620.0	0.0	100.0	100.0	332999	2177.6802	254.00153	2719.2393	-1179.659	-2182.896	293.98712	3221.0802748203278
223	430.0	390.84525	970.0	0.0	787.0	485.09897	1630.0	20.0	100.0	100.0	334499	2179.6338	254.65741	2741.2207	-392.235	-2184.8796	304.57462	3235.5062289237976
224	726.6667	202.93404	970.0	240.0	751.0	550.44434	1720.0	0.0	100.0	100.0	335999	2181.8662	256.44614	2747.5298	-370.7403	-2187.304	279.95218	3250.3464097976685
225	484.0	348.40207	870.0	0.0	798.0	593.56213	1730.0	0.0	100.0	100.0	337499	2186.544	257.05298	2761.5728	-479.65128	-2192.0073	361.6694	3264.5740628242493
226	564.6667	347.38773	1000.0	20.0	835.0	621.58264	1700.0	0.0	100.0	100.0	338999	2189.1025	256.31528	2780.7407	-512.2621	-2194.5806	318.38055	3278.048825740814
227	423.33334	377.6712	980.0	0.0	660.0	644.45325	1640.0	0.0	100.0	100.0	340499	2194.779	255.62924	2777.1494	-755.97864	-2200.357	335.84415	3291.8423957824707
228	812.6667	226.02261	1050.0	40.0	670.0	587.2478	1830.0	0.0	100.0	100.0	341999	2198.236	257.35562	2788.9604	-487.50375	-2203.8806	266.0326	3305.145185947418
229	486.0	395.58902	1000.0	0.0	622.0	646.1393	1740.0	0.0	100.0	100.0	343499	2203.3354	255.49593	2781.3179	-388.62872	-2208.8254	235.70154	3319.0196928977966
230	424.66666	368.39954	940.0	0.0	473.0	394.53897	930.0	0.0	100.0	100.0	344999	2207.3567	256.7033	2790.1484	-374.37766	-2212.8237	255.75583	3332.4025967121124
231	557.3333	378.5493	1020.0	0.0	678.0	690.79376	1800.0	0.0	100.0	90.2	346499	2212.2424	254.23763	2806.0808	-251.70338	-2217.9097	299.8117	3345.5721316337585
232	402.0	308.83005	900.0	0.0	890.0	501.5177	1740.0	10.0	100.0	100.0	347999	2218.5999	254.36006	2815.7166	-568.82245	-2224.4072	277.95554	3358.943042039871
233	512.6667	349.33206	1010.0	0.0	684.0	671.03204	1810.0	0.0	100.0	100.0	349499	2222.7534	253.36041	2811.7048	-548.7065	-2228.4583	347.69955	3372.2912707328796
234	502.0	362.14545	1030.0	0.0	912.0	470.9947	1750.0	30.0	100.0	100.0	350999	2226.4702	253.10135	2809.4717	-29.047516	-2232.0205	250.23837	3385.660314798355
235	682.6667	248.23288	970.0	90.0	923.0	450.46753	1660.0	110.0	100.0	100.0	352499	2229.2402	252.91022	2811.5063	-614.4002	-2234.7217	326.85297	3399.178046941757
236	537.3333	334.8127	940.0	50.0	765.0	545.9899	1490.0	20.0	100.0	100.0	353999	2234.1423	251.58537	2814.6797	-154.89171	-2239.7383	259.21237	3413.0032107830048
237	460.0	354.11862	1010.0	0.0	1077.0	461.99677	1680.0	80.0	93.8125	100.0	355499	2237.158	249.71689	2822.9624	-181.48119	-2242.6504	363.21906	3426.3743867874146
238	408.0	362.3663	990.0	0.0	589.0	516.6324	1380.0	0.0	100.0	100.0	356999	2240.76	249.0853	2814.707	13.5972185	-2246.2212	278.3093	3440.189500808716
239	498.66666	292.89056	940.0	0.0	637.0	623.0578	1770.0	0.0	100.0	100.0	358499	2243.1667	250.42584	2818.5457	-153.19739	-2248.7322	288.36105	3454.628206729889
240	336.0	329.58154	1000.0	0.0	717.0	684.61743	1800.0	0.0	100.0	100.0	359999	2247.0845	249.28561	2818.682	-319.26324	-2252.6768	288.63974	3468.7222006320953
241	407.33334	390.47778	970.0	0.0	348.0	529.07086	1650.0	0.0	100.0	100.0	361499	2251.3154	249.7466	2817.376	13.617859	-2257.044	323.30865	3482.3397307395935
242	458.125	401.06448	1000.0	0.0	714.0	651.1252	1690.0	30.0	94.25	100.0	362999	2255.134	253.24686	2837.6426	-1341.1118	-2261.0356	343.02667	3496.9999837875366
243	423.33334	384.38986	1000.0	0.0	784.0	564.43243	1580.0	0.0	100.0	100.0	364499	2262.8093	252.78508	2858.9463	-279.45126	-2268.724	380.10843	3511.8205597400665
244	582.0	348.75397	1020.0	50.0	777.0	681.19086	1740.0	0.0	100.0	100.0	365999	2266.816	253.75322	2879.3765	-827.3471	-2272.5098	280.57983	3526.1624529361725
245	564.0	394.08627	1050.0	0.0	712.0	640.26245	1630.0	0.0	100.0	100.0	367499	2270.8489	255.24727	2891.8171	-88.926865	-2276.6284	295.96866	3540.9045586586
246	554.0	411.66006	1070.0	0.0	651.0	397.95602	1560.0	90.0	100.0	100.0	368999	2274.991	256.58273	2912.343	-1096.4917	-2280.975	247.18062	3554.6884999275208
247	623.3333	317.37814	940.0	0.0	591.0	625.499	1670.0	0.0	100.0	100.0	370499	2280.374	258.06445	2926.6333	-1026.248	-2286.4016	446.18594	3570.096015691757
248	288.0	315.02805	910.0	0.0	732.0	578.7366	1570.0	20.0	100.0	100.0	371999	2287.2507	256.9126	2955.3506	-883.12805	-2293.1238	438.73563	3584.972548723221
249	746.0	211.08607	1010.0	420.0	1317.0	502.27582	1820.0	0.0	100.0	100.0	373499	2291.9436	260.11862	2987.5564	-292.7344	-2297.868	365.65485	3599.5486719608307
250	598.0	334.8074	1000.0	20.0	818.0	657.7659	1770.0	20.0	100.0	100.0	374999	2298.1387	260.3666	3003.575	-344.4578	-2303.975	280.2402	3613.8715648651123
251	512.6667	382.87454	1010.0	0.0	426.0	453.94272	1130.0	0.0	100.0	100.0	376499	2301.9463	261.33398	3019.4348	13.705772	-2307.785	300.80865	3628.095842599869
252	388.0	391.63248	1020.0	0.0	698.0	671.6219	1630.0	0.0	100.0	100.0	377999	2305.9963	261.05008	3039.8086	-781.469	-2312.0398	336.3442	3642.1853518486023
253	402.66666	311.84326	950.0	0.0	716.0	748.72156	1740.0	0.0	100.0	100.0	379499	2312.2358	260.15863	3060.6963	-909.0693	-2318.1763	320.4617	3655.895947933197
254	438.125	332.70142	970.0	0.0	581.0	534.3117	1770.0	0.0	93.875	100.0	380999	2317.1714	259.4857	3060.383	-1149.0237	-2322.8354	405.55725	3669.4005806446075
255	489.33334	395.2968	1000.0	0.0	1058.0	289.50992	1700.0	750.0	100.0	100.0	382499	2316.7295	258.78668	3061.68	-742.3641	-2322.2493	376.07565	3682.7779247760773
256	594.6667	363.70074	1020.0	0.0	371.0	500.24893	1570.0	0.0	100.0	100.0	383999	2318.3684	259.2966	3062.215	-869.76117	-2323.8164	342.06537	3696.6576199531555
257	540.6667	359.26715	900.0	0.0	622.0	558.61975	1550.0	0.0	100.0	100.0	385499	2318.8938	260.5487	3066.812	-502.25665	-2324.7605	385.35815	3710.156982898712
258	560.6667	382.38666	1020.0	0.0	899.0	509.36136	1530.0	0.0	100.0	100.0	386999	2324.5928	257.25888	3071.183	-982.24567	-2330.1587	292.1434	3724.013070821762
259	430.66666	374.20972	1050.0	20.0	731.0	555.45386	1630.0	0.0	100.0	100.0	388499	2324.319	259.0651	3069.1008	-581.592	-2329.8638	329.62183	3738.3252186775208
260	616.6667	362.70587	1020.0	0.0	744.0	650.4798	1690.0	0.0	100.0	100.0	389999	2326.388	256.98773	3054.5803	-398.44022	-2331.9053	338.63843	3752.766841650009
261	503.33334	406.60657	950.0	0.0	650.0	509.01868	1400.0	0.0	100.0	100.0	391499	2327.7068	256.26416	3037.5674	-720.3528	-2333.2866	276.95255	3767.4935569763184
262	551.3333	364.12207	990.0	0.0	841.0	581.9871	1640.0	0.0	100.0	100.0	392999	2329.6743	254.52908	3040.6243	-424.77243	-2335.1929	334.7324	3781.58327293396
263	583.3333	321.88333	950.0	20.0	405.0	518.194	1470.0	0.0	100.0	100.0	394499	2329.6055	254.02547	3032.0845	-874.41254	-2335.0654	293.11768	3797.14071393013
264	430.66666	324.2523	860.0	0.0	482.0	542.01105	1510.0	0.0	100.0	100.0	395999	2331.2192	254.65884	3041.3372	13.783179	-2336.7334	250.00513	3813.0839428901672
265	439.33334	405.9469	970.0	0.0	735.0	663.32874	1730.0	0.0	100.0	100.0	397499	2331.6719	254.90846	3047.3066	-792.90247	-2337.278	283.27142	3826.862421989441
266	341.33334	291.81882	920.0	0.0	912.0	515.7868	1680.0	0.0	100.0	100.0	398999	2333.7114	253.82439	3043.143	-217.96823	-2339.266	323.9213	3840.372252702713
267	666.0	268.646	930.0	40.0	423.0	572.39935	1780.0	0.0	100.0	100.0	400499	2333.3528	254.41003	3039.5679	-636.9636	-2338.624	308.3062	3853.8036737442017
268	558.0	385.69763	990.0	0.0	398.0	393.2887	880.0	0.0	100.0	100.0	401999	2335.24	252.66678	3025.8823	13.8105135	-2340.693	326.22363	3867.495804786682
269	509.375	384.76404	950.0	0.0	701.0	529.25323	1510.0	80.0	93.8125	100.0	403499	2335.2024	251.14322	3014.6614	-36.021156	-2340.669	265.99533	3881.733116865158
270	434.66666	388.65353	980.0	0.0	390.0	476.57108	1350.0	0.0	100.0	100.0	404999	2337.6165	248.90912	3023.944	-957.16425	-2342.9683	303.8994	3896.2768108844757
271	658.0	287.3372	940.0	0.0	446.0	472.04236	1430.0	0.0	100.0	100.0	406499	2335.9082	249.06673	3016.6755	-233.14157	-2341.2473	222.45934	3910.4408659934998
272	523.3333	333.7198	1080.0	0.0	901.0	612.4778	1820.0	50.0	100.0	100.0	407999	2334.0542	250.56592	3005.4265	-845.30554	-2339.206	464.4925	3924.1108708381653
273	466.66666	405.01303	980.0	0.0	757.0	577.4435	1670.0	0.0	100.0	100.0	409499	2333.789	249.11649	2994.941	-803.23016	-2339.1133	364.9341	3938.3975818157196
274	700.0	256.56708	930.0	0.0	661.0	402.9752	1380.0	0.0	100.0	100.0	410999	2335.2898	247.0064	2994.571	-208.66937	-2340.7683	258.40686	3952.549209833145
275	460.0	387.76282	980.0	0.0	991.0	590.8206	1710.0	0.0	100.0	100.0	412499	2335.4077	246.69327	2992.4277	13.852686	-2340.8765	358.92322	3968.6421439647675
276	368.66666	405.65778	1080.0	0.0	625.0	561.4134	1690.0	0.0	100.0	100.0	413999	2336.7793	245.44736	2977.1328	-371.6256	-2342.4172	267.70276	3983.673590898514
277	390.0	353.8738	940.0	0.0	700.0	647.4102	1780.0	0.0	100.0	100.0	415499	2339.5542	243.91342	2972.288	-501.21057	-2345.168	251.05219	3997.9676127433777
278	647.3333	290.6422	970.0	30.0	840.0	650.27686	1720.0	0.0	100.0	100.0	416999	2340.1543	242.3816	2967.2031	-966.9263	-2345.606	274.6649	4012.054174900055
279	724.0	337.95068	990.0	0.0	385.0	346.50397	830.0	0.0	100.0	100.0	418499	2340.9429	240.43268	2958.0068	-598.6979	-2346.3193	269.89575	4026.110893726349
280	550.0	357.52856	1010.0	0.0	938.0	555.5682	1800.0	20.0	100.0	100.0	419999	2341.6562	237.11134	2958.375	-1003.12115	-2346.9854	280.11575	4039.8562817573547
281	612.0	374.34744	980.0	0.0	512.0	581.44305	1500.0	0.0	100.0	100.0	421499	2340.4553	235.8392	2940.1797	-255.74037	-2345.6614	297.671	4054.7354328632355
282	606.0	381.08267	980.0	0.0	860.0	531.1685	1770.0	0.0	100.0	100.0	422999	2340.0679	235.46028	2937.5645	-997.43427	-2345.5947	262.75415	4068.887217760086
283	676.6667	344.00903	1000.0	0.0	663.0	606.64734	1740.0	0.0	100.0	100.0	424499	2341.6992	233.41751	2930.305	-22.197203	-2346.9568	346.404	4082.4025218486786
284	463.33334	347.84415	930.0	0.0	666.0	654.69385	1780.0	0.0	100.0	100.0	425999	2341.1055	233.87717	2940.699	-642.8794	-2346.6646	402.40485	4095.918180704117
285	702.6667	289.74625	940.0	10.0	711.0	515.9157	1770.0	0.0	100.0	100.0	427499	2343.2952	231.59749	2956.294	-630.1923	-2348.8926	304.93213	4109.49928689003
286	642.0	317.03207	980.0	0.0	520.0	519.63446	1540.0	0.0	100.0	90.4	428999	2345.0837	231.52237	2966.278	-1785.7614	-2350.6404	235.66159	4126.104327917099
287	785.3333	175.41823	1020.0	400.0	933.0	562.0507	1840.0	0.0	100.0	100.0	430499	2347.2397	228.79753	2964.7756	-75.0018	-2352.8962	261.02896	4143.852299928665
288	620.6667	276.85056	950.0	0.0	915.0	521.48346	1720.0	100.0	100.0	100.0	431999	2351.7449	226.099	2949.5518	-860.3763	-2357.8005	226.91954	4161.079853057861
289	444.375	359.5999	940.0	0.0	633.0	331.36234	970.0	10.0	94.0	100.0	433499	2356.9277	223.70714	2938.044	-386.0147	-2362.6768	350.56387	4180.381238937378
290	646.0	353.56848	970.0	40.0	877.0	440.34192	1660.0	0.0	100.0	100.0	434999	2358.4116	223.47769	2929.001	-1497.565	-2363.9666	292.34714	4195.846649646759
291	584.0	326.51288	970.0	0.0	716.0	608.4932	1630.0	30.0	100.0	100.0	436499	2360.396	220.81396	2922.5754	-577.25183	-2365.977	298.15472	4211.040598869324
292	597.3333	378.42596	1020.0	0.0	666.0	489.96326	1600.0	0.0	100.0	100.0	437999	2361.0752	220.27605	2923.7065	-1089.2025	-2366.674	354.92728	4225.525568008423
293	693.3333	342.1046	990.0	0.0	836.0	700.54553	1710.0	0.0	100.0	100.0	439499	2362.575	219.42986	2920.2122	-320.7425	-2368.2751	226.97646	4240.120326757431
294	690.6667	331.20923	1080.0	0.0	1075.0	640.2695	1820.0	0.0	100.0	100.0	440999	2363.6292	218.66426	2918.4048	13.991736	-2369.1165	386.10382	4254.771786928177
295	555.3333	392.46002	950.0	0.0	852.0	409.36047	1340.0	100.0	100.0	100.0	442499	2366.3853	217.08342	2919.3	-502.4594	-2371.9692	291.3531	4269.15115904808
296	416.25	422.81607	980.0	0.0	168.0	292.49957	1040.0	20.0	93.875	100.0	443999	2369.0388	214.46147	2905.8943	-612.40393	-2374.7173	433.22046	4283.552366733551
297	481.33334	416.7792	990.0	20.0	1022.0	641.23004	1810.0	0.0	100.0	100.0	445499	2372.3032	212.5672	2901.3015	-283.63187	-2378.0532	285.12466	4297.572604894638
298	636.6667	390.8225	990.0	0.0	823.0	513.4014	1660.0	30.0	100.0	100.0	446999	2374.681	212.92242	2908.6423	-7.0391636	-2380.361	273.86026	4311.6852169036865
299	485.33334	381.2063	920.0	0.0	897.0	629.5562	1680.0	0.0	100.0	100.0	448499	2376.518	211.46622	2901.0273	-944.90375	-2382.0317	284.5519	4326.151966810226
300	581.3333	363.22385	1000.0	0.0	1026.0	450.27103	1550.0	60.0	100.0	100.0	449999	2378.0906	213.10442	2881.0896	14.055385	-2383.8203	260.5015	4341.082391023636
301	514.375	375.6489	970.0	0.0	819.0	470.28607	1520.0	0.0	93.9375	100.0	451499	2382.7825	211.53401	2873.5242	-198.32152	-2388.76	299.25644	4355.210282802582
302	512.6667	350.93146	930.0	0.0	797.0	674.19653	1760.0	0.0	100.0	100.0	452999	2387.4675	211.15501	2865.9744	-516.0737	-2393.5193	310.4107	4369.602990627289
303	658.6667	314.40668	1010.0	20.0	1060.0	375.71265	1720.0	570.0	100.0	100.0	454499	2392.7654	210.99106	2861.0571	-115.69373	-2398.7666	364.8594	4384.263925790787
304	472.66666	349.61823	910.0	0.0	812.0	592.28033	1670.0	0.0	100.0	100.0	455999	2397.1548	210.64041	2860.0627	-84.26017	-2403.0718	337.33853	4401.836993932724
305	612.0	250.28517	1050.0	110.0	644.0	752.0	1770.0	0.0	100.0	100.0	457499	2401.686	211.27438	2859.224	-410.84564	-2407.524	325.69705	4416.3043529987335
306	617.3333	338.63385	980.0	0.0	746.0	527.4694	1630.0	0.0	100.0	100.0	458999	2404.949	211.63193	2859.9617	-711.9518	-2410.7642	260.472	4430.661798715591
307	404.0	389.355	930.0	0.0	880.0	611.60443	1670.0	0.0	100.0	100.0	460499	2409.0542	212.44598	2870.0623	-1279.2393	-2415.1562	222.1085	4444.739469766617
308	503.33334	372.517	920.0	0.0	824.0	578.58795	1730.0	0.0	100.0	100.0	461999	2412.198	212.81985	2881.9436	-114.817474	-2418.3267	351.99103	4459.157053947449
309	568.0	342.83524	940.0	0.0	165.0	423.34973	1430.0	0.0	100.0	100.0	463499	2417.6555	212.15157	2886.2666	-562.39374	-2423.5378	398.1564	4473.764563798904
310	568.6667	361.992	960.0	0.0	1326.0	518.13513	1750.0	0.0	100.0	100.0	464999	2421.6545	211.39	2891.3865	-1033.4761	-2427.7786	313.64407	4487.839213609695
311	599.3333	370.68347	1000.0	10.0	727.0	641.4211	1710.0	0.0	100.0	100.0	466499	2425.623	210.86452	2889.9502	324.71854	-2431.597	336.97766	4502.750312805176
312	635.3333	405.03275	1030.0	0.0	652.0	492.3779	1510.0	20.0	100.0	100.0	467999	2430.0127	209.80977	2890.6555	-333.43607	-2436.1863	250.72546	4517.772055864334
313	598.0	368.64075	970.0	0.0	567.0	410.34253	1140.0	0.0	100.0	100.0	469499	2435.4	208.58847	2885.152	-440.42154	-2441.471	334.2321	4532.910207986832
314	424.0	392.06802	1030.0	0.0	747.0	661.2118	1700.0	0.0	100.0	100.0	470999	2439.4507	208.0556	2889.408	-1507.8308	-2445.6382	368.95578	4547.733917951584
315	379.33334	392.91162	960.0	0.0	698.0	520.9568	1740.0	0.0	100.0	100.0	472499	2444.3672	204.49115	3020.216	421.10425	-2450.264	386.14474	4562.39084982872
316	410.625	354.99066	980.0	0.0	666.0	666.17114	1650.0	0.0	93.9375	100.0	473999	2445.7632	203.48396	2889.2263	-745.1577	-2451.4917	396.81525	4578.824641942978
317	579.3333	337.7665	920.0	20.0	992.0	511.52322	1680.0	170.0	100.0	100.0	475499	2447.5664	202.91072	2958.8528	-650.4545	-2453.5967	272.60245	4596.5888550281525
318	549.3333	384.94098	980.0	0.0	877.0	618.9192	1620.0	0.0	100.0	100.0	476999	2450.5774	200.31828	2862.7546	-726.3374	-2456.6177	394.9854	4610.610909938812
319	538.0	374.61447	990.0	0.0	596.0	466.0515	1540.0	0.0	100.0	100.0	478499	2453.1868	198.72173	2869.6143	-638.3024	-2459.0493	292.11066	4624.917265892029
320	448.66666	348.34595	950.0	10.0	609.0	656.07086	1770.0	0.0	100.0	100.0	479999	2455.631	195.91423	2870.0518	76.587715	-2461.5715	494.4714	4639.16411280632
321	644.0	290.9937	980.0	0.0	825.0	618.4861	1670.0	30.0	100.0	100.0	481499	2456.231	194.08597	2866.3792	-220.53673	-2461.9678	303.96924	4653.316334724426
322	482.66666	415.42697	1010.0	0.0	924.0	534.81213	1730.0	20.0	100.0	100.0	482999	2457.0032	191.70848	2866.0046	-214.36073	-2462.7998	370.6256	4667.165389060974
323	674.0	351.08972	990.0	0.0	585.0	504.6038	1570.0	0.0	100.0	100.0	484499	2456.0112	188.49763	2868.6968	-592.72076	-2461.5464	375.54745	4680.570546865463
324	632.6667	349.59912	1040.0	0.0	333.0	494.69284	1430.0	0.0	100.0	100.0	485999	2454.876	185.31215	2860.1743	-839.1996	-2460.4297	340.47717	4694.212824821472
325	463.33334	355.69025	910.0	0.0	608.0	662.44696	1710.0	0.0	100.0	100.0	487499	2451.7012	184.7695	2898.1653	-443.571	-2457.0154	298.51764	4707.811604976654
326	610.0	328.34943	1000.0	0.0	845.0	495.30295	1540.0	0.0	100.0	100.0	488999	2448.6917	180.83046	2853.1042	-355.9818	-2453.8633	426.31732	4721.558728933334
327	518.0	369.48975	960.0	0.0	820.0	578.9473	1710.0	0.0	100.0	100.0	490499	2446.088	180.05501	2840.9722	-479.0018	-2451.4983	428.33017	4734.853805780411
328	502.0	386.6816	1050.0	0.0	326.0	438.86673	1100.0	0.0	100.0	100.0	491999	2442.9453	177.07423	2834.3733	-900.7558	-2448.1636	371.55832	4748.749491930008
329	530.0	366.71515	1020.0	20.0	813.0	543.82074	1560.0	0.0	100.0	100.0	493499	2438.5718	175.32344	2828.5818	-512.1104	-2443.7266	262.72772	4762.292744874954
330	594.6667	317.96994	940.0	0.0	714.0	563.63464	1550.0	0.0	100.0	100.0	494999	2436.6086	174.5359	2819.853	-1161.7626	-2441.8206	333.39185	4776.44082570076
331	496.66666	392.86414	960.0	0.0	509.0	487.32843	1630.0	0.0	100.0	100.0	496499	2434.2053	170.5743	2803.257	-292.54855	-2439.405	287.41882	4790.433371782303
332	600.6667	292.99527	910.0	0.0	659.0	529.8387	1520.0	0.0	100.0	100.0	497999	2431.464	168.2483	2792.294	-1350.5348	-2436.767	364.5049	4804.434753894806
333	526.0	362.10126	980.0	0.0	494.0	551.3293	1540.0	0.0	100.0	100.0	499499	2430.3735	166.34502	2780.183	237.15707	-2435.5996	371.44363	4818.752616882324
334	593.125	368.45483	1060.0	0.0	637.0	675.73737	1670.0	0.0	93.875	100.0	500999	2429.323	165.24126	2771.2815	-621.6212	-2434.775	386.80713	4833.6836359500885
335	680.6667	352.99606	1080.0	30.0	719.0	689.45557	1620.0	0.0	100.0	100.0	502499	2427.5427	162.98503	2798.023	-447.36288	-2432.7957	327.90683	4848.11786699295
336	508.66666	297.94556	940.0	30.0	1193.0	540.112	1690.0	0.0	100.0	100.0	503999	2423.9856	164.18706	2784.8647	-967.4211	-2429.0957	246.92163	4862.496631860733
337	791.3333	292.2526	1030.0	0.0	576.0	527.29877	1650.0	0.0	100.0	100.0	505499	2420.3638	166.0342	2887.818	-1022.1407	-2425.5586	275.7029	4876.5581407547
338	537.3333	356.3045	1000.0	0.0	847.0	664.5758	1820.0	0.0	100.0	100.0	506999	2419.105	165.09918	2776.8718	-538.2628	-2424.391	317.437	4890.559404850006
339	634.6667	222.49695	960.0	200.0	898.0	644.1863	1790.0	0.0	100.0	100.0	508499	2418.445	165.51784	2779.1848	-757.62354	-2423.8787	312.03503	4904.656670808792
340	646.6667	254.07787	960.0	90.0	864.0	387.01938	1450.0	160.0	100.0	100.0	509999	2418.3152	163.84325	2781.933	-250.62663	-2423.8186	191.82971	4921.43514084816
341	673.3333	361.30627	1070.0	0.0	1147.0	488.42706	1770.0	370.0	100.0	100.0	511499	2418.8438	165.36966	2815.1123	146.87428	-2424.4016	256.5257	4936.659378767014
342	652.6667	260.6266	960.0	50.0	770.0	445.4885	1640.0	0.0	100.0	100.0	512999	2419.8264	166.35387	2920.2593	-1051.2622	-2425.2278	472.9669	4950.908872842789
343	663.3333	306.93466	950.0	0.0	885.0	384.79214	1440.0	0.0	100.0	100.0	514499	2420.268	166.67885	2803.9055	-329.71225	-2425.8123	203.99036	4965.183265924454
344	659.3333	262.30942	930.0	0.0	1132.0	364.76843	1770.0	720.0	100.0	100.0	515999	2422.2341	168.18175	2790.9438	-855.05835	-2427.83	308.15656	4980.079246759415
345	516.0	369.30203	1050.0	0.0	1020.0	522.72363	1670.0	120.0	100.0	100.0	517499	2423.329	167.59798	2795.6638	-268.58636	-2428.9233	340.38257	4995.245981931686
346	541.3333	372.44894	950.0	0.0	738.0	630.4887	1680.0	0.0	100.0	100.0	518999	2423.711	170.19395	2795.1736	-2.6498117	-2429.2183	343.44073	5009.603677749634
347	614.0	334.9587	1010.0	0.0	525.0	423.46783	1200.0	0.0	100.0	91.1	520499	2425.4766	170.56993	2807.497	-412.35773	-2431.1777	235.58823	5023.764914751053
348	754.6667	234.31792	960.0	20.0	516.0	579.57227	1500.0	0.0	100.0	100.0	521999	2427.9783	170.99779	2820.4521	-1560.0652	-2433.614	386.17532	5038.036668777466
349	584.6667	375.83447	1060.0	0.0	724.0	699.4884	1630.0	0.0	100.0	100.0	523499	2429.071	171.5263	2834.2207	-526.0581	-2434.6968	340.7866	5052.696730852127
350	582.6667	389.07526	1020.0	0.0	862.0	742.6143	1810.0	0.0	100.0	100.0	524999	2431.411	171.9503	2844.3372	-1018.3555	-2437.11	156.99489	5067.570595741272
351	475.33334	348.84317	1040.0	0.0	656.0	626.15015	1760.0	0.0	100.0	100.0	526499	2432.41	172.86557	2851.2673	-912.23584	-2438.0647	231.78012	5081.980587005615
352	726.6667	296.84265	980.0	30.0	908.0	463.59033	1650.0	0.0	100.0	100.0	527999	2434.5312	172.74902	2880.1882	-673.73865	-2440.2156	206.43965	5096.938897848129
353	567.3333	393.8099	1010.0	40.0	776.0	418.19135	1400.0	0.0	100.0	100.0	529499	2436.8328	176.03986	2903.472	-1105.4279	-2442.5737	219.90213	5112.969834804535
354	568.0	341.0611	970.0	0.0	781.0	618.7803	1770.0	0.0	100.0	100.0	530999	2438.3452	178.86914	2864.9568	-989.8438	-2443.869	359.28214	5127.9917550086975
355	709.3333	265.54263	980.0	110.0	786.0	413.62302	1480.0	80.0	100.0	100.0	532499	2440.1763	179.25143	2895.4087	-1255.8987	-2445.823	235.2524	5142.889406919479
356	625.3333	310.54504	1000.0	0.0	787.0	698.88556	1670.0	0.0	100.0	100.0	533999	2441.0151	181.95984	2959.8735	-812.8028	-2446.7136	344.91327	5156.711697816849
357	470.66666	355.49905	930.0	0.0	581.0	478.96658	1510.0	0.0	100.0	100.0	535499	2443.5984	183.26479	3214.047	-775.3741	-2449.2246	376.35907	5170.6419377326965
358	436.66666	340.26788	910.0	0.0	523.0	566.48126	1530.0	0.0	100.0	100.0	536999	2444.1572	184.76915	3034.8735	-100.43097	-2449.7366	259.6339	5184.769625663757
359	484.66666	310.69525	940.0	0.0	770.0	471.27487	1680.0	0.0	100.0	100.0	538499	2444.9387	186.78406	3151.7878	-1607.0559	-2450.2043	366.3312	5199.067850828171
360	589.3333	339.75415	1020.0	0.0	943.0	615.32184	1740.0	0.0	100.0	100.0	539999	2444.0776	186.02522	3078.374	-637.70013	-2449.6904	242.53517	5213.342821836472
361	602.6667	333.63586	960.0	0.0	953.0	680.3977	1720.0	0.0	100.0	100.0	541499	2446.9788	188.67847	3506.5576	-151.19437	-2452.6494	220.56271	5227.129120826721
362	705.3333	324.87674	1030.0	0.0	769.0	556.2454	1670.0	50.0	100.0	100.0	542999	2447.0027	191.06877	3832.907	-82.43943	-2452.4456	273.33325	5240.7070116996765
363	556.6667	402.702	1000.0	0.0	608.0	623.87177	1630.0	0.0	100.0	100.0	544499	2449.4949	193.04834	4306.107	-1359.4402	-2455.155	224.77693	5254.756483078003
364	490.0	342.32538	960.0	0.0	588.0	624.4646	1710.0	0.0	100.0	100.0	545999	2450.3938	196.0084	4409.706	-116.843185	-2455.9045	304.64795	5268.315876722336
365	410.0	390.46982	940.0	0.0	441.0	457.1969	1140.0	0.0	100.0	100.0	547499	2450.2874	196.88889	5117.358	-1457.7372	-2456.0166	328.0695	5281.970014810562
366	704.0	269.0923	1010.0	140.0	870.0	673.7804	1750.0	0.0	100.0	92.6	548999	2453.4463	197.06058	5422.2183	14.454276	-2459.136	287.63068	5295.722672700882
367	581.3333	390.5358	980.0	0.0	727.0	564.4652	1480.0	0.0	100.0	100.0	550499	2455.2026	197.39569	5814.5933	-76.05101	-2461.0776	268.46097	5309.844391822815
368	489.33334	321.79633	980.0	0.0	740.0	680.67615	1640.0	0.0	100.0	91.9	551999	2457.815	197.16855	6703.401	-821.42316	-2463.892	278.44788	5323.951542854309
369	454.0	407.68942	990.0	0.0	446.0	641.5637	1870.0	0.0	100.0	85.4	553499	2461.8652	197.45367	6440.129	-636.8894	-2468.125	267.64163	5338.409555912018
370	453.125	418.3706	970.0	0.0	636.0	669.27124	1620.0	0.0	93.875	97.7	554999	2469.7244	200.48921	7093.624	-820.27313	-2476.2993	292.07376	5352.331708908081
371	425.0	352.13632	920.0	0.0	430.0	649.5229	1770.0	0.0	95.3125	87.4	556499	2477.9348	200.31445	7132.592	-803.9469	-2484.7766	342.97934	5366.101326704025
372	335.0	396.79968	1080.0	0.0	761.0	631.7349	1710.0	10.0	94.25	100.0	557999	2488.835	205.9271	7486.125	-191.58397	-2496.0366	396.3541	5381.703483819962
373	360.625	393.61255	940.0	0.0	189.0	309.6595	920.0	0.0	91.8125	96.4	559499	2503.3406	216.51517	7832.2437	-154.18225	-2511.3672	401.1582	5396.6030189991
374	227.64706	358.15753	870.0	0.0	525.0	535.09344	1640.0	0.0	89.70588	83.7	560999	2523.3926	234.20044	8018.363	-502.20184	-2532.309	511.5415	5410.841438770294
375	271.7647	351.73914	870.0	0.0	168.0	497.36908	1660.0	0.0	85.64706	84.4	562499	2545.128	246.44083	8064.7197	-827.35535	-2554.0542	642.6532	5424.866796016693
376	280.55554	393.08566	930.0	0.0	211.0	348.00717	910.0	0.0	84.833336	84.2	563999	2567.9712	271.19678	8115.888	-1005.1986	-2577.169	1141.7272	5439.250300884247
377	296.25	370.68982	960.0	0.0	194.0	493.66385	1670.0	0.0	95.0625	98.5	565499	2587.7058	282.2825	7697.4893	-229.56915	-2597.028	1231.5442	5453.603097677231
378	298.75	403.0179	1030.0	0.0	8.0	20.880613	70.0	0.0	90.75	79.4	566999	2608.5037	305.15347	7915.3647	-577.1633	-2617.6868	1066.9171	5468.034626960754
379	236.0	296.57602	890.0	0.0	424.0	559.50336	1690.0	0.0	99.6	96.9	568499	2626.2656	326.38864	7787.4976	-750.3505	-2635.06	1159.3842	5482.20219373703
380	283.75	373.39447	930.0	0.0	22.0	33.406586	110.0	0.0	96.125	93.0	569999	2641.9282	343.58694	7353.761	-1098.0967	-2650.947	468.74075	5496.449653863907
381	235.0	351.42566	930.0	0.0	655.0	668.40485	1640.0	0.0	94.0625	99.9	571499	2661.399	362.66794	7356.033	-303.1378	-2670.5566	795.00415	5510.530260801315
382	200.0	230.15936	680.0	0.0	145.0	230.315	760.0	0.0	99.6	91.9	572999	2676.1814	375.81888	6908.148	-848.2032	-2685.2166	1563.8975	5524.560116767883
383	218.0	280.45676	730.0	0.0	349.0	505.41962	1650.0	0.0	97.0	94.4	574499	2691.772	387.80984	6668.321	-1338.5737	-2700.848	1135.1091	5538.587928056717
384	155.29411	278.2956	930.0	0.0	470.0	702.9367	1560.0	0.0	89.47059	97.7	575999	2698.1086	386.76697	6244.4775	-942.47314	-2705.7986	1122.9392	5552.816195726395
385	218.75	340.45694	960.0	0.0	487.0	696.1329	1690.0	0.0	93.125	100.0	577499	2698.9683	387.08832	5992.0874	-975.10626	-2705.954	955.21735	5567.23729467392
386	125.0	250.47177	880.0	0.0	263.0	539.63043	1660.0	0.0	84.0	98.5	578999	2693.2717	381.45496	5813.1104	-544.69934	-2700.005	704.227	5581.524685621262
387	50.666668	95.46145	290.0	0.0	7.0	15.524175	50.0	0.0	100.0	100.0	580499	2690.1873	368.95938	5566.4556	14.827652	-2697.0083	984.36334	5595.261874914169
388	142.0	243.37077	850.0	0.0	126.0	279.82852	940.0	0.0	100.0	100.0	581999	2685.1543	360.14236	5408.092	-737.2924	-2691.6013	752.99475	5608.978210687637
389	137.5	262.76178	1000.0	0.0	187.0	427.87967	1440.0	0.0	93.9375	100.0	583499	2676.2625	351.45557	5069.5386	-847.2381	-2682.409	783.09174	5623.828397035599
390	285.33334	374.60852	970.0	0.0	186.0	393.37515	1340.0	0.0	100.0	100.0	584999	2667.523	341.19357	5054.1445	-217.17598	-2673.6084	640.7397	5638.0593519210815
391	140.0	215.15886	840.0	0.0	368.0	618.3009	1750.0	0.0	100.0	100.0	586499	2660.721	332.5377	4839.7407	-365.23163	-2666.913	724.34357	5652.078362703323
392	148.66667	247.49051	780.0	0.0	232.0	487.1509	1670.0	0.0	100.0	100.0	587999	2653.0825	325.87997	4871.0776	-892.7752	-2659.3667	583.8811	5666.386571884155
393	128.66667	288.94904	960.0	0.0	404.0	593.9899	1490.0	0.0	100.0	100.0	589499	2643.7642	316.15643	4625.558	-202.01094	-2649.4624	616.2423	5681.084065914154
394	341.33334	345.11575	890.0	0.0	204.0	424.6222	1460.0	0.0	100.0	100.0	590999	2635.2893	305.2356	4568.966	-16.377647	-2641.1133	410.37442	5695.001667022705
395	329.375	380.2543	980.0	0.0	38.0	54.184868	180.0	0.0	94.8125	100.0	592499	2630.738	297.53964	4432.173	-789.69037	-2636.519	512.4297	5709.386844873428
396	43.333332	101.17092	410.0	0.0	146.0	273.6494	950.0	0.0	100.0	100.0	593999	2622.3357	288.98563	4340.529	-274.48752	-2628.4167	655.02466	5724.541118860245
397	145.33333	286.63254	860.0	0.0	337.0	538.3874	1550.0	0.0	100.0	100.0	595499	2616.77	283.734	4207.253	-1809.9124	-2622.678	680.0687	5741.831351995468
398	78.75	161.12398	660.0	0.0	238.0	495.89917	1710.0	0.0	95.0	100.0	596999	2609.5874	275.41974	4121.0117	-604.8337	-2615.2659	440.9867	5758.468431711197
399	397.33334	409.5439	980.0	0.0	190.0	479.5206	1620.0	0.0	100.0	100.0	598499	2599.7095	266.24976	4019.9055	-339.2313	-2604.7488	382.98642	5775.130254745483
400	162.0	256.23425	860.0	0.0	658.0	775.96136	1820.0	0.0	100.0	100.0	599999	2589.8591	257.7735	3902.6929	-27.538036	-2595.1292	321.9185	5791.320556879044
401	226.0	360.99493	940.0	0.0	652.0	619.8032	1540.0	0.0	100.0	100.0	601499	2579.0063	249.97307	3789.2275	-297.89798	-2584.1802	419.6713	5808.013311862946
402	351.33334	368.61664	950.0	0.0	135.0	274.454	930.0	0.0	100.0	100.0	602999	2571.9045	244.09912	3674.3625	-333.1175	-2577.2454	486.5633	5824.225044965744
403	220.0	351.85223	960.0	0.0	159.0	236.28162	790.0	0.0	100.0	100.0	604499	2565.3196	239.66917	3573.5935	-567.43646	-2570.6536	479.19135	5840.675939798355
404	329.33334	285.271	810.0	0.0	476.0	623.9263	1780.0	0.0	100.0	100.0	605999	2556.887	231.70451	3448.4468	-284.8496	-2562.2314	437.06088	5857.175870895386
405	339.33334	372.96054	940.0	0.0	612.0	610.9959	1750.0	0.0	100.0	100.0	607499	2550.1294	225.7006	3394.9146	-801.75775	-2555.4822	319.4271	5872.037771940231
406	253.33333	364.85004	920.0	0.0	633.0	657.3439	1760.0	0.0	100.0	100.0	608999	2542.6794	223.21059	3335.3923	-440.77347	-2548.0437	449.77005	5886.118289709091
407	349.33334	356.88403	940.0	0.0	397.0	559.87585	1550.0	0.0	100.0	100.0	610499	2539.8782	218.9111	3308.2708	-683.67584	-2545.635	366.91455	5900.052259683609
408	327.33334	386.84134	980.0	0.0	52.0	70.398865	210.0	0.0	100.0	100.0	611999	2534.3835	221.47986	3278.6838	-576.03973	-2540.0117	572.6996	5914.889847993851
409	418.66666	375.4618	930.0	0.0	1049.0	704.20807	1750.0	10.0	100.0	100.0	613499	2529.958	219.58405	3278.737	-954.72925	-2535.6274	333.99283	5931.607027769089
410	376.0	391.77887	900.0	0.0	766.0	552.70605	1800.0	0.0	100.0	100.0	614999	2526.623	215.63606	3294.449	-0.8868036	-2532.045	434.54718	5951.247399806976
411	486.0	393.88324	1030.0	0.0	644.0	638.517	1730.0	0.0	100.0	100.0	616499	2523.1624	217.19911	3236.419	-1064.2261	-2528.9177	401.90405	5966.392111778259
412	339.33334	404.16937	1040.0	0.0	625.0	683.875	1660.0	0.0	100.0	100.0	617999	2521.2773	216.56404	3255.6	-1381.2231	-2526.9746	486.2245	5983.552287817001
413	429.33334	378.88373	1000.0	0.0	769.0	670.9016	1560.0	0.0	100.0	100.0	619499	2517.5073	217.2715	3215.099	-175.37639	-2523.1587	324.02347	5997.679369926453
414	490.66666	329.251	930.0	20.0	982.0	673.46564	1750.0	0.0	100.0	100.0	620999	2514.194	214.37274	3186.3623	-1541.1066	-2519.8533	491.59442	6013.92347073555
415	421.33334	377.90414	1030.0	0.0	520.0	605.7062	1590.0	0.0	100.0	100.0	622499	2511.0913	212.07352	3191.463	-48.088654	-2516.6282	234.74875	6027.96705198288
416	448.66666	308.7797	980.0	0.0	638.0	430.27432	1260.0	0.0	100.0	100.0	623999	2507.8872	212.15883	3158.9226	-667.65753	-2513.3276	524.75134	6042.111566781998
417	487.33334	383.48343	1000.0	0.0	466.0	472.19064	1480.0	0.0	100.0	100.0	625499	2503.731	211.15836	3151.847	-548.97516	-2509.264	337.65625	6056.882648706436
418	472.66666	402.98004	1040.0	0.0	752.0	643.28534	1730.0	0.0	100.0	100.0	626999	2501.2773	209.39307	3145.293	-1267.473	-2506.5432	365.4303	6072.63862490654
419	654.6667	349.47327	1020.0	0.0	779.0	561.38135	1510.0	0.0	100.0	100.0	628499	2494.9355	209.89865	3138.0947	180.90604	-2500.0632	379.11432	6089.851389884949
420	501.33334	404.75287	970.0	0.0	683.0	653.92737	1700.0	0.0	100.0	100.0	629999	2490.387	210.26979	3137.1362	-713.7083	-2495.5862	326.22278	6108.085309743881
421	546.0	386.41602	960.0	0.0	540.0	457.668	1430.0	0.0	100.0	100.0	631499	2485.9102	209.81866	3106.9558	-509.37952	-2491.225	351.70908	6125.000523805618
422	482.66666	382.61325	910.0	0.0	472.0	457.51065	1490.0	0.0	100.0	100.0	632999	2480.9006	209.77228	3098.474	-99.63254	-2485.9812	244.92853	6141.965708971024
423	601.3333	319.4551	980.0	40.0	758.0	613.9023	1740.0	60.0	100.0	100.0	634499	2474.3975	208.77219	3050.6462	-16.624893	-2479.347	337.17725	6157.97668671608
424	681.3333	277.17303	960.0	20.0	1219.0	515.06213	1770.0	90.0	100.0	100.0	635999	2467.8228	208.08961	3051.3726	-614.5368	-2472.6694	302.09567	6173.574683904648
425	627.3333	349.16028	1130.0	10.0	1007.0	647.9514	1700.0	0.0	100.0	100.0	637499	2462.9072	207.80392	3009.1848	-890.55786	-2467.8003	354.56683	6187.5961446762085
426	682.0	311.21698	1050.0	0.0	954.0	511.6874	1560.0	20.0	100.0	100.0	638999	2454.7822	207.74025	2993.4824	-491.0323	-2459.47	407.7785	6201.856428861618
427	644.6667	255.83502	930.0	180.0	920.0	498.49774	1690.0	140.0	100.0	100.0	640499	2448.7727	209.076	2997.8564	-590.7434	-2453.5417	377.2047	6216.253304719925
428	522.6667	364.95602	1030.0	0.0	1192.0	483.77267	1650.0	110.0	100.0	100.0	641999	2441.0098	210.96384	2962.8298	-276.83148	-2445.7593	301.50424	6230.535554885864
429	746.6667	202.73685	970.0	350.0	690.0	480.33322	1670.0	0.0	100.0	100.0	643499	2435.9512	210.80042	2951.0923	-272.59753	-2440.5334	497.6532	6244.801280975342
430	762.0	216.30843	990.0	100.0	1130.0	611.261	1730.0	0.0	100.0	100.0	644999	2431.2014	209.61206	2937.2434	-845.75824	-2436.021	323.06702	6259.592816829681
431	467.33334	353.73184	950.0	0.0	1048.0	422.34583	1650.0	20.0	100.0	100.0	646499	2425.6956	212.64946	2935.0552	-508.00546	-2430.439	350.34247	6273.849210739136
432	681.3333	291.79596	940.0	20.0	662.0	627.57947	1710.0	0.0	100.0	100.0	647999	2422.0798	210.87488	2923.825	-457.80212	-2426.8127	263.21152	6287.875556707382
433	679.3333	384.2303	1120.0	0.0	1033.0	484.31497	1570.0	0.0	100.0	100.0	649499	2416.2544	214.84785	2917.2903	-421.39902	-2421.007	453.39508	6302.107553958893
434	676.6667	361.7304	1020.0	0.0	1024.0	550.7849	1610.0	30.0	100.0	100.0	650999	2413.9043	212.47528	2908.0134	-1144.786	-2418.5986	251.12082	6316.3440907001495
435	602.6667	331.75226	990.0	0.0	691.0	612.5757	1740.0	0.0	100.0	100.0	652499	2410.4905	212.0856	2894.0059	-310.6506	-2415.227	247.49802	6330.311872005463
436	675.3333	377.07413	1020.0	0.0	1063.0	576.5423	1600.0	0.0	100.0	100.0	653999	2405.7712	209.85611	2891.4429	-992.6961	-2410.3064	384.00015	6344.621789932251
437	616.0	264.39365	950.0	0.0	924.0	257.92245	1480.0	620.0	100.0	100.0	655499	2400.0955	213.1382	2875.5881	-418.43726	-2404.556	409.32986	6359.844122886658
438	519.3333	359.6381	960.0	0.0	850.0	527.12427	1760.0	0.0	100.0	100.0	656999	2396.5674	209.15894	2871.507	-609.22815	-2401.2017	308.5545	6377.62487077713
439	547.3333	381.33914	1010.0	0.0	639.0	611.2193	1690.0	0.0	100.0	100.0	658499	2392.4387	210.29024	2862.8782	-991.17737	-2397.0637	493.44083	6392.351540803909
440	798.6667	195.27303	1010.0	170.0	1054.0	474.28262	1710.0	0.0	100.0	100.0	659999	2389.6108	207.16115	2855.2522	-197.93376	-2394.1406	331.37207	6409.232825756073
441	516.0	362.30374	980.0	0.0	982.0	448.23654	1690.0	420.0	100.0	100.0	661499	2384.4873	209.47241	2845.6785	-385.48392	-2388.9182	370.264	6427.662833929062
442	586.0	342.92468	950.0	0.0	1165.0	499.42468	1700.0	0.0	100.0	100.0	662999	2381.8245	208.19186	2841.4658	-181.79845	-2386.456	275.82376	6442.674461841583
443	783.3333	229.74382	1020.0	130.0	1066.0	652.78174	1770.0	0.0	100.0	100.0	664499	2379.2537	210.0658	2834.7427	-1819.3011	-2383.7534	349.0014	6457.691611766815
444	580.6667	354.4473	980.0	0.0	560.0	561.8719	1540.0	0.0	100.0	100.0	665999	2375.7126	208.33301	2828.243	-307.1164	-2380.1746	339.28088	6476.365897893906
445	560.0	308.35046	900.0	0.0	709.0	581.6606	1730.0	0.0	100.0	100.0	667499	2373.4497	209.40912	2830.5574	-372.37027	-2378.112	346.53375	6495.506789684296
446	637.3333	306.2998	960.0	0.0	1052.0	638.94916	1770.0	0.0	100.0	100.0	668999	2372.941	206.61113	2830.5293	-1237.4966	-2377.5508	266.52856	6513.293203830719
447	630.0	320.41638	980.0	0.0	954.0	628.66846	1650.0	0.0	100.0	100.0	670499	2370.8057	203.62318	2831.7256	-97.07218	-2375.352	281.51456	6528.276230812073
448	777.3333	219.46805	1020.0	220.0	793.0	468.18906	1730.0	100.0	100.0	100.0	671999	2369.6226	201.54886	2828.1924	-385.2049	-2374.178	248.48563	6543.319431781769
449	668.6667	342.49802	1050.0	0.0	747.0	770.2214	1800.0	0.0	100.0	100.0	673499	2366.8594	202.27235	2815.0732	-953.99274	-2371.4229	321.17615	6557.68248963356
450	670.0	315.38336	990.0	0.0	782.0	441.96832	1420.0	0.0	100.0	100.0	674999	2365.1853	199.83713	2808.326	-58.499893	-2369.6309	207.23296	6572.495419740677
451	496.66666	341.1093	1000.0	0.0	954.0	470.4296	1670.0	130.0	100.0	100.0	676499	2361.6777	200.52493	2805.9985	-1225.9209	-2366.223	390.63766	6587.873029708862
452	583.3333	327.387	930.0	40.0	713.0	601.83136	1710.0	0.0	100.0	100.0	677999	2360.9448	198.31746	2788.6904	-459.70267	-2365.5916	261.5326	6602.4017968177795
453	533.125	404.00677	1040.0	0.0	1213.0	502.41516	1660.0	0.0	94.125	100.0	679499	2360.0974	195.20348	2788.1826	-532.2621	-2364.542	322.0018	6617.362687826157
454	687.3333	318.69458	990.0	0.0	952.0	607.46686	1880.0	0.0	100.0	100.0	680999	2357.0503	195.07787	2766.0789	11.938404	-2361.3684	276.29178	6634.390997886658
455	595.3333	332.98383	1050.0	0.0	1214.0	462.19476	1830.0	600.0	100.0	100.0	682499	2354.8816	194.61525	2758.2556	-32.07596	-2359.2783	334.49127	6650.1665070056915
456	666.0	267.078	1040.0	0.0	640.0	588.4556	1650.0	0.0	100.0	100.0	683999	2353.0947	192.45206	2756.1343	-1254.5367	-2357.5127	338.06723	6667.548533916473
457	636.6667	330.0034	1020.0	0.0	872.0	523.3699	1860.0	0.0	100.0	100.0	685499	2349.2617	191.97942	2751.5469	-1406.4253	-2353.577	366.08295	6686.539670944214
458	686.0	252.92424	1020.0	0.0	842.0	606.3135	1730.0	0.0	100.0	100.0	686999	2348.8179	189.43272	2739.1038	-42.991863	-2353.3306	170.13655	6703.18475484848
459	610.0	364.17944	1040.0	50.0	1038.0	362.3755	1850.0	720.0	100.0	100.0	688499	2348.0454	189.07285	2736.6145	-25.60516	-2352.404	225.85739	6719.442220926285
460	753.3333	311.48392	1020.0	0.0	1249.0	379.64325	1700.0	690.0	100.0	100.0	689999	2347.2498	189.9024	2731.2532	-246.12836	-2351.7808	247.62654	6735.964161872864
461	666.0	319.3076	970.0	30.0	1086.0	672.1637	1700.0	20.0	100.0	100.0	691499	2347.2834	189.60858	2728.8276	-309.71414	-2351.8872	225.17072	6752.4285209178925
462	564.375	354.4709	970.0	0.0	1384.0	297.59705	1690.0	800.0	93.875	100.0	692999	2348.633	185.25642	2730.2698	-114.17626	-2353.2007	229.34653	6769.632761716843
463	851.3333	229.3721	1010.0	30.0	1201.0	394.7265	1760.0	590.0	100.0	100.0	694499	2349.1511	185.1881	2730.965	-1686.6476	-2353.743	309.74258	6788.201136827469
464	668.6667	304.01462	970.0	80.0	825.0	620.0363	1770.0	130.0	100.0	100.0	695999	2347.483	187.60454	2729.1697	-927.9747	-2351.8713	335.28146	6804.166334867477
465	647.3333	302.57706	940.0	10.0	866.0	641.17395	1780.0	10.0	100.0	100.0	697499	2345.9788	187.77734	2724.8464	-138.30597	-2350.425	398.261	6821.344787836075
466	670.6667	338.65353	990.0	0.0	874.0	577.16895	1640.0	50.0	100.0	100.0	698999	2346.7898	182.87292	2721.1719	-86.477905	-2351.2935	246.6135	6835.723572969437
467	690.6667	326.261	950.0	0.0	897.0	396.86395	1460.0	0.0	100.0	100.0	700499	2346.5713	183.33194	2715.5967	-891.37146	-2351.2173	356.20334	6853.5992748737335
468	847.3333	132.88927	1000.0	550.0	1227.0	588.40546	1740.0	60.0	100.0	100.0	701999	2347.6272	183.38304	2712.5444	-983.6991	-2352.182	324.34912	6870.686776638031
469	625.3333	321.07874	1000.0	70.0	896.0	515.4066	1800.0	120.0	100.0	100.0	703499	2348.0537	182.49927	2685.4807	-56.308838	-2352.865	409.65488	6887.174596786499
470	695.3333	326.69794	1060.0	0.0	942.0	446.15692	1610.0	20.0	100.0	100.0	704999	2349.28	182.43916	2696.7388	-467.60452	-2353.9187	233.59886	6901.353978872299
471	694.0	306.35056	1040.0	0.0	939.0	612.1021	1780.0	0.0	100.0	90.8	706499	2350.0532	180.99016	2699.2498	-742.33356	-2354.4827	366.52783	6923.167376756668
472	764.6667	256.71948	1000.0	20.0	991.0	693.303	1750.0	0.0	100.0	100.0	707999	2349.0981	180.71254	2697.2292	-56.786484	-2353.5015	380.3655	6942.059319972992
473	623.3333	331.83664	1000.0	50.0	877.0	453.01324	1540.0	0.0	100.0	100.0	709499	2348.1958	180.60191	2701.2761	-797.6289	-2352.6326	368.5181	6959.459349870682
474	672.6667	306.23447	990.0	0.0	880.0	687.139	1740.0	0.0	100.0	100.0	710999	2348.8586	178.09099	2688.7327	-67.7344	-2353.321	323.19586	6975.98526096344
475	668.0	307.8138	890.0	0.0	1178.0	483.33838	1720.0	340.0	100.0	100.0	712499	2349.2942	177.78012	2681.3962	124.0685	-2353.7207	242.64648	6993.717116832733
476	856.0	204.83488	1000.0	120.0	905.0	571.66864	1750.0	200.0	100.0	100.0	713999	2349.4648	178.98108	2679.0632	-1412.367	-2353.928	410.7381	7013.227161645889
477	640.0	264.0202	930.0	0.0	974.0	445.20108	1620.0	70.0	100.0	100.0	715499	2349.5898	181.28127	2676.8667	-151.06155	-2353.9944	293.05038	7027.741244792938
478	708.0	294.64554	970.0	30.0	1274.0	459.89563	1670.0	180.0	100.0	100.0	716999	2349.3264	178.03633	2672.3367	-33.078293	-2353.714	246.53479	7042.7179000377655
479	736.0	283.1207	1030.0	0.0	1268.0	339.28748	1730.0	730.0	100.0	100.0	718499	2348.251	178.61572	2678.8965	-169.45448	-2352.6357	427.98053	7058.244946718216
480	544.6667	280.2348	910.0	0.0	925.0	535.9338	1730.0	0.0	100.0	100.0	719999	2348.356	174.64078	2676.6084	-874.53064	-2352.6257	285.30386	7071.908079862595
481	677.3333	264.2339	910.0	50.0	1265.0	490.73923	1760.0	130.0	100.0	100.0	721499	2346.215	174.52893	2668.6694	-70.199875	-2350.461	251.73682	7085.659047842026
482	654.0	277.89206	970.0	0.0	761.0	463.56122	1610.0	0.0	100.0	100.0	722999	2345.1052	175.2577	2671.0332	-266.4577	-2349.349	208.70396	7099.807376861572
483	823.3333	139.31578	1020.0	480.0	1172.0	565.5581	1680.0	70.0	100.0	100.0	724499	2344.6736	176.34772	2672.4321	-213.6942	-2349.034	200.61497	7115.567923784256
484	696.0	288.8783	1000.0	50.0	1015.0	433.826	1780.0	280.0	100.0	100.0	725999	2344.612	175.95428	2677.79	-433.79602	-2348.8638	231.28357	7130.972168922424
485	406.0	350.6147	1010.0	0.0	866.0	579.22705	1550.0	0.0	100.0	100.0	727499	2343.2795	176.58748	2689.5283	-753.0234	-2347.5337	395.80768	7145.378122806549
486	716.0	314.9561	1040.0	0.0	1330.0	308.60977	1670.0	830.0	100.0	100.0	728999	2343.6555	173.93759	2678.2046	-335.39572	-2347.975	267.4135	7159.497819900513
487	580.0	362.96924	980.0	0.0	1236.0	384.03647	1780.0	790.0	100.0	100.0	730499	2344.1243	173.32008	2683.6785	-361.05246	-2348.4646	272.9244	7173.592081785202
488	772.6667	233.65121	960.0	0.0	1220.0	494.5503	1770.0	430.0	100.0	100.0	731999	2343.2034	172.81117	2675.4817	40.147022	-2347.3257	308.51605	7187.079185724258
489	767.3333	294.13074	1000.0	40.0	800.0	602.62756	1740.0	0.0	100.0	100.0	733499	2342.809	172.65117	2670.835	-945.3838	-2346.8594	215.40247	7200.938914775848
490	795.3333	154.3963	970.0	370.0	1325.0	433.2955	1820.0	760.0	100.0	100.0	734999	2340.2903	173.34842	2674.5972	-106.08467	-2344.356	231.47696	7218.590371847153
491	742.6667	199.98222	1060.0	310.0	1260.0	473.51874	1800.0	350.0	100.0	100.0	736499	2339.9714	171.5368	2663.104	-522.4574	-2344.1736	270.86966	7236.892301797867
492	746.6667	271.99673	1020.0	70.0	1332.0	330.932	1790.0	840.0	100.0	100.0	737999	2340.3013	171.6956	2666.1729	-308.57748	-2344.487	262.66776	7252.887177944183
493	748.6667	243.03268	990.0	0.0	1266.0	531.22876	1790.0	0.0	100.0	100.0	739499	2340.3203	170.9566	2663.558	-1325.087	-2344.4565	285.96335	7268.314286708832
494	759.3333	264.28436	1020.0	0.0	1239.0	401.25928	1700.0	390.0	100.0	100.0	740999	2337.7673	175.01324	2671.117	-104.09221	-2341.7207	227.70625	7283.722052812576
495	634.6667	355.26263	1020.0	0.0	1533.0	319.12537	1840.0	900.0	100.0	100.0	742499	2337.9287	173.8841	2670.434	-224.42723	-2342.2324	221.94861	7300.508620977402
496	745.3333	290.26117	960.0	0.0	1054.0	446.0314	1700.0	0.0	100.0	100.0	743999	2337.1558	174.08035	2670.095	-1122.5059	-2341.2456	175.14519	7317.44019985199
497	711.3333	341.38672	1010.0	0.0	1406.0	275.36157	1680.0	760.0	100.0	100.0	745499	2337.859	169.66566	2670.6326	-543.10864	-2341.8208	152.29399	7335.068014621735
498	724.0	250.54076	970.0	140.0	1086.0	493.42072	1860.0	30.0	100.0	100.0	746999	2335.7068	170.46521	2691.474	-318.38632	-2339.4565	293.56784	7353.019830942154
499	824.0	150.89952	980.0	460.0	1122.0	513.72754	1720.0	370.0	100.0	100.0	748499	2333.6868	170.2371	2672.7405	-129.44855	-2337.5603	322.5802	7368.682494878769
500	728.0	286.9425	990.0	0.0	1116.0	486.4196	1750.0	100.0	100.0	100.0	749999	2331.9253	170.12805	2672.4014	-141.96455	-2335.905	187.78294	7384.410146713257
