Epoch	AverageEpRet	StdEpRet	MaxEpRet	MinEpRet	AverageTestEpRet	StdTestEpRet	MaxTestEpRet	MinTestEpRet	EpLen	TestEpLen	TotalEnvInteracts	AverageQ1Vals	StdQ1Vals	MaxQ1Vals	MinQ1Vals	AverageQ2Vals	StdQ2Vals	MaxQ2Vals	MinQ2Vals	LossPi	LossQ	Time
1	-489.75543	7.3106213	-476.03253	-503.0781	-484.40567	4.663878	-477.3391	-493.379	100.0	100.0	1499	-6.02906	1.9740851	0.043561675	-10.432479	-6.0881004	1.8565423	-0.052783713	-10.132545	5.788046	3.3963265	5.640466928482056
2	-491.93607	6.339441	-471.46133	-497.36264	-477.6075	19.039948	-433.56747	-496.3117	100.0	100.0	2999	-14.769002	3.8624632	-7.113256	-24.009869	-14.768528	3.8632417	-7.209327	-24.00883	14.584574	0.14027908	17.561553239822388
3	-492.7042	6.348515	-473.65417	-501.29187	-482.16754	9.504811	-460.5494	-496.68726	100.0	100.0	4499	-27.92486	3.7510004	-19.50783	-37.717663	-27.924898	3.7513044	-19.77471	-37.831917	27.785294	0.17958772	31.67471218109131
4	-492.41437	4.498512	-482.6679	-501.8428	-483.0578	12.820389	-458.72403	-497.59286	100.0	100.0	5999	-39.575222	3.2079918	-31.893394	-48.826744	-39.57543	3.208073	-31.936508	-48.898098	39.430595	0.24127254	44.733319997787476
5	-493.65738	3.6696036	-486.9754	-501.30078	-480.62955	15.115745	-440.1551	-494.99802	100.0	100.0	7499	-49.479855	2.7719557	-42.3246	-57.565315	-49.479816	2.7704992	-42.371178	-57.229176	49.331375	0.2828836	56.434293031692505
6	-490.5509	5.225106	-479.3061	-499.6337	-473.3167	15.831436	-450.92386	-491.17462	100.0	100.0	8999	-57.84008	2.378742	-51.027897	-66.88166	-57.84025	2.3749774	-51.221283	-66.28103	57.69631	0.3093572	71.18720722198486
7	-489.766	6.5419765	-473.28647	-497.83197	-484.59732	11.668172	-456.1362	-499.14584	100.0	100.0	10499	-64.82394	2.0596623	-58.165527	-73.44578	-64.82414	2.0542314	-58.700817	-72.64403	64.68266	0.32856098	86.98610520362854
8	-478.29633	21.89064	-423.53253	-502.00183	-491.07968	5.2168856	-483.53403	-501.12042	100.0	100.0	11999	-70.5709	1.7809838	-64.373024	-78.02664	-70.570984	1.7752136	-64.36222	-77.45465	70.44753	0.33206126	102.4656171798706
9	-476.02063	18.459705	-426.2181	-497.9439	-476.04996	15.769703	-457.45673	-501.11502	100.0	100.0	13499	-75.32833	1.6361837	-69.24178	-82.17408	-75.32838	1.631624	-69.55224	-81.75076	75.207596	0.34484196	119.18925714492798
10	-485.16016	6.283544	-472.92044	-496.5487	-477.37885	22.050247	-417.3259	-493.18262	100.0	100.0	14999	-79.25013	1.5557775	-73.72554	-86.00299	-79.250084	1.551574	-73.96798	-85.41732	79.12427	0.36568746	137.36189007759094
11	-482.4836	11.856744	-457.853	-500.62268	-460.38306	28.804518	-393.66525	-483.33783	100.0	100.0	16499	-82.511505	1.4872471	-77.019135	-89.29281	-82.51159	1.480135	-77.10376	-89.058815	82.38576	0.37867478	152.27453899383545
12	-479.4434	15.749881	-443.64407	-499.1274	-465.41196	16.527407	-424.55893	-485.4603	100.0	100.0	17999	-85.18788	1.4645773	-79.54254	-91.848526	-85.18817	1.4569628	-79.639824	-91.081535	85.05908	0.38562015	165.8797161579132
13	-463.15884	20.51154	-396.08395	-485.44373	-470.26743	36.12538	-370.7896	-497.9555	100.0	100.0	19499	-87.2937	1.5300846	-81.31298	-93.698944	-87.293816	1.5223739	-81.29226	-93.25662	87.16396	0.4099989	180.95816612243652
14	-467.07224	18.577015	-420.91583	-497.41183	-466.25067	19.44332	-435.3644	-498.0243	100.0	100.0	20999	-88.96963	1.6141747	-82.08206	-95.38275	-88.96964	1.60424	-82.03845	-95.35227	88.83078	0.42729643	195.796804189682
15	-461.90833	19.318617	-411.71484	-492.7663	-455.29208	34.029816	-363.77206	-485.07007	100.0	100.0	22499	-90.34281	1.6997576	-82.88963	-96.841675	-90.342865	1.6907912	-82.78788	-96.71483	90.197174	0.44414446	211.24170112609863
16	-458.6381	20.70064	-402.7905	-488.8659	-467.1979	18.106909	-429.03818	-489.53308	100.0	100.0	23999	-91.42653	1.7974747	-83.66822	-98.444374	-91.42668	1.7888135	-83.60729	-98.294014	91.28028	0.4696251	226.67126297950745
17	-462.29987	15.856228	-425.56482	-488.2882	-450.98383	18.753876	-420.9179	-483.26718	100.0	100.0	25499	-92.28418	1.9363911	-84.2617	-99.30378	-92.28442	1.9292718	-84.154106	-99.3234	92.13192	0.49365103	242.31359004974365
18	-452.49252	20.220444	-408.32956	-485.35468	-452.96802	21.922539	-394.87488	-480.32498	100.0	100.0	26999	-92.907745	2.0586405	-84.82851	-100.97723	-92.90772	2.0494483	-84.775925	-100.10653	92.75731	0.5149071	257.5054771900177
19	-459.64044	18.555025	-415.07428	-488.63666	-456.57928	23.296574	-416.7327	-486.27917	100.0	100.0	28499	-93.36832	2.1717443	-85.17252	-101.89419	-93.36852	2.1639466	-85.091606	-101.556206	93.206764	0.53102875	272.73346519470215
20	-444.8781	30.291748	-356.04068	-487.61108	-421.9471	56.914948	-319.80685	-480.77856	100.0	100.0	29999	-93.68207	2.314141	-85.27041	-102.61404	-93.682076	2.3066106	-85.40678	-101.81667	93.51271	0.5494629	287.9306843280792
21	-453.30026	18.717873	-415.59274	-477.7433	-447.55746	12.831915	-429.65982	-474.89575	100.0	100.0	31499	-93.883255	2.4611733	-85.45841	-103.56104	-93.883286	2.4546907	-85.46512	-102.1779	93.71992	0.5573147	302.81247305870056
22	-447.42966	19.763163	-406.22824	-481.14594	-414.8454	50.151115	-322.83557	-466.47705	100.0	100.0	32999	-94.00158	2.571997	-85.045296	-103.3687	-94.00163	2.5666173	-85.20763	-102.875145	93.82344	0.5699292	317.86559319496155
23	-443.37045	23.985039	-395.74887	-483.34055	-414.07355	66.58523	-237.71255	-461.1314	100.0	100.0	34499	-94.06451	2.6724818	-84.99976	-104.223946	-94.06452	2.6668344	-84.94238	-103.14539	93.8876	0.59838176	332.9271869659424
24	-442.391	20.123774	-381.51132	-460.0859	-420.77792	32.075462	-351.327	-460.01575	100.0	100.0	35999	-94.02059	2.7962172	-84.51268	-104.617645	-94.02068	2.7923675	-84.51699	-103.65631	93.84317	0.6036047	347.95834016799927
25	-444.23154	21.984123	-389.38394	-475.87692	-425.35815	24.098028	-384.22238	-464.70404	100.0	100.0	37499	-93.93088	2.8932993	-84.341324	-105.14833	-93.9308	2.8901334	-84.20002	-103.94672	93.73389	0.6251784	363.05442214012146
26	-430.24225	32.95794	-325.05026	-451.64188	-410.91586	27.277163	-359.29303	-459.52258	100.0	100.0	38999	-93.78001	3.0092819	-83.75673	-105.48544	-93.78005	3.005966	-83.786316	-104.30269	93.5869	0.6424225	378.1230170726776
27	-433.14957	17.881418	-395.03012	-460.48212	-408.25824	37.419018	-355.56256	-466.2301	100.0	100.0	40499	-93.599754	3.1178606	-83.399994	-105.97606	-93.59971	3.1141086	-83.50537	-105.20746	93.40242	0.6682078	393.1754539012909
28	-434.33664	26.471748	-380.1757	-470.46347	-414.6819	49.57353	-309.8887	-481.3624	100.0	100.0	41999	-93.41449	3.2242281	-83.23838	-106.273224	-93.414566	3.2204096	-83.26796	-105.71479	93.224884	0.6716558	408.15935802459717
29	-434.69852	25.628143	-373.51678	-464.84534	-380.38492	46.035133	-308.3132	-452.62946	100.0	100.0	43499	-93.196785	3.3142314	-82.86966	-106.56316	-93.19686	3.3094106	-82.9213	-106.03941	92.9842	0.68303865	423.21825909614563
30	-428.02527	29.662828	-371.5487	-465.51236	-405.28256	15.162169	-383.0571	-431.9065	100.0	100.0	44999	-92.99949	3.4001162	-82.43851	-107.00391	-92.99934	3.3961174	-82.40347	-106.64805	92.77209	0.722068	438.0916202068329
31	-423.44806	21.965023	-356.83304	-458.74915	-396.92	35.33811	-322.843	-442.7272	100.0	100.0	46499	-92.80175	3.468455	-81.969734	-106.68095	-92.80177	3.464219	-82.1284	-105.80143	92.57556	0.74616534	453.1278021335602
32	-429.2837	25.141298	-390.79645	-468.4311	-393.0602	34.608505	-339.87866	-465.1101	100.0	100.0	47999	-92.55013	3.5122633	-81.808174	-107.13798	-92.55015	3.5081525	-81.845695	-107.9072	92.31798	0.77441406	468.314325094223
33	-434.45688	24.466972	-389.9481	-469.14914	-403.3564	47.41478	-327.35318	-492.3505	100.0	100.0	49499	-92.321815	3.5844843	-81.521034	-107.06392	-92.32191	3.5803356	-81.57077	-106.50955	92.07938	0.7713674	483.28823804855347
34	-424.8672	28.630459	-354.705	-461.98117	-428.43573	12.583532	-403.05273	-442.41287	100.0	100.0	50999	-92.09675	3.6524367	-81.19822	-107.49998	-92.09673	3.6472762	-81.28479	-107.32443	91.8657	0.79600316	498.3665101528168
35	-429.20215	27.259958	-356.73758	-470.87323	-385.99478	35.218914	-314.24323	-431.59207	100.0	100.0	52499	-91.860176	3.6999872	-80.73384	-106.66293	-91.860275	3.6940887	-81.10288	-106.16764	91.64156	0.8169756	513.4551119804382
36	-417.15073	34.073616	-342.80624	-462.8069	-397.8492	63.86835	-231.47134	-458.1553	100.0	100.0	53999	-91.623024	3.7713778	-80.617134	-107.75011	-91.623146	3.7658508	-80.840355	-107.88935	91.36887	0.81680715	528.4783890247345
37	-418.75598	35.235287	-320.30728	-461.26993	-408.38568	30.37274	-353.88507	-467.67743	100.0	100.0	55499	-91.36875	3.8292708	-80.45853	-107.34396	-91.36889	3.822828	-80.56853	-107.91357	91.122894	0.8467077	543.7538380622864
38	-430.83264	16.196354	-392.2358	-454.53195	-404.94406	32.575024	-326.55215	-443.84637	100.0	100.0	56999	-91.14859	3.872799	-80.260704	-108.30994	-91.1487	3.8662915	-80.32604	-108.071625	90.91016	0.866215	558.7506511211395
39	-430.59174	24.104362	-378.9733	-474.1795	-393.70972	38.058777	-319.72137	-452.5412	100.0	100.0	58499	-90.967094	3.9167426	-80.20243	-107.92768	-90.96721	3.9104311	-80.224846	-108.47006	90.73739	0.8673374	573.6278111934662
40	-410.67865	32.66181	-352.4353	-459.9309	-400.6592	17.34196	-370.33435	-431.01236	100.0	100.0	59999	-90.76633	3.9687204	-79.97587	-108.53079	-90.7663	3.9621832	-80.29802	-108.1401	90.531395	0.88748586	588.7913672924042
41	-423.58096	22.616856	-372.67255	-470.57788	-384.27637	42.109188	-331.5414	-459.5277	100.0	100.0	61499	-90.561325	4.0010257	-79.94702	-107.11754	-90.561516	3.9938912	-80.11068	-108.723236	90.31612	0.8778315	603.760026216507
42	-421.78433	40.053093	-325.0864	-479.00156	-415.83344	37.122536	-344.15256	-491.8634	100.0	100.0	62999	-90.366684	4.070595	-79.82433	-107.95729	-90.36686	4.062369	-79.912254	-108.95896	90.12004	0.89678746	618.9748589992523
43	-421.3953	28.671728	-353.36264	-450.41068	-400.1941	33.793873	-336.64386	-451.79645	100.0	100.0	64499	-90.21098	4.1268706	-79.65303	-107.04664	-90.21112	4.1198955	-79.68467	-109.00347	89.96244	0.9050073	634.0533120632172
44	-429.41275	19.397335	-395.1234	-456.80475	-411.13638	26.0527	-367.20996	-458.19632	100.0	100.0	65999	-90.064896	4.1921816	-79.38926	-107.61331	-90.065056	4.183586	-79.71659	-109.79375	89.80897	0.91077423	649.7660961151123
45	-417.61047	27.403805	-371.98883	-456.63358	-379.76367	41.310867	-329.86255	-460.82672	100.0	100.0	67499	-89.87665	4.207422	-79.62706	-108.92877	-89.87668	4.1997504	-79.64518	-110.202446	89.63239	0.92390335	665.2896621227264
46	-412.96545	36.07698	-327.54825	-466.3312	-373.61285	25.479479	-332.8395	-409.35535	100.0	100.0	68999	-89.7224	4.24588	-79.634445	-108.70427	-89.72261	4.2387443	-79.670815	-109.99836	89.50223	0.92597085	680.6838941574097
47	-425.1493	22.29085	-376.56113	-455.17563	-372.22922	49.05699	-273.80603	-433.683	100.0	100.0	70499	-89.58327	4.3022075	-79.30182	-108.477516	-89.58332	4.294945	-79.17308	-108.0208	89.35108	0.9133349	695.8826670646667
48	-406.52496	38.54516	-322.6521	-457.03586	-397.47287	46.06245	-288.30386	-448.94888	100.0	100.0	71999	-89.43128	4.350206	-79.230865	-109.51976	-89.43166	4.341178	-79.300354	-110.460266	89.18232	0.91632664	711.1121060848236
49	-418.15375	32.547897	-348.0662	-455.32803	-400.7553	25.07537	-359.07242	-438.80014	100.0	100.0	73499	-89.25595	4.3926954	-79.15715	-109.42529	-89.25575	4.3852835	-79.10702	-110.57849	88.99201	0.9299363	726.2913269996643
50	-418.0575	27.791786	-374.95193	-462.47986	-377.59286	34.38824	-313.20154	-415.9798	100.0	100.0	74999	-89.11926	4.4069314	-78.93455	-109.936264	-89.119576	4.397281	-79.14491	-110.374054	88.869385	0.92869174	742.9669501781464
51	-416.20654	30.07271	-326.02374	-455.33444	-380.8789	22.069033	-344.58475	-418.23828	100.0	100.0	76499	-88.9379	4.4455166	-79.2066	-109.40286	-88.9382	4.436612	-78.915375	-110.21081	88.67803	0.9398967	758.2301650047302
52	-410.4379	31.73029	-349.51804	-457.64377	-389.4482	38.233505	-324.9391	-442.2503	100.0	100.0	77999	-88.81924	4.4883304	-79.111786	-109.30368	-88.81931	4.4791837	-78.98711	-109.3522	88.58448	0.9462469	774.6771383285522
53	-412.23874	35.691982	-339.62695	-451.38528	-408.89526	31.486116	-351.01535	-457.43332	100.0	100.0	79499	-88.67395	4.525546	-78.989006	-109.66848	-88.67426	4.516881	-78.7658	-110.23123	88.44297	0.94782126	790.778400182724
54	-428.13715	21.631805	-386.5015	-470.00195	-391.62976	35.13509	-318.65576	-426.5228	100.0	100.0	80999	-88.55249	4.5562105	-78.93295	-109.5771	-88.552704	4.54797	-78.4925	-109.70006	88.3355	0.9590135	806.4981861114502
55	-425.97464	16.893196	-395.2671	-461.4667	-407.57077	34.236588	-347.57004	-457.63055	100.0	100.0	82499	-88.46616	4.586613	-78.54663	-110.46933	-88.46626	4.578374	-78.27447	-110.67656	88.21248	0.9675861	822.0475389957428
56	-421.70352	24.199173	-370.22797	-460.08627	-381.69565	29.510813	-339.51566	-426.0155	100.0	100.0	83999	-88.37403	4.5908813	-78.64555	-110.764206	-88.37423	4.5840545	-78.39552	-110.17252	88.12004	0.9619969	837.3602139949799
57	-402.61435	22.247385	-361.04495	-435.9789	-382.26968	38.687767	-321.3031	-428.05222	100.0	100.0	85499	-88.3251	4.6213737	-78.589294	-111.08542	-88.32536	4.6135345	-78.290565	-110.892624	88.08485	0.9815734	852.7764971256256
58	-404.67923	26.29544	-331.19424	-444.12115	-417.34732	18.396551	-387.74362	-446.92065	100.0	100.0	86999	-88.18484	4.633165	-78.26517	-110.56416	-88.18494	4.624654	-78.10877	-110.69777	87.93879	0.975318	868.0665040016174
59	-421.23758	40.3123	-327.36844	-482.8073	-374.31015	27.612137	-320.47702	-426.0849	100.0	100.0	88499	-88.10072	4.666547	-78.07879	-110.564835	-88.101105	4.6592402	-78.12699	-110.13559	87.84742	0.9880391	883.0543961524963
60	-425.14856	24.010658	-369.86383	-454.3422	-356.52048	37.892418	-276.8118	-407.6147	100.0	100.0	89999	-88.040115	4.6806316	-77.60078	-109.97676	-88.04009	4.673275	-77.62844	-109.985886	87.821815	1.0072502	898.4036130905151
61	-412.58932	33.29238	-344.1019	-450.7265	-381.89304	40.04122	-321.69214	-444.32138	100.0	100.0	91499	-87.92851	4.717612	-77.18452	-109.78453	-87.9288	4.7110915	-77.27175	-109.63561	87.68417	0.9928183	913.5452990531921
62	-423.6056	24.560247	-369.20255	-454.3019	-401.38306	32.012177	-325.01877	-438.34808	100.0	100.0	92999	-87.88625	4.7390943	-77.08959	-110.170334	-87.88626	4.7318482	-77.186554	-109.85737	87.63906	1.0014358	928.9745001792908
63	-412.86426	34.659206	-362.5555	-478.4848	-400.47064	42.71029	-322.97678	-461.62848	100.0	100.0	94499	-87.80281	4.7617164	-77.06652	-111.511795	-87.80306	4.7554336	-77.0175	-110.42707	87.57473	1.0077157	944.1982910633087
64	-403.99167	36.629723	-305.18176	-449.48392	-375.12598	33.518307	-313.8994	-424.8363	100.0	100.0	95999	-87.73848	4.7916665	-76.78709	-109.661575	-87.738625	4.786838	-76.699936	-109.536194	87.48529	1.0018322	959.3068580627441
65	-415.93124	30.400639	-367.1835	-467.34717	-386.8935	44.02638	-310.4962	-458.59363	100.0	100.0	97499	-87.62219	4.7947454	-76.60212	-111.74305	-87.62234	4.788729	-76.847115	-110.51648	87.394	1.0135909	974.8415019512177
66	-415.15762	20.468517	-373.6692	-447.1071	-384.7742	37.807796	-337.5743	-455.39246	100.0	100.0	98999	-87.54652	4.8366866	-76.605865	-110.04599	-87.54662	4.831128	-76.58536	-109.283226	87.33724	1.0245857	990.4792680740356
67	-410.48163	36.730816	-346.6482	-465.8367	-387.0722	38.563644	-310.81516	-442.85693	100.0	100.0	100499	-87.46507	4.845194	-76.49415	-110.737236	-87.4651	4.8391643	-76.509155	-110.37039	87.24766	1.0137106	1006.1062290668488
68	-408.85532	37.755646	-318.04993	-460.49008	-382.28143	34.700806	-339.6184	-461.07166	100.0	100.0	101999	-87.3998	4.8792615	-76.27587	-110.6346	-87.39999	4.873706	-76.22812	-110.27843	87.162025	1.0296224	1022.1642260551453
69	-402.0067	39.542164	-326.60895	-454.6653	-386.5978	46.753128	-301.9881	-455.37936	100.0	100.0	103499	-87.2893	4.903626	-76.2635	-112.21515	-87.28978	4.8958297	-76.21836	-111.30711	87.05035	1.0265071	1037.4956140518188
70	-406.22595	38.995895	-277.40985	-452.79575	-391.76013	41.652725	-327.75732	-463.6893	100.0	100.0	104999	-87.209114	4.9490294	-76.17581	-109.963356	-87.20917	4.943289	-76.17534	-110.715935	86.98901	1.0316657	1053.060152053833
71	-418.50638	15.894757	-391.20087	-447.87057	-366.33853	54.234253	-262.01056	-433.84485	100.0	100.0	106499	-87.11054	4.97581	-76.08819	-109.49463	-87.11076	4.9712195	-76.0277	-110.00575	86.88698	1.0495894	1068.2664399147034
72	-415.3208	19.733383	-382.20453	-448.02866	-387.12473	34.99089	-329.03162	-436.16507	100.0	100.0	107999	-87.003586	4.9687185	-76.06012	-111.535355	-87.00366	4.965759	-76.03576	-111.80419	86.76496	1.0305598	1083.7293419837952
73	-413.58017	36.571243	-345.31595	-459.66617	-373.7984	53.062366	-259.55145	-424.7591	100.0	100.0	109499	-86.92303	5.0149984	-75.93933	-111.43383	-86.92314	5.0102706	-75.95502	-111.61543	86.70746	1.0328999	1098.9387121200562
74	-404.9624	24.273722	-353.99	-450.1537	-410.99432	19.695179	-380.6816	-452.16577	100.0	100.0	110999	-86.849434	5.0246677	-75.81799	-111.58988	-86.849434	5.021282	-75.98562	-112.44065	86.58225	1.0416341	1114.0443000793457
75	-405.63025	40.91283	-324.36966	-466.5796	-376.0678	54.68005	-271.90033	-488.40265	100.0	100.0	112499	-86.75939	5.0582705	-75.74372	-110.23287	-86.75958	5.055117	-75.73927	-112.3966	86.52252	1.0489136	1129.2391550540924
76	-403.36176	31.667305	-352.76337	-467.37546	-397.294	19.650265	-367.19882	-427.09152	100.0	100.0	113999	-86.675644	5.053293	-75.81012	-109.64623	-86.67574	5.051286	-75.72308	-111.579124	86.445526	1.052608	1144.4407742023468
77	-394.05228	37.745064	-328.5696	-460.1602	-381.67657	29.986322	-338.95593	-426.06516	100.0	100.0	115499	-86.589096	5.0911613	-75.371826	-113.10047	-86.58913	5.0892143	-75.54105	-112.70039	86.36289	1.0493952	1159.6532261371613
78	-401.27814	24.839737	-358.59125	-453.80853	-350.552	35.499348	-297.9514	-402.48386	100.0	100.0	116999	-86.45617	5.099373	-75.32244	-111.54959	-86.45622	5.097498	-75.48036	-112.3656	86.24152	1.0356398	1174.6107740402222
79	-402.35065	43.83227	-280.48254	-445.78418	-388.7923	37.130535	-317.31903	-428.4444	100.0	100.0	118499	-86.36127	5.135738	-74.97644	-111.345184	-86.36134	5.134468	-75.19487	-111.678734	86.12663	1.0474039	1189.9175040721893
80	-428.88925	28.733448	-364.31247	-458.64658	-396.78775	25.054853	-351.82123	-430.0847	100.0	100.0	119999	-86.277534	5.164372	-75.117	-112.047165	-86.27753	5.164287	-75.092896	-112.23741	86.04175	1.0653325	1205.2749960422516
81	-384.38715	37.58729	-327.2258	-439.10226	-381.3835	40.203373	-310.14676	-452.27612	100.0	100.0	121499	-86.22025	5.1811543	-74.92511	-109.756165	-86.22022	5.180607	-75.11419	-112.241936	85.98962	1.0601536	1220.562898159027
82	-394.22302	33.261093	-334.82132	-444.69745	-394.0716	60.146416	-271.8099	-480.11816	100.0	100.0	122999	-86.09322	5.2133036	-74.761024	-112.93956	-86.09322	5.213822	-74.740425	-113.64996	85.861465	1.086538	1236.5429010391235
83	-408.7204	33.35265	-342.94998	-462.13107	-361.42935	35.027824	-325.98575	-442.48953	100.0	100.0	124499	-85.97885	5.2199435	-74.46807	-113.07426	-85.978874	5.220906	-74.53387	-112.86	85.76472	1.073578	1251.6306781768799
84	-412.57272	40.401676	-310.54874	-459.6258	-383.8543	44.331097	-302.66916	-427.32318	100.0	100.0	125999	-85.92992	5.2372127	-74.220314	-111.76418	-85.92981	5.2386107	-74.05834	-112.428	85.700935	1.0690411	1267.0911350250244
85	-388.6206	45.939163	-285.56696	-463.6207	-375.71606	32.67302	-314.85254	-417.98682	100.0	100.0	127499	-85.85805	5.240114	-73.8092	-109.71086	-85.85802	5.2403026	-73.93542	-110.56878	85.629654	1.0673126	1282.296317100525
86	-393.27695	32.34118	-340.68732	-450.33972	-413.87946	25.947523	-368.3177	-453.8082	100.0	100.0	128999	-85.796165	5.262551	-73.76611	-110.420616	-85.79627	5.2623053	-73.73962	-110.90552	85.547165	1.0545156	1297.6628422737122
87	-398.06192	35.183495	-352.17267	-452.5072	-388.1495	40.78257	-309.60486	-463.80957	100.0	100.0	130499	-85.7324	5.3158364	-73.4795	-109.35011	-85.732285	5.3111205	-73.62814	-110.899315	85.50716	1.0627509	1312.714881181717
88	-403.85104	29.032055	-357.38446	-459.65402	-380.7911	41.879166	-321.1936	-451.48273	100.0	100.0	131999	-85.6704	5.3344197	-73.082016	-111.52866	-85.670685	5.3313503	-73.37467	-112.95304	85.42501	1.0709907	1328.0972480773926
89	-404.087	37.328262	-329.57352	-467.11816	-372.36044	46.14817	-284.81494	-432.50946	100.0	100.0	133499	-85.59423	5.324698	-73.142105	-109.34993	-85.59391	5.3216496	-73.36715	-110.8668	85.387695	1.0672143	1343.3984141349792
90	-391.94595	38.476738	-313.6999	-442.6142	-349.93185	28.16335	-309.44604	-422.87283	100.0	100.0	134999	-85.53712	5.3780613	-72.7686	-111.52938	-85.53755	5.373148	-73.11619	-114.49688	85.298065	1.0874143	1358.5915350914001
91	-383.46356	33.18464	-330.24173	-447.92767	-344.2612	39.81974	-273.04703	-410.93317	100.0	100.0	136499	-85.45628	5.406086	-72.54533	-111.21337	-85.45613	5.402824	-72.84203	-113.91874	85.2172	1.0646144	1373.8957040309906
92	-396.43417	38.717514	-314.27795	-439.08353	-377.92175	38.223076	-306.19525	-444.01627	100.0	100.0	137999	-85.38895	5.467064	-72.42466	-112.72116	-85.38908	5.460874	-72.72854	-115.281975	85.14966	1.0844213	1388.949806213379
93	-397.8591	37.436176	-319.77335	-449.29013	-349.6879	56.488964	-244.78993	-447.20102	100.0	100.0	139499	-85.3195	5.498479	-72.0908	-112.25686	-85.31951	5.494477	-72.23843	-115.32143	85.03974	1.0853642	1404.1286511421204
94	-362.77548	37.262566	-295.69022	-419.08264	-357.97324	63.960884	-252.63669	-453.31656	100.0	100.0	140999	-85.204346	5.527523	-72.00484	-112.21104	-85.204575	5.522081	-72.225945	-115.08988	84.92105	1.1002054	1419.3536231517792
95	-388.31024	26.751219	-327.90854	-457.3318	-366.11746	46.375267	-312.79483	-455.86115	100.0	100.0	142499	-85.04916	5.562622	-71.71538	-111.937004	-85.04926	5.558501	-71.85955	-114.99059	84.758446	1.0788032	1434.4171919822693
96	-381.1414	42.01604	-311.15973	-478.45346	-345.67203	54.718273	-276.576	-448.55518	100.0	100.0	143999	-84.973145	5.6108484	-71.64945	-111.987114	-84.97295	5.605667	-71.81818	-114.61774	84.6816	1.1125659	1449.8582899570465
97	-399.83575	30.02068	-346.54245	-452.59506	-381.14676	45.285675	-304.76562	-461.52704	100.0	100.0	145499	-84.84872	5.6339626	-71.223816	-109.854774	-84.849014	5.628464	-71.65517	-109.8578	84.55809	1.1065446	1465.5330891609192
98	-409.54602	37.110146	-346.99115	-455.05972	-352.47125	39.494713	-279.36102	-409.43658	100.0	100.0	146999	-84.76229	5.6719804	-71.129	-109.84773	-84.76235	5.66908	-71.28116	-109.26701	84.48905	1.0928674	1481.5674540996552
99	-397.2201	36.682323	-316.2504	-456.15298	-368.69684	30.253983	-321.49686	-406.34094	100.0	100.0	148499	-84.66454	5.663533	-70.83991	-109.171295	-84.66486	5.6596417	-71.136734	-109.70283	84.387794	1.087676	1497.1759979724884
100	-406.53082	32.503407	-324.3172	-448.10544	-357.2281	61.170685	-249.2308	-490.7206	100.0	100.0	149999	-84.59844	5.7114186	-70.81312	-109.852936	-84.59828	5.7095594	-71.06346	-110.269775	84.32515	1.10342	1512.776125907898
101	-408.86444	30.114586	-343.06528	-443.06	-385.5156	36.81047	-342.2719	-461.17966	100.0	100.0	151499	-84.56841	5.7423615	-70.78241	-110.182076	-84.56854	5.7406054	-70.822334	-109.96599	84.31599	1.0905681	1527.9875311851501
102	-376.0151	35.47427	-317.5697	-455.8625	-373.00345	30.586914	-319.12766	-412.2179	100.0	100.0	152999	-84.48336	5.771179	-70.74047	-111.8753	-84.48338	5.769796	-70.81597	-112.6393	84.20042	1.074709	1543.8594381809235
103	-399.65936	31.049648	-327.6732	-451.8411	-365.97955	35.39228	-307.39114	-417.92822	100.0	100.0	154499	-84.39406	5.852771	-70.54979	-110.70529	-84.394005	5.849983	-70.28427	-110.919586	84.10852	1.0802914	1559.0110671520233
104	-368.4902	41.77174	-295.35928	-434.96158	-389.86206	52.791393	-285.55823	-457.31592	100.0	100.0	155999	-84.28201	5.8728437	-70.34291	-111.581436	-84.28219	5.8712754	-70.506256	-113.299095	83.99523	1.0959553	1574.5941591262817
105	-405.35162	35.187325	-332.9066	-451.54306	-372.99283	42.833878	-303.6025	-436.02502	100.0	100.0	157499	-84.19315	5.926535	-70.01196	-111.42211	-84.19317	5.92609	-69.98213	-111.84028	83.894165	1.0643008	1589.806083202362
106	-400.01743	40.17109	-326.34402	-458.34436	-374.79282	33.324993	-319.18622	-433.7672	100.0	100.0	158999	-84.09581	5.9500585	-69.863266	-110.29452	-84.09593	5.94895	-69.92757	-110.74666	83.8132	1.089288	1605.1291592121124
107	-388.34982	36.62006	-298.11972	-439.977	-371.29	57.277306	-242.61378	-482.89218	100.0	100.0	160499	-84.02995	6.0221133	-69.83167	-108.34757	-84.02982	6.021666	-69.97321	-109.3918	83.76117	1.0898914	1621.0391612052917
108	-391.20468	37.381638	-306.27863	-443.8612	-365.83856	43.416622	-296.26443	-448.6547	100.0	100.0	161999	-83.9194	6.0444026	-69.79759	-111.00534	-83.91972	6.0438786	-69.88554	-111.88287	83.593834	1.0737278	1639.3010702133179
109	-389.65207	36.260967	-337.3612	-467.05582	-350.63422	34.416943	-294.59113	-404.06766	100.0	100.0	163499	-83.836555	6.0765414	-69.446365	-109.59825	-83.83654	6.0777445	-69.75507	-109.23972	83.54464	1.0988768	1655.7073652744293
110	-396.29822	39.01619	-341.6314	-460.58572	-338.78714	49.72579	-258.22183	-447.3838	100.0	100.0	164999	-83.75483	6.129157	-69.60684	-111.492	-83.75474	6.12926	-69.782684	-111.09058	83.466385	1.0896608	1672.0089931488037
111	-391.07706	39.983547	-295.83264	-448.10977	-368.83237	40.40553	-289.41312	-427.29346	100.0	100.0	166499	-83.66879	6.137138	-69.541046	-108.19043	-83.66867	6.1387944	-69.4881	-108.93653	83.37593	1.0776081	1687.5668170452118
112	-407.9131	39.72172	-335.92596	-478.24643	-339.93317	47.46957	-277.74237	-398.71698	100.0	100.0	167999	-83.58776	6.1636524	-69.27503	-109.765114	-83.58787	6.1661706	-69.367615	-111.26835	83.30529	1.0795771	1703.1184182167053
113	-394.60367	27.574512	-338.71567	-435.74603	-358.3766	49.829376	-270.89545	-435.3137	100.0	100.0	169499	-83.492676	6.234114	-69.25176	-109.50044	-83.49253	6.236881	-69.26575	-110.359566	83.18823	1.1005061	1718.9433641433716
114	-391.01694	41.96802	-270.18677	-437.9049	-343.77536	50.660553	-239.65488	-392.68765	100.0	100.0	170999	-83.4073	6.239527	-68.88924	-110.24857	-83.40731	6.242607	-68.601845	-109.06753	83.10274	1.1025395	1735.3512880802155
115	-385.28955	42.044228	-327.42615	-487.30444	-355.09244	43.477848	-282.82452	-421.78085	100.0	100.0	172499	-83.2881	6.272526	-68.68759	-110.20233	-83.28801	6.2752585	-68.72322	-109.06677	83.00815	1.1102523	1752.4320740699768
116	-382.12354	35.963097	-323.0692	-453.33347	-359.83206	60.11789	-215.72179	-426.82162	100.0	100.0	173999	-83.1572	6.297806	-68.5265	-110.68851	-83.157196	6.300515	-68.75678	-109.84429	82.86275	1.0989913	1768.436433315277
117	-378.86798	45.394093	-284.97296	-452.0705	-342.60895	61.84819	-227.51315	-476.09564	100.0	100.0	175499	-83.08088	6.3278522	-68.69172	-107.23682	-83.08064	6.3317776	-68.64829	-106.83754	82.772675	1.0888891	1783.886970281601
118	-378.38727	41.32731	-307.48926	-452.14993	-346.09882	44.482384	-248.43019	-400.62668	100.0	100.0	176999	-82.99849	6.3504906	-68.50121	-107.869286	-82.998604	6.3529058	-68.49447	-107.725464	82.676216	1.1143312	1799.3031251430511
119	-371.66858	45.84274	-270.2137	-443.28183	-360.80545	36.225582	-276.88144	-406.3327	100.0	100.0	178499	-82.85485	6.375456	-68.17824	-108.173645	-82.854645	6.379542	-68.427185	-107.25802	82.557106	1.09902	1814.7571382522583
120	-372.12146	39.77433	-305.62952	-452.3879	-361.2824	44.41509	-284.45804	-420.1525	100.0	100.0	179999	-82.74342	6.3961344	-68.20011	-110.38059	-82.74326	6.40043	-68.14731	-109.18769	82.43704	1.128861	1830.2509450912476
121	-371.60663	38.32808	-322.44534	-456.90842	-357.30966	46.369045	-261.79666	-444.1731	100.0	100.0	181499	-82.67873	6.4438305	-68.07974	-110.03487	-82.67861	6.4468083	-67.96623	-109.38432	82.36237	1.1175112	1845.6901099681854
122	-359.50394	47.830944	-277.88077	-460.35855	-329.725	42.512165	-274.3063	-407.95392	100.0	100.0	182999	-82.49856	6.4676714	-67.857574	-108.68427	-82.498436	6.471289	-67.59954	-109.12077	82.18518	1.1176574	1860.978021144867
123	-369.40027	42.092323	-286.4395	-446.4168	-369.97284	57.791615	-288.82443	-453.5639	100.0	100.0	184499	-82.32388	6.5465302	-67.65863	-108.13423	-82.32384	6.550687	-67.602165	-107.23987	82.01067	1.123303	1876.5967481136322
124	-377.10745	30.572653	-321.44147	-419.03458	-339.8563	54.260155	-208.93008	-403.50888	100.0	100.0	185999	-82.143326	6.5849943	-67.6353	-109.36859	-82.14316	6.586746	-67.75793	-108.5687	81.821205	1.1275047	1892.2987010478973
125	-353.28217	46.21525	-279.67807	-436.90106	-348.22623	45.75999	-286.7398	-424.5508	100.0	100.0	187499	-82.0331	6.630702	-67.28288	-107.07299	-82.03307	6.6337843	-67.24442	-106.07214	81.70313	1.1380427	1908.2789392471313
126	-394.67023	42.674335	-295.39795	-455.0317	-342.4627	54.23167	-270.4047	-446.7905	100.0	100.0	188999	-81.89467	6.6764026	-67.19739	-108.38719	-81.89454	6.679724	-66.92232	-107.33246	81.556885	1.1760204	1924.8440430164337
127	-364.69415	31.381615	-308.85757	-414.74603	-326.8189	40.82683	-248.17955	-376.2483	100.0	100.0	190499	-81.76724	6.725879	-66.776245	-106.524536	-81.76704	6.7275896	-66.742134	-107.33039	81.418	1.1618435	1940.3253262043
128	-356.1888	44.454704	-292.3624	-447.9558	-347.32498	44.04443	-279.38824	-421.33185	100.0	100.0	191999	-81.56429	6.7975907	-66.49195	-109.44334	-81.564316	6.799825	-66.5245	-108.05635	81.195435	1.1774672	1955.7774829864502
129	-376.64145	42.849865	-286.67188	-442.49268	-324.49786	51.350925	-224.87994	-409.6485	100.0	100.0	193499	-81.36991	6.807169	-66.45948	-107.67023	-81.36966	6.8089914	-66.54077	-108.33876	80.97647	1.1568509	1970.8894982337952
130	-385.51492	42.382523	-307.2065	-449.31555	-351.08368	35.178802	-298.5532	-418.6797	100.0	100.0	194999	-81.201324	6.828687	-66.18976	-107.9162	-81.20115	6.8312893	-66.10459	-107.1958	80.81812	1.1672518	1986.5907020568848
131	-384.24335	41.533535	-310.42337	-455.63248	-357.25742	40.71889	-291.15836	-420.22653	100.0	100.0	196499	-81.035255	6.8383017	-66.186935	-107.971596	-81.03521	6.84163	-66.02741	-107.18385	80.68503	1.1566174	2002.0865201950073
132	-371.52054	43.606976	-271.16364	-421.98068	-340.84753	44.92408	-276.4063	-442.82297	100.0	100.0	197999	-80.85741	6.8377256	-65.93646	-108.12122	-80.857445	6.8407035	-65.90221	-107.27418	80.51864	1.1595308	2017.7267792224884
133	-365.4703	42.054585	-301.76334	-429.68512	-320.6219	53.21902	-260.19974	-414.21207	100.0	100.0	199499	-80.73638	6.882105	-65.984344	-107.36354	-80.73601	6.8844495	-65.87322	-106.48145	80.36416	1.171759	2033.1831538677216
134	-371.6087	42.598732	-298.07965	-453.01184	-329.21216	28.355562	-273.56097	-381.44098	100.0	100.0	200999	-80.57648	6.9091263	-65.703094	-107.26919	-80.5766	6.911008	-65.78858	-108.02716	80.2234	1.1801674	2048.6158361434937
135	-396.0912	29.619015	-344.9376	-454.4504	-325.40338	47.817856	-261.5162	-413.91583	100.0	100.0	202499	-80.49462	6.902216	-65.637566	-107.401306	-80.49454	6.9036064	-65.47212	-107.80465	80.11417	1.1693519	2063.934548139572
136	-377.33264	38.521893	-308.0707	-445.74408	-338.25848	26.322758	-305.22226	-387.8631	100.0	100.0	203999	-80.4189	6.9091773	-65.61766	-108.72255	-80.418594	6.9095836	-65.385796	-107.88938	80.03858	1.1596333	2079.0835411548615
137	-359.63666	30.335382	-328.66656	-426.0984	-339.02792	60.955544	-199.70903	-424.73627	100.0	100.0	205499	-80.30129	6.9115996	-65.39559	-108.136986	-80.30151	6.9123693	-64.56437	-106.11884	79.95634	1.1746525	2094.815658092499
138	-381.3423	32.27568	-334.8566	-439.4747	-325.65765	46.648815	-249.90219	-415.33096	100.0	100.0	206999	-80.211945	6.938567	-64.98393	-106.64699	-80.21178	6.940584	-65.074524	-106.58245	79.873955	1.1724926	2110.2848262786865
139	-376.38385	37.97034	-323.9149	-448.92746	-341.51752	26.081757	-299.49426	-386.76724	100.0	100.0	208499	-80.12962	6.938662	-65.17157	-109.42632	-80.129364	6.938252	-64.91573	-110.040855	79.79966	1.1557131	2125.7895390987396
140	-365.7153	34.6771	-318.37283	-444.73654	-351.58942	46.10501	-251.15398	-414.7025	100.0	100.0	209999	-79.991234	6.927171	-64.79946	-107.28891	-79.991264	6.927392	-64.78558	-108.03907	79.65106	1.1390625	2141.180289030075
141	-375.26102	37.061127	-327.80978	-434.43164	-328.19287	48.606586	-258.9972	-397.6965	100.0	100.0	211499	-79.91796	6.9704223	-64.457756	-106.52958	-79.91816	6.969816	-64.49706	-105.94651	79.566826	1.1591057	2156.4910202026367
142	-364.27774	51.29437	-281.484	-445.1726	-325.09064	44.47226	-245.27379	-387.38156	100.0	100.0	212999	-79.77783	7.0096283	-64.43539	-110.05093	-79.77792	7.0083632	-64.13464	-108.24114	79.39139	1.1510941	2171.8459401130676
143	-355.70523	35.977306	-284.50638	-406.78894	-333.96112	33.36042	-294.9826	-413.03174	100.0	100.0	214499	-79.67046	7.0005774	-64.3386	-109.70482	-79.670456	7.0002146	-64.17829	-106.97985	79.326935	1.1348228	2187.7359240055084
144	-373.47275	34.965347	-331.261	-455.0142	-314.9811	49.128723	-239.70491	-405.98932	100.0	100.0	215999	-79.54466	7.0094585	-64.50704	-110.87093	-79.54446	7.009793	-64.12053	-107.1517	79.200905	1.1365563	2204.646137237549
145	-351.2884	31.216028	-294.69742	-404.34445	-350.6386	50.3103	-253.34503	-421.87302	100.0	100.0	217499	-79.46875	7.03744	-63.903873	-110.91649	-79.46928	7.0362477	-63.90131	-107.794716	79.12351	1.1374911	2220.3301281929016
146	-367.9171	40.43141	-273.26703	-438.7691	-343.8874	54.42967	-197.90614	-404.0835	100.0	100.0	218999	-79.37923	7.0178485	-63.820194	-108.80833	-79.37899	7.0163665	-63.956566	-106.52352	79.051	1.1497966	2235.6902589797974
147	-369.82147	33.599754	-303.7856	-420.8071	-318.26437	56.59558	-243.02383	-396.64203	100.0	100.0	220499	-79.308205	7.0224056	-63.831577	-109.38356	-79.30825	7.021362	-63.98078	-107.53342	78.97121	1.1389822	2251.31888628006
148	-363.92413	26.837328	-310.1179	-416.88574	-333.8266	38.116035	-278.2311	-407.28625	100.0	100.0	221999	-79.224846	7.0440044	-63.45237	-109.68355	-79.22501	7.042638	-63.712746	-108.82123	78.892136	1.1453251	2266.8458070755005
149	-374.11444	38.930157	-307.49265	-444.18024	-335.30182	37.664993	-280.55368	-397.40988	100.0	100.0	223499	-79.17648	7.0490947	-63.769413	-108.50349	-79.176476	7.048958	-63.76993	-107.07831	78.82896	1.1234324	2282.2709109783173
150	-366.6969	33.508522	-304.0792	-443.77115	-337.023	43.886288	-270.80548	-414.89288	100.0	100.0	224999	-79.10091	7.025078	-63.46571	-110.30158	-79.10121	7.023704	-63.606483	-107.440956	78.74468	1.1291169	2297.772740125656
151	-374.35062	38.706696	-308.4725	-432.93094	-322.4357	45.39623	-237.58597	-395.18155	100.0	100.0	226499	-79.08634	7.0169168	-63.662964	-109.94396	-79.08615	7.0158677	-63.590004	-107.84337	78.78052	1.1302359	2313.2422049045563
152	-378.15512	29.959269	-308.7398	-419.31982	-321.72095	34.351048	-268.69247	-373.5316	100.0	100.0	227999	-78.95676	7.0303154	-63.724297	-111.38114	-78.95695	7.029172	-63.638313	-110.052605	78.60799	1.1152599	2328.5994958877563
153	-376.14337	33.82187	-323.10095	-434.83716	-351.0052	35.25921	-301.79153	-412.52426	100.0	100.0	229499	-78.90717	7.0129447	-63.550205	-110.59242	-78.90733	7.012151	-63.330025	-109.32526	78.58609	1.1185385	2344.309731245041
154	-363.992	42.512207	-295.08853	-437.87567	-330.76758	43.73447	-268.9946	-394.49304	100.0	100.0	230999	-78.89143	7.0511947	-63.45789	-110.037895	-78.89141	7.0517473	-63.399532	-107.65686	78.55258	1.1570189	2360.3376970291138
155	-355.2768	28.538305	-287.82874	-408.9198	-338.56155	42.53806	-263.6071	-399.5543	100.0	100.0	232499	-78.804794	7.047459	-63.449997	-109.81717	-78.80487	7.045728	-63.4171	-107.460106	78.47752	1.1388106	2378.2506971359253
156	-350.27084	44.91457	-285.9265	-431.05106	-308.85236	74.488266	-157.17975	-393.41745	100.0	100.0	233999	-78.69172	7.055902	-63.29734	-108.759766	-78.691734	7.054467	-63.50249	-107.451256	78.35063	1.1186478	2394.072179079056
157	-360.8808	41.82576	-297.10703	-425.353	-332.155	51.842274	-262.5675	-429.35715	100.0	100.0	235499	-78.69034	7.0782933	-63.31647	-111.15552	-78.69047	7.0767083	-63.221478	-110.7374	78.32662	1.1231357	2410.4792630672455
158	-370.55176	31.54346	-311.27063	-433.00626	-345.46204	51.578896	-280.15485	-432.27396	100.0	100.0	236999	-78.60754	7.092868	-63.05337	-108.91294	-78.60755	7.0910397	-63.19361	-109.0641	78.25851	1.1315864	2426.6044611930847
159	-357.61487	36.84905	-288.6417	-430.57144	-346.26395	39.18678	-261.34747	-399.61322	100.0	100.0	238499	-78.575424	7.1171064	-63.071552	-110.936455	-78.57533	7.1174827	-62.932552	-108.98599	78.23811	1.1529245	2442.219561100006
160	-347.0299	39.072865	-277.3396	-427.63745	-309.65134	44.72197	-238.1101	-361.0759	100.0	100.0	239999	-78.53152	7.089916	-63.074764	-108.97549	-78.53146	7.089858	-62.895462	-108.748924	78.19058	1.1458383	2457.9684591293335
161	-366.78156	33.93057	-312.72293	-415.56042	-341.34195	50.862286	-255.85164	-430.19553	100.0	100.0	241499	-78.41765	7.1134644	-62.909756	-110.41599	-78.41769	7.115053	-62.85793	-110.06383	78.04408	1.137402	2474.4867010116577
162	-354.3556	38.32815	-276.17233	-432.21948	-348.1246	51.75916	-286.68518	-484.9997	100.0	100.0	242999	-78.371124	7.1133475	-62.807327	-109.260056	-78.37106	7.1141567	-62.67422	-109.464836	78.03562	1.127361	2490.394300222397
163	-370.08743	39.280922	-285.45822	-434.6709	-321.1254	54.03186	-236.06323	-399.84827	100.0	100.0	244499	-78.26622	7.111447	-62.581566	-108.21784	-78.26633	7.1117206	-62.836105	-107.60968	77.898346	1.1184529	2506.5624570846558
164	-342.59634	35.22511	-276.85843	-403.4264	-307.54056	39.94527	-241.50557	-358.51746	100.0	100.0	245999	-78.222336	7.1180153	-62.56459	-109.96911	-78.22223	7.1183295	-62.93867	-108.11296	77.86633	1.1338698	2522.1450731754303
165	-363.93912	32.252705	-319.1691	-434.26	-322.89606	62.461926	-167.2883	-396.32162	100.0	100.0	247499	-78.159836	7.142436	-62.898434	-109.200165	-78.15999	7.144012	-62.59629	-109.0267	77.815346	1.1336745	2537.6478431224823
166	-354.1447	28.090067	-291.71008	-389.8913	-344.07217	43.646698	-264.02097	-413.67752	100.0	100.0	248999	-78.08578	7.130191	-62.937634	-111.709435	-78.085594	7.1317296	-62.63615	-109.107605	77.76686	1.1328796	2553.2234802246094
167	-359.7118	37.966225	-286.54303	-428.60428	-324.57635	53.7278	-231.69997	-433.12936	100.0	100.0	250499	-78.03858	7.142207	-62.599995	-109.48981	-78.03864	7.143334	-62.708603	-107.69961	77.673935	1.1277086	2568.983458042145
168	-358.5775	34.6291	-301.25537	-402.68777	-342.3942	38.713703	-264.0962	-393.01965	100.0	100.0	251999	-77.94742	7.132827	-62.51539	-108.89539	-77.94728	7.134556	-62.769188	-106.958084	77.6096	1.1300144	2584.41281414032
169	-351.85153	46.44456	-259.29486	-423.27353	-305.49588	71.93301	-216.89192	-450.44702	100.0	100.0	253499	-77.91073	7.1965327	-62.53312	-108.688965	-77.9105	7.1999507	-62.67017	-106.328514	77.52961	1.143197	2600.055694103241
170	-367.96115	36.22896	-307.89297	-413.49982	-301.672	43.872635	-227.63591	-361.24908	100.0	100.0	254999	-77.8884	7.2259793	-62.427402	-109.299835	-77.88838	7.2260756	-62.589233	-107.809044	77.53649	1.1617796	2615.4810931682587
171	-356.92398	39.520073	-302.14874	-429.14413	-358.43915	31.844769	-301.69434	-412.1541	100.0	100.0	256499	-77.84225	7.2317286	-62.397106	-110.200775	-77.84204	7.2352366	-62.357822	-108.124054	77.45085	1.1586238	2631.0707461833954
172	-362.58414	28.195644	-309.67712	-408.754	-332.56546	35.101124	-266.05496	-378.03815	100.0	100.0	257999	-77.79388	7.246064	-62.265537	-108.1937	-77.79392	7.2486343	-62.180553	-108.71999	77.41433	1.1363535	2646.5679171085358
173	-365.7458	40.22656	-303.15295	-427.22263	-333.00836	41.498085	-258.8864	-417.10873	100.0	100.0	259499	-77.7319	7.2334	-62.237686	-108.787125	-77.7317	7.2362638	-62.14015	-109.88547	77.3923	1.1566848	2662.067521095276
174	-355.01825	41.3233	-282.30356	-440.5802	-302.8552	44.058422	-241.88208	-391.30203	100.0	100.0	260999	-77.69	7.247086	-62.315483	-109.261185	-77.68998	7.2488537	-62.149437	-107.61584	77.334595	1.1438423	2677.6490461826324
175	-345.2352	35.9511	-293.58594	-404.53143	-318.31174	47.716766	-262.41208	-414.32803	100.0	100.0	262499	-77.62362	7.258493	-62.324154	-109.55985	-77.62363	7.2593374	-62.045937	-109.1319	77.22848	1.1493585	2693.864417076111
176	-355.5233	37.60014	-279.3106	-415.28287	-329.6552	50.726864	-263.65884	-435.49063	100.0	100.0	263999	-77.58154	7.2695875	-62.26444	-108.85331	-77.58138	7.271474	-62.011192	-107.437935	77.19305	1.1686097	2710.5150430202484
177	-364.21762	40.492226	-282.8364	-436.37006	-310.97705	57.861446	-224.81116	-415.21646	100.0	100.0	265499	-77.55839	7.2795405	-61.995712	-108.42717	-77.558586	7.281279	-61.952488	-108.15075	77.19295	1.138847	2727.302141904831
178	-343.73453	33.136116	-303.31137	-409.30026	-334.6127	46.906635	-234.44728	-399.33923	100.0	100.0	266999	-77.54624	7.305145	-62.215446	-109.47701	-77.545906	7.3064203	-62.08397	-107.86242	77.17776	1.142298	2743.9747309684753
179	-359.91766	29.937439	-300.86273	-398.12402	-306.53577	45.041283	-235.94495	-404.69614	100.0	100.0	268499	-77.47117	7.307867	-61.939777	-108.981926	-77.47127	7.3101387	-61.94462	-108.94868	77.11142	1.144297	2760.852676153183
180	-356.5834	45.677235	-273.89325	-430.95792	-323.42612	44.565468	-249.98874	-384.2259	100.0	100.0	269999	-77.461296	7.3378654	-62.0102	-109.12904	-77.46124	7.3392477	-62.159943	-107.85017	77.06425	1.1413587	2776.9285712242126
181	-356.57162	47.24222	-243.20522	-416.3838	-290.99802	41.003777	-227.24463	-356.3435	100.0	100.0	271499	-77.33058	7.3552284	-62.05295	-108.95576	-77.33049	7.356734	-62.127743	-108.095604	76.943794	1.1716473	2793.231840133667
182	-364.0324	33.615444	-314.27768	-441.23508	-350.38507	32.416058	-291.3908	-392.1883	100.0	100.0	272999	-77.27429	7.3631215	-61.81231	-108.67362	-77.27412	7.3658533	-62.12019	-108.65211	76.87779	1.1635818	2808.8400242328644
183	-349.6273	32.157825	-305.14294	-403.04266	-329.4256	42.920456	-276.50323	-397.07132	100.0	100.0	274499	-77.19845	7.346972	-61.588776	-108.81616	-77.19841	7.348148	-62.13089	-107.99095	76.82227	1.1422826	2824.9653561115265
184	-357.2364	22.773014	-302.71213	-398.97366	-329.52853	25.47152	-287.59048	-376.23514	100.0	100.0	275999	-77.146385	7.342564	-61.64563	-108.18121	-77.146324	7.3456373	-61.65622	-107.54843	76.78751	1.152569	2841.1962711811066
185	-344.9531	41.844193	-267.74957	-426.71832	-316.7602	59.62899	-206.48392	-408.9174	100.0	100.0	277499	-77.08662	7.3516498	-61.752388	-108.26584	-77.0864	7.3549104	-61.752934	-108.26968	76.7499	1.1589729	2856.866183280945
186	-360.36148	29.761187	-305.31583	-415.88788	-328.31177	44.255363	-248.7684	-397.4559	100.0	100.0	278999	-77.021164	7.382841	-61.549824	-108.69767	-77.02103	7.384548	-61.713177	-107.914185	76.66244	1.1509988	2872.8976759910583
187	-357.7	43.584064	-290.57574	-431.01877	-285.6985	53.570244	-212.54002	-412.5281	100.0	100.0	280499	-76.99911	7.3854	-61.979572	-108.659744	-76.999176	7.389419	-61.71705	-106.677986	76.56819	1.1447195	2888.511172056198
188	-367.8465	33.374153	-334.02902	-452.752	-342.94614	47.660603	-237.23224	-426.0646	100.0	100.0	281999	-76.90323	7.354867	-61.74356	-107.605225	-76.903114	7.35643	-61.442	-110.3253	76.476166	1.1511968	2904.2788422107697
189	-349.21393	46.88459	-276.9694	-402.65152	-306.3993	33.45569	-246.93816	-357.57184	100.0	100.0	283499	-76.846016	7.382634	-61.66527	-109.455635	-76.845764	7.3867517	-61.662117	-109.13737	76.48606	1.1353844	2919.8993122577667
190	-348.818	38.832626	-285.9498	-418.742	-327.4923	38.86015	-241.38412	-371.20804	100.0	100.0	284999	-76.8155	7.400204	-61.7679	-107.40726	-76.81512	7.4037256	-61.63139	-108.041824	76.43816	1.1568259	2935.913512945175
191	-358.30145	48.42112	-267.7512	-420.35553	-322.71112	36.7005	-240.30682	-370.51663	100.0	100.0	286499	-76.75336	7.3623157	-61.451065	-108.075615	-76.75359	7.3655124	-61.19836	-106.556526	76.40765	1.1390607	2951.790014028549
192	-351.27682	34.22885	-299.30103	-412.96262	-308.65167	54.98621	-204.79343	-372.1368	100.0	100.0	287999	-76.69452	7.380633	-61.558575	-108.47819	-76.694374	7.3825154	-61.585922	-108.05751	76.319305	1.1405313	2967.7211141586304
193	-352.8088	41.372894	-287.53836	-449.9292	-282.76276	42.513268	-234.12909	-380.30414	100.0	100.0	289499	-76.66081	7.3958364	-61.542595	-106.89631	-76.66052	7.3984113	-61.547924	-106.6744	76.298904	1.1395955	2983.1968462467194
194	-339.88528	53.92853	-254.99734	-432.75418	-339.93005	35.466385	-254.46538	-391.60324	100.0	100.0	290999	-76.61547	7.382924	-61.28211	-109.56395	-76.61541	7.384823	-61.329113	-108.936424	76.2615	1.1387459	2998.9025542736053
195	-358.97675	38.578575	-296.89648	-418.65173	-318.95734	53.199276	-236.71666	-396.3302	100.0	100.0	292499	-76.50949	7.4086623	-61.445923	-110.49412	-76.509445	7.411405	-61.339504	-110.12606	76.15903	1.1509931	3014.662607192993
196	-339.00458	43.186974	-280.73306	-418.0977	-326.08295	60.116158	-250.22389	-450.8772	100.0	100.0	293999	-76.43531	7.3975463	-61.073334	-109.61512	-76.435326	7.39974	-61.137096	-110.71277	76.070915	1.1463004	3030.399528026581
197	-334.93576	34.398083	-260.15103	-380.13007	-322.29535	61.20699	-236.45085	-407.7374	100.0	100.0	295499	-76.39093	7.418272	-61.263912	-109.10829	-76.39081	7.420464	-61.29858	-109.09347	76.021645	1.1360292	3045.980359315872
198	-352.6746	35.743645	-286.43774	-426.63855	-325.94345	40.023476	-274.5412	-409.75098	100.0	100.0	296999	-76.342926	7.449095	-61.206257	-106.140205	-76.34271	7.450549	-61.112442	-108.218	75.95506	1.1453657	3061.6871271133423
199	-347.42914	32.346115	-302.26685	-423.513	-297.5329	50.195557	-211.50624	-358.45535	100.0	100.0	298499	-76.25144	7.400539	-60.807423	-107.479805	-76.25134	7.4051647	-60.775406	-106.92314	75.85242	1.1433909	3077.1455800533295
200	-356.94666	37.894554	-286.8838	-413.3281	-320.70438	44.28381	-260.55798	-377.14172	100.0	100.0	299999	-76.18517	7.4238143	-61.17318	-109.04598	-76.1852	7.4268436	-61.33043	-107.99065	75.82761	1.1077561	3092.6939041614532
201	-356.56406	43.60978	-307.75946	-468.03702	-327.31055	45.377705	-272.76453	-400.2963	100.0	100.0	301499	-76.13488	7.446729	-61.327507	-106.26033	-76.13485	7.449462	-61.233868	-106.748085	75.78168	1.1350365	3108.3561170101166
202	-357.71808	43.739902	-284.42838	-450.8526	-305.06735	52.902645	-214.7586	-399.956	100.0	100.0	302999	-76.15144	7.4570932	-61.259743	-106.61827	-76.15128	7.4603186	-60.94227	-107.07072	75.842804	1.1556612	3124.271651029587
203	-343.59714	23.83348	-312.3656	-401.26624	-305.3863	63.58806	-218.25858	-404.31424	100.0	100.0	304499	-76.07926	7.456303	-60.87681	-107.57252	-76.079346	7.4582934	-60.94153	-106.97636	75.68909	1.1591291	3140.5600130558014
204	-358.7357	41.25369	-300.68152	-451.99478	-358.19604	47.21942	-265.54727	-437.92938	100.0	100.0	305999	-76.077774	7.464474	-61.308323	-106.95214	-76.07777	7.4670167	-61.456955	-106.98655	75.73609	1.1553733	3156.2254531383514
205	-341.37064	46.17313	-265.73395	-420.2897	-323.78015	58.733086	-233.22235	-408.95248	100.0	100.0	307499	-75.99242	7.417669	-61.108006	-107.08431	-75.99212	7.4202204	-61.44648	-107.86797	75.646645	1.1445993	3173.852902173996
206	-351.69772	42.47506	-267.8163	-417.36194	-324.9559	50.94548	-235.81206	-443.64468	100.0	100.0	308999	-75.911964	7.4380546	-61.070736	-109.269295	-75.91197	7.440869	-60.68412	-106.11386	75.54356	1.1398394	3190.0567359924316
207	-348.20813	43.339775	-292.64365	-444.33746	-328.64246	18.999268	-293.55862	-361.69815	100.0	100.0	310499	-75.90295	7.445165	-61.114452	-107.37012	-75.90303	7.4479055	-61.16292	-105.390144	75.54474	1.1558037	3205.911950111389
208	-351.90417	32.06469	-301.99005	-407.98822	-325.8148	41.80373	-285.38156	-426.04538	100.0	100.0	311999	-75.8362	7.4298472	-60.80512	-107.48642	-75.83582	7.4343715	-61.330574	-106.333984	75.48646	1.118786	3221.628002166748
209	-356.2302	37.242058	-294.1822	-424.0802	-301.01227	31.236938	-249.69711	-372.51584	100.0	100.0	313499	-75.82449	7.472543	-61.049286	-106.2426	-75.82426	7.475818	-61.230286	-106.83826	75.49302	1.1481359	3237.2785799503326
210	-368.11127	44.978123	-279.2009	-459.83368	-334.726	39.113194	-244.9339	-384.244	100.0	100.0	314999	-75.78528	7.4658155	-61.144073	-106.858635	-75.78528	7.4702854	-61.09918	-106.06812	75.405365	1.1851718	3253.145029067993
211	-374.3154	47.69686	-272.33575	-459.96884	-313.93707	46.269756	-235.88933	-399.99466	100.0	100.0	316499	-75.737366	7.4771423	-60.949932	-108.19651	-75.73728	7.4796376	-60.96857	-106.60764	75.3792	1.1563771	3269.2900791168213
212	-362.17346	41.377346	-297.42184	-441.04547	-324.10925	46.98913	-233.09464	-387.10968	100.0	100.0	317999	-75.729004	7.472128	-60.891293	-108.22832	-75.72894	7.4757705	-60.688328	-107.01918	75.38174	1.1737434	3284.949315071106
213	-337.9945	32.515778	-279.0922	-419.01468	-326.40427	42.494045	-246.77481	-391.41046	100.0	100.0	319499	-75.6661	7.4868026	-61.020557	-105.98338	-75.66595	7.4901114	-61.02674	-107.42125	75.28585	1.148946	3300.6567380428314
214	-358.1589	53.244152	-281.72357	-470.36096	-317.37695	23.19894	-275.70435	-351.93658	100.0	100.0	320999	-75.6887	7.536198	-60.94201	-107.86162	-75.688705	7.5383396	-61.00681	-107.63766	75.301285	1.1640263	3316.511301279068
215	-353.73297	30.446398	-305.94443	-414.55963	-333.0508	43.30176	-232.10316	-380.97296	100.0	100.0	322499	-75.64146	7.5459747	-61.03713	-107.11853	-75.64148	7.549837	-60.974472	-106.496925	75.26908	1.1648061	3332.251160144806
216	-372.81674	32.95139	-325.7206	-444.39548	-302.02194	59.452908	-215.97983	-395.17563	100.0	100.0	323999	-75.60157	7.5449395	-60.9582	-110.44344	-75.60128	7.549418	-60.8046	-105.93161	75.24101	1.164913	3347.8100669384003
217	-350.41223	36.620872	-304.47266	-438.06622	-321.42755	46.119446	-254.12166	-440.1928	100.0	100.0	325499	-75.60046	7.5423684	-61.05082	-107.404594	-75.60014	7.5452576	-60.94452	-106.88868	75.25024	1.1779555	3363.4063351154327
218	-346.8256	32.291176	-288.4775	-407.48203	-303.9901	41.069576	-251.8	-381.95657	100.0	100.0	326999	-75.59478	7.55777	-60.75326	-108.07288	-75.594826	7.559684	-60.782227	-107.48988	75.23023	1.1672742	3379.058578968048
219	-335.2809	36.989857	-280.14163	-394.02048	-290.9385	52.470894	-199.70999	-365.3734	100.0	100.0	328499	-75.53006	7.5850396	-60.89916	-107.74802	-75.53006	7.5862117	-60.813087	-104.18343	75.13195	1.1492431	3394.4344429969788
220	-344.37445	48.38584	-274.9038	-444.30194	-326.96387	35.125816	-245.63557	-361.58838	100.0	100.0	329999	-75.52194	7.6063175	-60.66726	-106.56971	-75.52197	7.6102366	-60.83936	-105.06582	75.17314	1.1646512	3409.9788501262665
221	-354.81158	50.125546	-268.6439	-444.0013	-331.75888	32.096188	-283.90372	-378.74188	100.0	100.0	331499	-75.49717	7.6379776	-60.84125	-107.868034	-75.49706	7.641278	-60.926105	-105.86186	75.09917	1.1632652	3425.7254621982574
222	-332.17776	31.676596	-300.10165	-416.6769	-306.4033	52.80583	-222.55115	-384.34186	100.0	100.0	332999	-75.45266	7.631197	-60.288948	-110.474365	-75.45253	7.6332026	-60.9318	-105.947556	75.10723	1.1488318	3441.3021309375763
223	-348.8794	41.991642	-281.62946	-454.1622	-285.7655	45.84448	-214.39711	-381.67838	100.0	100.0	334499	-75.42168	7.6165266	-60.578953	-108.75267	-75.42149	7.620244	-60.658257	-107.527565	75.04792	1.1573329	3457.324980020523
224	-346.38068	35.83941	-279.32956	-393.97992	-274.99472	55.90905	-186.68416	-371.05432	100.0	100.0	335999	-75.3772	7.628058	-60.778503	-107.45351	-75.377075	7.630408	-60.760212	-106.55515	75.0388	1.1647865	3473.014430999756
225	-340.1725	35.6214	-274.7558	-403.40942	-322.00708	43.465767	-249.38834	-407.21957	100.0	100.0	337499	-75.33942	7.6346726	-60.67453	-107.9943	-75.33912	7.637887	-60.6206	-107.755775	74.99846	1.155117	3488.6731951236725
226	-326.19876	31.992773	-282.73193	-407.4925	-309.22592	44.667744	-237.36394	-363.3575	100.0	100.0	338999	-75.26653	7.640486	-60.55721	-109.282326	-75.26676	7.6443253	-60.496902	-106.73405	74.917244	1.1710426	3504.128180027008
227	-342.86905	33.687378	-265.89102	-395.3043	-321.23578	42.55501	-259.36334	-378.69104	100.0	100.0	340499	-75.23024	7.639456	-60.283665	-107.393654	-75.229904	7.643213	-60.44187	-105.47161	74.90368	1.1410087	3520.0323400497437
228	-347.35504	43.200947	-285.8755	-465.21838	-293.3764	54.111656	-221.27414	-370.1083	100.0	100.0	341999	-75.20875	7.64028	-60.412537	-106.78712	-75.208496	7.64258	-60.52686	-107.52864	74.81865	1.155595	3535.444662094116
229	-341.95444	34.402954	-291.86877	-414.76895	-323.9605	43.753597	-226.56824	-401.79837	100.0	100.0	343499	-75.20545	7.6727004	-60.460903	-105.85139	-75.205246	7.6759624	-60.341793	-107.01251	74.86917	1.1532165	3550.954111099243
230	-350.57965	44.698902	-270.3909	-436.0789	-268.41943	38.01968	-209.50087	-336.87738	100.0	100.0	344999	-75.14611	7.637954	-60.52987	-106.24275	-75.1461	7.6419535	-60.38654	-106.547745	74.76853	1.1525042	3567.2511451244354
231	-349.26114	35.85066	-274.03833	-420.76816	-295.05682	39.865246	-207.1473	-350.60257	100.0	100.0	346499	-75.036766	7.6464686	-60.42731	-105.584145	-75.036705	7.647736	-60.481846	-105.016365	74.70512	1.1525487	3583.113758087158
232	-342.51938	38.58597	-263.04102	-388.77737	-299.7091	60.711563	-222.67381	-391.97522	100.0	100.0	347999	-75.01772	7.6687355	-60.356556	-108.969	-75.01751	7.6716266	-60.102745	-107.1775	74.673836	1.152596	3599.4286620616913
233	-347.44193	41.34201	-282.38776	-423.63364	-310.6126	65.11002	-189.72754	-426.41214	100.0	100.0	349499	-75.04944	7.667233	-60.461166	-107.663864	-75.04934	7.6692414	-60.463028	-105.76562	74.69928	1.161049	3615.0079860687256
234	-348.55954	39.608444	-279.3036	-421.7281	-292.47684	61.869633	-213.61565	-377.0848	100.0	100.0	350999	-75.02769	7.670999	-60.29764	-110.719444	-75.02755	7.6758456	-60.411297	-107.441795	74.65222	1.1594265	3631.0272011756897
235	-335.81458	33.55241	-264.09583	-386.60437	-302.44684	50.213776	-225.352	-401.75433	100.0	100.0	352499	-74.96326	7.662247	-60.2818	-108.20597	-74.96296	7.6664615	-60.256485	-106.35159	74.6061	1.1630026	3647.1571521759033
236	-355.0239	37.761147	-290.23175	-426.2738	-288.25436	41.35343	-206.47926	-351.84915	100.0	100.0	353999	-74.93849	7.666462	-59.864895	-109.611115	-74.93837	7.6719184	-60.058792	-106.872154	74.5659	1.1533198	3663.782363176346
237	-333.4572	21.074211	-300.72433	-372.8724	-295.94122	60.168934	-209.41525	-410.2243	100.0	100.0	355499	-74.89946	7.6597614	-59.891373	-107.09806	-74.89941	7.661384	-59.863007	-106.62078	74.54987	1.154586	3680.2546513080597
238	-352.31818	36.293446	-290.4011	-425.7327	-298.14496	53.006653	-218.16974	-376.6753	100.0	100.0	356999	-74.90594	7.6846967	-59.8443	-106.47152	-74.90598	7.6882143	-59.852524	-107.77061	74.56241	1.1771528	3696.9192090034485
239	-343.6059	34.930614	-287.28067	-417.08154	-306.8713	46.62847	-233.43954	-374.54303	100.0	100.0	358499	-74.861145	7.7043304	-59.99099	-107.956184	-74.86093	7.707989	-60.05623	-108.577805	74.48381	1.1736406	3713.4102721214294
240	-335.44388	42.74099	-244.82285	-399.66782	-296.41162	49.042625	-235.92764	-391.51913	100.0	100.0	359999	-74.85755	7.7268596	-59.68091	-107.903145	-74.857376	7.729682	-59.817604	-106.527084	74.529434	1.1733522	3729.7598881721497
241	-346.49414	51.75916	-273.31378	-467.95807	-324.82687	63.049934	-234.13216	-422.8146	100.0	100.0	361499	-74.76451	7.7073665	-59.72126	-110.258316	-74.76442	7.709801	-59.70108	-108.89759	74.41561	1.1590683	3745.8967230319977
242	-339.07816	27.035244	-288.72144	-387.34177	-329.0302	48.363476	-279.81854	-449.59494	100.0	100.0	362999	-74.70996	7.7142596	-59.78803	-109.77886	-74.70986	7.7174335	-59.835308	-107.82395	74.37529	1.1861825	3763.2109880447388
243	-345.3506	44.73078	-273.99997	-426.00833	-319.83563	44.351593	-241.03209	-393.7282	100.0	100.0	364499	-74.69506	7.7227874	-59.504963	-110.592354	-74.69486	7.725478	-59.225864	-109.87854	74.34779	1.1688238	3780.0224211215973
244	-331.69836	51.926773	-237.07373	-419.97287	-291.45346	53.515587	-216.51521	-385.49292	100.0	100.0	365999	-74.61087	7.690904	-59.52737	-108.1737	-74.6106	7.6948504	-59.55241	-106.28044	74.2303	1.1758558	3796.330270051956
245	-358.03668	31.52237	-302.20657	-413.56946	-313.93735	47.151196	-211.86047	-376.57758	100.0	100.0	367499	-74.65076	7.740553	-59.216045	-108.102936	-74.65044	7.7432904	-59.423347	-106.30799	74.29153	1.1786861	3813.2374699115753
246	-371.83536	44.591805	-306.67038	-453.11203	-310.61658	52.13135	-200.5929	-383.4147	100.0	100.0	368999	-74.596954	7.7228665	-59.239742	-108.11476	-74.59705	7.726356	-59.388603	-108.17457	74.20073	1.180388	3829.260729074478
247	-346.79407	32.207027	-295.07248	-384.88843	-347.43893	45.33572	-273.89627	-409.89236	100.0	100.0	370499	-74.54445	7.7270346	-58.920475	-109.12165	-74.54434	7.728562	-59.24987	-106.77934	74.184006	1.1930448	3845.2214572429657
248	-346.98285	32.28819	-293.6034	-400.77615	-315.43558	50.088276	-209.47733	-375.65436	100.0	100.0	371999	-74.526985	7.7380953	-59.050976	-109.17933	-74.52681	7.7417107	-59.279125	-108.5016	74.14129	1.1870531	3861.2245860099792
249	-323.80844	35.16639	-262.12418	-405.0352	-314.22726	46.808052	-234.39621	-416.93225	100.0	100.0	373499	-74.48978	7.719034	-58.715267	-112.113846	-74.48997	7.7223268	-59.010384	-108.63183	74.13829	1.1916008	3877.231548309326
250	-351.38028	34.867558	-295.4085	-407.34778	-296.07553	44.988106	-198.12146	-346.0219	100.0	100.0	374999	-74.41633	7.737412	-58.761826	-110.17031	-74.41581	7.740972	-58.81577	-110.25089	74.07341	1.1948402	3893.4123640060425
251	-357.7414	41.178585	-283.0569	-456.97452	-354.5807	46.495323	-250.79759	-439.5844	100.0	100.0	376499	-74.32369	7.7401757	-58.748188	-109.245125	-74.32363	7.7446094	-58.947628	-108.04375	73.97765	1.1726307	3909.4686620235443
252	-362.1715	48.512886	-268.6607	-459.05933	-307.42545	62.908276	-214.11107	-427.5682	100.0	100.0	377999	-74.283745	7.7118134	-58.34194	-108.07486	-74.28371	7.7155733	-58.572247	-109.21289	73.90135	1.161839	3926.037602186203
253	-354.0486	33.150826	-304.5049	-455.07596	-306.9368	49.158024	-209.82053	-397.46744	100.0	100.0	379499	-74.27146	7.7171707	-58.1892	-111.314514	-74.27133	7.7200503	-58.595177	-107.922966	73.91963	1.1807555	3943.172417163849
254	-346.08456	40.396503	-299.74426	-436.0775	-314.44827	55.73921	-235.2151	-394.5641	100.0	100.0	380999	-74.282265	7.777768	-58.249386	-108.03578	-74.28204	7.7826467	-58.335274	-108.453575	73.92961	1.1651107	3959.1409401893616
255	-352.97202	42.231495	-298.6056	-453.39227	-317.03607	53.9275	-222.98073	-396.76978	100.0	100.0	382499	-74.22403	7.7312465	-57.930702	-108.59633	-74.22385	7.7346606	-58.582714	-107.397194	73.864296	1.1759691	3975.323049068451
256	-335.37643	29.318579	-275.3392	-374.81012	-305.406	30.71474	-268.01163	-376.3359	100.0	100.0	383999	-74.1098	7.718861	-58.15982	-109.51013	-74.10964	7.723229	-58.10627	-106.64252	73.78952	1.1745093	3991.9431862831116
257	-327.6386	33.95069	-270.02597	-385.579	-292.29712	43.37793	-209.16414	-346.19772	100.0	100.0	385499	-74.14945	7.702561	-58.22491	-107.018684	-74.14944	7.7050138	-58.39554	-106.84834	73.77021	1.1796792	4008.045563220978
258	-343.6508	38.100887	-276.614	-406.50793	-324.5251	58.864166	-204.77898	-391.87708	100.0	100.0	386999	-74.14204	7.7566786	-58.11424	-105.39335	-74.141815	7.759986	-58.606716	-106.33302	73.807106	1.1895099	4024.2437460422516
259	-347.24988	39.785244	-276.02798	-420.4135	-324.2809	45.64582	-233.83846	-375.96292	100.0	100.0	388499	-74.09111	7.756054	-58.167503	-110.65149	-74.09111	7.758963	-58.2044	-108.533394	73.733406	1.1881593	4040.435655117035
260	-329.86917	47.443386	-270.04138	-433.30402	-297.80963	64.22123	-226.56871	-436.25253	100.0	100.0	389999	-74.08786	7.8037386	-58.170788	-109.33824	-74.087524	7.808139	-58.207474	-109.07868	73.71336	1.1908613	4056.858502149582
261	-359.88065	48.496178	-263.9381	-428.61496	-296.93033	42.730484	-235.44934	-391.3677	100.0	100.0	391499	-74.023445	7.782354	-57.986084	-110.13502	-74.02326	7.786596	-58.226444	-107.926865	73.67453	1.1884829	4073.581723213196
262	-353.1847	35.80303	-279.56512	-418.46005	-325.60474	56.688778	-233.98242	-403.6682	100.0	100.0	392999	-74.008446	7.7890096	-58.08857	-109.66501	-74.008095	7.7937236	-58.167393	-106.79203	73.65395	1.1735116	4091.1801900863647
263	-348.33685	58.12467	-277.7428	-448.42337	-345.94733	67.0934	-220.90437	-460.83847	100.0	100.0	394499	-73.983734	7.778964	-58.2993	-107.328964	-73.98393	7.7839785	-58.397606	-104.809296	73.599144	1.2088804	4108.110860109329
264	-338.67438	47.853577	-254.84415	-440.1196	-308.35938	50.197254	-219.77582	-379.15964	100.0	100.0	395999	-73.944496	7.817573	-58.195934	-106.09045	-73.94389	7.8221655	-58.44533	-104.85477	73.56784	1.1774502	4125.5778901577
