Epoch	AverageEpRet	StdEpRet	MaxEpRet	MinEpRet	AverageTestEpRet	StdTestEpRet	MaxTestEpRet	MinTestEpRet	EpLen	TestEpLen	TotalEnvInteracts	AverageQ1Vals	StdQ1Vals	MaxQ1Vals	MinQ1Vals	AverageQ2Vals	StdQ2Vals	MaxQ2Vals	MinQ2Vals	LossPi	LossQ	Time
1	-494.4052	6.424298	-481.45404	-502.83112	-480.36957	3.8094563	-473.46307	-485.33514	100.0	100.0	1499	-6.0988464	1.9905422	0.011103474	-10.521188	-6.154219	1.8814844	0.005054012	-10.510721	5.873712	3.3707874	4.954632997512817
2	-491.713	6.062035	-479.38858	-502.23077	-472.5622	10.440272	-445.59363	-485.053	100.0	100.0	2999	-14.877722	3.8546882	-6.8261876	-23.82101	-14.877773	3.854739	-6.6740847	-23.626677	14.691658	0.14362597	13.280367851257324
3	-491.2081	8.300886	-469.516	-501.59338	-470.36288	23.209345	-419.37775	-495.1845	100.0	100.0	4499	-27.81127	3.6818507	-19.396748	-38.54996	-27.811342	3.6815429	-19.30425	-38.743652	27.668007	0.1630253	22.45813512802124
4	-495.06955	5.3686767	-487.04102	-504.1218	-479.23056	8.877716	-462.96692	-491.35553	100.0	100.0	5999	-39.42131	3.2478764	-31.670464	-48.766132	-39.42132	3.2473526	-31.668983	-48.895138	39.285355	0.21602575	31.535899877548218
5	-492.97342	5.238795	-481.7822	-502.18314	-479.70062	14.115551	-448.35803	-495.74835	100.0	100.0	7499	-49.308964	2.7874324	-42.131447	-57.44179	-49.309063	2.7873788	-42.2345	-57.303955	49.17775	0.2504284	40.62437701225281
6	-492.8748	5.1212797	-479.32724	-501.12244	-472.68155	15.840394	-436.47955	-495.5324	100.0	100.0	8999	-57.643314	2.4193394	-50.584114	-64.49818	-57.64344	2.42101	-50.9066	-64.68756	57.511158	0.27349624	49.952301025390625
7	-484.58	11.656143	-459.39133	-496.64737	-473.31	14.320011	-452.22952	-493.34534	100.0	100.0	10499	-64.652306	2.0999246	-58.204464	-70.9386	-64.65224	2.1012912	-58.20541	-70.853745	64.534874	0.28876615	58.80206799507141
8	-473.01562	12.3418045	-445.78226	-493.14838	-470.07187	32.433502	-375.98923	-495.866	100.0	100.0	11999	-70.420395	1.8128312	-64.50395	-76.20012	-70.420425	1.8158716	-64.496216	-76.571625	70.31264	0.28088763	68.0332350730896
9	-465.34805	17.871475	-434.77188	-490.75525	-482.0633	11.402509	-461.63623	-493.2869	100.0	100.0	13499	-75.12565	1.6407533	-69.503975	-80.689835	-75.1257	1.6454939	-69.81324	-80.99953	75.01761	0.29782966	76.9765350818634
10	-477.76788	12.352812	-456.67767	-496.95795	-460.75864	21.054312	-425.22803	-493.05002	100.0	100.0	14999	-78.93069	1.6437663	-73.35781	-84.815994	-78.9305	1.6499417	-73.5202	-84.77011	78.82665	0.31995195	85.48982620239258
11	-471.7786	22.953947	-410.82993	-496.29767	-447.93076	33.65353	-387.36987	-492.19302	100.0	100.0	16499	-82.13162	1.6531523	-76.142784	-87.93108	-82.131676	1.6620657	-76.16326	-88.38731	82.019516	0.34555286	93.97374701499939
12	-468.04324	15.5698	-444.31326	-492.341	-457.50986	34.59133	-384.3543	-495.24966	100.0	100.0	17999	-84.709564	1.7264994	-78.44714	-90.70574	-84.70945	1.7386763	-78.44619	-90.86806	84.59353	0.3638906	102.41735982894897
13	-469.14395	28.14196	-379.15866	-497.2846	-464.67792	15.2614355	-435.86594	-490.17682	100.0	100.0	19499	-86.79471	1.8518448	-80.66346	-92.85477	-86.79458	1.8622408	-80.58577	-93.06369	86.68389	0.39939567	111.07721400260925
14	-473.37128	15.249449	-432.23917	-495.50674	-446.3671	30.02523	-374.97214	-478.33096	100.0	100.0	20999	-88.52954	1.979849	-82.284744	-94.93606	-88.529495	1.9893813	-82.18511	-95.38731	88.40494	0.42346972	120.05801701545715
15	-465.98175	25.00415	-401.02725	-496.43802	-446.48224	42.227673	-354.21518	-497.27856	100.0	100.0	22499	-89.916374	2.099963	-83.18034	-96.6162	-89.91629	2.1098332	-83.252014	-96.815254	89.78375	0.44174027	129.39253211021423
16	-455.22824	24.292154	-419.5044	-499.95584	-420.68805	45.03643	-344.78873	-476.18878	100.0	100.0	23999	-91.02474	2.2511292	-83.834206	-97.74449	-91.02468	2.2600958	-83.8682	-97.74178	90.88304	0.46479768	138.01562404632568
17	-460.66275	21.666212	-404.40952	-492.09988	-449.25024	27.099857	-405.9164	-492.70447	100.0	100.0	25499	-91.85405	2.422723	-84.13676	-99.1009	-91.85397	2.4321601	-84.12855	-99.19632	91.71953	0.4970701	146.37124514579773
18	-441.4608	35.741096	-335.28268	-480.65192	-440.8221	23.59126	-407.66522	-475.1855	100.0	100.0	26999	-92.517654	2.550124	-84.24765	-100.09264	-92.5178	2.5594318	-84.509346	-99.84884	92.37623	0.52406687	154.79306507110596
19	-436.39133	37.932022	-340.2484	-480.57953	-426.12222	43.5787	-335.9432	-481.7026	100.0	100.0	28499	-92.94279	2.7210367	-84.56832	-100.97272	-92.94248	2.7341123	-84.51021	-100.68028	92.78585	0.56540644	163.32637190818787
20	-450.5278	40.83058	-356.4709	-499.47882	-455.6888	30.088276	-391.94724	-494.1506	100.0	100.0	29999	-93.24651	2.9034107	-84.205475	-102.4271	-93.246414	2.9159565	-84.13728	-101.36555	93.07439	0.61677235	172.22175288200378
21	-437.9523	31.259342	-373.6629	-487.76694	-440.9875	31.74788	-364.05554	-488.85727	100.0	100.0	31499	-93.44302	3.1194732	-83.64283	-102.56437	-93.44277	3.1338863	-83.526566	-102.00861	93.27322	0.6634776	181.26916193962097
22	-445.09967	29.200405	-369.0147	-480.44806	-422.95917	39.33078	-361.97678	-486.8476	100.0	100.0	32999	-93.533714	3.318008	-83.13535	-103.83549	-93.53361	3.3300297	-83.00652	-103.04209	93.347855	0.69711936	189.5701241493225
23	-455.81653	18.52551	-429.37802	-486.18393	-424.36646	31.789314	-352.29376	-472.9753	100.0	100.0	34499	-93.6271	3.4769456	-82.71478	-104.23847	-93.62712	3.485794	-82.48638	-104.06039	93.462135	0.72779214	198.21975898742676
24	-424.5927	40.706238	-356.23596	-475.11444	-411.04547	33.086052	-354.10947	-456.90515	100.0	100.0	35999	-93.64283	3.6246424	-82.359566	-104.50637	-93.64274	3.6348088	-82.078125	-103.87407	93.45569	0.7599694	206.6540560722351
25	-438.40265	33.687534	-373.21344	-493.77448	-434.05386	21.955809	-396.149	-476.94104	100.0	100.0	37499	-93.56802	3.7945712	-82.15906	-104.97048	-93.56794	3.8041084	-82.04373	-104.49344	93.36448	0.7943409	215.48124194145203
26	-453.92688	22.74088	-406.17523	-489.50604	-409.66327	33.57339	-348.32947	-454.10776	100.0	100.0	38999	-93.45307	3.9115748	-82.1063	-105.479004	-93.453094	3.9214566	-81.91646	-106.14564	93.24233	0.8153773	224.1495771408081
27	-431.99197	27.507683	-386.49808	-470.14673	-416.13004	46.921566	-352.1714	-492.77313	100.0	100.0	40499	-93.37321	4.0222893	-81.86798	-106.45349	-93.37319	4.033557	-81.77509	-106.91307	93.14946	0.83741635	232.67709708213806
28	-436.93262	28.650549	-372.5747	-493.59363	-427.21866	29.845783	-368.51227	-474.781	100.0	100.0	41999	-93.195145	4.1874485	-81.74644	-107.645676	-93.194756	4.1969123	-81.505165	-106.57367	92.98923	0.84586	241.01723289489746
29	-439.76797	27.042963	-361.53506	-474.20456	-436.44473	27.89961	-394.69434	-476.48712	100.0	100.0	43499	-93.02401	4.3241115	-81.404945	-107.70112	-93.02399	4.334395	-81.5289	-106.486275	92.80579	0.86070216	249.87889003753662
30	-432.31424	30.706415	-381.42966	-474.80545	-399.68512	47.524586	-291.28168	-453.68475	100.0	100.0	44999	-92.89102	4.4357095	-81.26383	-107.77792	-92.89104	4.4460206	-81.03583	-106.474525	92.69677	0.88994473	258.2621920108795
31	-429.9574	26.668217	-364.68207	-487.4125	-397.16006	45.710876	-305.09827	-467.54248	100.0	100.0	46499	-92.709	4.540663	-80.81645	-107.54906	-92.70894	4.5515637	-80.96412	-107.11899	92.502975	0.897218	266.7037808895111
32	-435.02835	24.539072	-396.5076	-482.49445	-384.3812	71.872345	-237.55937	-451.54202	100.0	100.0	47999	-92.50399	4.640956	-80.38062	-108.21262	-92.503624	4.6505847	-80.491135	-107.172226	92.271164	0.9164767	275.22167778015137
33	-430.20633	30.584423	-338.45346	-468.01633	-406.0237	51.756985	-322.146	-487.23306	100.0	100.0	49499	-92.31184	4.7433352	-79.922165	-108.28001	-92.311844	4.7554684	-80.255226	-107.2253	92.07077	0.9290845	283.89158296585083
34	-429.61737	36.571365	-368.9673	-499.40826	-394.30756	40.24869	-322.20453	-445.141	100.0	100.0	50999	-92.06722	4.833403	-79.87305	-109.032135	-92.06726	4.844874	-79.76271	-106.84744	91.84546	0.9306612	292.69894886016846
35	-419.3534	34.96719	-354.8398	-467.26044	-416.58755	54.588867	-301.2121	-486.34433	100.0	100.0	52499	-91.86745	4.9155455	-79.28532	-107.93923	-91.86711	4.9257846	-79.326	-107.348434	91.6362	0.9628604	301.3037350177765
36	-416.49545	28.768988	-359.88068	-486.27438	-406.9875	38.716652	-343.55087	-475.33966	100.0	100.0	53999	-91.62249	5.0284395	-78.86031	-108.348595	-91.622375	5.0401907	-79.07502	-107.11349	91.37235	0.97033006	310.1283280849457
37	-425.50925	36.13095	-354.642	-474.45032	-405.26318	37.582497	-325.26166	-470.39685	100.0	100.0	55499	-91.37171	5.0816507	-78.39799	-108.21276	-91.371506	5.0945306	-78.312935	-107.14118	91.11875	0.98504245	318.55080699920654
38	-409.61252	40.431835	-325.73932	-462.45398	-416.0407	26.047623	-368.03018	-458.88672	100.0	100.0	56999	-91.142715	5.1716123	-77.956055	-108.37985	-91.142525	5.1841345	-77.657104	-107.479774	90.89904	1.0105355	327.2673909664154
39	-413.43332	32.52279	-348.8007	-469.04382	-387.31427	48.003487	-305.3953	-470.24167	100.0	100.0	58499	-90.86799	5.232108	-77.50482	-107.79139	-90.8678	5.2451525	-77.41347	-107.508194	90.64477	1.03206	336.17763805389404
40	-412.6304	49.28437	-303.8003	-471.711	-375.8343	61.84585	-225.74962	-449.53384	100.0	100.0	59999	-90.64885	5.3021164	-77.023155	-108.40249	-90.648705	5.3153114	-77.07998	-108.35343	90.418144	1.0532624	345.3111650943756
41	-400.2174	28.565657	-356.35187	-448.70123	-419.9704	30.472105	-353.02145	-472.28516	100.0	100.0	61499	-90.3727	5.3703647	-76.43067	-108.64109	-90.37251	5.3829823	-76.614914	-108.26622	90.11294	1.0622985	353.70476388931274
42	-414.53204	38.564205	-324.3608	-471.1006	-393.0777	48.039467	-287.18066	-459.9217	100.0	100.0	62999	-90.100006	5.4314504	-76.01825	-108.29609	-90.09968	5.443194	-76.07449	-107.665825	89.86011	1.0645276	362.0661578178406
43	-411.29187	35.031715	-359.5201	-473.66782	-380.05035	25.665977	-310.91513	-414.1358	100.0	100.0	64499	-89.875046	5.4742584	-75.63366	-108.72999	-89.87483	5.48631	-75.57664	-107.32554	89.5917	1.0887455	370.4337069988251
44	-427.92667	19.752884	-383.95645	-468.36383	-398.79132	66.72436	-271.8473	-484.1357	100.0	100.0	65999	-89.65678	5.503517	-75.17796	-109.29036	-89.656876	5.5155754	-75.4368	-107.67012	89.37371	1.101997	378.92727994918823
45	-422.39825	27.893764	-352.54855	-457.14877	-373.49927	52.14956	-277.213	-452.1305	100.0	100.0	67499	-89.41524	5.558646	-75.22963	-110.159294	-89.41502	5.570107	-75.108116	-107.90792	89.14767	1.1138836	387.43520402908325
46	-417.87616	18.674139	-384.2156	-445.8146	-385.29395	72.46982	-257.7865	-484.56036	100.0	100.0	68999	-89.17127	5.588859	-74.79464	-109.94212	-89.171234	5.601032	-74.85361	-107.8707	88.89542	1.128149	395.9335708618164
47	-425.38538	34.6242	-359.19492	-485.36877	-359.93994	31.981684	-313.89447	-412.76434	100.0	100.0	70499	-88.95506	5.6315293	-74.8704	-111.59303	-88.95493	5.6435127	-74.85536	-108.75975	88.701706	1.1316255	404.575541973114
48	-418.30774	34.32002	-334.0083	-461.5807	-384.2121	37.993626	-314.7518	-443.06235	100.0	100.0	71999	-88.72149	5.656021	-74.82883	-111.89111	-88.72075	5.6696405	-74.91064	-107.4537	88.47201	1.1365381	412.9534909725189
49	-416.0019	27.979094	-336.67007	-448.46002	-391.62042	25.037395	-352.1545	-438.89243	100.0	100.0	73499	-88.603874	5.6565495	-74.794266	-112.54243	-88.604	5.6696453	-74.90885	-106.9941	88.32457	1.1483004	421.419312953949
50	-420.78693	36.778008	-341.59918	-469.7071	-389.36722	54.165577	-283.534	-450.4231	100.0	100.0	74999	-88.41422	5.6797967	-74.5969	-112.33509	-88.41373	5.693511	-74.699036	-107.655235	88.14257	1.1401421	430.2484939098358
51	-423.49783	26.387276	-374.39853	-480.23645	-399.1092	35.247578	-325.3877	-442.8386	100.0	100.0	76499	-88.24559	5.6582165	-74.47308	-112.10754	-88.24544	5.6722755	-74.5909	-108.57548	87.97571	1.1245496	438.78017592430115
52	-409.28763	42.369576	-305.30945	-464.35715	-386.0856	58.568134	-266.74997	-463.60562	100.0	100.0	77999	-88.12514	5.649908	-74.635796	-108.79003	-88.12486	5.6640377	-74.606155	-107.16487	87.88403	1.1084852	447.58650302886963
53	-402.5148	35.41756	-349.25064	-458.50372	-407.13702	33.322273	-325.0516	-453.84818	100.0	100.0	79499	-87.95537	5.658331	-74.62326	-111.36137	-87.95518	5.6724715	-74.68428	-107.14444	87.70084	1.1058489	456.3060429096222
54	-417.51044	36.648212	-355.57315	-485.52335	-393.49628	55.44748	-305.17575	-476.8505	100.0	100.0	80999	-87.79714	5.684368	-74.80777	-111.32951	-87.79651	5.6979256	-74.54972	-107.662025	87.522835	1.1055181	465.17003083229065
55	-411.1038	37.48276	-337.59177	-457.46194	-411.61517	28.220903	-338.73938	-442.64432	100.0	100.0	82499	-87.66698	5.696354	-74.55376	-111.211266	-87.66716	5.7097025	-74.42667	-108.81641	87.38825	1.1047534	473.96697306632996
56	-428.52435	24.885796	-387.9262	-464.40277	-398.33804	43.49302	-336.1385	-480.79163	100.0	100.0	83999	-87.58628	5.722922	-74.838585	-108.27994	-87.585815	5.7367377	-74.49803	-108.61121	87.32723	1.0821681	482.703125
57	-414.5709	25.485384	-371.8133	-458.32098	-398.32037	31.079468	-343.3929	-445.49643	100.0	100.0	85499	-87.47182	5.7100143	-74.82312	-111.51055	-87.47147	5.722696	-74.61112	-107.09441	87.240486	1.0884571	491.1483268737793
58	-409.0791	32.199028	-363.574	-475.00092	-410.077	20.309647	-363.52368	-442.13135	100.0	100.0	86999	-87.3437	5.716191	-75.03329	-111.62291	-87.3434	5.729964	-74.72277	-108.11245	87.10201	1.0753125	499.9510591030121
59	-394.55887	42.09287	-312.15625	-461.03146	-415.0106	48.33383	-302.07162	-465.33032	100.0	100.0	88499	-87.25205	5.716123	-74.94809	-112.00687	-87.25206	5.730323	-74.593185	-108.128136	86.98604	1.0734664	508.58784914016724
60	-420.06137	25.45674	-379.9728	-473.2438	-405.65054	38.030563	-350.56198	-467.8753	100.0	100.0	89999	-87.11467	5.7426677	-74.68081	-111.43892	-87.114265	5.756097	-74.20143	-108.07464	86.85822	1.0749357	517.1526939868927
61	-405.37656	32.268486	-361.33057	-476.45248	-401.71854	31.674791	-368.12036	-465.1203	100.0	100.0	91499	-86.95429	5.7624164	-74.45046	-110.67387	-86.95385	5.776227	-74.25007	-107.20931	86.71438	1.0900236	525.5892310142517
62	-409.98392	31.81783	-360.39072	-479.3258	-380.1953	49.500317	-308.19077	-480.673	100.0	100.0	92999	-86.84714	5.766527	-74.04419	-112.40239	-86.84703	5.779308	-73.99757	-108.3541	86.59273	1.076288	534.181823015213
63	-428.19244	32.852875	-385.08868	-482.89368	-397.13614	45.942554	-311.7599	-464.806	100.0	100.0	94499	-86.72279	5.7725377	-74.30218	-111.56848	-86.72262	5.7883415	-74.05347	-107.92117	86.46807	1.0875233	542.7247791290283
64	-415.73514	26.749304	-368.24442	-466.2582	-399.10187	60.26745	-272.2934	-468.51877	100.0	100.0	95999	-86.63379	5.787932	-73.7447	-111.69327	-86.63343	5.803715	-73.68657	-108.18268	86.34286	1.0881184	551.2234740257263
65	-425.66495	32.037853	-368.84412	-478.06912	-387.34717	49.541054	-295.57675	-440.4026	100.0	100.0	97499	-86.548874	5.8108964	-73.85077	-109.89285	-86.5488	5.824934	-73.849045	-107.39995	86.297356	1.0804449	560.174369096756
66	-430.04648	27.077055	-371.93182	-465.7321	-405.76138	51.324085	-339.4723	-497.8661	100.0	100.0	98999	-86.465935	5.8274927	-73.96014	-110.36869	-86.46558	5.841802	-73.8886	-107.8753	86.198074	1.0823267	569.2924370765686
67	-418.6314	25.680355	-373.3437	-469.84348	-379.74292	24.008053	-335.9661	-412.1207	100.0	100.0	100499	-86.38401	5.83962	-74.162415	-111.349014	-86.3838	5.854758	-74.02897	-108.19718	86.13365	1.0800722	578.989021062851
68	-419.5446	39.386864	-346.17682	-485.2912	-391.42447	57.723858	-282.81992	-490.3505	100.0	100.0	101999	-86.29919	5.847633	-73.79725	-109.1334	-86.29874	5.8606954	-73.83926	-107.640495	86.03214	1.0770166	587.6980628967285
69	-410.19632	33.804558	-356.94653	-470.87186	-357.8124	51.381786	-272.31738	-437.95847	100.0	100.0	103499	-86.229805	5.8457956	-74.09797	-110.77286	-86.22979	5.8591537	-74.02878	-106.804245	85.979774	1.076123	596.2691090106964
70	-405.87903	36.852333	-336.79706	-466.05307	-404.08365	33.40873	-356.2401	-461.35858	100.0	100.0	104999	-86.16945	5.836116	-74.174164	-108.978134	-86.16924	5.8485813	-73.8949	-108.286	85.907295	1.0820853	605.0588822364807
71	-408.02628	36.088425	-344.04614	-453.11172	-377.26874	25.861744	-318.31342	-405.95682	100.0	100.0	106499	-86.05386	5.846568	-73.978294	-110.50119	-86.05394	5.8577495	-73.713326	-107.4299	85.78188	1.063635	613.4118130207062
72	-433.08014	26.252169	-363.3308	-475.08246	-395.06543	34.761997	-340.5696	-451.41464	100.0	100.0	107999	-86.00515	5.8495955	-73.89273	-110.714	-86.00463	5.8641047	-73.92169	-107.6744	85.72968	1.0672839	622.4276838302612
73	-408.04062	36.340534	-353.01266	-473.25677	-403.37238	31.36156	-351.95914	-461.3565	100.0	100.0	109499	-85.977425	5.8358097	-73.83772	-110.94371	-85.9774	5.849037	-73.774475	-107.75143	85.7029	1.0598702	631.7627069950104
74	-407.18015	30.363684	-338.6998	-451.7312	-385.62393	29.945744	-320.0878	-439.7718	100.0	100.0	110999	-85.91711	5.826978	-73.81104	-110.33748	-85.91691	5.840092	-73.483894	-106.62688	85.63963	1.0515133	640.6861431598663
75	-417.2754	20.185726	-384.40378	-461.1997	-374.49612	43.617706	-298.57532	-432.82333	100.0	100.0	112499	-85.84238	5.8169103	-73.49553	-108.941605	-85.84203	5.832069	-73.667435	-106.482666	85.58897	1.055898	649.2060439586639
76	-419.46915	30.054155	-354.35602	-464.52832	-368.87866	45.412926	-278.27155	-418.98242	100.0	100.0	113999	-85.79024	5.828907	-73.42005	-110.759895	-85.79007	5.8417187	-73.426674	-107.92776	85.53003	1.0411766	658.1122179031372
77	-417.68173	25.447144	-370.64813	-459.43686	-390.11725	37.251987	-318.53522	-439.8708	100.0	100.0	115499	-85.7744	5.8114924	-73.41758	-107.334755	-85.77405	5.826413	-73.20804	-107.62758	85.50923	1.0286964	666.9513201713562
78	-430.70752	29.437313	-372.43814	-474.40726	-385.69366	40.126827	-294.7571	-439.57373	100.0	100.0	116999	-85.708374	5.802562	-73.274506	-110.21199	-85.70803	5.81841	-73.253044	-106.72571	85.443306	1.0309103	675.3229579925537
79	-420.98215	25.462559	-385.81638	-470.38684	-390.26044	40.715397	-321.49423	-464.24197	100.0	100.0	118499	-85.69461	5.8184876	-73.05865	-107.58207	-85.694214	5.8331122	-73.12177	-108.43184	85.435295	1.0238016	683.6750202178955
80	-406.0613	41.29117	-327.9511	-472.5995	-393.80502	34.08644	-345.5672	-456.5954	100.0	100.0	119999	-85.66227	5.8407774	-73.13611	-110.04625	-85.6621	5.854121	-73.0061	-106.6778	85.43309	1.0271695	692.0975000858307
81	-407.5355	29.299435	-336.43597	-447.52737	-388.81488	38.19918	-319.70834	-457.56396	100.0	100.0	121499	-85.62144	5.8462768	-73.27905	-107.54393	-85.62109	5.8603644	-72.993774	-107.66286	85.38645	1.0389676	700.5259699821472
82	-417.94476	31.720621	-324.08835	-475.6862	-377.94165	21.577312	-323.61273	-401.78168	100.0	100.0	122999	-85.579185	5.84974	-73.2173	-110.391525	-85.5787	5.8660507	-73.10935	-106.93586	85.32732	1.0308559	708.9180970191956
83	-413.91437	39.043842	-315.30023	-467.17932	-409.8466	29.32279	-354.25317	-446.01395	100.0	100.0	124499	-85.5645	5.8433657	-73.27944	-109.66022	-85.56422	5.8611116	-72.80805	-106.87775	85.34256	1.0372084	717.3252840042114
84	-429.55112	26.622553	-361.64444	-465.5296	-392.48682	55.303604	-277.36115	-463.53186	100.0	100.0	125999	-85.55531	5.8303995	-73.34322	-109.55892	-85.55488	5.8464646	-73.130844	-106.657394	85.31392	1.0207037	725.7613489627838
85	-415.57944	26.397686	-354.5687	-453.517	-389.05853	54.822525	-253.72502	-464.98523	100.0	100.0	127499	-85.52201	5.820062	-73.303894	-109.92068	-85.52163	5.8379617	-73.22036	-107.39074	85.29587	1.0134928	734.3532810211182
86	-409.9409	24.684374	-374.3253	-453.14517	-339.4992	31.94297	-295.05362	-388.76468	100.0	100.0	128999	-85.48947	5.8307977	-73.204185	-109.03995	-85.48919	5.8468966	-72.992805	-106.69262	85.23953	1.0139112	743.4380428791046
87	-406.77084	31.98493	-345.56827	-465.35303	-383.44403	35.105995	-335.80856	-427.80164	100.0	100.0	130499	-85.42902	5.814648	-73.07615	-111.045654	-85.42868	5.833494	-72.81123	-107.86025	85.19662	1.0075139	752.0779769420624
88	-416.61627	32.09389	-343.552	-469.0767	-361.00146	34.722122	-302.53912	-430.43964	100.0	100.0	131999	-85.42248	5.801501	-72.95001	-109.40755	-85.42193	5.81831	-72.83639	-107.29209	85.21019	0.99874306	760.7974338531494
89	-405.38528	32.06128	-348.82623	-465.91943	-385.44037	48.60496	-314.4877	-464.0996	100.0	100.0	133499	-85.39383	5.8200154	-72.96969	-107.36629	-85.393394	5.8359184	-72.85848	-106.59193	85.18674	0.999729	769.4973709583282
90	-428.10852	25.111828	-382.72028	-486.7256	-375.40762	25.251682	-332.34473	-415.41226	100.0	100.0	134999	-85.38128	5.8048	-72.88572	-109.69814	-85.38129	5.822208	-72.80091	-106.95192	85.14584	0.98534805	778.1607649326324
91	-390.7213	28.202883	-347.58514	-443.49423	-388.14243	44.000793	-291.10144	-439.19916	100.0	100.0	136499	-85.30902	5.8160405	-72.75815	-110.03398	-85.30836	5.8309183	-72.572495	-107.32788	85.05976	0.98594105	786.7799980640411
92	-400.41074	33.747517	-340.27634	-456.23633	-387.21478	38.546047	-305.61084	-436.81247	100.0	100.0	137999	-85.254486	5.822965	-72.26848	-107.52745	-85.25426	5.8402724	-72.035965	-106.559	85.01675	0.98494416	795.762405872345
93	-394.51785	27.862352	-323.25372	-426.82486	-391.16937	48.432014	-261.212	-434.0887	100.0	100.0	139499	-85.17036	5.833602	-72.23385	-110.35969	-85.17022	5.851252	-72.160995	-107.68414	84.91058	0.98594165	805.3104889392853
94	-390.96002	32.279243	-339.3877	-441.634	-381.38397	45.336975	-311.27585	-445.46356	100.0	100.0	140999	-85.11579	5.8256884	-71.9607	-109.56227	-85.115204	5.8442492	-71.83003	-106.60658	84.8774	0.99791294	813.9324560165405
95	-402.9974	28.633692	-356.93668	-469.2251	-352.1993	38.30293	-287.79715	-407.77356	100.0	100.0	142499	-85.0194	5.8133016	-71.71879	-109.39312	-85.01878	5.8312674	-71.819115	-106.67743	84.77955	0.98529947	822.5862002372742
96	-396.7242	32.147194	-350.52243	-446.32733	-382.17593	42.037712	-315.48376	-439.6313	100.0	100.0	143999	-84.956635	5.803137	-71.53304	-107.102295	-84.95601	5.820478	-71.48313	-105.97778	84.7074	0.98591226	831.4606108665466
97	-389.6129	32.871437	-333.17422	-459.03098	-373.01862	34.149227	-324.4754	-449.63696	100.0	100.0	145499	-84.87992	5.814523	-71.603806	-106.90535	-84.87964	5.8318954	-71.53745	-107.12998	84.649216	0.9918578	839.9244129657745
98	-408.32404	22.018867	-372.38748	-453.41577	-370.1755	29.468517	-322.26968	-429.11948	100.0	100.0	146999	-84.7598	5.8026056	-71.64965	-109.15294	-84.75938	5.8192954	-71.62534	-108.55793	84.52598	0.9778253	848.4301919937134
99	-405.93607	31.361685	-349.43622	-454.2551	-387.56268	51.449047	-306.7608	-475.99857	100.0	100.0	148499	-84.70257	5.767945	-71.348816	-107.36108	-84.701965	5.7876363	-71.35243	-106.517685	84.4721	0.96159065	856.9799208641052
100	-394.98938	37.035194	-332.23444	-439.61868	-386.48087	42.27346	-321.5791	-451.6279	100.0	100.0	149999	-84.64812	5.7934504	-71.33764	-107.30858	-84.64796	5.8115244	-71.211784	-106.52283	84.39935	0.9597905	865.5179378986359
101	-401.4923	37.76139	-326.4959	-459.4254	-384.80518	67.34375	-204.51147	-441.35513	100.0	100.0	151499	-84.59974	5.7629557	-71.30187	-109.332924	-84.59903	5.779409	-71.183334	-108.24322	84.38277	0.9580774	873.8801410198212
102	-395.3149	29.804493	-352.8718	-463.47653	-372.92993	57.651505	-272.8459	-458.55786	100.0	100.0	152999	-84.528206	5.7792616	-70.87902	-109.065506	-84.52776	5.7964005	-70.93969	-107.97261	84.29176	0.9484951	882.3803389072418
103	-400.94736	32.966286	-314.90115	-442.66827	-358.00836	40.849346	-292.5801	-417.3106	100.0	100.0	154499	-84.48932	5.767676	-70.97852	-109.45096	-84.48878	5.7860017	-70.81272	-108.398155	84.253174	0.96299505	891.0334558486938
104	-403.25165	42.092556	-317.52985	-465.2908	-354.2307	54.13532	-212.45447	-434.38702	100.0	100.0	155999	-84.40517	5.7842216	-70.77225	-109.1712	-84.40468	5.8011627	-70.95117	-108.26704	84.18534	0.9712938	899.6592478752136
105	-391.1881	47.282116	-308.33768	-463.07135	-377.27917	36.86745	-281.11996	-412.4537	100.0	100.0	157499	-84.362144	5.7924523	-70.951675	-108.752495	-84.361534	5.811655	-70.98646	-107.835	84.11455	0.9635731	908.2552268505096
