Epoch	AverageEpRet	StdEpRet	MaxEpRet	MinEpRet	AverageTestEpRet	StdTestEpRet	MaxTestEpRet	MinTestEpRet	EpLen	TestEpLen	TotalEnvInteracts	AverageQ1Vals	StdQ1Vals	MaxQ1Vals	MinQ1Vals	AverageQ2Vals	StdQ2Vals	MaxQ2Vals	MinQ2Vals	AverageLogPi	StdLogPi	MaxLogPi	MinLogPi	LossPi	LossQ	Time
1	-532.61444	10.275095	-512.44855	-549.205	-513.95593	12.649793	-479.51422	-528.30817	101.0	101.0	1499	-7.9299207	3.2852774	0.3396331	-16.067802	-8.046275	3.0990436	-0.020344019	-15.909305	0.040441845	0.97807914	3.141761	-9.777438	7.8972483	4.8482957	4.076946973800659
2	-535.3825	5.4968987	-525.19037	-544.9229	-530.4177	8.006799	-519.9744	-544.7446	101.0	101.0	2999	-25.506987	7.2033443	-10.4227705	-43.60216	-25.507294	7.20504	-10.269948	-42.571476	0.4369018	0.9578312	3.9313018	-9.22751	25.271305	8.5382185	12.33095097541809
3	-537.7419	4.2733965	-524.03986	-542.69995	-527.5604	8.807263	-509.56235	-539.6532	101.0	101.0	4499	-46.17214	5.275117	-29.239166	-63.03299	-46.17087	5.2940607	-29.083183	-63.905407	0.7673849	1.0082806	5.296401	-10.340866	45.86203	30.27139	20.14396333694458
4	-533.0998	4.379972	-526.5932	-540.7027	-521.7964	9.777194	-505.03036	-539.9219	101.0	101.0	5999	-59.78642	4.1315465	-43.68551	-74.73785	-59.78468	4.1676426	-42.594566	-75.512314	0.88972396	1.0235744	5.032383	-9.622966	59.48181	52.651188	28.66144108772278
5	-533.2897	6.1429515	-522.8416	-547.44543	-532.94946	5.0067096	-522.05493	-539.5722	101.0	101.0	7499	-68.76898	3.6791031	-51.42532	-84.27678	-68.76738	3.7137654	-50.191837	-85.63299	0.9938015	1.0272914	4.326105	-9.955927	68.44347	72.6987	37.08464527130127
6	-532.6829	11.253512	-498.9385	-542.1473	-538.5337	6.3226175	-524.867	-544.99274	101.0	101.0	8999	-74.3733	3.5758176	-57.271038	-89.89547	-74.37123	3.6166825	-55.383617	-90.86752	1.0734948	1.039593	5.534849	-9.476293	74.01456	84.09246	45.907846212387085
7	-534.05096	10.620342	-497.86032	-542.0685	-532.6664	6.6843834	-514.99084	-540.36053	101.0	101.0	10499	-77.75309	3.6991868	-59.47329	-93.155304	-77.74955	3.7577457	-60.015385	-94.984116	1.1164255	1.0525345	6.363164	-11.115566	77.38849	102.42829	54.193050384521484
8	-531.5686	7.789984	-511.00955	-543.26154	-530.95465	14.925706	-489.76944	-542.88617	101.0	101.0	11999	-80.250275	3.883698	-61.985336	-100.24804	-80.249054	3.9526088	-63.50474	-100.094086	1.1108556	1.0609894	6.761486	-11.069744	80.01868	106.62013	62.35375905036926
9	-531.76697	4.6374397	-523.74615	-542.03394	-533.48584	8.005938	-521.07806	-544.4742	101.0	101.0	13499	-82.43868	3.8776534	-65.445305	-100.6073	-82.43649	3.9363132	-65.57503	-102.63982	1.0948604	1.0407193	5.610745	-7.870338	82.33833	118.932594	70.51059746742249
10	-532.5666	5.718308	-519.7966	-540.3057	-531.9244	6.813954	-517.6493	-541.35205	101.0	101.0	14999	-84.368835	3.9466767	-67.75058	-103.40336	-84.366554	3.9558203	-70.23818	-104.12361	1.0702438	1.0330689	6.898724	-9.020395	84.34859	125.749825	78.58320331573486
11	-530.37933	8.23772	-510.87274	-541.9278	-532.4984	5.8822465	-520.654	-543.1148	101.0	101.0	16499	-86.19017	4.1126018	-69.640526	-107.1202	-86.189095	4.1162324	-71.362144	-107.81938	1.0536833	1.0278813	8.072418	-11.449517	86.22887	122.04864	86.8794469833374
12	-533.9166	7.5411167	-520.2636	-544.22437	-533.52484	6.343147	-520.6684	-541.03265	101.0	101.0	17999	-87.37915	4.2743917	-69.46326	-106.31858	-87.37904	4.2858553	-73.57026	-109.5576	1.0584791	1.0285834	6.70261	-10.0704975	87.458176	134.62596	95.04752802848816
13	-533.76794	3.2389088	-527.7672	-539.6859	-530.2461	8.115783	-511.7577	-543.0251	101.0	101.0	19499	-88.40654	4.420051	-69.68371	-106.90885	-88.406364	4.4221005	-72.10045	-111.01637	1.0420973	1.0229073	6.434833	-10.373467	88.52717	133.7862	103.36497902870178
14	-532.25024	7.000928	-512.6509	-543.4121	-531.808	3.615465	-523.1507	-536.49805	101.0	101.0	20999	-89.33102	4.5641623	-70.50651	-108.72105	-89.330444	4.5600567	-72.16501	-111.97331	1.0289947	1.0281093	5.9385138	-10.85685	89.471725	134.02061	111.5764970779419
15	-533.9394	5.900051	-523.96216	-544.993	-529.3685	8.8548355	-513.2478	-538.8582	101.0	101.0	22499	-90.18932	4.5759387	-69.86524	-109.465775	-90.18876	4.5827994	-71.56277	-114.01489	1.001568	1.0361801	8.35941	-8.523545	90.36254	132.65617	119.90061521530151
16	-534.0861	6.6696486	-520.5228	-543.5869	-533.034	12.918797	-495.84766	-544.16864	101.0	101.0	23999	-90.979996	4.7695537	-66.97388	-111.12016	-90.9795	4.7824364	-66.6861	-114.938736	0.98605615	1.0523778	9.055406	-11.889612	91.17895	133.30394	128.16051483154297
17	-536.1953	3.4314198	-529.07275	-544.24994	-535.46106	4.903013	-526.68427	-543.67566	101.0	101.0	25499	-91.29991	4.9716535	-64.12037	-111.19499	-91.300835	5.0041714	-61.995213	-113.65685	0.9862029	1.0606865	8.054121	-10.182459	91.49721	141.04329	136.5293996334076
18	-535.1861	6.1881876	-517.4566	-542.4077	-535.29443	5.3839154	-526.9076	-546.03455	101.0	101.0	26999	-91.62943	5.061141	-62.518127	-111.748924	-91.62973	5.0893574	-61.23814	-114.45737	0.9604802	1.0623631	7.8448205	-8.508595	91.852684	137.88618	145.19896459579468
19	-534.13696	5.6388135	-516.211	-539.5808	-535.11676	6.9114494	-522.5927	-544.4227	101.0	101.0	28499	-91.815094	5.091263	-63.886578	-112.636284	-91.81451	5.122974	-64.53432	-114.96664	0.9475926	1.0706266	8.309609	-8.712443	92.04613	146.52126	153.70655298233032
20	-534.6576	5.3178725	-525.73926	-543.9535	-535.46027	6.1048894	-519.17365	-544.4738	101.0	101.0	29999	-91.78558	5.2709885	-58.196907	-114.05911	-91.784256	5.2983036	-57.8686	-114.61223	0.997488	1.0814391	8.581645	-11.151481	91.99811	147.00316	162.05510330200195
21	-533.8628	7.506275	-510.72305	-542.6332	-536.66254	4.9664383	-527.2668	-543.45624	101.0	101.0	31499	-91.93652	5.6236515	-55.016773	-113.079865	-91.93639	5.651368	-55.538166	-114.26211	0.9506494	1.0801257	9.589125	-10.205895	92.17427	139.12729	170.6895251274109
22	-533.2655	11.15233	-498.64783	-547.3847	-528.6709	11.560725	-501.34326	-544.3066	101.0	101.0	32999	-92.15127	5.7571945	-53.587322	-112.61054	-92.15147	5.7866945	-52.06248	-115.001015	0.940169	1.067068	7.2452397	-9.13443	92.398476	137.16269	179.11283898353577
23	-532.40497	8.027223	-514.52576	-541.3242	-533.8962	2.5635116	-530.4055	-537.8362	101.0	101.0	34499	-92.34356	5.972837	-52.42819	-113.2308	-92.34586	5.984294	-54.224293	-113.120056	0.9692046	1.1023309	10.488463	-9.865881	92.55933	139.26242	187.4875144958496
24	-533.78284	9.377658	-512.5601	-546.3745	-536.3889	5.6011047	-522.1451	-543.45386	101.0	101.0	35999	-92.40631	6.1848702	-51.357655	-113.88906	-92.40703	6.2020965	-52.4276	-113.94054	0.92332375	1.0826566	7.745584	-11.235661	92.658325	145.31694	195.89726281166077
25	-537.4905	6.4973817	-525.11633	-547.41595	-537.6669	5.624265	-525.3485	-545.04425	101.0	101.0	37499	-92.545586	6.290565	-51.31497	-114.05852	-92.54611	6.309913	-50.674202	-112.93356	0.9461624	1.0929884	7.800463	-10.233106	92.808395	140.08153	204.48827648162842
26	-532.55786	10.107835	-515.91144	-546.067	-535.99866	11.816532	-501.92535	-546.2571	101.0	101.0	38999	-92.535324	6.3998585	-48.652473	-112.752525	-92.53591	6.431354	-48.921185	-113.491516	0.9234791	1.0962169	9.607323	-9.172071	92.81062	142.69356	212.93979239463806
27	-534.369	5.323897	-524.1252	-542.7342	-537.7758	3.7263973	-531.77637	-543.1141	101.0	101.0	40499	-92.60778	6.4903054	-52.59591	-113.607994	-92.60913	6.515049	-51.111965	-113.57986	0.91949123	1.1058794	8.4651985	-11.125359	92.891685	136.99255	221.32827806472778
28	-533.7853	9.180271	-517.59705	-549.30084	-538.45496	2.4804623	-534.0572	-541.92883	101.0	101.0	41999	-92.723946	6.577297	-50.68081	-113.16921	-92.723404	6.603494	-48.77154	-111.851814	0.95844644	1.1256325	8.843124	-9.714084	92.98843	143.32988	229.87057876586914
29	-536.5795	6.176608	-525.1002	-547.28094	-536.0398	4.2288866	-530.1383	-544.7941	101.0	101.0	43499	-92.68414	6.6906285	-50.084545	-112.747604	-92.68439	6.7177863	-49.448975	-111.60156	0.9276849	1.110767	14.053316	-8.870888	92.974815	141.231	238.45203065872192
30	-533.11304	9.962498	-498.99918	-543.8922	-535.4401	5.3458853	-524.17096	-543.631	101.0	101.0	44999	-93.00156	6.7855396	-46.983677	-113.36294	-93.00107	6.824386	-48.138943	-112.96825	0.8894503	1.1005316	8.978061	-11.986569	93.30115	139.56682	247.24292469024658
31	-531.8822	14.44445	-484.95648	-545.89374	-537.6987	5.1661654	-526.91235	-546.3915	101.0	101.0	46499	-92.93477	6.9307146	-44.046642	-113.70972	-92.93489	6.9597497	-43.207237	-112.36466	0.90587854	1.0967093	8.472442	-10.847128	93.24171	141.93979	255.85532450675964
32	-530.89496	8.6392975	-514.0781	-544.1602	-534.83057	11.111002	-502.73187	-546.257	101.0	101.0	47999	-93.11996	7.0277452	-48.829773	-113.63457	-93.12066	7.04873	-45.492596	-113.87677	0.90749836	1.1044354	9.306243	-9.904509	93.4105	138.11612	264.19584584236145
33	-535.4234	5.5010867	-524.3807	-544.3977	-534.723	2.9253168	-531.5821	-541.9384	101.0	101.0	49499	-92.990845	7.1337585	-48.264545	-113.99802	-92.99218	7.156472	-47.94271	-114.7314	0.91802824	1.1086981	8.58119	-8.353395	93.27789	139.80122	272.79752826690674
34	-531.5883	15.364642	-479.9015	-545.59717	-530.5693	8.72476	-514.0162	-542.23694	101.0	101.0	50999	-93.01952	7.359377	-45.93305	-145.0585	-93.019035	7.386972	-45.8765	-146.26514	0.9278947	1.111532	6.889861	-8.93691	93.32017	133.73654	281.2249803543091
35	-535.91205	5.036916	-525.8102	-544.4251	-537.9095	5.664117	-527.1815	-545.11176	101.0	101.0	52499	-93.27003	7.48173	-42.98016	-139.7157	-93.270615	7.503411	-42.382244	-145.03746	0.927478	1.1049055	10.520586	-8.729344	93.58665	135.00949	289.8600695133209
36	-531.94446	10.762544	-497.05096	-539.0419	-535.01843	6.865817	-523.4373	-543.35	101.0	101.0	53999	-93.33976	7.5693097	-44.04973	-117.66765	-93.339584	7.6017056	-41.749172	-125.36416	0.9321444	1.1071421	10.827663	-9.79272	93.65149	135.57217	298.3578987121582
37	-535.6285	8.434807	-513.63184	-547.6153	-533.07275	8.995933	-513.874	-541.8377	101.0	101.0	55499	-93.21743	7.651636	-36.41902	-115.16111	-93.21873	7.666784	-39.964146	-119.09603	0.9193009	1.1146034	17.706736	-9.931461	93.5244	143.27846	307.2211515903473
38	-532.4998	15.042295	-478.75845	-543.54736	-537.56824	5.915143	-527.53687	-544.64325	101.0	101.0	56999	-93.19265	7.6188297	-35.182205	-114.53626	-93.19297	7.6245356	-39.323963	-116.0624	0.9287707	1.1092081	16.120667	-10.622968	93.50596	133.49612	315.77244687080383
39	-536.00903	4.761342	-524.0328	-542.6681	-531.52856	15.671962	-487.10873	-542.5837	101.0	101.0	58499	-93.2009	7.6847405	-32.343735	-113.88015	-93.19939	7.6886177	-37.85544	-113.821205	0.93651676	1.0953076	10.976578	-9.575167	93.508	137.88783	324.39317417144775
40	-534.4931	4.4432282	-525.64764	-543.6116	-535.875	7.4349213	-517.81055	-544.33826	101.0	101.0	59999	-92.90329	8.000611	-29.81718	-114.88238	-92.903114	8.008196	-33.529327	-113.67806	0.9104576	1.0908976	12.552994	-10.735949	93.21063	143.6797	332.96987223625183
41	-537.0074	8.597035	-509.68222	-547.54016	-541.7577	5.377069	-529.9899	-549.24426	101.0	101.0	61499	-92.87828	8.085883	-32.750713	-114.142136	-92.87788	8.099985	-34.745922	-114.359985	0.9447357	1.1113024	9.854561	-10.953198	93.1694	132.79692	341.7314872741699
42	-534.9804	7.6276054	-518.2816	-545.4482	-538.2743	7.5518274	-518.26416	-546.9399	101.0	101.0	62999	-92.640564	8.13463	-30.6039	-114.97871	-92.64077	8.145645	-35.406975	-114.734604	0.95365804	1.1337241	9.862203	-14.760391	92.92227	144.44843	350.29794692993164
43	-534.81226	7.554644	-519.1028	-545.17706	-533.817	8.094004	-520.8247	-546.15204	101.0	101.0	64499	-92.57907	8.143571	-31.455128	-115.4409	-92.57784	8.155559	-35.572533	-115.65262	0.96105874	1.1355928	14.891455	-9.487082	92.87106	137.4379	359.2623872756958
44	-536.8696	5.6630917	-520.88385	-545.2588	-539.3478	6.966531	-527.39594	-549.778	101.0	101.0	65999	-92.51183	8.288538	-26.45086	-114.39877	-92.51158	8.299955	-31.260502	-114.80676	0.94167143	1.114104	13.845301	-9.636444	92.81105	134.1462	367.67874336242676
45	-536.9926	6.450577	-524.5493	-550.6362	-536.5734	9.0144205	-512.1817	-546.96735	101.0	101.0	67499	-92.53014	8.336935	-26.15929	-114.5457	-92.529976	8.33504	-31.827814	-114.55801	0.96273303	1.135206	10.102716	-8.809761	92.82294	137.84361	376.0623016357422
46	-535.0231	6.415709	-524.05896	-545.23303	-536.6644	10.0430355	-514.22986	-548.1625	101.0	101.0	68999	-92.47205	8.376308	-18.022186	-115.369385	-92.4709	8.371059	-31.494104	-114.15695	0.9467639	1.1227196	12.971622	-10.346332	92.77811	135.59697	385.1850025653839
47	-536.30304	8.173016	-512.9381	-546.69403	-536.0967	9.943349	-513.69226	-544.6654	101.0	101.0	70499	-92.520065	8.514841	-26.57771	-115.98649	-92.51961	8.505051	-29.649574	-113.136566	0.98461175	1.1432979	23.603584	-12.524465	92.81745	133.70448	394.20333313941956
48	-537.7386	5.309662	-522.91565	-544.60614	-536.0298	13.106569	-497.842	-547.1178	101.0	101.0	71999	-92.51244	8.484039	-25.33559	-116.018616	-92.51397	8.477174	-27.650034	-113.324776	0.99178153	1.1321988	20.949545	-7.7131653	92.79436	135.29366	403.05560302734375
49	-536.2891	9.194847	-504.6619	-545.8455	-538.8844	5.7700453	-529.44226	-548.9583	101.0	101.0	73499	-92.43644	8.648714	-14.235462	-115.684746	-92.43534	8.643337	-30.218925	-113.7781	0.9767101	1.1043203	7.8157454	-9.904313	92.74356	138.0356	411.9177551269531
50	-538.1238	6.94102	-517.61444	-545.4203	-540.0738	6.2591558	-526.7538	-548.16144	101.0	101.0	74999	-92.64517	8.79072	-26.773815	-115.79997	-92.6439	8.791314	-27.68524	-113.87285	0.97520643	1.0929502	7.6030855	-9.043491	92.95084	129.34274	420.878732919693
51	-535.6463	8.138645	-509.40195	-542.94824	-538.83105	3.4745488	-533.4579	-544.9995	101.0	101.0	76499	-92.70983	8.825823	-28.03645	-115.61449	-92.70957	8.822682	-29.579311	-113.83134	0.96272177	1.0872065	8.525595	-10.573635	93.033646	132.46036	429.5948956012726
52	-533.974	10.85542	-498.90936	-542.96625	-538.5731	2.8629837	-533.2169	-543.5268	101.0	101.0	77999	-92.81592	8.79635	-29.24249	-115.81671	-92.81509	8.78637	-30.05287	-114.445305	0.9707682	1.124065	12.170366	-10.875527	93.113815	131.65514	438.754433631897
53	-538.8124	5.759451	-527.4219	-548.1397	-534.84814	5.2713976	-525.3484	-543.9412	101.0	101.0	79499	-92.71864	8.741698	-3.1478834	-116.139015	-92.71724	8.729455	-32.908978	-114.85689	0.9780164	1.1469758	10.570839	-10.142412	92.997444	131.5543	447.72981309890747
54	-537.0053	6.011345	-518.9993	-544.01544	-537.7453	4.307792	-531.75385	-546.7385	101.0	101.0	80999	-92.600784	9.018184	-30.79356	-115.1362	-92.60137	9.0114565	-31.893345	-114.63293	0.949502	1.0966074	7.6137486	-9.232601	92.89739	130.37692	456.6634657382965
55	-536.88403	5.0170918	-522.2536	-542.87085	-538.52423	4.222049	-530.2221	-545.91095	101.0	101.0	82499	-92.581184	9.183657	-5.4071965	-114.54836	-92.58042	9.156792	-28.372313	-114.18334	0.96840894	1.1208256	40.053223	-9.868753	92.8768	130.8095	465.5608067512512
56	-537.01575	4.8069415	-522.7621	-544.33746	-539.91754	4.9373617	-533.4319	-547.0917	101.0	101.0	83999	-92.59589	9.253546	-5.513038	-114.92567	-92.59509	9.240551	-29.80255	-114.10171	0.96748596	1.1301775	23.903675	-9.446977	92.89673	133.02165	474.4992370605469
57	-532.027	12.68934	-503.03714	-545.987	-539.35596	3.0858626	-535.38385	-545.39374	101.0	101.0	85499	-92.50626	9.148116	-11.352386	-115.18815	-92.50592	9.136759	-31.502039	-113.41144	1.0006214	1.1443368	12.984201	-10.159321	92.77926	134.61208	483.35710978507996
58	-538.92773	5.605664	-527.3199	-547.3966	-536.5453	6.704401	-518.1929	-544.10815	101.0	101.0	86999	-92.406136	9.162849	-6.441699	-114.081856	-92.40496	9.157449	-30.606052	-113.73902	0.9722854	1.1295882	8.182314	-12.349125	92.688126	129.2929	493.0632619857788
59	-536.559	9.497118	-507.17764	-547.4044	-529.4385	21.408535	-472.93353	-548.6208	101.0	101.0	88499	-92.3824	9.272173	-24.823	-113.8143	-92.38242	9.261907	-29.615353	-114.34235	0.9734949	1.11617	7.80387	-11.382839	92.66038	128.85242	502.2086262702942
60	-533.35724	9.622488	-513.9593	-545.21106	-535.8594	6.798744	-524.64734	-546.2908	101.0	101.0	89999	-92.36311	9.201368	-1.9230996	-114.74637	-92.36283	9.191274	-29.721321	-113.87221	0.95477676	1.1096175	6.7584953	-10.502701	92.660126	132.00136	511.4274682998657
61	-540.1471	2.4968495	-536.08575	-544.7437	-537.5973	3.0528913	-531.529	-541.7935	101.0	101.0	91499	-92.32966	9.194892	-15.739022	-115.58473	-92.3279	9.18142	-30.980145	-113.79956	0.95714086	1.0983118	7.8760614	-10.140179	92.61283	129.46118	521.2077302932739
62	-534.7846	5.750455	-522.33746	-543.08435	-538.555	4.4252267	-527.6189	-543.6651	101.0	101.0	92999	-92.31476	9.172282	-17.049866	-113.74299	-92.31326	9.181344	-31.314966	-113.933945	0.9412951	1.0885079	9.145899	-9.439928	92.607315	132.12083	529.975136756897
63	-538.24036	5.244565	-523.1744	-546.2832	-535.73944	6.5982447	-525.5692	-546.876	101.0	101.0	94499	-92.344154	9.118576	-27.477575	-115.137924	-92.34421	9.115074	-31.88351	-113.666916	0.93928134	1.0965143	7.4357667	-8.671892	92.62123	133.05365	538.6165201663971
64	-531.76886	16.416042	-484.28955	-544.85803	-537.5259	6.2478995	-522.09326	-543.86926	101.0	101.0	95999	-92.3802	9.259099	-14.8180895	-114.04735	-92.379036	9.252938	-26.772295	-114.073166	0.925419	1.0874923	9.213518	-9.31216	92.66604	127.073456	547.711884021759
65	-534.1709	8.75285	-512.85065	-548.1352	-534.71466	6.712036	-516.52075	-540.646	101.0	101.0	97499	-92.329636	9.384712	-10.4717455	-114.94962	-92.32885	9.374833	-31.397497	-114.299355	0.9464549	1.0983512	7.558078	-10.752348	92.60747	132.5504	556.4542143344879
66	-536.04816	8.453909	-509.62042	-546.5783	-537.82605	3.919007	-529.5053	-544.29535	101.0	101.0	98999	-92.21868	9.505648	-27.756447	-114.16072	-92.21771	9.496891	-29.7006	-113.96652	0.92466384	1.0669354	6.60295	-9.741769	92.49863	131.58572	565.1426031589508
67	-539.71796	4.5940495	-531.14813	-546.60205	-534.7882	10.086894	-505.5111	-542.7341	101.0	101.0	100499	-92.32022	9.610389	-3.898353	-114.69584	-92.31966	9.598762	-22.539127	-114.05735	0.91144884	1.0927317	8.2303505	-10.670486	92.607086	126.51819	573.8148846626282
68	-537.27313	6.345078	-520.9315	-547.41907	-535.5502	6.2154317	-523.50586	-543.48553	101.0	101.0	101999	-92.345406	9.607255	-0.9378541	-114.11691	-92.344376	9.5951805	-25.97146	-114.37849	0.9414855	1.1220561	7.882266	-9.341114	92.61919	133.36115	582.8399415016174
69	-537.6686	6.155938	-518.14935	-544.8577	-534.6725	6.4371333	-519.28046	-542.6462	101.0	101.0	103499	-92.21032	9.548037	2.1075995	-114.85314	-92.20923	9.540559	-28.385595	-115.39773	0.89996624	1.0818485	6.8966446	-9.424903	92.505356	130.504	592.042417049408
70	-537.82117	5.3995986	-525.81244	-547.9884	-538.7733	3.6452076	-534.11304	-546.238	101.0	101.0	104999	-92.33972	9.601799	-18.1168	-116.0402	-92.339745	9.59828	-28.937716	-115.2066	0.9168278	1.0801321	7.540901	-9.015764	92.628944	131.09294	601.0058693885803
71	-538.7064	4.5613427	-530.17633	-546.63916	-536.75507	5.3223243	-522.4824	-543.07324	101.0	101.0	106499	-92.39892	9.573415	0.7008473	-115.1024	-92.39818	9.572975	-32.64221	-113.89072	0.8982639	1.093805	9.291544	-9.044923	92.68892	131.76352	609.483155965805
72	-538.8138	8.686761	-508.48904	-548.76044	-536.4682	5.278691	-526.6596	-543.1994	101.0	101.0	107999	-92.27743	9.42579	26.998367	-115.132484	-92.27666	9.4031515	-33.407555	-115.14692	0.881934	1.0818812	7.311095	-10.970194	92.56379	132.15926	618.1244533061981
73	-535.01355	8.556977	-510.67093	-544.47906	-535.30804	5.701485	-523.3863	-543.3591	101.0	101.0	109499	-92.32266	9.182519	-20.120007	-114.0963	-92.32227	9.178435	-31.085764	-114.15368	0.87186545	1.0814687	7.738174	-9.458975	92.60752	129.65498	626.7886121273041
74	-536.6661	6.1401606	-525.39655	-546.3814	-538.3428	4.560277	-529.6047	-546.8519	101.0	101.0	110999	-92.47369	9.294614	-5.149717	-114.45175	-92.47308	9.296694	-30.467075	-115.03467	0.894642	1.1025641	8.4175825	-9.009994	92.75525	126.710655	635.7282736301422
75	-538.93396	5.457157	-522.9179	-545.1521	-536.0391	6.810898	-521.9572	-542.09705	101.0	101.0	112499	-92.26255	9.463787	-6.3422217	-115.62559	-92.26246	9.444514	-28.40715	-114.14057	0.88510966	1.1060803	9.882345	-9.769506	92.52761	130.7943	644.622852563858
76	-537.58246	5.8665953	-524.4953	-546.1791	-540.53937	4.7170477	-535.07733	-548.79224	101.0	101.0	113999	-92.275986	9.479611	-24.581297	-114.86645	-92.27616	9.480389	-18.445574	-113.78552	0.89174855	1.1135871	8.858853	-10.125099	92.558334	134.8698	653.7043349742889
77	-535.77026	7.866703	-514.0278	-546.4978	-536.7163	6.2745924	-523.0858	-544.5662	101.0	101.0	115499	-92.43967	9.4634075	-27.668856	-114.10634	-92.438644	9.455708	-23.291613	-114.487885	0.8760932	1.1161683	8.512827	-9.725576	92.71853	123.52979	663.3862388134003
78	-535.2588	8.220998	-518.67065	-545.9957	-529.8104	13.914488	-496.1355	-542.1277	101.0	101.0	116999	-92.525536	9.635776	-12.589711	-116.07806	-92.52523	9.623807	-19.300041	-114.540565	0.8587667	1.0857611	9.048941	-8.514765	92.81991	128.00507	672.9775309562683
79	-536.96	4.949037	-525.9861	-544.7035	-532.7042	9.185412	-509.124	-541.6873	101.0	101.0	118499	-92.47391	9.809093	-5.5233502	-116.61685	-92.473434	9.796723	-12.326358	-114.325584	0.8842375	1.1076524	13.559305	-11.743487	92.76439	127.925316	682.4015347957611
80	-533.64044	9.347235	-508.2964	-541.55896	-535.9512	6.392745	-519.94995	-543.002	101.0	101.0	119999	-92.48715	9.912916	-18.122736	-117.51544	-92.48729	9.905682	-20.227331	-115.78563	0.8769272	1.1139379	7.6794324	-10.486506	92.77115	128.08493	691.7090067863464
81	-533.3523	8.737907	-510.50455	-543.0802	-539.12866	4.363645	-530.22736	-544.7755	101.0	101.0	121499	-92.5239	9.938139	6.836731	-116.00201	-92.52301	9.932124	-20.642485	-115.27785	0.85051286	1.1123407	7.5403185	-8.928879	92.80269	124.65875	701.3853154182434
82	-538.4412	5.4512596	-527.7587	-549.21857	-538.37115	5.8969517	-526.9598	-546.31104	101.0	101.0	122999	-92.52848	10.025221	35.590355	-116.988976	-92.52899	10.015569	-19.941662	-114.99397	0.8519896	1.1057391	9.156795	-10.957891	92.83083	128.06973	710.5030415058136
83	-538.37256	5.131985	-521.88293	-545.3163	-537.8498	3.1733854	-532.32697	-543.32104	101.0	101.0	124499	-92.45821	10.04418	-7.363294	-115.82659	-92.45782	10.031529	-19.841833	-115.78324	0.86041176	1.118516	8.11486	-10.349696	92.72779	130.10411	719.7203793525696
84	-539.00195	7.124875	-520.4381	-549.60876	-531.7768	12.0187	-503.5817	-544.5642	101.0	101.0	125999	-92.318985	9.98629	37.112823	-115.55596	-92.31922	9.946722	-24.445623	-114.98696	0.8585595	1.1241833	8.338768	-9.628411	92.59748	131.04512	728.9290919303894
85	-536.26587	7.3981156	-515.18414	-544.3483	-536.2032	7.911855	-520.07764	-547.02466	101.0	101.0	127499	-92.19991	9.946022	-16.97789	-115.53979	-92.19983	9.945704	-24.678268	-115.97222	0.8489245	1.1343918	8.325926	-11.987432	92.47901	124.857414	737.8104336261749
86	-538.84766	6.5753255	-517.37305	-548.3133	-537.3854	7.4392176	-521.635	-546.7341	101.0	101.0	128999	-92.24946	9.8821125	14.616552	-115.17089	-92.2479	9.869952	-19.37925	-115.17347	0.83889174	1.1288301	9.435893	-9.756505	92.523	129.31927	746.9950802326202
87	-533.62506	13.780512	-488.1466	-544.481	-535.68835	7.6881795	-516.52637	-546.88654	101.0	101.0	130499	-92.003006	10.098792	31.23055	-113.555374	-92.0039	10.089862	-20.490005	-114.37754	0.8327207	1.1120923	8.165528	-10.049731	92.27932	131.92973	756.2781703472137
88	-536.13855	8.427603	-516.69495	-548.5576	-543.241	4.726294	-532.70184	-549.27545	101.0	101.0	131999	-92.00351	10.152401	-10.253305	-114.45008	-92.00207	10.1460085	-14.21758	-114.83151	0.8417352	1.1277955	10.932768	-10.300924	92.274315	124.68767	765.4621222019196
89	-534.099	10.705841	-502.41956	-545.2344	-536.75037	5.4141655	-526.587	-545.6491	101.0	101.0	133499	-92.097145	10.00466	-4.4120355	-113.86413	-92.09618	10.003044	-26.880299	-114.671425	0.82837754	1.1228905	11.083691	-9.49484	92.36727	127.726585	774.2415158748627
90	-531.55115	14.896617	-488.27823	-543.5891	-533.74445	6.6998754	-522.83545	-540.8779	101.0	101.0	134999	-92.05328	10.065608	1.5362476	-113.961655	-92.05302	10.056911	-19.309275	-113.8361	0.81341565	1.1187412	9.852642	-10.210375	92.33305	133.26704	782.9735677242279
91	-538.33075	4.9591475	-529.0155	-544.73755	-535.78265	6.443413	-523.71204	-544.00476	101.0	101.0	136499	-92.0447	10.084841	3.1123893	-114.55602	-92.04383	10.060921	-18.754871	-114.68588	0.82720566	1.1016916	7.75661	-9.67281	92.32142	123.76723	791.7722039222717
92	-537.003	7.827758	-516.1898	-543.6494	-539.92505	4.056871	-532.0406	-544.5379	101.0	101.0	137999	-92.01376	10.030686	-10.850605	-114.700195	-92.013504	10.034921	-12.034368	-115.01216	0.83391225	1.1216874	9.4341545	-9.882217	92.27138	131.60675	801.1465237140656
93	-539.059	4.4771023	-527.8356	-544.8477	-538.8454	4.90019	-527.276	-545.7654	101.0	101.0	139499	-92.09855	10.067552	-7.994537	-114.41858	-92.09832	10.058028	-14.802025	-114.36123	0.7946175	1.1209494	10.269378	-8.675555	92.36168	125.78221	810.4772281646729
94	-538.35815	4.7383904	-530.67	-546.7504	-540.63153	3.3209608	-533.893	-545.5142	101.0	101.0	140999	-92.390816	10.013696	-7.423012	-115.352486	-92.39146	9.988301	-19.086712	-115.38538	0.83632016	1.1629995	9.967782	-9.188706	92.64496	123.1363	819.7412052154541
95	-536.3765	10.017926	-502.7265	-543.924	-537.83417	6.1524663	-524.5121	-545.32184	101.0	101.0	142499	-92.24543	10.278976	-4.816037	-116.093994	-92.2447	10.254613	-5.9342203	-115.9553	0.8000191	1.1320001	8.957694	-10.133951	92.509186	129.26595	828.7632200717926
96	-534.05035	7.6282644	-515.9391	-543.49023	-531.99524	12.417903	-509.2504	-542.92786	101.0	101.0	143999	-92.26426	10.172218	-20.924377	-115.072174	-92.26445	10.175749	-13.548528	-115.094666	0.81800944	1.1332337	19.48133	-8.642065	92.52628	123.49995	837.8465702533722
97	-534.9059	10.865923	-506.09674	-548.93823	-539.73254	4.081456	-533.62634	-545.00415	101.0	101.0	145499	-92.164635	10.272992	-14.136632	-115.396194	-92.16338	10.254095	-11.218131	-115.295685	0.7782766	1.0980543	7.443671	-9.827247	92.44374	127.48048	846.6312212944031
98	-533.88153	15.589468	-480.0863	-546.9689	-536.3771	7.2647805	-522.49664	-547.30365	101.0	101.0	146999	-92.28345	10.377306	0.81771874	-116.29282	-92.284065	10.373075	2.1843836	-115.72453	0.75182104	1.0910647	8.010575	-11.009231	92.560104	123.723335	855.3411149978638
99	-533.2913	10.253373	-514.61426	-546.7694	-540.6128	4.9639144	-533.4919	-550.23413	101.0	101.0	148499	-92.27444	10.343605	-5.621294	-114.9924	-92.272415	10.33937	-5.60599	-114.90645	0.77095634	1.1240271	9.563627	-12.5355	92.54352	123.388	864.2278189659119
100	-538.75793	5.8364635	-530.7908	-549.61224	-533.0538	11.2165985	-504.75235	-543.5289	101.0	101.0	149999	-92.29069	10.45517	-5.563401	-115.28112	-92.29104	10.452959	-5.561117	-114.97254	0.77617496	1.1187079	8.314034	-10.91435	92.558655	124.13308	873.4110345840454
